12.6972   0.0821892   0.417231  11.8395 	Dead: 0
10.9885   0.0431897   0.219251  10.4401 	Dead: 0
10.6056   0.0417228   0.211804  10.2812 	Dead: 0
10.3524   0.0443308   0.225044  9.89096 	Dead: 0
10.2695   0.0437768   0.222231  9.84494 	Dead: 0
10.1578   0.0460284   0.233662  9.53876 	Dead: 0
10.0711   0.047788    0.242594  9.53876 	Dead: 0
10.0304   0.0576124   0.292468  9.52688 	Dead: 0
10.0223   0.0548521   0.278455  9.52688 	Dead: 0
10.0303   0.0585114   0.297031  9.52688 	Dead: 0
9.98284   0.0557328   0.282926  9.4852  	Dead: 0
9.9299    0.0546391   0.277373  9.4852  	Dead: 0
9.94791   0.0634306   0.322003  9.47572 	Dead: 0
9.91301   0.0558047   0.283291  9.46036 	Dead: 0
9.89947   0.0616939   0.313187  9.44071 	Dead: 0
9.8723    0.0597112   0.303122  9.44071 	Dead: 0
9.85374   0.0544499   0.276413  9.41053 	Dead: 0
9.82163   0.0522585   0.265289  9.41053 	Dead: 0
9.85072   0.0543743   0.276029  9.41053 	Dead: 0
9.78577   0.0495319   0.251447  9.36052 	Dead: 0
9.84035   0.0575996   0.292402  9.36052 	Dead: 0
9.82615   0.0702425   0.356584  9.34375 	Dead: 0
9.63952   0.0572944   0.290853  9.14064 	Dead: 0
9.47866   0.0522739   0.265367  9.03511 	Dead: 0
9.39228   0.0543535   0.275924  8.85413 	Dead: 0
9.367     0.0587707   0.298348  8.85413 	Dead: 0
9.29523   0.0558753   0.283649  8.80083 	Dead: 0
9.26361   0.0607965   0.308631  8.653   	Dead: 0
9.2924    0.0662137   0.336132  8.653   	Dead: 0
9.21309   0.0607696   0.308495  8.653   	Dead: 0
9.20235   0.0567906   0.288296  8.653   	Dead: 0
9.22339   0.0622263   0.31589   8.653   	Dead: 0
9.21257   0.06769     0.343626  8.653   	Dead: 0
9.19325   0.0583884   0.296407  8.653   	Dead: 0
9.2156    0.0660546   0.335324  8.653   	Dead: 0
9.12938   0.0579848   0.294358  8.653   	Dead: 0
9.16148   0.0650485   0.330217  8.60981 	Dead: 0
9.16551   0.0643464   0.326652  8.60981 	Dead: 0
9.22884   0.0704412   0.357593  8.60981 	Dead: 0
9.15507   0.0681899   0.346164  8.49238 	Dead: 0
9.17131   0.0707148   0.358981  8.49238 	Dead: 0
9.15906   0.0690327   0.350442  8.49238 	Dead: 0
9.15367   0.0705934   0.358365  8.49238 	Dead: 0
9.17241   0.0697022   0.353841  8.49238 	Dead: 0
9.13677   0.0754922   0.383234  8.49238 	Dead: 0
9.16277   0.0676018   0.343178  8.49238 	Dead: 0
9.19221   0.0708402   0.359618  8.49238 	Dead: 0
9.05722   0.0738539   0.374917  8.49238 	Dead: 0
8.98406   0.0873213   0.443284  8.27383 	Dead: 0
8.92024   0.0935052   0.474676  8.26749 	Dead: 0
8.84339   0.0848393   0.430684  8.26749 	Dead: 0
8.82173   0.0868991   0.441141  8.21705 	Dead: 0
8.51742   0.112281    0.569991  7.7518  	Dead: 0
8.5293    0.15612     0.792537  7.7518  	Dead: 0
8.42623   0.131045    0.665246  7.7518  	Dead: 0
8.47958   0.150082    0.761886  7.7518  	Dead: 0
8.48214   0.147048    0.746485  7.68986 	Dead: 0
8.48979   0.158806    0.806173  7.67348 	Dead: 0
8.44253   0.14809     0.751776  7.67348 	Dead: 0
8.41813   0.141704    0.719353  7.5471  	Dead: 0
8.47103   0.154483    0.784228  7.5471  	Dead: 0
8.39098   0.147842    0.750515  7.5471  	Dead: 0
8.36284   0.160018    0.812329  7.5471  	Dead: 0
8.37443   0.146699    0.744711  7.5471  	Dead: 0
8.31173   0.151294    0.768039  7.5471  	Dead: 0
8.39437   0.153993    0.781741  7.5471  	Dead: 0
8.35065   0.145238    0.737298  7.5471  	Dead: 0
8.4072    0.156007    0.791967  7.5471  	Dead: 0
8.28916   0.141876    0.720227  7.5471  	Dead: 0
8.41098   0.153657    0.780034  7.5471  	Dead: 0
8.37861   0.156223    0.793062  7.5471  	Dead: 0
8.33676   0.14787     0.750657  7.53201 	Dead: 0
8.35188   0.147494    0.748747  7.53201 	Dead: 0
8.35749   0.156708    0.795522  7.53201 	Dead: 0
8.2797    0.146617    0.744294  7.53201 	Dead: 0
8.26552   0.141329    0.717452  7.53201 	Dead: 0
8.29033   0.149295    0.757893  7.45271 	Dead: 0
8.21328   0.134686    0.683728  7.45271 	Dead: 0
8.33692   0.157785    0.800992  7.45271 	Dead: 0
8.35488   0.160295    0.813732  7.45271 	Dead: 0
8.44472   0.161209    0.81837   7.45271 	Dead: 0
8.32321   0.147476    0.748655  7.45271 	Dead: 0
8.24075   0.142671    0.724264  7.45271 	Dead: 0
8.27554   0.149696    0.759929  7.45271 	Dead: 0
8.3013    0.153277    0.778103  7.45271 	Dead: 0
8.33229   0.149485    0.758858  7.45271 	Dead: 0
8.33615   0.162321    0.824019  7.37214 	Dead: 0
8.43458   0.166966    0.847598  7.37214 	Dead: 0
8.32364   0.166195    0.843684  7.37214 	Dead: 0
8.34617   0.169375    0.859828  7.37214 	Dead: 0
8.41724   0.166925    0.847388  7.37214 	Dead: 0
8.26084   0.15583     0.791065  7.37214 	Dead: 0
8.35729   0.159105    0.807693  7.37214 	Dead: 0
8.25447   0.157622    0.800164  7.37214 	Dead: 0
8.25337   0.148578    0.75425   7.37214 	Dead: 0
8.23135   0.164314    0.834133  7.37214 	Dead: 0
8.26957   0.153239    0.777914  7.37214 	Dead: 0
8.13786   0.140574    0.713619  7.37214 	Dead: 0
8.28788   0.155766    0.790739  7.37214 	Dead: 0
8.14623   0.134844    0.684529  7.37214 	Dead: 0
8.18422   0.147333    0.747931  7.37214 	Dead: 0
