12.6472   0.0961276   0.487989  11.6069 	Dead: 0
10.8668   0.0390241   0.198105  10.3533 	Dead: 0
10.756    0.0526986   0.267522  10.2367 	Dead: 0
10.6839   0.0487348   0.247401  10.2367 	Dead: 0
10.5831   0.0492856   0.250197  10.1186 	Dead: 0
10.5041   0.0507638   0.257701  10.1087 	Dead: 0
10.4333   0.0528628   0.268356  10.0565 	Dead: 0
10.3155   0.0439035   0.222875  9.85119 	Dead: 0
10.0528   0.0510513   0.25916   9.43461 	Dead: 0
10.0131   0.0590964   0.300001  9.43461 	Dead: 0
9.98069   0.0573496   0.291133  9.43461 	Dead: 0
9.97596   0.0584833   0.296889  9.38709 	Dead: 0
9.92888   0.0528546   0.268315  9.38709 	Dead: 0
9.93838   0.0525508   0.266772  9.38709 	Dead: 0
9.87116   0.0570924   0.289827  9.38709 	Dead: 0
9.86479   0.0588471   0.298736  9.38673 	Dead: 0
9.80216   0.0584933   0.296939  9.22707 	Dead: 0
9.8108    0.0619221   0.314345  9.16388 	Dead: 0
9.84553   0.0769968   0.390871  9.16388 	Dead: 0
9.82321   0.0610765   0.310053  9.16388 	Dead: 0
9.7986    0.0626976   0.318282  9.16388 	Dead: 0
9.78998   0.0603137   0.30618   9.16388 	Dead: 0
9.77487   0.0632333   0.321002  9.16388 	Dead: 0
9.79283   0.0615798   0.312608  9.16388 	Dead: 0
9.80894   0.0677144   0.34375   9.16388 	Dead: 0
9.79164   0.0615363   0.312387  9.16388 	Dead: 0
9.80357   0.0687552   0.349033  9.16388 	Dead: 0
9.78303   0.0633986   0.321841  9.16388 	Dead: 0
9.79532   0.0647182   0.32854   9.16388 	Dead: 0
9.7755    0.0626165   0.317871  9.16388 	Dead: 0
9.76907   0.0609311   0.309315  9.16388 	Dead: 0
9.74786   0.059474    0.301918  9.16388 	Dead: 0
9.7362    0.0590931   0.299984  9.16388 	Dead: 0
9.74795   0.0607508   0.308399  9.16388 	Dead: 0
9.75259   0.0725473   0.368284  9.16388 	Dead: 0
9.7256    0.0576783   0.292802  9.16146 	Dead: 0
9.75745   0.0679158   0.344772  9.16146 	Dead: 0
9.72901   0.0633179   0.321431  9.16146 	Dead: 0
9.75417   0.0649507   0.32972   9.16146 	Dead: 0
9.7063    0.0600572   0.304879  9.11243 	Dead: 0
9.79274   0.0766935   0.389332  9.11243 	Dead: 0
9.743     0.0652939   0.331462  9.11243 	Dead: 0
9.71429   0.0625178   0.317369  9.11243 	Dead: 0
9.75      0.0734665   0.37295   9.07849 	Dead: 0
9.70471   0.0652406   0.331192  9.07849 	Dead: 0
9.72306   0.0712931   0.361917  9.07849 	Dead: 0
9.74341   0.0685553   0.348019  9.07849 	Dead: 0
9.71562   0.0675228   0.342777  9.07849 	Dead: 0
9.71949   0.0635133   0.322423  9.07849 	Dead: 0
9.75412   0.0679629   0.345011  9.07849 	Dead: 0
9.76051   0.0714009   0.362464  9.07849 	Dead: 0
9.70902   0.0628877   0.319247  9.07849 	Dead: 0
9.75108   0.0634101   0.321899  9.07849 	Dead: 0
9.73612   0.0708536   0.359686  9.07849 	Dead: 0
9.7211    0.0668338   0.33928   9.07849 	Dead: 0
9.72334   0.0664657   0.337411  9.07849 	Dead: 0
9.70193   0.0688729   0.349631  9.07849 	Dead: 0
9.71495   0.0656083   0.333058  9.07849 	Dead: 0
9.72953   0.0693164   0.351882  9.07849 	Dead: 0
9.70455   0.0656448   0.333244  9.05933 	Dead: 0
9.71182   0.0603954   0.306595  9.05933 	Dead: 0
9.73395   0.0659546   0.334816  9.05933 	Dead: 0
9.70342   0.068149    0.345956  9.05933 	Dead: 0
9.7125    0.0636671   0.323204  9.05933 	Dead: 0
9.71511   0.0684963   0.347719  9.05933 	Dead: 0
9.70723   0.068169    0.346058  9.05933 	Dead: 0
9.67265   0.0701619   0.356175  9.05933 	Dead: 0
9.72756   0.0744499   0.377943  9.05933 	Dead: 0
9.6924    0.0667486   0.338847  9.05933 	Dead: 0
9.7015    0.0663597   0.336873  9.05933 	Dead: 0
9.69367   0.0620955   0.315226  9.05933 	Dead: 0
9.72558   0.0690382   0.35047   9.05933 	Dead: 0
9.70321   0.0652551   0.331266  9.05933 	Dead: 0
9.71078   0.0729048   0.370099  9.05933 	Dead: 0
9.69671   0.067932    0.344854  9.05933 	Dead: 0
9.6949    0.0719911   0.36546   9.05933 	Dead: 0
9.66979   0.063982    0.324802  9.05933 	Dead: 0
9.68042   0.0601906   0.305556  9.05933 	Dead: 0
9.69908   0.0732032   0.371614  9.05933 	Dead: 0
9.7038    0.0654547   0.332279  9.05933 	Dead: 0
9.7079    0.0701964   0.35635   9.05933 	Dead: 0
9.69542   0.0680255   0.345329  9.05933 	Dead: 0
9.62107   0.0654308   0.332157  9.05933 	Dead: 0
9.6385    0.0693878   0.352245  9.05933 	Dead: 0
9.65604   0.074546    0.37843   9.05933 	Dead: 0
9.60097   0.0712515   0.361706  8.87816 	Dead: 0
9.63297   0.0735589   0.373419  8.87816 	Dead: 0
9.66021   0.0823702   0.41815   8.87816 	Dead: 0
9.6429    0.0753746   0.382636  8.87816 	Dead: 0
9.63093   0.0731542   0.371365  8.87816 	Dead: 0
9.58045   0.0697867   0.35427   8.77174 	Dead: 0
9.64216   0.0789919   0.401     8.77174 	Dead: 0
9.65706   0.0809025   0.410699  8.77174 	Dead: 0
9.60963   0.074938    0.38042   8.77174 	Dead: 0
9.59938   0.079444    0.403295  8.77174 	Dead: 0
9.57676   0.0779165   0.39554   8.77174 	Dead: 0
9.62701   0.0836851   0.424824  8.77174 	Dead: 0
9.55873   0.0738511   0.374903  8.77174 	Dead: 0
9.57652   0.0776701   0.39429   8.77174 	Dead: 0
9.59785   0.0784858   0.39843   8.77174 	Dead: 0
9.59664   0.0837776   0.425294  8.77174 	Dead: 0
