6.32976   0.089219    0.452917  5.00763 	Dead: 0
4.45039   0.0561556   0.285072  3.89197 	Dead: 0
3.86519   0.0499778   0.25371   3.30211 	Dead: 0
3.50273   0.0467027   0.237085  3.09692 	Dead: 0
3.35915   0.0453979   0.230461  2.98661 	Dead: 0
3.35206   0.0510624   0.259217  2.96377 	Dead: 0
3.30598   0.0506727   0.257238  2.96377 	Dead: 0
3.28828   0.0502666   0.255177  2.94729 	Dead: 0
3.25863   0.042981    0.218192  2.94729 	Dead: 0
3.25126   0.0505604   0.256668  2.93942 	Dead: 0
3.25837   0.0514118   0.26099   2.93942 	Dead: 0
3.26679   0.0487262   0.247357  2.90723 	Dead: 0
3.21422   0.0444408   0.225602  2.90723 	Dead: 0
3.24266   0.0489764   0.248627  2.90723 	Dead: 0
3.2124    0.0438709   0.222709  2.90723 	Dead: 0
3.19102   0.0434785   0.220717  2.8993  	Dead: 0
3.14382   0.0412338   0.209322  2.83703 	Dead: 0
3.1505    0.0513937   0.260898  2.8001  	Dead: 0
3.09665   0.0398186   0.202138  2.8001  	Dead: 0
3.09726   0.0407992   0.207116  2.8001  	Dead: 0
3.08957   0.0440083   0.223407  2.78919 	Dead: 0
3.06862   0.0429889   0.218232  2.72816 	Dead: 0
3.08051   0.0472587   0.239907  2.72816 	Dead: 0
3.06612   0.0466732   0.236935  2.72816 	Dead: 0
3.06423   0.0448015   0.227433  2.72816 	Dead: 0
3.04408   0.0359043   0.182267  2.72816 	Dead: 0
3.05818   0.0413395   0.209859  2.72816 	Dead: 0
3.05478   0.0506274   0.257008  2.72816 	Dead: 0
3.04757   0.0498844   0.253237  2.72816 	Dead: 0
3.04791   0.046313    0.235107  2.72816 	Dead: 0
3.0294    0.0499435   0.253537  2.72816 	Dead: 0
3.04179   0.048738    0.247417  2.72816 	Dead: 0
3.00078   0.0381495   0.193665  2.72816 	Dead: 0
3.03949   0.0434828   0.220739  2.70525 	Dead: 0
3.04678   0.0561895   0.285244  2.70525 	Dead: 0
3.01212   0.0426034   0.216275  2.70525 	Dead: 0
3.046     0.050366    0.255682  2.70525 	Dead: 0
3.01215   0.0526156   0.267101  2.70525 	Dead: 0
2.98416   0.0431549   0.219075  2.70525 	Dead: 0
2.98907   0.0423461   0.214969  2.70525 	Dead: 0
2.99171   0.0367377   0.186498  2.70525 	Dead: 0
2.97895   0.0437596   0.222144  2.70525 	Dead: 0
2.99821   0.0451899   0.229405  2.69944 	Dead: 0
2.98628   0.0442037   0.224399  2.69944 	Dead: 0
2.98395   0.0447202   0.227021  2.69944 	Dead: 0
2.98858   0.0479171   0.243249  2.69944 	Dead: 0
2.98774   0.0439883   0.223305  2.69944 	Dead: 0
2.97715   0.0453611   0.230274  2.69944 	Dead: 0
2.99456   0.0495926   0.251755  2.69944 	Dead: 0
2.94414   0.0335642   0.170387  2.65034 	Dead: 0
3.00087   0.0507755   0.25776   2.65034 	Dead: 0
2.96926   0.0483096   0.245242  2.65034 	Dead: 0
3.00077   0.0503559   0.25563   2.65034 	Dead: 0
2.97145   0.043531    0.220984  2.65034 	Dead: 0
2.98003   0.0494294   0.250927  2.65034 	Dead: 0
2.99086   0.0426556   0.21654   2.65034 	Dead: 0
3.00501   0.05817     0.295298  2.65034 	Dead: 0
2.97216   0.042944    0.218004  2.65034 	Dead: 0
3.00528   0.0528155   0.268116  2.65034 	Dead: 0
2.97482   0.0412521   0.209415  2.65034 	Dead: 0
2.97323   0.0473473   0.240357  2.65034 	Dead: 0
2.96981   0.0399581   0.202846  2.65034 	Dead: 0
2.98106   0.051298    0.260412  2.65034 	Dead: 0
2.95822   0.0435478   0.221069  2.65034 	Dead: 0
3.006     0.0549807   0.279108  2.65034 	Dead: 0
2.95416   0.0412988   0.209652  2.65034 	Dead: 0
2.97773   0.0443725   0.225256  2.65034 	Dead: 0
2.97921   0.0516102   0.261998  2.65034 	Dead: 0
2.95074   0.0437706   0.2222    2.65034 	Dead: 0
2.98152   0.0496528   0.252061  2.65034 	Dead: 0
2.97522   0.0547014   0.27769   2.65034 	Dead: 0
2.94636   0.0456633   0.231808  2.65034 	Dead: 0
2.91755   0.0401836   0.203991  2.65034 	Dead: 0
2.93285   0.0456481   0.231731  2.65034 	Dead: 0
2.92105   0.0399809   0.202962  2.65034 	Dead: 0
2.97054   0.0560712   0.284644  2.65034 	Dead: 0
2.92038   0.038811    0.197023  2.65034 	Dead: 0
2.94913   0.0454735   0.230845  2.65034 	Dead: 0
2.92611   0.0386945   0.196431  2.65034 	Dead: 0
2.97416   0.0514938   0.261407  2.65034 	Dead: 0
2.92411   0.03763     0.191027  2.65034 	Dead: 0
2.99535   0.0626901   0.318244  2.65034 	Dead: 0
2.94721   0.0461214   0.234134  2.65034 	Dead: 0
2.94517   0.0461334   0.234195  2.65034 	Dead: 0
2.94664   0.0496568   0.252081  2.65034 	Dead: 0
2.97814   0.0577894   0.293366  2.65034 	Dead: 0
2.94071   0.0454443   0.230696  2.65034 	Dead: 0
2.97448   0.0558831   0.283689  2.65034 	Dead: 0
2.91055   0.0356549   0.181001  2.65034 	Dead: 0
2.93413   0.0468745   0.237957  2.65034 	Dead: 0
2.93303   0.0494568   0.251066  2.6222  	Dead: 0
2.89519   0.0339101   0.172143  2.6222  	Dead: 0
2.94339   0.0491225   0.249369  2.6222  	Dead: 0
2.93674   0.0402774   0.204467  2.6222  	Dead: 0
2.94532   0.041594    0.211151  2.6222  	Dead: 0
2.97583   0.0505812   0.256774  2.6222  	Dead: 0
2.93165   0.0404802   0.205497  2.6222  	Dead: 0
2.97135   0.05547     0.281591  2.6222  	Dead: 0
2.93239   0.0429156   0.217859  2.6222  	Dead: 0
2.96536   0.0517642   0.262779  2.6222  	Dead: 0
2.94014   0.0425743   0.216127  2.6222  	Dead: 0
