14.6473   0.0894547   0.454114  13.2435 	Dead: 0
12.9025   0.0395511   0.20078   12.2055 	Dead: 0
12.6254   0.0399775   0.202944  12.2055 	Dead: 0
12.4756   0.039018    0.198073  12.0285 	Dead: 0
12.1726   0.0475643   0.241459  11.6317 	Dead: 0
11.8577   0.0567398   0.288038  11.3977 	Dead: 0
11.3681   0.0404339   0.205261  10.8673 	Dead: 0
10.982    0.0717629   0.364302  10.4992 	Dead: 0
10.7504   0.0858292   0.435709  10.328  	Dead: 0
10.5344   0.0980303   0.497648  10.0796 	Dead: 0
10.3937   0.0917526   0.465779  9.98005 	Dead: 0
10.2908   0.0915563   0.464782  9.81073 	Dead: 0
10.2453   0.0998334   0.506801  9.50776 	Dead: 0
10.111    0.103888    0.527382  9.50776 	Dead: 0
10.0216   0.111979    0.568459  9.48846 	Dead: 0
10.0208   0.133575    0.678087  9.38492 	Dead: 0
9.88505   0.102538    0.52053   9.35355 	Dead: 0
9.77729   0.0867491   0.440379  9.31917 	Dead: 0
9.88417   0.128201    0.650807  9.31917 	Dead: 0
9.80288   0.112881    0.573036  9.27082 	Dead: 0
9.67035   0.0800065   0.40615   9.24502 	Dead: 0
9.75329   0.110535    0.561127  9.19493 	Dead: 0
9.74324   0.108017    0.548345  9.12233 	Dead: 0
9.74996   0.111801    0.567556  9.12233 	Dead: 0
9.70476   0.10972     0.556988  9.06934 	Dead: 0
9.60585   0.0975347   0.495132  9.06934 	Dead: 0
9.61404   0.0993103   0.504146  8.94599 	Dead: 0
9.59395   0.104805    0.532039  8.94599 	Dead: 0
9.58262   0.117122    0.594563  8.94599 	Dead: 0
9.58818   0.113887    0.578145  8.94599 	Dead: 0
9.56255   0.126415    0.64174   8.91353 	Dead: 0
9.47745   0.0981281   0.498144  8.91353 	Dead: 0
9.52906   0.107584    0.546147  8.91353 	Dead: 0
9.50975   0.110594    0.561424  8.82685 	Dead: 0
9.45628   0.11636     0.590696  8.82685 	Dead: 0
9.51321   0.133241    0.676395  8.82685 	Dead: 0
9.48851   0.11407     0.579071  8.82685 	Dead: 0
9.4484    0.110688    0.561902  8.82685 	Dead: 0
9.3964    0.103213    0.523958  8.73897 	Dead: 0
9.39316   0.115537    0.58652   8.61108 	Dead: 0
9.37062   0.101478    0.515148  8.61108 	Dead: 0
9.34486   0.116321    0.590501  8.61108 	Dead: 0
9.44572   0.12299     0.624356  8.61108 	Dead: 0
9.48047   0.134517    0.682873  8.61108 	Dead: 0
9.33479   0.120008    0.609218  8.49837 	Dead: 0
9.24829   0.098055    0.497773  8.49837 	Dead: 0
9.16113   0.0927832   0.471011  8.49837 	Dead: 0
9.18861   0.106196    0.539101  8.49837 	Dead: 0
9.20742   0.111035    0.563665  8.49837 	Dead: 0
9.18363   0.101462    0.515067  8.49837 	Dead: 0
9.26591   0.117168    0.594801  8.49837 	Dead: 0
9.18512   0.117504    0.596503  8.49837 	Dead: 0
9.18162   0.0962357   0.488537  8.49837 	Dead: 0
9.164     0.0997156   0.506203  8.49837 	Dead: 0
9.17175   0.104405    0.530009  8.49837 	Dead: 0
9.17666   0.10377     0.526786  8.49837 	Dead: 0
9.19292   0.108601    0.55131   8.49837 	Dead: 0
9.22255   0.117035    0.594125  8.49837 	Dead: 0
9.13697   0.105624    0.536197  8.49672 	Dead: 0
9.16885   0.112518    0.571193  8.49672 	Dead: 0
9.09496   0.113133    0.574315  8.46472 	Dead: 0
9.24713   0.1343      0.681771  8.46472 	Dead: 0
9.15406   0.115881    0.588265  8.46472 	Dead: 0
9.12793   0.11297     0.573489  8.46472 	Dead: 0
9.25456   0.129802    0.658934  8.46472 	Dead: 0
9.13644   0.105041    0.533238  8.46472 	Dead: 0
9.16004   0.112099    0.569067  8.46472 	Dead: 0
9.14726   0.131568    0.667901  8.46472 	Dead: 0
9.18781   0.121195    0.615243  8.46472 	Dead: 0
9.19664   0.134522    0.682895  8.46472 	Dead: 0
9.1713    0.11828     0.600442  8.46472 	Dead: 0
9.16209   0.117419    0.596073  8.46472 	Dead: 0
9.11915   0.115355    0.585598  8.41898 	Dead: 0
9.24393   0.141778    0.719731  8.41898 	Dead: 0
9.11422   0.121917    0.618905  8.41898 	Dead: 0
9.15788   0.139406    0.707691  8.41898 	Dead: 0
9.12327   0.129821    0.659033  8.41898 	Dead: 0
9.03317   0.100513    0.510251  8.41898 	Dead: 0
9.11831   0.136745    0.69418   8.41898 	Dead: 0
9.19371   0.134275    0.681642  8.41898 	Dead: 0
8.986     0.0966269   0.490523  8.41898 	Dead: 0
9.06118   0.116456    0.591187  8.41898 	Dead: 0
9.00466   0.112625    0.571739  8.40259 	Dead: 0
8.9976    0.0990159   0.502651  8.40259 	Dead: 0
8.98218   0.109063    0.553653  8.39542 	Dead: 0
8.98588   0.102059    0.5181    8.34899 	Dead: 0
8.98601   0.109261    0.55466   8.34899 	Dead: 0
9.02689   0.126742    0.643403  8.34899 	Dead: 0
8.89526   0.0916344   0.465179  8.28666 	Dead: 0
8.98158   0.116436    0.591083  8.28666 	Dead: 0
9.03601   0.134628    0.683433  8.28666 	Dead: 0
8.98143   0.139929    0.710344  8.28666 	Dead: 0
9.01972   0.124096    0.629968  8.28666 	Dead: 0
8.99095   0.121606    0.617327  8.28666 	Dead: 0
8.97395   0.118008    0.599062  8.28666 	Dead: 0
8.96665   0.116633    0.592082  8.28666 	Dead: 0
8.98125   0.139754    0.709458  8.28666 	Dead: 0
8.91302   0.102993    0.522842  8.28666 	Dead: 0
8.93662   0.113462    0.575988  8.28666 	Dead: 0
8.93433   0.109055    0.553612  8.28666 	Dead: 0
8.94617   0.128088    0.650232  8.28666 	Dead: 0
