5.15478   0.050981    0.258803  4.56042 	Dead: 0
4.75083   0.0521933   0.264958  4.20468 	Dead: 0
4.72334   0.0605527   0.307394  4.20468 	Dead: 0
4.63605   0.0560701   0.284638  4.20468 	Dead: 0
4.64058   0.0610572   0.309955  4.20468 	Dead: 0
4.53924   0.0502185   0.254932  4.08937 	Dead: 0
4.49879   0.0455197   0.231079  4.07658 	Dead: 0
4.51222   0.0498604   0.253115  4.07658 	Dead: 0
4.5002    0.0551306   0.279869  4.06959 	Dead: 0
4.48146   0.0577613   0.293223  4.01388 	Dead: 0
4.50505   0.0661784   0.335953  3.98516 	Dead: 0
4.44886   0.058763    0.298308  3.98516 	Dead: 0
4.43341   0.0602742   0.30598   3.9236  	Dead: 0
4.45339   0.0588749   0.298877  3.9236  	Dead: 0
4.42917   0.0621214   0.315357  3.92173 	Dead: 0
4.41862   0.06021     0.305654  3.92173 	Dead: 0
4.41984   0.0620932   0.315214  3.92173 	Dead: 0
4.38238   0.058286    0.295887  3.91658 	Dead: 0
4.38      0.057569    0.292247  3.91658 	Dead: 0
4.37776   0.0561629   0.285109  3.91658 	Dead: 0
4.35325   0.058434    0.296638  3.77406 	Dead: 0
4.39046   0.0641382   0.325596  3.77406 	Dead: 0
4.38281   0.0598366   0.303758  3.77406 	Dead: 0
4.34933   0.0591828   0.30044   3.77406 	Dead: 0
4.36263   0.0589803   0.299412  3.77406 	Dead: 0
4.40151   0.0698317   0.354499  3.77406 	Dead: 0
4.3817    0.0707255   0.359036  3.77406 	Dead: 0
4.35898   0.0630393   0.320017  3.77406 	Dead: 0
4.37809   0.0643788   0.326817  3.77406 	Dead: 0
4.36324   0.0632655   0.321165  3.77406 	Dead: 0
4.35316   0.0615233   0.312321  3.77406 	Dead: 0
4.3822    0.0576371   0.292593  3.77406 	Dead: 0
4.32647   0.0602936   0.306079  3.77406 	Dead: 0
4.3123    0.0585857   0.297408  3.77406 	Dead: 0
4.33685   0.0602104   0.305656  3.77406 	Dead: 0
4.37376   0.0655663   0.332845  3.77406 	Dead: 0
4.36157   0.0588898   0.298952  3.77406 	Dead: 0
4.35579   0.0625297   0.31743   3.77406 	Dead: 0
4.32762   0.0613004   0.311189  3.77406 	Dead: 0
4.3305    0.0623324   0.316428  3.77406 	Dead: 0
4.32536   0.0647924   0.328916  3.77406 	Dead: 0
4.31772   0.0620083   0.314783  3.77406 	Dead: 0
4.33713   0.0735283   0.373264  3.77406 	Dead: 0
4.32499   0.0644721   0.327291  3.77406 	Dead: 0
4.32572   0.0617655   0.31355   3.77406 	Dead: 0
4.33375   0.0625971   0.317772  3.77406 	Dead: 0
4.32674   0.0633184   0.321434  3.77406 	Dead: 0
4.33493   0.065869    0.334382  3.77406 	Dead: 0
4.35224   0.0624542   0.317046  3.77406 	Dead: 0
4.35756   0.0666977   0.338589  3.77406 	Dead: 0
4.31936   0.0623088   0.316308  3.77406 	Dead: 0
4.352     0.0598764   0.30396   3.77406 	Dead: 0
4.28725   0.0539197   0.273721  3.77406 	Dead: 0
4.34236   0.0575489   0.292145  3.77406 	Dead: 0
4.314     0.0591184   0.300113  3.77406 	Dead: 0
4.30986   0.0605658   0.30746   3.77406 	Dead: 0
4.28752   0.0593222   0.301147  3.77406 	Dead: 0
4.31815   0.0613695   0.31154   3.77406 	Dead: 0
4.30774   0.0646463   0.328175  3.70661 	Dead: 0
4.28109   0.0635288   0.322502  3.70661 	Dead: 0
4.30432   0.0613985   0.311687  3.70661 	Dead: 0
4.25567   0.0564291   0.28646   3.70661 	Dead: 0
4.29034   0.0578699   0.293774  3.70661 	Dead: 0
4.29725   0.062439    0.31697   3.70661 	Dead: 0
4.30145   0.0605387   0.307323  3.70661 	Dead: 0
4.29913   0.0601847   0.305526  3.70661 	Dead: 0
4.29743   0.0605534   0.307397  3.70661 	Dead: 0
4.29443   0.0643667   0.326755  3.70661 	Dead: 0
4.2957    0.0612513   0.31094   3.70661 	Dead: 0
4.28529   0.0584478   0.296708  3.70661 	Dead: 0
4.30946   0.0662634   0.336384  3.70661 	Dead: 0
4.30508   0.0645902   0.32789   3.70661 	Dead: 0
4.32403   0.0674328   0.342321  3.70661 	Dead: 0
4.31646   0.0664228   0.337193  3.70661 	Dead: 0
4.27518   0.0602599   0.305907  3.70661 	Dead: 0
4.31461   0.0640665   0.325231  3.70661 	Dead: 0
4.31196   0.0690661   0.350612  3.70661 	Dead: 0
4.25344   0.0594518   0.301805  3.70661 	Dead: 0
4.30109   0.066226    0.336194  3.70661 	Dead: 0
4.33653   0.0707528   0.359174  3.70661 	Dead: 0
4.30365   0.0673885   0.342096  3.70661 	Dead: 0
4.28143   0.0673802   0.342054  3.70661 	Dead: 0
4.26432   0.0655333   0.332678  3.70661 	Dead: 0
4.27928   0.0596127   0.302622  3.70661 	Dead: 0
4.28246   0.0592482   0.300772  3.70661 	Dead: 0
4.35467   0.0696434   0.353543  3.70661 	Dead: 0
4.29792   0.0614422   0.311909  3.70661 	Dead: 0
4.31231   0.0623765   0.316652  3.70661 	Dead: 0
4.29875   0.0640689   0.325244  3.70661 	Dead: 0
4.2862    0.0598653   0.303904  3.70661 	Dead: 0
4.31759   0.0695811   0.353226  3.70661 	Dead: 0
4.35711   0.0715664   0.363304  3.70661 	Dead: 0
4.33499   0.0705976   0.358386  3.70661 	Dead: 0
4.32808   0.0672932   0.341611  3.70661 	Dead: 0
4.2972    0.068986    0.350205  3.70661 	Dead: 0
4.28583   0.060558    0.307421  3.70661 	Dead: 0
4.27042   0.0626829   0.318207  3.70661 	Dead: 0
4.29659   0.0691667   0.351123  3.70661 	Dead: 0
4.26569   0.060001    0.304593  3.70661 	Dead: 0
4.24704   0.0577734   0.293285  3.70661 	Dead: 0
4.2818    0.0618245   0.31385   3.70661 	Dead: 0
