7.09473   0.113425    0.575799  5.89551 	Dead: 0
4.7456    0.054907    0.278734  4.25301 	Dead: 0
4.56422   0.054414    0.276231  3.986   	Dead: 0
4.50154   0.0548978   0.278687  3.986   	Dead: 0
4.49798   0.0589936   0.299479  3.986   	Dead: 0
4.41396   0.0531904   0.270019  3.98185 	Dead: 0
4.4404    0.0617949   0.3137    3.98185 	Dead: 0
4.3936    0.0613573   0.311478  3.97341 	Dead: 0
4.37895   0.0639911   0.324848  3.97341 	Dead: 0
4.3478    0.0575341   0.29207   3.94403 	Dead: 0
4.35124   0.0591224   0.300133  3.93284 	Dead: 0
4.33378   0.0612835   0.311104  3.89523 	Dead: 0
4.31657   0.0620161   0.314823  3.76331 	Dead: 0
4.31761   0.0635045   0.322378  3.7281  	Dead: 0
4.33911   0.0717693   0.364334  3.7281  	Dead: 0
4.29818   0.0588372   0.298685  3.7281  	Dead: 0
4.27628   0.0643437   0.326639  3.7281  	Dead: 0
4.28341   0.0617705   0.313576  3.7281  	Dead: 0
4.23975   0.0607791   0.308543  3.7281  	Dead: 0
4.24458   0.0582097   0.2955    3.7281  	Dead: 0
4.24477   0.0632003   0.320834  3.7281  	Dead: 0
4.27322   0.0706632   0.358719  3.7281  	Dead: 0
4.24262   0.0653823   0.331911  3.7281  	Dead: 0
4.27882   0.0650677   0.330314  3.65108 	Dead: 0
4.26981   0.0641718   0.325766  3.65108 	Dead: 0
4.27008   0.0673652   0.341977  3.65108 	Dead: 0
4.27216   0.0661222   0.335667  3.65108 	Dead: 0
4.23      0.06109     0.310121  3.65108 	Dead: 0
4.27633   0.067776    0.344063  3.65108 	Dead: 0
4.22228   0.0642454   0.32614   3.65108 	Dead: 0
4.26621   0.0664035   0.337095  3.65108 	Dead: 0
4.25937   0.0710352   0.360608  3.65108 	Dead: 0
4.25249   0.0731778   0.371484  3.65108 	Dead: 0
4.24557   0.070218    0.356459  3.65108 	Dead: 0
4.22663   0.0707811   0.359318  3.6055  	Dead: 0
4.18396   0.0629527   0.319577  3.6055  	Dead: 0
4.17402   0.0619827   0.314653  3.45708 	Dead: 0
4.1891    0.0705801   0.358298  3.45708 	Dead: 0
4.21771   0.0723989   0.36753   3.45708 	Dead: 0
4.19372   0.0659502   0.334794  3.45708 	Dead: 0
4.19983   0.0704195   0.357482  3.45708 	Dead: 0
4.20672   0.0721519   0.366277  3.45708 	Dead: 0
4.15693   0.0646562   0.328225  3.45708 	Dead: 0
4.16907   0.0634357   0.322029  3.45708 	Dead: 0
4.16805   0.0640934   0.325368  3.45708 	Dead: 0
4.20732   0.0735252   0.373248  3.45708 	Dead: 0
4.15421   0.0678447   0.344412  3.45708 	Dead: 0
4.14486   0.0671647   0.340959  3.45708 	Dead: 0
4.1499    0.0650969   0.330462  3.45708 	Dead: 0
4.17405   0.0769407   0.390587  3.45708 	Dead: 0
4.17844   0.0698736   0.354711  3.45708 	Dead: 0
4.1569    0.070719    0.359003  3.45708 	Dead: 0
4.11203   0.0648377   0.329147  3.45708 	Dead: 0
4.09841   0.0625975   0.317774  3.45708 	Dead: 0
4.12017   0.0651055   0.330506  3.45708 	Dead: 0
4.12416   0.0660307   0.335203  3.45708 	Dead: 0
4.11418   0.0638239   0.324     3.45708 	Dead: 0
4.10484   0.0632704   0.32119   3.45708 	Dead: 0
4.13505   0.0755016   0.383282  3.45708 	Dead: 0
4.12356   0.0749467   0.380464  3.45708 	Dead: 0
4.07369   0.0705564   0.358177  3.45708 	Dead: 0
4.11522   0.072632    0.368714  3.45708 	Dead: 0
4.058     0.0690926   0.350746  3.45708 	Dead: 0
4.06961   0.0695161   0.352896  3.45708 	Dead: 0
4.11553   0.072096    0.365993  3.45708 	Dead: 0
4.14296   0.0803356   0.407821  3.45708 	Dead: 0
4.06727   0.0617213   0.313326  3.45708 	Dead: 0
4.06513   0.064864    0.32928   3.45708 	Dead: 0
4.08525   0.0689413   0.349978  3.45708 	Dead: 0
4.08006   0.0681779   0.346103  3.45708 	Dead: 0
4.071     0.0621901   0.315706  3.45708 	Dead: 0
4.06545   0.0737153   0.374213  3.45708 	Dead: 0
4.08568   0.0676879   0.343615  3.45708 	Dead: 0
4.03184   0.0599468   0.304318  3.45708 	Dead: 0
4.08796   0.0657618   0.333837  3.45708 	Dead: 0
4.0664    0.0646657   0.328273  3.45708 	Dead: 0
4.00151   0.0605219   0.307237  3.45708 	Dead: 0
4.05269   0.0591275   0.300159  3.45708 	Dead: 0
4.06075   0.0611308   0.310329  3.45708 	Dead: 0
4.09056   0.063612    0.322924  3.45708 	Dead: 0
4.0662    0.0630574   0.320109  3.45708 	Dead: 0
4.08647   0.0693704   0.352157  3.45708 	Dead: 0
4.04709   0.0640362   0.325078  3.45708 	Dead: 0
4.05555   0.0628771   0.319194  3.45708 	Dead: 0
4.03725   0.0667879   0.339047  3.45708 	Dead: 0
4.03782   0.0604852   0.307051  3.45708 	Dead: 0
4.0638    0.0638567   0.324166  3.45708 	Dead: 0
4.04242   0.0655357   0.33269   3.45708 	Dead: 0
4.03282   0.0671406   0.340837  3.45708 	Dead: 0
4.04028   0.0714918   0.362926  3.45708 	Dead: 0
4.03858   0.0689755   0.350152  3.45708 	Dead: 0
4.01468   0.0666301   0.338245  3.45708 	Dead: 0
4.03642   0.0655602   0.332814  3.45708 	Dead: 0
4.01939   0.0668085   0.339151  3.45708 	Dead: 0
4.02959   0.0638098   0.323928  3.45708 	Dead: 0
3.99599   0.0616559   0.312994  3.45708 	Dead: 0
4.07312   0.0738034   0.374661  3.45708 	Dead: 0
4.06385   0.071595    0.36345   3.45708 	Dead: 0
3.98777   0.0580998   0.294942  3.45708 	Dead: 0
4.01287   0.0613717   0.311552  3.45708 	Dead: 0
4.0472    0.0705897   0.358346  3.45708 	Dead: 0
