0   9.26476   0.0871114   0.442218  8.25641 	Dead: 0
1   7.6855    0.0552096   0.28027   7.20711 	Dead: 0
2   7.4374    0.060803    0.308665  6.95103 	Dead: 0
3   7.42839   0.0751701   0.381598  6.93818 	Dead: 0
4   7.37842   0.0703477   0.357118  6.85642 	Dead: 0
5   7.43375   0.082183    0.417199  6.85642 	Dead: 0
6   7.4217    0.0783978   0.397984  6.85642 	Dead: 0
7   7.39861   0.0826881   0.419763  6.83428 	Dead: 0
8   7.29967   0.0851563   0.432293  6.69083 	Dead: 0
9   7.25717   0.0965059   0.489909  6.67566 	Dead: 0
10  7.24848   0.10978     0.557292  6.57423 	Dead: 0
11  7.1682    0.0926113   0.470138  6.54901 	Dead: 0
12  7.24344   0.109653    0.556647  6.54901 	Dead: 0
13  7.26703   0.108025    0.548387  6.4327  	Dead: 0
14  7.20535   0.103878    0.527335  6.4327  	Dead: 0
15  7.18975   0.108983    0.553251  6.4327  	Dead: 0
16  7.15253   0.110119    0.559013  6.42299 	Dead: 0
17  7.19342   0.120051    0.609436  6.35954 	Dead: 0
18  7.03482   0.106328    0.539769  6.30908 	Dead: 0
19  7.07982   0.122056    0.619613  6.29438 	Dead: 0
20  7.02911   0.117371    0.595831  6.29438 	Dead: 0
21  6.97952   0.118923    0.60371   6.28674 	Dead: 0
22  7.06094   0.122876    0.623776  6.28674 	Dead: 0
23  6.93951   0.103461    0.525214  6.28674 	Dead: 0
24  7.14219   0.146217    0.742268  6.16746 	Dead: 0
25  7.05351   0.13813     0.701212  6.16746 	Dead: 0
26  6.92506   0.121534    0.616962  6.16746 	Dead: 0
27  6.91071   0.118738    0.602768  6.16746 	Dead: 0
28  6.99206   0.127285    0.646157  6.16746 	Dead: 0
29  7.09341   0.14397     0.730857  6.16746 	Dead: 0
30  7.03268   0.128553    0.652592  6.16746 	Dead: 0
31  7.06583   0.143174    0.72682   6.16746 	Dead: 0
32  6.9191    0.125445    0.636817  6.14875 	Dead: 0
33  7.09767   0.143358    0.727753  6.14875 	Dead: 0
34  6.93222   0.126072    0.640002  6.07222 	Dead: 0
35  7.1552    0.14613     0.741822  6.07222 	Dead: 0
36  6.95192   0.138449    0.702831  6.05746 	Dead: 0
37  6.99142   0.145722    0.739751  6.01941 	Dead: 0
38  7.01149   0.15012     0.762079  6.01941 	Dead: 0
39  6.92781   0.143269    0.727301  6.01941 	Dead: 0
40  6.90306   0.136746    0.694184  6.01941 	Dead: 0
41  6.94008   0.143125    0.72657   5.9142  	Dead: 0
42  6.9982    0.148026    0.751451  5.9142  	Dead: 0
43  7.00037   0.15083     0.765686  5.9142  	Dead: 0
44  7.03841   0.151121    0.767162  5.9142  	Dead: 0
45  6.95407   0.150667    0.764856  5.9142  	Dead: 0
46  6.97329   0.154357    0.783586  5.9142  	Dead: 0
47  7.00008   0.161343    0.819053  5.9142  	Dead: 0
48  7.06394   0.156081    0.792338  5.9142  	Dead: 0
49  7.10788   0.154125    0.782413  5.9142  	Dead: 0
50  6.99072   0.153738    0.780447  5.9142  	Dead: 0
51  7.00997   0.160273    0.81362   5.9142  	Dead: 0
52  7.00276   0.158712    0.805695  5.9142  	Dead: 0
53  7.01732   0.159007    0.807194  5.9142  	Dead: 0
54  6.85692   0.13893     0.705274  5.9142  	Dead: 0
55  7.04356   0.151672    0.76996   5.9142  	Dead: 0
56  6.86622   0.138798    0.704606  5.9142  	Dead: 0
57  7.04989   0.152992    0.776661  5.9142  	Dead: 0
58  6.86587   0.12979     0.658876  5.9142  	Dead: 0
59  6.97501   0.151743    0.770318  5.9142  	Dead: 0
60  6.98209   0.149959    0.761263  5.9142  	Dead: 0
61  6.88625   0.148299    0.752833  5.9142  	Dead: 0
62  6.99925   0.149976    0.761346  5.9142  	Dead: 0
63  6.95132   0.160418    0.814355  5.9142  	Dead: 0
64  7.08301   0.155694    0.790375  5.9142  	Dead: 0
65  7.07972   0.160688    0.815728  5.9142  	Dead: 0
66  7.03549   0.155972    0.791786  5.9142  	Dead: 0
67  7.1745    0.165526    0.840289  5.9142  	Dead: 0
68  6.97336   0.152494    0.77413   5.9142  	Dead: 0
69  6.99219   0.159059    0.807456  5.9142  	Dead: 0
70  6.93844   0.159212    0.808233  5.85141 	Dead: 0
71  6.96907   0.158992    0.807116  5.85141 	Dead: 0
72  6.99514   0.166425    0.84485   5.85141 	Dead: 0
73  6.94992   0.155478    0.789278  5.85141 	Dead: 0
74  6.94276   0.152611    0.774727  5.8426  	Dead: 0
75  6.95167   0.16081     0.816348  5.8426  	Dead: 0
76  6.99753   0.165114    0.838194  5.8426  	Dead: 0
77  6.84532   0.159563    0.810016  5.8426  	Dead: 0
78  7.06268   0.170553    0.865807  5.8426  	Dead: 0
79  7.01857   0.179163    0.909517  5.77114 	Dead: 0
80  6.96262   0.174011    0.883359  5.77114 	Dead: 0
81  6.80195   0.164967    0.837448  5.77114 	Dead: 0
82  6.82593   0.167721    0.851431  5.77114 	Dead: 0
83  6.80052   0.160823    0.816413  5.77114 	Dead: 0
84  6.91055   0.167976    0.852723  5.77114 	Dead: 0
85  6.93859   0.18134     0.920567  5.71665 	Dead: 0
86  6.81567   0.177836    0.902777  5.6973  	Dead: 0
87  6.99926   0.188348    0.956141  5.6973  	Dead: 0
88  7.01132   0.175545    0.891146  5.6973  	Dead: 0
89  6.9955    0.186545    0.94699   5.6973  	Dead: 0
90  6.8773    0.175321    0.890014  5.6973  	Dead: 0
91  6.97165   0.180861    0.918133  5.6973  	Dead: 0
92  6.7863    0.177183    0.899464  5.6973  	Dead: 0
93  6.84344   0.17347     0.880615  5.6973  	Dead: 0
94  6.73886   0.164876    0.836988  5.6973  	Dead: 0
95  6.81232   0.163995    0.832516  5.6973  	Dead: 0
96  6.79535   0.178867    0.908013  5.6973  	Dead: 0
97  6.89515   0.178115    0.904193  5.6973  	Dead: 0
98  6.72294   0.160291    0.813712  5.6973  	Dead: 0
99  6.85772   0.170184    0.863935  5.6973  	Dead: 0
100 6.88063   0.168816    0.85699   5.6973  	Dead: 0
