5.29979   0.0756717   0.384145  4.58925 	Dead: 0
4.61398   0.0516676   0.262289  4.2107  	Dead: 0
4.36195   0.037588    0.190814  3.89687 	Dead: 0
4.34105   0.0409144   0.207701  3.89687 	Dead: 0
4.3037    0.048805    0.247757  3.85923 	Dead: 0
4.31231   0.0426909   0.216719  3.85923 	Dead: 0
4.28081   0.0461232   0.234143  3.85923 	Dead: 0
4.26168   0.0408104   0.207172  3.85923 	Dead: 0
4.28707   0.0473851   0.240549  3.85923 	Dead: 0
4.24227   0.0367006   0.18631   3.85923 	Dead: 0
4.27391   0.0445727   0.226272  3.85923 	Dead: 0
4.27051   0.0442462   0.224615  3.85923 	Dead: 0
4.26681   0.0505414   0.256572  3.85923 	Dead: 0
4.22468   0.0375316   0.190528  3.85923 	Dead: 0
4.25274   0.0443341   0.225061  3.85923 	Dead: 0
4.24691   0.0424474   0.215483  3.85923 	Dead: 0
4.21435   0.0398282   0.202187  3.85923 	Dead: 0
4.24771   0.0428201   0.217375  3.85923 	Dead: 0
4.25676   0.0498165   0.252892  3.85923 	Dead: 0
4.26069   0.0516567   0.262233  3.85923 	Dead: 0
4.21756   0.0403366   0.204767  3.85923 	Dead: 0
4.22369   0.0414193   0.210264  3.85923 	Dead: 0
4.26322   0.0575067   0.291931  3.85923 	Dead: 0
4.24837   0.0501319   0.254493  3.85923 	Dead: 0
4.21957   0.0459706   0.233368  3.85923 	Dead: 0
4.21921   0.0473136   0.240186  3.85923 	Dead: 0
4.21001   0.0417108   0.211744  3.85923 	Dead: 0
4.20555   0.0423221   0.214847  3.85923 	Dead: 0
4.22755   0.0523911   0.265962  3.85923 	Dead: 0
4.2031    0.0426282   0.216401  3.85923 	Dead: 0
4.19576   0.0409411   0.207836  3.85923 	Dead: 0
4.20382   0.0433977   0.220307  3.85923 	Dead: 0
4.22031   0.047023    0.23871   3.85923 	Dead: 0
4.2005    0.0450925   0.228911  3.85923 	Dead: 0
4.18644   0.0473788   0.240517  3.85525 	Dead: 0
4.18317   0.0420156   0.213291  3.85525 	Dead: 0
4.18451   0.0479292   0.243311  3.85525 	Dead: 0
4.19062   0.0445555   0.226185  3.85235 	Dead: 0
4.18245   0.0425765   0.216138  3.85235 	Dead: 0
4.19049   0.0440592   0.223665  3.85235 	Dead: 0
4.17646   0.0450389   0.228638  3.83509 	Dead: 0
4.18049   0.0452079   0.229496  3.8033  	Dead: 0
4.19331   0.0430757   0.218672  3.8033  	Dead: 0
4.16333   0.0417601   0.211994  3.8033  	Dead: 0
4.18146   0.0470328   0.238761  3.8033  	Dead: 0
4.17672   0.0462247   0.234658  3.8033  	Dead: 0
4.18125   0.0443921   0.225355  3.8033  	Dead: 0
4.1766    0.0443177   0.224977  3.8033  	Dead: 0
4.15873   0.0426981   0.216756  3.8033  	Dead: 0
4.17325   0.0456781   0.231883  3.8033  	Dead: 0
4.17706   0.0447386   0.227114  3.8033  	Dead: 0
4.19025   0.0568246   0.288468  3.8033  	Dead: 0
4.16598   0.046306    0.235071  3.8033  	Dead: 0
4.14488   0.0462399   0.234736  3.8033  	Dead: 0
4.16779   0.044003    0.22338   3.76858 	Dead: 0
4.14729   0.042581    0.216161  3.76858 	Dead: 0
4.16384   0.0442649   0.224709  3.76858 	Dead: 0
4.16526   0.0467874   0.237515  3.76858 	Dead: 0
4.1516    0.0429934   0.218255  3.76858 	Dead: 0
4.15943   0.0464284   0.235692  3.76858 	Dead: 0
4.15043   0.0408606   0.207428  3.76858 	Dead: 0
4.16979   0.0452355   0.229636  3.76858 	Dead: 0
4.14744   0.0398563   0.202329  3.76858 	Dead: 0
4.1619    0.042775    0.217146  3.76858 	Dead: 0
4.15598   0.0444393   0.225595  3.76858 	Dead: 0
4.13473   0.0430869   0.218729  3.76858 	Dead: 0
4.17333   0.0483236   0.245313  3.76858 	Dead: 0
4.15722   0.0456206   0.231591  3.76858 	Dead: 0
4.14797   0.0455176   0.231069  3.76858 	Dead: 0
4.1485    0.0484026   0.245714  3.76858 	Dead: 0
4.1426    0.0441559   0.224156  3.72581 	Dead: 0
4.11716   0.0393962   0.199993  3.72581 	Dead: 0
4.12999   0.0412918   0.209616  3.72581 	Dead: 0
4.14603   0.0465835   0.23648   3.72581 	Dead: 0
4.14983   0.0461329   0.234192  3.72581 	Dead: 0
4.12639   0.0445682   0.226249  3.72581 	Dead: 0
4.1688    0.0473338   0.240288  3.72581 	Dead: 0
4.12078   0.0432622   0.219619  3.72581 	Dead: 0
4.11698   0.0405195   0.205696  3.72581 	Dead: 0
4.1606    0.0464998   0.236055  3.72581 	Dead: 0
4.1247    0.043985    0.223288  3.72581 	Dead: 0
4.07266   0.0394665   0.200351  3.72581 	Dead: 0
4.11687   0.0488472   0.247971  3.72581 	Dead: 0
4.11077   0.0429364   0.217965  3.72581 	Dead: 0
4.0925    0.0418918   0.212662  3.72581 	Dead: 0
4.09517   0.0435798   0.221232  3.72581 	Dead: 0
4.08899   0.0429669   0.21812   3.72581 	Dead: 0
4.11509   0.0452663   0.229793  3.72581 	Dead: 0
4.08415   0.040128    0.203708  3.72581 	Dead: 0
4.09344   0.0424595   0.215544  3.72581 	Dead: 0
4.08437   0.0412856   0.209585  3.72581 	Dead: 0
4.10753   0.0434952   0.220802  3.72581 	Dead: 0
4.08253   0.0400481   0.203303  3.72581 	Dead: 0
4.07256   0.0386329   0.196118  3.72581 	Dead: 0
4.1379    0.0504654   0.256186  3.72581 	Dead: 0
4.11171   0.0457595   0.232297  3.72581 	Dead: 0
4.10418   0.0477969   0.24264   3.72581 	Dead: 0
4.093     0.0420042   0.213233  3.72581 	Dead: 0
4.12183   0.054916    0.278779  3.72581 	Dead: 0
4.07716   0.0433985   0.220311  3.72581 	Dead: 0
4.09671   0.0441538   0.224145  3.72581 	Dead: 0
