5.3263    0.0800864   0.406556  4.76794 	Dead: 0
4.60788   0.0471418   0.239314  4.20361 	Dead: 0
4.47749   0.0413132   0.209725  4.20361 	Dead: 0
4.44623   0.0384122   0.194998  4.12056 	Dead: 0
4.44622   0.0502584   0.255135  3.97681 	Dead: 0
4.35424   0.042071    0.213572  3.97681 	Dead: 0
4.34539   0.0456985   0.231987  3.97681 	Dead: 0
4.33523   0.0456854   0.23192   3.97681 	Dead: 0
4.32491   0.0497615   0.252613  3.97681 	Dead: 0
4.31242   0.0485974   0.246703  3.90127 	Dead: 0
4.2836    0.0454448   0.230699  3.90127 	Dead: 0
4.30478   0.0501278   0.254472  3.90127 	Dead: 0
4.28788   0.0486737   0.24709   3.90127 	Dead: 0
4.31752   0.050545    0.25659   3.90127 	Dead: 0
4.26445   0.0462385   0.234728  3.90127 	Dead: 0
4.25995   0.0453386   0.23016   3.90127 	Dead: 0
4.28516   0.0546945   0.277655  3.90127 	Dead: 0
4.29469   0.0518331   0.263129  3.90127 	Dead: 0
4.26609   0.0497952   0.252784  3.90127 	Dead: 0
4.27277   0.050121    0.254438  3.81203 	Dead: 0
4.27091   0.0516095   0.261994  3.81203 	Dead: 0
4.24171   0.0477472   0.242387  3.81203 	Dead: 0
4.25116   0.0477328   0.242314  3.81203 	Dead: 0
4.24021   0.0491763   0.249642  3.81203 	Dead: 0
4.22867   0.0487052   0.24725   3.81203 	Dead: 0
4.24505   0.0522202   0.265094  3.81203 	Dead: 0
4.26129   0.0556338   0.282423  3.81203 	Dead: 0
4.27413   0.050784    0.257803  3.81203 	Dead: 0
4.24579   0.0587579   0.298283  3.81203 	Dead: 0
4.22557   0.0490023   0.248759  3.81203 	Dead: 0
4.23584   0.0527485   0.267776  3.81203 	Dead: 0
4.28327   0.0536015   0.272106  3.81203 	Dead: 0
4.21062   0.0497495   0.252551  3.81203 	Dead: 0
4.21585   0.0481841   0.244605  3.81203 	Dead: 0
4.23396   0.0505753   0.256744  3.81203 	Dead: 0
4.2174    0.0510718   0.259264  3.81203 	Dead: 0
4.22306   0.0535442   0.271815  3.81203 	Dead: 0
4.24138   0.053259    0.270367  3.81203 	Dead: 0
4.23471   0.0540525   0.274396  3.81203 	Dead: 0
4.18199   0.0495019   0.251294  3.81203 	Dead: 0
4.22147   0.0500288   0.25397   3.81203 	Dead: 0
4.21088   0.0500415   0.254034  3.81203 	Dead: 0
4.18416   0.0443585   0.225184  3.81203 	Dead: 0
4.19791   0.0490504   0.249003  3.77089 	Dead: 0
4.23943   0.0582965   0.29594   3.72595 	Dead: 0
4.18344   0.0491914   0.249718  3.72595 	Dead: 0
4.2478    0.0570511   0.289618  3.72595 	Dead: 0
4.20646   0.0516632   0.262267  3.72595 	Dead: 0
4.21115   0.0497519   0.252564  3.72595 	Dead: 0
4.21401   0.0514672   0.261272  3.72595 	Dead: 0
4.20447   0.0507543   0.257653  3.72595 	Dead: 0
4.18425   0.0490279   0.248889  3.72595 	Dead: 0
4.19416   0.052187    0.264926  3.72595 	Dead: 0
4.22836   0.05833     0.29611   3.72595 	Dead: 0
4.18518   0.0513822   0.26084   3.72595 	Dead: 0
4.15433   0.0511741   0.259784  3.72595 	Dead: 0
4.17477   0.0481954   0.244662  3.72595 	Dead: 0
4.17208   0.0559676   0.284118  3.69228 	Dead: 0
4.15479   0.0500126   0.253887  3.69228 	Dead: 0
4.16432   0.0494644   0.251104  3.69228 	Dead: 0
4.17051   0.0501928   0.254802  3.69228 	Dead: 0
4.1927    0.0515894   0.261892  3.69228 	Dead: 0
4.18216   0.0529813   0.268958  3.69228 	Dead: 0
4.19992   0.0538666   0.273452  3.69228 	Dead: 0
4.1774    0.0511991   0.259911  3.69228 	Dead: 0
4.13318   0.0446962   0.226899  3.69228 	Dead: 0
4.19997   0.0562428   0.285514  3.69228 	Dead: 0
4.16681   0.0520354   0.264156  3.69228 	Dead: 0
4.17082   0.0500073   0.25386   3.69228 	Dead: 0
4.14699   0.0519406   0.263674  3.69228 	Dead: 0
4.17589   0.0500496   0.254075  3.69228 	Dead: 0
4.17066   0.0494525   0.251044  3.69228 	Dead: 0
4.18396   0.0502774   0.255232  3.69228 	Dead: 0
4.20059   0.0595457   0.302282  3.69228 	Dead: 0
4.18976   0.0546217   0.277285  3.69228 	Dead: 0
4.18328   0.0548296   0.27834   3.69228 	Dead: 0
4.20499   0.0526668   0.267361  3.69228 	Dead: 0
4.14837   0.0464288   0.235694  3.69228 	Dead: 0
4.15782   0.0499375   0.253506  3.69228 	Dead: 0
4.18454   0.0540409   0.274337  3.69228 	Dead: 0
4.1891    0.0526284   0.267166  3.69228 	Dead: 0
4.15799   0.0485542   0.246484  3.69228 	Dead: 0
4.14283   0.0475531   0.241402  3.69228 	Dead: 0
4.18366   0.0515024   0.26145   3.69228 	Dead: 0
4.14863   0.0481042   0.244199  3.69228 	Dead: 0
4.15345   0.0501885   0.25478   3.69228 	Dead: 0
4.16372   0.0498436   0.253029  3.69228 	Dead: 0
4.17462   0.0506549   0.257148  3.69228 	Dead: 0
4.19439   0.054336    0.275835  3.69228 	Dead: 0
4.14103   0.0496496   0.252045  3.69228 	Dead: 0
4.17105   0.0505981   0.25686   3.69228 	Dead: 0
4.17637   0.0603116   0.30617   3.69228 	Dead: 0
4.15029   0.0477661   0.242483  3.69228 	Dead: 0
4.1618    0.0504372   0.256043  3.69228 	Dead: 0
4.16731   0.0487622   0.247539  3.69228 	Dead: 0
4.1701    0.0503701   0.255702  3.69228 	Dead: 0
4.18974   0.0543863   0.27609   3.69228 	Dead: 0
4.17879   0.0513561   0.260708  3.69228 	Dead: 0
4.18464   0.0526147   0.267097  3.69228 	Dead: 0
4.19873   0.0542948   0.275626  3.69228 	Dead: 0
4.17115   0.0512295   0.260065  3.69228 	Dead: 0
