11.5019   0.1291      0.655371  10.2074 	Dead: 0
8.2354    0.0564172   0.2864    7.62042 	Dead: 0
7.61081   0.0611248   0.310298  6.99124 	Dead: 0
6.96627   0.0502693   0.25519   6.57795 	Dead: 0
6.58567   0.067806    0.344215  6.03726 	Dead: 0
6.36728   0.0668749   0.339488  5.63931 	Dead: 0
6.16065   0.0802739   0.407508  5.61424 	Dead: 0
6.03482   0.0972555   0.493715  5.30139 	Dead: 0
5.92486   0.0891555   0.452595  5.27438 	Dead: 0
5.81966   0.0812699   0.412564  5.25227 	Dead: 0
5.80546   0.0733546   0.372382  5.25227 	Dead: 0
5.77637   0.080704    0.409691  5.25227 	Dead: 0
5.75248   0.0703832   0.357298  5.25227 	Dead: 0
5.76758   0.0725295   0.368194  5.20295 	Dead: 0
5.73845   0.069577    0.353205  5.20295 	Dead: 0
5.68825   0.0600816   0.305002  5.20295 	Dead: 0
5.69927   0.0667526   0.338868  5.20295 	Dead: 0
5.70608   0.0644884   0.327373  5.20295 	Dead: 0
5.15083   0.0735684   0.373468  4.68144 	Dead: 0
4.88178   0.090357    0.458694  4.42705 	Dead: 0
4.68791   0.063428    0.32199   4.22861 	Dead: 0
4.62855   0.108507    0.550833  3.99988 	Dead: 0
4.57533   0.0896381   0.455045  3.99988 	Dead: 0
4.46337   0.064725    0.328574  3.99988 	Dead: 0
4.4458    0.0667557   0.338883  3.99988 	Dead: 0
4.43118   0.0937969   0.476157  3.99988 	Dead: 0
4.44583   0.110544    0.561174  3.99098 	Dead: 0
4.35747   0.0799875   0.406054  3.76797 	Dead: 0
4.38292   0.0773111   0.392467  3.76797 	Dead: 0
4.36157   0.097192    0.493392  3.76797 	Dead: 0
4.24528   0.0911536   0.462738  3.76797 	Dead: 0
4.18083   0.115864    0.588179  3.69136 	Dead: 0
4.06069   0.0950267   0.4824    3.57851 	Dead: 0
4.05272   0.11605     0.589124  3.47784 	Dead: 0
4.05459   0.120678    0.61262   3.47784 	Dead: 0
3.90615   0.0614315   0.311855  3.47784 	Dead: 0
3.96869   0.120819    0.613334  3.3511  	Dead: 0
3.96254   0.13321     0.676238  3.3511  	Dead: 0
3.87998   0.113118    0.574241  3.3511  	Dead: 0
3.88986   0.122729    0.623031  3.3511  	Dead: 0
3.81484   0.0840678   0.426768  3.28795 	Dead: 0
3.73432   0.0603257   0.306241  3.28795 	Dead: 0
3.85546   0.107545    0.545948  3.28795 	Dead: 0
3.74503   0.0707764   0.359294  3.28795 	Dead: 0
3.7794    0.112386    0.570524  3.28795 	Dead: 0
3.78899   0.0907181   0.460527  3.28795 	Dead: 0
3.87124   0.147139    0.746945  3.28795 	Dead: 0
3.75494   0.0953668   0.484126  3.28795 	Dead: 0
3.80759   0.118767    0.602914  3.28795 	Dead: 0
3.78314   0.106903    0.54269   3.28795 	Dead: 0
3.7914    0.124283    0.630917  3.28795 	Dead: 0
3.73161   0.102691    0.521307  3.28795 	Dead: 0
3.7722    0.100256    0.508944  3.22951 	Dead: 0
3.68533   0.0644271   0.327062  3.22951 	Dead: 0
3.74776   0.101485    0.515186  3.22951 	Dead: 0
3.67969   0.115236    0.584992  3.19291 	Dead: 0
3.72195   0.10976     0.557194  3.12717 	Dead: 0
3.71159   0.0972577   0.493725  3.12717 	Dead: 0
3.62001   0.0708046   0.359437  3.12717 	Dead: 0
3.64207   0.0761919   0.386786  3.12717 	Dead: 0
3.62925   0.0812848   0.412639  3.12717 	Dead: 0
3.58758   0.0852186   0.43261   3.11874 	Dead: 0
3.76665   0.13937     0.707506  3.11874 	Dead: 0
3.62179   0.100499    0.51018   3.11874 	Dead: 0
3.616     0.0926034   0.470098  3.11874 	Dead: 0
3.59472   0.0746376   0.378895  3.11874 	Dead: 0
3.65933   0.13473     0.683955  3.11874 	Dead: 0
3.70379   0.143945    0.730731  3.11874 	Dead: 0
3.66215   0.131556    0.66784   3.11874 	Dead: 0
3.5649    0.0824664   0.418638  3.11874 	Dead: 0
3.57121   0.0878093   0.445761  3.11874 	Dead: 0
3.6329    0.136249    0.691665  3.11874 	Dead: 0
3.59253   0.124571    0.632382  3.01954 	Dead: 0
3.51737   0.0678131   0.344251  3.01954 	Dead: 0
3.61312   0.136638    0.69364   3.01954 	Dead: 0
3.51477   0.065003    0.329986  3.01954 	Dead: 0
3.54842   0.0940265   0.477322  3.01954 	Dead: 0
3.58034   0.111737    0.56723   3.01954 	Dead: 0
3.58266   0.113853    0.577971  3.01954 	Dead: 0
3.57535   0.102072    0.518167  3.01954 	Dead: 0
3.58366   0.114602    0.581772  3.01954 	Dead: 0
3.52987   0.104257    0.529255  3.01954 	Dead: 0
3.54527   0.099273    0.503956  3.01954 	Dead: 0
3.54167   0.112382    0.570504  3.01954 	Dead: 0
3.55091   0.116458    0.591193  2.97577 	Dead: 0
3.54306   0.102204    0.518836  2.97577 	Dead: 0
3.53816   0.133389    0.677143  2.97577 	Dead: 0
3.46997   0.0761844   0.386748  2.97577 	Dead: 0
3.52235   0.100038    0.507841  2.97577 	Dead: 0
3.52355   0.125117    0.635154  2.97577 	Dead: 0
3.591     0.123301    0.625932  2.97577 	Dead: 0
3.50957   0.0994114   0.504659  2.97577 	Dead: 0
3.53635   0.122689    0.622827  2.97577 	Dead: 0
3.5145    0.115076    0.584179  2.97577 	Dead: 0
3.53481   0.160926    0.816938  2.74666 	Dead: 0
3.36009   0.110035    0.558587  2.74666 	Dead: 0
3.31793   0.110486    0.560881  2.74666 	Dead: 0
3.43081   0.14348     0.728372  2.74666 	Dead: 0
3.39198   0.146973    0.746106  2.74666 	Dead: 0
3.37429   0.137696    0.69901   2.74666 	Dead: 0
3.39628   0.140929    0.715421  2.6961  	Dead: 0
