14.5765   0.062738    0.318487  13.7647 	Dead: 0
13.8504   0.0392623   0.199314  13.4719 	Dead: 0
13.7109   0.0386513   0.196212  13.4369 	Dead: 0
13.6389   0.0431993   0.2193    13.2511 	Dead: 0
13.5814   0.0453123   0.230026  13.2136 	Dead: 0
13.5226   0.0494813   0.25119   13.1158 	Dead: 0
13.504    0.0470337   0.238765  13.0502 	Dead: 0
13.5126   0.0531827   0.26998   13.0502 	Dead: 0
13.4849   0.051073    0.25927   13.0502 	Dead: 0
13.4327   0.0574521   0.291654  12.9333 	Dead: 0
13.3144   0.0580995   0.29494   12.7853 	Dead: 0
13.2473   0.0647416   0.328658  12.7594 	Dead: 0
13.2265   0.0678543   0.34446   12.7017 	Dead: 0
13.2292   0.0746652   0.379035  12.7017 	Dead: 0
13.1865   0.0674294   0.342303  12.7017 	Dead: 0
13.2564   0.0736732   0.373999  12.7017 	Dead: 0
13.2122   0.0678526   0.344451  12.7017 	Dead: 0
13.1968   0.0724583   0.367832  12.7017 	Dead: 0
13.2189   0.0728848   0.369997  12.7017 	Dead: 0
13.2213   0.0751684   0.38159   12.7017 	Dead: 0
13.2271   0.0781918   0.396938  12.7017 	Dead: 0
13.1905   0.0740254   0.375787  12.6018 	Dead: 0
13.2436   0.0810778   0.411589  12.6018 	Dead: 0
13.2237   0.0842507   0.427696  12.6018 	Dead: 0
13.2203   0.0801371   0.406813  12.6018 	Dead: 0
13.1253   0.0770708   0.391248  12.6018 	Dead: 0
13.2141   0.0918456   0.466251  12.6018 	Dead: 0
13.1419   0.0781236   0.396592  12.6018 	Dead: 0
13.207    0.0890173   0.451893  12.6018 	Dead: 0
13.2224   0.0900991   0.457385  12.6018 	Dead: 0
13.1634   0.0847133   0.430044  12.5711 	Dead: 0
13.1682   0.0862592   0.437892  12.5711 	Dead: 0
13.1705   0.0907879   0.460882  12.5198 	Dead: 0
13.1737   0.0929748   0.471983  12.5198 	Dead: 0
13.1833   0.0897335   0.455529  12.5198 	Dead: 0
13.1803   0.0912385   0.463169  12.5198 	Dead: 0
13.1788   0.0951081   0.482813  12.5198 	Dead: 0
13.2254   0.0882317   0.447905  12.5198 	Dead: 0
13.2238   0.0930248   0.472237  12.5198 	Dead: 0
13.1821   0.0981992   0.498505  12.4246 	Dead: 0
13.1822   0.090682    0.460344  12.4246 	Dead: 0
13.1537   0.0909582   0.461746  12.4246 	Dead: 0
13.1227   0.0928934   0.47157   12.4246 	Dead: 0
13.1775   0.0936608   0.475466  12.4246 	Dead: 0
13.1101   0.0914418   0.464201  12.4246 	Dead: 0
13.1024   0.0955463   0.485038  12.4246 	Dead: 0
13.1148   0.0942458   0.478436  12.4246 	Dead: 0
13.1206   0.0905678   0.459764  12.4246 	Dead: 0
13.0561   0.0925386   0.469769  12.4246 	Dead: 0
13.1206   0.100688    0.511137  12.4246 	Dead: 0
13.1236   0.0992207   0.503691  12.4246 	Dead: 0
13.0713   0.0896214   0.45496   12.4246 	Dead: 0
13.0733   0.0960197   0.487441  12.4246 	Dead: 0
13.1499   0.0994247   0.504726  12.4246 	Dead: 0
13.1075   0.0964581   0.489666  12.4246 	Dead: 0
13.12     0.101296    0.514224  12.4246 	Dead: 0
13.1759   0.096986    0.492346  12.4246 	Dead: 0
13.101    0.0872496   0.44292   12.4246 	Dead: 0
13.1266   0.0955715   0.485165  12.4246 	Dead: 0
13.1295   0.0955034   0.48482   12.4246 	Dead: 0
13.0656   0.0955197   0.484903  12.4246 	Dead: 0
13.1299   0.100208    0.508702  12.4246 	Dead: 0
13.0617   0.0928857   0.471531  12.4246 	Dead: 0
13.0574   0.0918212   0.466127  12.4246 	Dead: 0
13.1178   0.0989807   0.502472  12.4246 	Dead: 0
13.1095   0.0982838   0.498934  12.4246 	Dead: 0
13.0978   0.0986652   0.50087   12.4246 	Dead: 0
13.0726   0.0893195   0.453428  12.4246 	Dead: 0
12.9797   0.0858739   0.435936  12.4246 	Dead: 0
13.0514   0.096721    0.491001  12.4246 	Dead: 0
13.1115   0.0965992   0.490382  12.4246 	Dead: 0
13.0451   0.101944    0.517514  12.4246 	Dead: 0
13.0663   0.0967994   0.491399  12.4246 	Dead: 0
13.0262   0.0956383   0.485505  12.4246 	Dead: 0
13.1166   0.108573    0.551168  12.4246 	Dead: 0
13.0348   0.0955454   0.485033  12.4246 	Dead: 0
13.0877   0.107994    0.548227  12.4246 	Dead: 0
13.0509   0.100055    0.507927  12.2914 	Dead: 0
13.1043   0.0997196   0.506223  12.2914 	Dead: 0
13.0499   0.097904    0.497007  12.2914 	Dead: 0
13.0973   0.0992835   0.504009  12.2914 	Dead: 0
13.0819   0.104068    0.528296  12.2914 	Dead: 0
13.0509   0.0983324   0.499181  12.2914 	Dead: 0
13.0514   0.095991    0.487295  12.2914 	Dead: 0
13.0876   0.106737    0.541847  12.2914 	Dead: 0
13.0422   0.099108    0.503119  12.2914 	Dead: 0
13.0766   0.103873    0.527306  12.2914 	Dead: 0
13.0222   0.10245     0.520087  12.2914 	Dead: 0
12.9778   0.103799    0.526934  12.2914 	Dead: 0
13.0266   0.0974894   0.494902  12.2914 	Dead: 0
13.0505   0.0948637   0.481573  12.2914 	Dead: 0
13.0546   0.0994319   0.504763  12.2914 	Dead: 0
13.003    0.0998447   0.506858  12.2914 	Dead: 0
13.0457   0.100387    0.50961   12.2914 	Dead: 0
13.0386   0.109102    0.55385   12.2914 	Dead: 0
12.9558   0.0978941   0.496956  12.2914 	Dead: 0
12.9886   0.106753    0.541928  12.2914 	Dead: 0
13.0079   0.100976    0.512602  12.2914 	Dead: 0
12.9911   0.0932455   0.473358  12.2914 	Dead: 0
13.0311   0.103959    0.527744  12.2914 	Dead: 0
13.0048   0.102257    0.519105  12.2914 	Dead: 0
