6.46805   0.0819373   0.415952  5.40874 	Dead: 0
4.8742    0.0369098   0.187371  4.53874 	Dead: 0
4.6857    0.0363259   0.184407  4.40166 	Dead: 0
4.64183   0.0407208   0.206718  4.28589 	Dead: 0
4.59095   0.0366967   0.18629   4.28589 	Dead: 0
4.59928   0.0417421   0.211902  4.28589 	Dead: 0
4.60084   0.0521974   0.264978  4.28589 	Dead: 0
4.55809   0.0482281   0.244828  4.23706 	Dead: 0
4.49678   0.0332144   0.168612  4.204   	Dead: 0
4.49436   0.0401402   0.20377   4.17567 	Dead: 0
4.46016   0.0381583   0.193709  4.1362  	Dead: 0
4.43478   0.0459193   0.233108  4.07013 	Dead: 0
4.40716   0.0443379   0.22508   4.07013 	Dead: 0
4.38837   0.0360447   0.18298   4.07013 	Dead: 0
4.36841   0.0375573   0.190658  4.04359 	Dead: 0
4.37114   0.0373512   0.189612  4.04359 	Dead: 0
4.38152   0.041388    0.210105  4.04359 	Dead: 0
4.3824    0.0432048   0.219327  4.04359 	Dead: 0
4.36513   0.0372694   0.189197  4.04359 	Dead: 0
4.37659   0.0391225   0.198604  4.04359 	Dead: 0
4.37147   0.0410474   0.208376  4.04359 	Dead: 0
4.34613   0.0369995   0.187827  4.04359 	Dead: 0
4.34135   0.0402625   0.204391  4.02118 	Dead: 0
4.34646   0.0430048   0.218312  4.02118 	Dead: 0
4.34287   0.0477503   0.242403  4.02118 	Dead: 0
4.29758   0.0347884   0.176602  4.02118 	Dead: 0
4.30217   0.0427183   0.216858  4.02118 	Dead: 0
4.27846   0.0376515   0.191137  4.02118 	Dead: 0
4.2819    0.0384277   0.195077  4.02118 	Dead: 0
4.31657   0.0431398   0.218998  4.02118 	Dead: 0
4.28609   0.0386238   0.196072  4.01155 	Dead: 0
4.29983   0.0431621   0.219111  4.01155 	Dead: 0
4.30311   0.0466203   0.236667  4.00335 	Dead: 0
4.29186   0.0407637   0.206936  4.00335 	Dead: 0
4.2884    0.038088    0.193352  4.00335 	Dead: 0
4.28234   0.0413064   0.209691  3.91171 	Dead: 0
4.27429   0.0430614   0.2186    3.91171 	Dead: 0
4.2576    0.0401417   0.203778  3.91171 	Dead: 0
4.24157   0.0380755   0.193289  3.91171 	Dead: 0
4.25104   0.0385008   0.195448  3.91171 	Dead: 0
4.23237   0.0381769   0.193804  3.91171 	Dead: 0
4.24117   0.0411326   0.208808  3.88075 	Dead: 0
4.23813   0.0406592   0.206405  3.88075 	Dead: 0
4.24353   0.0426192   0.216355  3.88075 	Dead: 0
4.26118   0.0431375   0.218986  3.88075 	Dead: 0
4.2662    0.0411864   0.209082  3.88075 	Dead: 0
4.23538   0.0410784   0.208533  3.88075 	Dead: 0
4.21474   0.0408443   0.207345  3.88075 	Dead: 0
4.21136   0.0381995   0.193919  3.88075 	Dead: 0
4.23846   0.0413673   0.21      3.88075 	Dead: 0
4.21537   0.0416474   0.211422  3.88075 	Dead: 0
4.24388   0.0489888   0.24869   3.88075 	Dead: 0
4.22208   0.0426008   0.216261  3.88075 	Dead: 0
4.23874   0.0413052   0.209684  3.88075 	Dead: 0
4.19491   0.0395869   0.200961  3.88075 	Dead: 0
4.2109    0.0424746   0.215621  3.88075 	Dead: 0
4.22503   0.0460789   0.233918  3.88075 	Dead: 0
4.18861   0.0366713   0.186161  3.88075 	Dead: 0
4.22518   0.0471328   0.239268  3.88075 	Dead: 0
4.19532   0.0433317   0.219972  3.87545 	Dead: 0
4.15478   0.0406095   0.206153  3.80504 	Dead: 0
4.1702    0.0438497   0.222601  3.80504 	Dead: 0
4.18563   0.0428035   0.217291  3.80504 	Dead: 0
4.19635   0.049678    0.252189  3.80504 	Dead: 0
4.16078   0.0447796   0.227322  3.75708 	Dead: 0
4.11031   0.0406838   0.20653   3.70876 	Dead: 0
4.12762   0.0510798   0.259305  3.70876 	Dead: 0
4.13528   0.0535268   0.271727  3.70876 	Dead: 0
4.11572   0.0506563   0.257155  3.64058 	Dead: 0
4.12323   0.0520536   0.264248  3.64058 	Dead: 0
4.09419   0.0504585   0.256151  3.64058 	Dead: 0
4.08368   0.0493368   0.250457  3.64058 	Dead: 0
4.07082   0.0499843   0.253744  3.64058 	Dead: 0
4.08891   0.0528904   0.268496  3.60784 	Dead: 0
4.06633   0.0516031   0.261961  3.60784 	Dead: 0
4.08774   0.0525516   0.266776  3.60784 	Dead: 0
4.06277   0.053364    0.270901  3.60784 	Dead: 0
4.05123   0.0506844   0.257298  3.60784 	Dead: 0
4.06138   0.0548172   0.278278  3.60456 	Dead: 0
4.06824   0.0536319   0.27226   3.60456 	Dead: 0
4.02259   0.0524468   0.266244  3.60456 	Dead: 0
4.0632    0.0538859   0.27355   3.60456 	Dead: 0
4.05018   0.0601257   0.305226  3.60456 	Dead: 0
4.03286   0.0520158   0.264057  3.60456 	Dead: 0
4.05965   0.0552659   0.280556  3.60456 	Dead: 0
4.0623    0.0577691   0.293263  3.60456 	Dead: 0
4.00794   0.0460575   0.23381   3.60456 	Dead: 0
4.04363   0.0535349   0.271768  3.60456 	Dead: 0
4.05191   0.0553227   0.280844  3.60456 	Dead: 0
4.06988   0.0573333   0.291051  3.60456 	Dead: 0
4.04381   0.0494234   0.250896  3.60456 	Dead: 0
4.03787   0.0504178   0.255944  3.60456 	Dead: 0
4.03115   0.0553898   0.281185  3.60456 	Dead: 0
4.04233   0.0490283   0.24889   3.60456 	Dead: 0
4.04917   0.0570638   0.289682  3.60456 	Dead: 0
4.03719   0.0535049   0.271616  3.60456 	Dead: 0
4.02638   0.0491309   0.249411  3.60456 	Dead: 0
4.04527   0.0576077   0.292444  3.60456 	Dead: 0
4.04447   0.0536018   0.272108  3.60456 	Dead: 0
4.03105   0.0527046   0.267553  3.60456 	Dead: 0
4.01956   0.0511023   0.259419  3.60456 	Dead: 0
