5.81658   0.0885731   0.449638  4.83442 	Dead: 0
4.90413   0.0566246   0.287453  4.34525 	Dead: 0
4.79863   0.052572    0.26688   4.21804 	Dead: 0
4.7667    0.0518804   0.263369  4.21804 	Dead: 0
4.69077   0.054421    0.276266  4.11455 	Dead: 0
4.69522   0.0626353   0.317966  4.11455 	Dead: 0
4.61452   0.0603849   0.306542  4.11455 	Dead: 0
4.55476   0.0541891   0.275089  4.02288 	Dead: 0
4.56839   0.0581744   0.295321  4.02288 	Dead: 0
4.56574   0.0578512   0.293679  4.02288 	Dead: 0
4.51646   0.0538301   0.273267  4.02288 	Dead: 0
4.53035   0.0580221   0.294547  4.02288 	Dead: 0
4.56095   0.063681    0.323275  4.02288 	Dead: 0
4.49339   0.0541062   0.274668  4.02288 	Dead: 0
4.51787   0.0545364   0.276852  4.02288 	Dead: 0
4.47776   0.0551987   0.280214  4.02288 	Dead: 0
4.48583   0.0615534   0.312474  4.02288 	Dead: 0
4.49832   0.0583031   0.295974  4.02288 	Dead: 0
4.46948   0.0591133   0.300086  4.02288 	Dead: 0
4.47982   0.0583392   0.296157  4.02288 	Dead: 0
4.49474   0.059335    0.301212  4.02288 	Dead: 0
4.47008   0.0578229   0.293536  4.02288 	Dead: 0
4.46006   0.0555626   0.282062  4.01814 	Dead: 0
4.51874   0.0629411   0.319518  3.9679  	Dead: 0
4.51717   0.0626468   0.318024  3.9679  	Dead: 0
4.51413   0.063843    0.324097  3.9679  	Dead: 0
4.48702   0.0606305   0.307789  3.9679  	Dead: 0
4.49999   0.0635158   0.322436  3.9679  	Dead: 0
4.44813   0.0576908   0.292866  3.96677 	Dead: 0
4.50495   0.0632014   0.32084   3.96677 	Dead: 0
4.48526   0.0635288   0.322502  3.88781 	Dead: 0
4.45963   0.0559494   0.284025  3.88781 	Dead: 0
4.4679    0.05718     0.290273  3.88781 	Dead: 0
4.4428    0.0612146   0.310754  3.88781 	Dead: 0
4.48217   0.0614035   0.311713  3.88781 	Dead: 0
4.45992   0.0611329   0.310339  3.88781 	Dead: 0
4.43149   0.0654074   0.332038  3.88781 	Dead: 0
4.38747   0.0581047   0.294966  3.88781 	Dead: 0
4.40168   0.0581177   0.295033  3.88781 	Dead: 0
4.4312    0.0589168   0.299089  3.88781 	Dead: 0
4.44844   0.0591165   0.300103  3.88781 	Dead: 0
4.41455   0.0553744   0.281107  3.88781 	Dead: 0
4.41788   0.0565425   0.287036  3.88781 	Dead: 0
4.44505   0.0599365   0.304266  3.88781 	Dead: 0
4.471     0.0629873   0.319753  3.88781 	Dead: 0
4.47564   0.0639223   0.3245    3.88781 	Dead: 0
4.48525   0.0658593   0.334332  3.88781 	Dead: 0
4.46105   0.0661496   0.335806  3.88781 	Dead: 0
4.43627   0.0644921   0.327392  3.88781 	Dead: 0
4.41705   0.0582495   0.295702  3.88781 	Dead: 0
4.42218   0.0576689   0.292754  3.88781 	Dead: 0
4.41689   0.0629032   0.319326  3.88781 	Dead: 0
4.41793   0.062677    0.318177  3.88781 	Dead: 0
4.44594   0.0643529   0.326685  3.88781 	Dead: 0
4.41782   0.0624384   0.316967  3.88781 	Dead: 0
4.44648   0.0635863   0.322794  3.88781 	Dead: 0
4.40102   0.0577102   0.292964  3.88781 	Dead: 0
4.4373    0.060893    0.309121  3.88781 	Dead: 0
4.4263    0.0618846   0.314155  3.88781 	Dead: 0
4.38234   0.0584059   0.296496  3.80973 	Dead: 0
4.40579   0.0637343   0.323545  3.80973 	Dead: 0
4.40065   0.0584346   0.296641  3.80973 	Dead: 0
4.39965   0.0597655   0.303397  3.80973 	Dead: 0
4.38522   0.0619002   0.314234  3.80973 	Dead: 0
4.38864   0.0577142   0.292984  3.80973 	Dead: 0
4.41996   0.0676574   0.343461  3.80973 	Dead: 0
4.40075   0.0638877   0.324324  3.80973 	Dead: 0
4.40296   0.0632174   0.320921  3.80973 	Dead: 0
4.3872    0.0609006   0.30916   3.80973 	Dead: 0
4.37215   0.0583103   0.29601   3.80973 	Dead: 0
4.34989   0.0580438   0.294657  3.80973 	Dead: 0
4.35959   0.0573646   0.29121   3.80973 	Dead: 0
4.35931   0.0530642   0.269379  3.80973 	Dead: 0
4.35625   0.0599447   0.304307  3.80973 	Dead: 0
4.29554   0.0551154   0.279791  3.80973 	Dead: 0
4.35625   0.0602418   0.305816  3.80973 	Dead: 0
4.37251   0.0649267   0.329598  3.80973 	Dead: 0
4.37789   0.0619264   0.314368  3.80973 	Dead: 0
4.34666   0.057091    0.28982   3.80973 	Dead: 0
4.33304   0.0582372   0.295639  3.80973 	Dead: 0
4.30839   0.0572614   0.290686  3.73769 	Dead: 0
4.29366   0.0586506   0.297738  3.73769 	Dead: 0
4.3137    0.0578765   0.293808  3.73769 	Dead: 0
4.31613   0.0589863   0.299442  3.73769 	Dead: 0
4.3174    0.0593238   0.301156  3.73769 	Dead: 0
4.30456   0.0629467   0.319547  3.73769 	Dead: 0
4.30129   0.0589806   0.299413  3.73769 	Dead: 0
4.26934   0.0554731   0.281608  3.73769 	Dead: 0
4.28275   0.0548544   0.278466  3.73769 	Dead: 0
4.30563   0.0600215   0.304697  3.73769 	Dead: 0
4.27659   0.0605001   0.307127  3.73769 	Dead: 0
4.29644   0.0630765   0.320206  3.73769 	Dead: 0
4.29466   0.0605541   0.307401  3.73769 	Dead: 0
4.28591   0.0542052   0.275171  3.73769 	Dead: 0
4.30537   0.0599867   0.30452   3.73769 	Dead: 0
4.27869   0.0582423   0.295665  3.67966 	Dead: 0
4.27602   0.0634471   0.322087  3.67966 	Dead: 0
4.27746   0.0604389   0.306816  3.67966 	Dead: 0
4.26064   0.0582594   0.295752  3.67966 	Dead: 0
4.27614   0.0610813   0.310077  3.67966 	Dead: 0
4.26001   0.0563271   0.285943  3.67966 	Dead: 0
