0   11.2818   0.153512    0.779301  9.14703 	Dead: 0
1   7.62244   0.0716817   0.36389   7.12711 	Dead: 0
2   7.31289   0.0623619   0.316578  6.71296 	Dead: 0
3   7.22036   0.0795962   0.404067  6.55457 	Dead: 0
4   7.10102   0.0755552   0.383554  6.28687 	Dead: 0
5   7.03085   0.0831691   0.422205  6.28687 	Dead: 0
6   7.01392   0.0968477   0.491644  6.28687 	Dead: 0
7   6.94647   0.0987456   0.501279  6.06508 	Dead: 0
8   6.89818   0.103753    0.526697  6.06508 	Dead: 0
9   6.82953   0.103384    0.524824  6.05548 	Dead: 0
10  6.79389   0.0999062   0.507171  6.05548 	Dead: 0
11  6.85917   0.115019    0.583888  6.05548 	Dead: 0
12  6.75637   0.109736    0.557071  6.04732 	Dead: 0
13  6.84735   0.12356     0.627246  5.97519 	Dead: 0
14  6.74508   0.111536    0.566211  5.97519 	Dead: 0
15  6.78727   0.118792    0.603043  5.97519 	Dead: 0
16  6.85855   0.121484    0.616707  5.97519 	Dead: 0
17  6.84087   0.115493    0.586297  5.97519 	Dead: 0
18  6.69008   0.119818    0.608254  5.8872  	Dead: 0
19  6.7655    0.121821    0.618422  5.8872  	Dead: 0
20  6.74612   0.123695    0.627934  5.8872  	Dead: 0
21  6.72691   0.115784    0.587774  5.8872  	Dead: 0
22  6.66171   0.108289    0.549726  5.8872  	Dead: 0
23  6.73557   0.117094    0.594423  5.8872  	Dead: 0
24  6.75173   0.119976    0.609054  5.8872  	Dead: 0
25  6.77984   0.12434     0.631209  5.8872  	Dead: 0
26  6.66532   0.116176    0.589764  5.8872  	Dead: 0
27  6.75814   0.125762    0.638429  5.80107 	Dead: 0
28  6.67594   0.113348    0.575405  5.80107 	Dead: 0
29  6.62514   0.113779    0.577597  5.80107 	Dead: 0
30  6.6555    0.116261    0.590193  5.80107 	Dead: 0
31  6.65008   0.126495    0.642145  5.80107 	Dead: 0
32  6.69967   0.130311    0.66152   5.80107 	Dead: 0
33  6.65739   0.116009    0.588913  5.80107 	Dead: 0
34  6.66259   0.11792     0.598615  5.8001  	Dead: 0
35  6.6688    0.116511    0.591466  5.8001  	Dead: 0
36  6.60971   0.119666    0.60748   5.8001  	Dead: 0
37  6.67614   0.116309    0.590437  5.8001  	Dead: 0
38  6.6332    0.118438    0.601246  5.8001  	Dead: 0
39  6.68093   0.117073    0.594317  5.8001  	Dead: 0
40  6.65165   0.119144    0.604829  5.8001  	Dead: 0
41  6.70618   0.122454    0.621631  5.8001  	Dead: 0
42  6.66012   0.115852    0.588118  5.8001  	Dead: 0
43  6.66761   0.116046    0.589106  5.8001  	Dead: 0
44  6.66066   0.11992     0.608771  5.8001  	Dead: 0
45  6.56623   0.110372    0.560302  5.8001  	Dead: 0
46  6.61012   0.117815    0.598083  5.8001  	Dead: 0
47  6.62732   0.119113    0.604673  5.8001  	Dead: 0
48  6.60936   0.124949    0.6343    5.75687 	Dead: 0
49  6.64333   0.122842    0.623605  5.75687 	Dead: 0
50  6.6515    0.128163    0.650614  5.75687 	Dead: 0
51  6.56834   0.120185    0.610116  5.75687 	Dead: 0
52  6.65113   0.124309    0.631051  5.75687 	Dead: 0
53  6.58573   0.116573    0.591781  5.75687 	Dead: 0
54  6.6022    0.11707     0.594301  5.75687 	Dead: 0
55  6.64761   0.124694    0.633006  5.75687 	Dead: 0
56  6.55729   0.114203    0.579746  5.75687 	Dead: 0
57  6.54158   0.116148    0.589624  5.75687 	Dead: 0
58  6.58115   0.119279    0.605516  5.75687 	Dead: 0
59  6.55475   0.116202    0.589894  5.75687 	Dead: 0
60  6.58368   0.124154    0.630264  5.75687 	Dead: 0
61  6.60897   0.117818    0.598099  5.75687 	Dead: 0
62  6.62045   0.125242    0.635786  5.75687 	Dead: 0
63  6.64592   0.123655    0.627729  5.75687 	Dead: 0
64  6.62914   0.123883    0.628887  5.75687 	Dead: 0
65  6.62776   0.126207    0.640684  5.75687 	Dead: 0
66  6.68641   0.12572     0.638213  5.73918 	Dead: 0
67  6.61973   0.124723    0.633153  5.73918 	Dead: 0
68  6.53736   0.118793    0.603049  5.70233 	Dead: 0
69  6.60309   0.122617    0.62246   5.70233 	Dead: 0
70  6.61264   0.130566    0.662816  5.70233 	Dead: 0
71  6.55483   0.118722    0.602688  5.70233 	Dead: 0
72  6.44009   0.111871    0.567907  5.70233 	Dead: 0
73  6.50187   0.127004    0.644732  5.70233 	Dead: 0
74  6.52258   0.119188    0.605055  5.52615 	Dead: 0
75  6.57655   0.121414    0.616357  5.52615 	Dead: 0
76  6.49932   0.122481    0.621769  5.52615 	Dead: 0
77  6.57529   0.138701    0.704113  5.52615 	Dead: 0
78  6.48973   0.126984    0.64463   5.52615 	Dead: 0
79  6.48388   0.132209    0.671154  5.52615 	Dead: 0
80  6.47187   0.13117     0.665882  5.52615 	Dead: 0
81  6.47336   0.13759     0.69847   5.52615 	Dead: 0
82  6.53391   0.143304    0.727478  5.52615 	Dead: 0
83  6.54452   0.131795    0.669054  5.52615 	Dead: 0
84  6.50752   0.13289     0.674612  5.52615 	Dead: 0
85  6.42294   0.132472    0.67249   5.52615 	Dead: 0
86  6.54605   0.137584    0.698438  5.52615 	Dead: 0
87  6.50411   0.137746    0.699264  5.52615 	Dead: 0
88  6.37088   0.118981    0.604002  5.52615 	Dead: 0
89  6.41664   0.124424    0.631636  5.52615 	Dead: 0
90  6.39339   0.124033    0.62965   5.52615 	Dead: 0
91  6.52286   0.138911    0.705177  5.52615 	Dead: 0
92  6.46041   0.132036    0.670277  5.52615 	Dead: 0
93  6.49234   0.140023    0.710823  5.52615 	Dead: 0
94  6.41651   0.136561    0.693249  5.52615 	Dead: 0
95  6.44326   0.136342    0.692136  5.52615 	Dead: 0
96  6.48391   0.136441    0.69264   5.52615 	Dead: 0
97  6.45828   0.139479    0.708058  5.52615 	Dead: 0
98  6.44304   0.140214    0.711792  5.52615 	Dead: 0
99  6.50348   0.150676    0.7649    5.52615 	Dead: 0
100 6.45769   0.139526    0.708299  5.52615 	Dead: 0
