10.0066   0.100048    0.507888  8.90447 	Dead: 0
9.00584   0.0919451   0.466756  8.04529 	Dead: 0
8.38662   0.126132    0.640306  7.53023 	Dead: 0
8.35707   0.143588    0.728922  7.42186 	Dead: 0
8.36416   0.156295    0.793424  7.42186 	Dead: 0
8.36109   0.143529    0.72862   7.42186 	Dead: 0
8.29792   0.153271    0.778075  7.40573 	Dead: 0
8.13967   0.135816    0.689464  7.34463 	Dead: 0
8.1202    0.139916    0.710278  7.34463 	Dead: 0
8.1968    0.16635     0.844473  7.10034 	Dead: 0
8.25007   0.169839    0.862183  7.10034 	Dead: 0
7.97017   0.145431    0.738277  7.10034 	Dead: 0
8.14636   0.165483    0.840067  7.10034 	Dead: 0
8.03728   0.172108    0.873698  7.0031  	Dead: 0
8.07852   0.174831    0.887526  6.99964 	Dead: 0
8.01382   0.170306    0.864551  6.99964 	Dead: 0
8.11453   0.184197    0.935068  6.97118 	Dead: 0
8.16013   0.183246    0.930242  6.97118 	Dead: 0
7.961     0.164516    0.835162  6.97118 	Dead: 0
7.92444   0.169133    0.858598  6.9184  	Dead: 0
8.10886   0.181652    0.922148  6.90397 	Dead: 0
8.02183   0.186975    0.949174  6.90397 	Dead: 0
8.07246   0.191491    0.972099  6.90397 	Dead: 0
7.98717   0.168204    0.853884  6.90397 	Dead: 0
7.94904   0.178399    0.905639  6.90397 	Dead: 0
8.06093   0.189845    0.963741  6.90397 	Dead: 0
7.96154   0.167268    0.849133  6.90397 	Dead: 0
7.88048   0.154182    0.782697  6.90397 	Dead: 0
8.03193   0.171078    0.868471  6.90397 	Dead: 0
8.03188   0.174727    0.886993  6.90397 	Dead: 0
7.98031   0.184997    0.939129  6.87907 	Dead: 0
8.05616   0.193932    0.984489  6.87907 	Dead: 0
7.97884   0.180196    0.914757  6.81106 	Dead: 0
7.8675    0.167856    0.852113  6.81106 	Dead: 0
7.99895   0.18173     0.922546  6.81106 	Dead: 0
8.02416   0.185582    0.9421    6.81106 	Dead: 0
7.83131   0.168964    0.857742  6.81106 	Dead: 0
7.93269   0.185595    0.942166  6.81106 	Dead: 0
7.92976   0.183424    0.931146  6.81106 	Dead: 0
7.94463   0.193965    0.984658  6.81106 	Dead: 0
7.90969   0.18611     0.944781  6.81106 	Dead: 0
7.88497   0.184498    0.936597  6.81106 	Dead: 0
8.03863   0.203759    1.03438   6.81106 	Dead: 0
7.91753   0.181559    0.921677  6.81106 	Dead: 0
7.92889   0.197188    1.00102   6.81106 	Dead: 0
7.93664   0.1801      0.914272  6.81106 	Dead: 0
7.82823   0.175969    0.893299  6.81106 	Dead: 0
7.89267   0.188801    0.95844   6.81106 	Dead: 0
7.83894   0.174106    0.883841  6.81106 	Dead: 0
7.95428   0.198859    1.0095    6.79693 	Dead: 0
7.97805   0.202635    1.02867   6.79693 	Dead: 0
7.96016   0.184263    0.935403  6.79693 	Dead: 0
8.02016   0.199984    1.01521   6.79693 	Dead: 0
7.86151   0.177784    0.902513  6.79693 	Dead: 0
7.94902   0.1895      0.961992  6.79693 	Dead: 0
8.0432    0.213558    1.08412   6.79693 	Dead: 0
8.03419   0.206849    1.05006   6.79693 	Dead: 0
7.89065   0.190397    0.966542  6.79693 	Dead: 0
7.97253   0.183828    0.933196  6.74561 	Dead: 0
7.90216   0.183243    0.930226  6.74561 	Dead: 0
8.09202   0.205671    1.04408   6.74561 	Dead: 0
7.9714    0.190222    0.965656  6.74064 	Dead: 0
7.98203   0.201886    1.02487   6.74064 	Dead: 0
7.93247   0.196369    0.996862  6.74064 	Dead: 0
7.93664   0.18977     0.963359  6.74064 	Dead: 0
7.91958   0.186372    0.94611   6.74064 	Dead: 0
7.88487   0.184361    0.935904  6.74064 	Dead: 0
7.84433   0.188984    0.959369  6.74064 	Dead: 0
7.9031    0.188421    0.956512  6.74064 	Dead: 0
8.02019   0.207293    1.05231   6.74064 	Dead: 0
7.91292   0.182334    0.925613  6.74064 	Dead: 0
7.94999   0.204306    1.03715   6.74064 	Dead: 0
7.90025   0.184743    0.937841  6.74064 	Dead: 0
7.90408   0.18328     0.930415  6.74064 	Dead: 0
8.05      0.210869    1.07047   6.74064 	Dead: 0
8.04025   0.193382    0.981699  6.74064 	Dead: 0
7.83971   0.189372    0.961343  6.74064 	Dead: 0
7.9397    0.188652    0.957687  6.74064 	Dead: 0
7.89472   0.186452    0.94652   6.74064 	Dead: 0
7.88778   0.199436    1.01243   6.74064 	Dead: 0
7.88371   0.196876    0.999437  6.74064 	Dead: 0
7.9181    0.204018    1.03569   6.74064 	Dead: 0
7.8839    0.183416    0.931105  6.74064 	Dead: 0
7.97593   0.198774    1.00907   6.74064 	Dead: 0
7.93166   0.201595    1.02339   6.74064 	Dead: 0
7.91806   0.19308     0.980167  6.74064 	Dead: 0
8.00653   0.199101    1.01073   6.74064 	Dead: 0
7.8379    0.190118    0.965126  6.74064 	Dead: 0
8.0361    0.203133    1.0312    6.74064 	Dead: 0
7.98019   0.198247    1.0064    6.74064 	Dead: 0
7.82308   0.185389    0.941124  6.74064 	Dead: 0
7.94598   0.200462    1.01764   6.74064 	Dead: 0
7.9161    0.201113    1.02094   6.74064 	Dead: 0
7.90445   0.192319    0.9763    6.74064 	Dead: 0
7.90692   0.185213    0.940229  6.74064 	Dead: 0
7.80915   0.179884    0.913175  6.74064 	Dead: 0
7.83631   0.179455    0.910995  6.74064 	Dead: 0
7.86309   0.192215    0.975774  6.74064 	Dead: 0
7.94051   0.19819     1.0061    6.74064 	Dead: 0
7.76109   0.16964     0.861174  6.74064 	Dead: 0
7.95264   0.206082    1.04617   6.74064 	Dead: 0
