8.61737   0.0918124   0.466082  7.77809 	Dead: 0
7.19927   0.0300185   0.152388  6.88243 	Dead: 0
6.8901    0.0268321   0.136212  6.65027 	Dead: 0
6.76377   0.0288521   0.146467  6.49449 	Dead: 0
6.67293   0.0299797   0.152191  6.33071 	Dead: 0
6.58259   0.031154    0.158152  6.18009 	Dead: 0
6.43802   0.0334414   0.169764  6.01123 	Dead: 0
5.98064   0.0343815   0.174537  5.62016 	Dead: 0
5.39614   0.0357663   0.181566  5.02217 	Dead: 0
5.07318   0.0376294   0.191024  4.70749 	Dead: 0
4.84667   0.0425261   0.215882  4.50609 	Dead: 0
4.67226   0.0457559   0.232278  4.21036 	Dead: 0
4.45423   0.0442485   0.224626  4.1546  	Dead: 0
4.26471   0.0492459   0.249995  3.87299 	Dead: 0
3.83422   0.0370125   0.187893  3.51035 	Dead: 0
3.57204   0.0443578   0.225181  3.22676 	Dead: 0
3.42034   0.0464064   0.23558   3.05482 	Dead: 0
3.34113   0.046822    0.23769   3.03884 	Dead: 0
3.31406   0.0488004   0.247733  2.96148 	Dead: 0
3.27095   0.0414071   0.210202  2.96148 	Dead: 0
3.23147   0.0393866   0.199945  2.91501 	Dead: 0
3.21974   0.0430033   0.218305  2.91501 	Dead: 0
3.22566   0.0458171   0.232589  2.84975 	Dead: 0
3.19268   0.039721    0.201642  2.84975 	Dead: 0
3.17335   0.040761    0.206922  2.84975 	Dead: 0
3.19844   0.0480969   0.244162  2.84975 	Dead: 0
3.20822   0.0490638   0.249071  2.84975 	Dead: 0
3.21092   0.0564995   0.286818  2.84975 	Dead: 0
3.19576   0.0449304   0.228088  2.84975 	Dead: 0
3.17295   0.0470487   0.238841  2.84975 	Dead: 0
3.15      0.039399    0.200008  2.84975 	Dead: 0
3.18063   0.0493864   0.250708  2.84436 	Dead: 0
3.17317   0.0462467   0.23477   2.84436 	Dead: 0
3.163     0.0441862   0.22431   2.84436 	Dead: 0
3.15509   0.0461623   0.234341  2.84436 	Dead: 0
3.15321   0.0492109   0.249818  2.75591 	Dead: 0
3.14916   0.0527054   0.267557  2.75591 	Dead: 0
3.16335   0.0530081   0.269094  2.75591 	Dead: 0
3.14415   0.0529197   0.268645  2.75591 	Dead: 0
3.12159   0.0482419   0.244899  2.75591 	Dead: 0
3.0894    0.042197    0.214212  2.75591 	Dead: 0
3.09907   0.0473425   0.240333  2.75591 	Dead: 0
3.11434   0.0461819   0.234441  2.75591 	Dead: 0
3.11989   0.0487338   0.247395  2.75591 	Dead: 0
3.0808    0.0489542   0.248514  2.75591 	Dead: 0
3.0652    0.0450267   0.228577  2.69957 	Dead: 0
3.08999   0.0531384   0.269755  2.69957 	Dead: 0
3.08551   0.0547713   0.278045  2.69957 	Dead: 0
3.07517   0.047988    0.243609  2.6994  	Dead: 0
3.07349   0.051965    0.263799  2.6994  	Dead: 0
3.07012   0.0562595   0.2856    2.6994  	Dead: 0
3.05937   0.0480888   0.244121  2.6994  	Dead: 0
3.05039   0.0497379   0.252493  2.6994  	Dead: 0
3.06802   0.0526968   0.267513  2.6994  	Dead: 0
3.03344   0.046926    0.238218  2.68265 	Dead: 0
3.04662   0.0476344   0.241815  2.68265 	Dead: 0
3.09071   0.0577747   0.293291  2.68011 	Dead: 0
3.00704   0.0420698   0.213566  2.67411 	Dead: 0
3.00591   0.0441011   0.223878  2.64767 	Dead: 0
3.02407   0.0459771   0.233401  2.64767 	Dead: 0
3.07457   0.0590237   0.299632  2.64767 	Dead: 0
3.00517   0.0524186   0.266102  2.64767 	Dead: 0
3.01993   0.0443622   0.225203  2.64767 	Dead: 0
3.00604   0.048008    0.243711  2.64767 	Dead: 0
2.99226   0.0437601   0.222146  2.64767 	Dead: 0
2.9959    0.0440791   0.223766  2.64767 	Dead: 0
3.04772   0.0586235   0.2976    2.64767 	Dead: 0
2.99962   0.0493587   0.250568  2.64767 	Dead: 0
3.0335    0.0605331   0.307294  2.64767 	Dead: 0
2.99107   0.0484366   0.245887  2.64767 	Dead: 0
3.05307   0.0581229   0.295059  2.64767 	Dead: 0
3.0382    0.0606215   0.307743  2.64767 	Dead: 0
3.00489   0.0528677   0.268381  2.64767 	Dead: 0
3.03464   0.0560058   0.284311  2.64767 	Dead: 0
3.02757   0.0513912   0.260885  2.64767 	Dead: 0
3.00618   0.047216    0.239691  2.64767 	Dead: 0
3.01449   0.0541865   0.275076  2.64767 	Dead: 0
3.00087   0.0468886   0.238028  2.64767 	Dead: 0
3.02395   0.0585123   0.297036  2.64767 	Dead: 0
2.98688   0.0479018   0.243172  2.64767 	Dead: 0
2.98361   0.0437207   0.221947  2.64767 	Dead: 0
2.97103   0.0411339   0.208815  2.64767 	Dead: 0
3.04884   0.0606658   0.307968  2.64767 	Dead: 0
3.01004   0.0563018   0.285814  2.64767 	Dead: 0
3.02826   0.0582273   0.295589  2.64767 	Dead: 0
3.00274   0.0497802   0.252707  2.63482 	Dead: 0
2.98791   0.0491411   0.249463  2.62864 	Dead: 0
2.9846    0.0481818   0.244593  2.62864 	Dead: 0
2.97522   0.049385    0.250701  2.62864 	Dead: 0
3.0155    0.0532919   0.270534  2.62864 	Dead: 0
2.99327   0.0463294   0.235189  2.62864 	Dead: 0
3.0066    0.0515747   0.261817  2.62864 	Dead: 0
2.99205   0.0506189   0.256965  2.62864 	Dead: 0
3.00169   0.0466102   0.236615  2.62864 	Dead: 0
2.96111   0.0429276   0.21792   2.62864 	Dead: 0
2.99693   0.0465089   0.236101  2.62864 	Dead: 0
2.94541   0.041168    0.208988  2.62864 	Dead: 0
2.99486   0.0476449   0.241868  2.62864 	Dead: 0
2.99909   0.0501177   0.254421  2.62864 	Dead: 0
2.9891    0.0505981   0.256859  2.62864 	Dead: 0
2.98405   0.0488083   0.247774  2.62864 	Dead: 0
