6.90843   0.0613916   0.311652  6.15416 	Dead: 0
5.9835    0.0497869   0.252742  5.49251 	Dead: 0
5.804     0.0560192   0.28438   5.22688 	Dead: 0
5.63035   0.0467344   0.237245  5.22688 	Dead: 0
5.5931    0.0504199   0.255955  5.14608 	Dead: 0
5.54715   0.0513968   0.260914  4.91894 	Dead: 0
5.49804   0.0539059   0.273652  4.91894 	Dead: 0
5.47098   0.0566302   0.287481  4.91894 	Dead: 0
5.43398   0.0474267   0.24076   4.91894 	Dead: 0
5.46221   0.0592807   0.300936  4.91894 	Dead: 0
5.44695   0.0593887   0.301485  4.91894 	Dead: 0
5.45998   0.0581612   0.295254  4.91894 	Dead: 0
5.41941   0.055484    0.281663  4.91894 	Dead: 0
5.45475   0.0593581   0.30133   4.91894 	Dead: 0
5.45687   0.0637877   0.323816  4.91894 	Dead: 0
5.48291   0.0671087   0.340675  4.91894 	Dead: 0
5.44309   0.0614771   0.312087  4.91894 	Dead: 0
5.42793   0.0594377   0.301733  4.91894 	Dead: 0
5.4279    0.0641732   0.325773  4.91894 	Dead: 0
5.42025   0.0594458   0.301775  4.91894 	Dead: 0
5.44107   0.06059     0.307583  4.91894 	Dead: 0
5.39437   0.0540093   0.274177  4.88825 	Dead: 0
5.42876   0.059307    0.30107   4.88825 	Dead: 0
5.39093   0.0616603   0.313016  4.88825 	Dead: 0
5.38629   0.0590906   0.299971  4.88825 	Dead: 0
5.39002   0.0576104   0.292457  4.88825 	Dead: 0
5.41359   0.0679947   0.345173  4.88825 	Dead: 0
5.42842   0.066086    0.335483  4.88825 	Dead: 0
5.38889   0.0616249   0.312837  4.88825 	Dead: 0
5.39711   0.0638182   0.323971  4.88825 	Dead: 0
5.37082   0.0592483   0.300772  4.88825 	Dead: 0
5.38557   0.0571999   0.290373  4.88825 	Dead: 0
5.41197   0.0627888   0.318745  4.88825 	Dead: 0
5.39815   0.0655344   0.332683  4.88825 	Dead: 0
5.4196    0.0616208   0.312816  4.88825 	Dead: 0
5.4012    0.0668262   0.339241  4.88825 	Dead: 0
5.38364   0.0588509   0.298754  4.88825 	Dead: 0
5.40615   0.062186    0.315685  4.88825 	Dead: 0
5.38081   0.0603707   0.30647   4.88825 	Dead: 0
5.37838   0.0612648   0.311009  4.88825 	Dead: 0
5.3724    0.0589543   0.29928   4.88825 	Dead: 0
5.34097   0.0579568   0.294216  4.88825 	Dead: 0
5.38521   0.0607216   0.308251  4.88825 	Dead: 0
5.37204   0.0647231   0.328565  4.88825 	Dead: 0
5.3617    0.0615018   0.312212  4.88825 	Dead: 0
5.36387   0.0583395   0.296159  4.88736 	Dead: 0
5.37227   0.0628094   0.31885   4.88736 	Dead: 0
5.35011   0.056933    0.289018  4.88736 	Dead: 0
5.32483   0.0559743   0.284152  4.82817 	Dead: 0
5.35668   0.0573059   0.290911  4.82817 	Dead: 0
5.38397   0.0709541   0.360196  4.82817 	Dead: 0
5.38265   0.0626876   0.318232  4.82817 	Dead: 0
5.37406   0.0664316   0.337238  4.82817 	Dead: 0
5.34635   0.0646631   0.32826   4.82817 	Dead: 0
5.32012   0.0609221   0.309269  4.75329 	Dead: 0
5.34455   0.0605543   0.307402  4.75329 	Dead: 0
5.32158   0.056646    0.287561  4.75329 	Dead: 0
5.32759   0.0641997   0.325907  4.75329 	Dead: 0
5.33819   0.0678304   0.344339  4.75329 	Dead: 0
5.30623   0.061748    0.313461  4.75329 	Dead: 0
5.35775   0.0704535   0.357655  4.75329 	Dead: 0
5.34835   0.0657826   0.333943  4.75329 	Dead: 0
5.32165   0.0632732   0.321204  4.75329 	Dead: 0
5.33243   0.0591212   0.300127  4.75329 	Dead: 0
5.3189    0.0635461   0.322589  4.75329 	Dead: 0
5.31885   0.0617318   0.313379  4.75329 	Dead: 0
5.3443    0.0655379   0.332701  4.75329 	Dead: 0
5.30246   0.0592692   0.300878  4.75329 	Dead: 0
5.372     0.0684927   0.347701  4.75329 	Dead: 0
5.33162   0.0593455   0.301265  4.75329 	Dead: 0
5.35759   0.0672492   0.341388  4.75329 	Dead: 0
5.3208    0.0660438   0.335269  4.75329 	Dead: 0
5.33769   0.061896    0.314213  4.75329 	Dead: 0
5.34559   0.0643378   0.326609  4.75329 	Dead: 0
5.32087   0.0614901   0.312153  4.75329 	Dead: 0
5.30493   0.061655    0.312989  4.75329 	Dead: 0
5.33492   0.0635084   0.322398  4.75329 	Dead: 0
5.32947   0.0620745   0.315119  4.75329 	Dead: 0
5.37473   0.0649626   0.32978   4.75329 	Dead: 0
5.37035   0.0657773   0.333916  4.75329 	Dead: 0
5.34828   0.0604713   0.306981  4.75329 	Dead: 0
5.31249   0.0575149   0.291973  4.75329 	Dead: 0
5.34186   0.0668513   0.339369  4.75329 	Dead: 0
5.32001   0.0618738   0.3141    4.75329 	Dead: 0
5.29878   0.0632282   0.320976  4.75329 	Dead: 0
5.3337    0.0641026   0.325414  4.75329 	Dead: 0
5.30536   0.0595116   0.302109  4.75329 	Dead: 0
5.34209   0.0639817   0.324801  4.75329 	Dead: 0
5.33398   0.0646947   0.32842   4.75329 	Dead: 0
5.34237   0.0670485   0.340369  4.75329 	Dead: 0
5.33582   0.0628499   0.319055  4.75329 	Dead: 0
5.34303   0.0660386   0.335243  4.75329 	Dead: 0
5.32682   0.0622792   0.316158  4.75329 	Dead: 0
5.31942   0.0580599   0.294739  4.75329 	Dead: 0
5.31023   0.0636586   0.323161  4.75329 	Dead: 0
5.30413   0.0606595   0.307936  4.75329 	Dead: 0
5.32559   0.0652116   0.331045  4.75329 	Dead: 0
5.32129   0.0606602   0.307939  4.75329 	Dead: 0
5.33392   0.0637315   0.323531  4.75329 	Dead: 0
5.33603   0.064076    0.325279  4.75329 	Dead: 0
5.32353   0.0655494   0.332759  4.75329 	Dead: 0
