5.54577   0.225606    1.14528   3.8267  	Dead: 0
3.69196   0.0650148   0.330045  3.16356 	Dead: 0
3.60412   0.055987    0.284216  3.09733 	Dead: 0
3.54092   0.0598189   0.303669  3.08791 	Dead: 0
3.46026   0.0594933   0.302016  3.07753 	Dead: 0
3.40849   0.0565869   0.287262  2.95641 	Dead: 0
3.34868   0.0552751   0.280602  2.95641 	Dead: 0
3.36193   0.061647    0.312949  2.91538 	Dead: 0
3.34758   0.0570863   0.289797  2.91538 	Dead: 0
3.31394   0.0589015   0.299011  2.91538 	Dead: 0
3.30536   0.0545806   0.277077  2.8953  	Dead: 0
3.28546   0.0598507   0.30383   2.8953  	Dead: 0
3.32152   0.0547874   0.278127  2.8953  	Dead: 0
3.27687   0.0538674   0.273456  2.8953  	Dead: 0
3.24378   0.0495601   0.25159   2.8953  	Dead: 0
3.23616   0.0483928   0.245664  2.83698 	Dead: 0
3.29686   0.063676    0.323249  2.83698 	Dead: 0
3.28615   0.0585174   0.297062  2.83698 	Dead: 0
3.28976   0.0597366   0.303251  2.83698 	Dead: 0
3.28507   0.0599011   0.304086  2.83698 	Dead: 0
3.30423   0.0642908   0.32637   2.83698 	Dead: 0
3.25781   0.050331    0.255504  2.83698 	Dead: 0
3.25015   0.0517259   0.262585  2.83698 	Dead: 0
3.229     0.0548396   0.278391  2.83698 	Dead: 0
3.22869   0.0525093   0.266562  2.83698 	Dead: 0
3.23099   0.0555873   0.282187  2.83698 	Dead: 0
3.25973   0.0538642   0.27344   2.83698 	Dead: 0
3.26601   0.0628152   0.318879  2.78188 	Dead: 0
3.26992   0.0567541   0.28811   2.78188 	Dead: 0
3.22229   0.0561151   0.284867  2.78188 	Dead: 0
3.24992   0.0554152   0.281313  2.78188 	Dead: 0
3.25539   0.0616574   0.313002  2.78188 	Dead: 0
3.23599   0.0567946   0.288316  2.78188 	Dead: 0
3.27773   0.0623552   0.316544  2.78188 	Dead: 0
3.27215   0.0623128   0.316329  2.78188 	Dead: 0
3.20354   0.0524816   0.266421  2.78188 	Dead: 0
3.22488   0.0572192   0.290472  2.78188 	Dead: 0
3.27503   0.0641546   0.325679  2.78188 	Dead: 0
3.21926   0.0578555   0.293702  2.78188 	Dead: 0
3.23823   0.060885    0.30908   2.78188 	Dead: 0
3.24968   0.0628334   0.318972  2.78188 	Dead: 0
3.24697   0.0615188   0.312298  2.78188 	Dead: 0
3.20556   0.0576635   0.292727  2.78188 	Dead: 0
3.20178   0.0565781   0.287217  2.78188 	Dead: 0
3.23353   0.0634455   0.322079  2.78188 	Dead: 0
3.23324   0.0600459   0.304821  2.78188 	Dead: 0
3.19429   0.0572744   0.290751  2.78188 	Dead: 0
3.19396   0.055039    0.279404  2.76385 	Dead: 0
3.22926   0.05941     0.301593  2.76385 	Dead: 0
3.21812   0.0646004   0.327942  2.76385 	Dead: 0
3.19719   0.0542878   0.27559   2.76385 	Dead: 0
3.22428   0.0603333   0.30628   2.76385 	Dead: 0
3.23151   0.0636646   0.323191  2.76385 	Dead: 0
3.22993   0.0673      0.341646  2.76385 	Dead: 0
3.17455   0.0520203   0.264079  2.76385 	Dead: 0
3.17006   0.0524398   0.266209  2.76385 	Dead: 0
3.19685   0.0574227   0.291504  2.76385 	Dead: 0
3.2151    0.0589211   0.299111  2.76385 	Dead: 0
3.22173   0.0622015   0.315764  2.76385 	Dead: 0
3.21743   0.0588492   0.298746  2.76385 	Dead: 0
3.20837   0.0604326   0.306784  2.76385 	Dead: 0
3.19383   0.0567783   0.288233  2.76385 	Dead: 0
3.20431   0.0547725   0.278051  2.76385 	Dead: 0
3.22412   0.0613333   0.311356  2.76385 	Dead: 0
3.19244   0.0504669   0.256193  2.76385 	Dead: 0
3.218     0.0613268   0.311324  2.76385 	Dead: 0
3.23015   0.0611399   0.310375  2.76385 	Dead: 0
3.17505   0.0523464   0.265735  2.76385 	Dead: 0
3.19093   0.0574922   0.291857  2.76385 	Dead: 0
3.19694   0.0544181   0.276252  2.76385 	Dead: 0
3.20841   0.0612515   0.310941  2.76385 	Dead: 0
3.18555   0.0548287   0.278336  2.76385 	Dead: 0
3.20333   0.052075    0.264357  2.76385 	Dead: 0
3.2007    0.0578157   0.293499  2.76385 	Dead: 0
3.23749   0.0634069   0.321883  2.76385 	Dead: 0
3.18327   0.0575592   0.292197  2.66422 	Dead: 0
3.21041   0.0657302   0.333677  2.66422 	Dead: 0
3.19024   0.0552796   0.280625  2.66422 	Dead: 0
3.21194   0.0616664   0.313047  2.66422 	Dead: 0
3.20106   0.064778    0.328843  2.66422 	Dead: 0
3.14601   0.0526017   0.267031  2.66422 	Dead: 0
3.20672   0.0562452   0.285527  2.66422 	Dead: 0
3.20337   0.055761    0.283069  2.66422 	Dead: 0
3.20768   0.0593929   0.301506  2.66422 	Dead: 0
3.20928   0.0612825   0.311099  2.66422 	Dead: 0
3.16277   0.049259    0.250062  2.66422 	Dead: 0
3.19057   0.0558921   0.283734  2.66422 	Dead: 0
3.18247   0.0558388   0.283464  2.66422 	Dead: 0
3.19641   0.057845    0.293648  2.66422 	Dead: 0
3.19377   0.0546068   0.277209  2.66422 	Dead: 0
3.21736   0.065138    0.330671  2.66422 	Dead: 0
3.17979   0.0555899   0.2822    2.66422 	Dead: 0
3.16863   0.0478125   0.242718  2.66422 	Dead: 0
3.18393   0.0597071   0.303101  2.66422 	Dead: 0
3.22901   0.0678764   0.344572  2.66422 	Dead: 0
3.21599   0.0559555   0.284056  2.66422 	Dead: 0
3.19358   0.0576735   0.292777  2.66422 	Dead: 0
3.24144   0.0637081   0.323412  2.66422 	Dead: 0
3.20755   0.0594369   0.30173   2.66422 	Dead: 0
3.16766   0.0579069   0.293962  2.66422 	Dead: 0
3.20129   0.0598907   0.304033  2.66422 	Dead: 0
