5.85404   0.270287    1.3721    3.66351 	Dead: 0
3.77865   0.0759619   0.385618  3.20517 	Dead: 0
3.56649   0.0505765   0.25675   3.115   	Dead: 0
3.55172   0.0576786   0.292803  3.115   	Dead: 0
3.50188   0.0571646   0.290194  3.08564 	Dead: 0
3.52228   0.0608724   0.309016  3.02079 	Dead: 0
3.46006   0.0590742   0.299888  2.98525 	Dead: 0
3.45659   0.0578167   0.293504  2.98525 	Dead: 0
3.44215   0.0627155   0.318373  2.87834 	Dead: 0
3.39224   0.0569174   0.288939  2.87834 	Dead: 0
3.38437   0.0665581   0.33788   2.87834 	Dead: 0
3.36572   0.0574976   0.291885  2.87834 	Dead: 0
3.34288   0.0581334   0.295112  2.87834 	Dead: 0
3.35141   0.0557237   0.282879  2.87834 	Dead: 0
3.3092    0.0531359   0.269743  2.87834 	Dead: 0
3.34709   0.06629     0.336519  2.87834 	Dead: 0
3.32732   0.0658842   0.334459  2.87834 	Dead: 0
3.30273   0.0551007   0.279717  2.87834 	Dead: 0
3.3346    0.0625546   0.317557  2.87834 	Dead: 0
3.31857   0.0591553   0.3003    2.87834 	Dead: 0
3.31118   0.0541153   0.274714  2.87834 	Dead: 0
3.32165   0.0540869   0.27457   2.87834 	Dead: 0
3.29131   0.0541518   0.2749    2.87834 	Dead: 0
3.27781   0.0514479   0.261173  2.87834 	Dead: 0
3.35092   0.0684323   0.347394  2.87834 	Dead: 0
3.27522   0.0537483   0.272851  2.87834 	Dead: 0
3.29469   0.0645652   0.327763  2.87834 	Dead: 0
3.24903   0.0475038   0.241152  2.87834 	Dead: 0
3.27676   0.0573759   0.291267  2.87834 	Dead: 0
3.28699   0.0641482   0.325646  2.85893 	Dead: 0
3.28006   0.0543873   0.276095  2.85893 	Dead: 0
3.26985   0.0540411   0.274338  2.85893 	Dead: 0
3.26992   0.0571329   0.290033  2.85893 	Dead: 0
3.25597   0.0590168   0.299597  2.85893 	Dead: 0
3.26493   0.0542184   0.275238  2.85893 	Dead: 0
3.26609   0.0522956   0.265477  2.85893 	Dead: 0
3.25656   0.0546257   0.277305  2.7548  	Dead: 0
3.25552   0.0565231   0.286938  2.7548  	Dead: 0
3.23144   0.0546472   0.277414  2.7548  	Dead: 0
3.25691   0.0553054   0.280756  2.7548  	Dead: 0
3.23293   0.0506702   0.257225  2.7548  	Dead: 0
3.24672   0.0539114   0.273679  2.7548  	Dead: 0
3.22221   0.051733    0.262621  2.7548  	Dead: 0
3.24586   0.0590486   0.299758  2.7548  	Dead: 0
3.20731   0.0487925   0.247694  2.7548  	Dead: 0
3.20714   0.0555384   0.281939  2.7548  	Dead: 0
3.17937   0.0501821   0.254748  2.7548  	Dead: 0
3.21078   0.0518421   0.263175  2.7548  	Dead: 0
3.18627   0.0588248   0.298622  2.7548  	Dead: 0
3.21151   0.0564332   0.286481  2.7548  	Dead: 0
3.21422   0.0626443   0.318012  2.7548  	Dead: 0
3.19164   0.0561488   0.285037  2.7548  	Dead: 0
3.20138   0.0523387   0.265696  2.7548  	Dead: 0
3.2065    0.0548676   0.278533  2.7548  	Dead: 0
3.20612   0.0552318   0.280382  2.7548  	Dead: 0
3.24209   0.0566938   0.287804  2.7548  	Dead: 0
3.20103   0.0519662   0.263805  2.7548  	Dead: 0
3.15592   0.0481419   0.244391  2.7548  	Dead: 0
3.2066    0.0551233   0.279832  2.7548  	Dead: 0
3.20455   0.0576567   0.292692  2.7548  	Dead: 0
3.21224   0.0596504   0.302813  2.7548  	Dead: 0
3.17047   0.0499561   0.253601  2.7548  	Dead: 0
3.15755   0.0528095   0.268086  2.7548  	Dead: 0
3.15385   0.0471311   0.239259  2.7548  	Dead: 0
3.14116   0.0477386   0.242344  2.7548  	Dead: 0
3.19157   0.0578305   0.293575  2.7548  	Dead: 0
3.19113   0.0539216   0.273731  2.7548  	Dead: 0
3.18733   0.0581851   0.295375  2.7548  	Dead: 0
3.14425   0.0506176   0.256959  2.7548  	Dead: 0
3.23286   0.0625134   0.317347  2.7548  	Dead: 0
3.19169   0.0582137   0.29552   2.70804 	Dead: 0
3.23309   0.0604353   0.306798  2.70804 	Dead: 0
3.17791   0.0511902   0.259866  2.70804 	Dead: 0
3.19495   0.057141    0.290074  2.70804 	Dead: 0
3.1811    0.0610789   0.310065  2.70804 	Dead: 0
3.16575   0.0527028   0.267544  2.70804 	Dead: 0
3.1908    0.0560425   0.284498  2.70804 	Dead: 0
3.15893   0.0522699   0.265346  2.70804 	Dead: 0
3.16472   0.0549304   0.278852  2.70804 	Dead: 0
3.16722   0.0558316   0.283427  2.70804 	Dead: 0
3.19482   0.0609634   0.309479  2.70804 	Dead: 0
3.17227   0.0543142   0.275724  2.70804 	Dead: 0
3.18979   0.056117    0.284876  2.70804 	Dead: 0
3.19559   0.0570839   0.289784  2.70804 	Dead: 0
3.16619   0.0520034   0.263994  2.70804 	Dead: 0
3.14609   0.0532527   0.270335  2.70804 	Dead: 0
3.20429   0.0586247   0.297606  2.70804 	Dead: 0
3.19859   0.0610553   0.309945  2.70804 	Dead: 0
3.20114   0.0571184   0.28996   2.70804 	Dead: 0
3.20638   0.0602175   0.305692  2.70804 	Dead: 0
3.14534   0.0523255   0.265629  2.70804 	Dead: 0
3.17184   0.0562398   0.285499  2.70804 	Dead: 0
3.21839   0.060624    0.307756  2.70804 	Dead: 0
3.17055   0.0555947   0.282224  2.70804 	Dead: 0
3.21746   0.0631877   0.32077   2.70804 	Dead: 0
3.19841   0.0596684   0.302904  2.70804 	Dead: 0
3.20592   0.0598656   0.303905  2.70804 	Dead: 0
3.1579    0.0555545   0.28202   2.70804 	Dead: 0
3.22356   0.061572    0.312568  2.70804 	Dead: 0
3.16854   0.0517688   0.262802  2.70804 	Dead: 0
3.17109   0.052107    0.264519  2.70804 	Dead: 0
