16.9067   0.085059    0.431799  15.7579 	Dead: 0
15.5352   0.0401672   0.203908  15.1793 	Dead: 0
15.3719   0.032906    0.167046  15.1142 	Dead: 0
15.3672   0.042616    0.216339  15.0525 	Dead: 0
15.3163   0.0345697   0.175492  15.0525 	Dead: 0
15.298    0.0464116   0.235607  14.9976 	Dead: 0
15.2568   0.0472425   0.239825  14.967  	Dead: 0
15.2093   0.0338298   0.171736  14.9596 	Dead: 0
15.1731   0.0427777   0.217159  14.7717 	Dead: 0
15.1411   0.0405719   0.205962  14.7717 	Dead: 0
15.1419   0.0361621   0.183575  14.7717 	Dead: 0
15.1331   0.0470936   0.239069  14.7717 	Dead: 0
15.0751   0.0335428   0.170279  14.7717 	Dead: 0
15.0858   0.0385551   0.195723  14.7717 	Dead: 0
15.0649   0.0331874   0.168475  14.7717 	Dead: 0
15.091    0.0428851   0.217705  14.7717 	Dead: 0
15.0952   0.0397047   0.20156   14.7717 	Dead: 0
15.0906   0.0515435   0.261659  14.7717 	Dead: 0
15.0671   0.0385547   0.195722  14.7717 	Dead: 0
15.0489   0.0325776   0.165379  14.7717 	Dead: 0
15.0618   0.0385261   0.195576  14.7717 	Dead: 0
15.0677   0.040036    0.203241  14.7717 	Dead: 0
15.0424   0.0338785   0.171983  14.7717 	Dead: 0
15.0657   0.0408676   0.207463  14.7717 	Dead: 0
15.0473   0.0392344   0.199172  14.7717 	Dead: 0
15.0638   0.0449681   0.228279  14.7717 	Dead: 0
15.064    0.0424758   0.215627  14.7717 	Dead: 0
15.0458   0.0404345   0.205264  14.7717 	Dead: 0
15.025    0.0338643   0.171911  14.7717 	Dead: 0
15.0244   0.0347579   0.176448  14.746  	Dead: 0
15.0452   0.0433088   0.219856  14.746  	Dead: 0
15.0606   0.0492401   0.249966  14.746  	Dead: 0
15.0408   0.0446901   0.226868  14.7377 	Dead: 0
15.0052   0.0327273   0.166139  14.7377 	Dead: 0
15.0248   0.0377109   0.191438  14.7377 	Dead: 0
15.0432   0.05191     0.263519  14.7377 	Dead: 0
15.038    0.0527202   0.267632  14.7377 	Dead: 0
15.0016   0.0355011   0.18022   14.7377 	Dead: 0
15.0033   0.0369212   0.187429  14.7377 	Dead: 0
15.0436   0.0470433   0.238813  14.7377 	Dead: 0
15.0152   0.0399616   0.202864  14.7377 	Dead: 0
15.0039   0.0373843   0.18978   14.7377 	Dead: 0
14.9951   0.0376104   0.190928  14.7377 	Dead: 0
15.0084   0.0439396   0.223058  14.6834 	Dead: 0
14.9827   0.0465215   0.236165  14.6834 	Dead: 0
14.9378   0.0341229   0.173224  14.6834 	Dead: 0
14.919    0.0335558   0.170345  14.6387 	Dead: 0
14.8848   0.0301904   0.153261  14.6177 	Dead: 0
14.862    0.0275932   0.140076  14.6081 	Dead: 0
14.8744   0.0324337   0.164649  14.6081 	Dead: 0
14.8744   0.0347007   0.176157  14.6081 	Dead: 0
14.8785   0.0341719   0.173473  14.5845 	Dead: 0
14.8943   0.0410586   0.208433  14.5845 	Dead: 0
14.8734   0.0384367   0.195123  14.5845 	Dead: 0
14.8492   0.0351513   0.178444  14.5845 	Dead: 0
14.8733   0.0412985   0.20965   14.5845 	Dead: 0
14.8804   0.0399518   0.202814  14.5845 	Dead: 0
14.8588   0.0345475   0.175379  14.5845 	Dead: 0
14.8617   0.0417158   0.211769  14.5533 	Dead: 0
14.8469   0.0362859   0.184204  14.5533 	Dead: 0
14.853    0.0350131   0.177743  14.5533 	Dead: 0
14.8716   0.0485196   0.246308  14.5533 	Dead: 0
14.855    0.0350164   0.17776   14.5533 	Dead: 0
14.8833   0.043345    0.22004   14.5533 	Dead: 0
14.9069   0.0466292   0.236711  14.5533 	Dead: 0
14.8861   0.0511315   0.259568  14.5533 	Dead: 0
14.8844   0.0477314   0.242307  14.5529 	Dead: 0
14.8588   0.0428259   0.217404  14.5529 	Dead: 0
14.85     0.0309723   0.15723   14.5529 	Dead: 0
14.852    0.0388459   0.1972    14.5529 	Dead: 0
14.8733   0.0390932   0.198455  14.5529 	Dead: 0
14.8353   0.0374133   0.189927  14.5529 	Dead: 0
14.8617   0.0398141   0.202115  14.5529 	Dead: 0
14.8303   0.0317034   0.160941  14.5529 	Dead: 0
14.8412   0.0385701   0.1958    14.5529 	Dead: 0
14.8589   0.0432273   0.219442  14.5529 	Dead: 0
14.8403   0.0398373   0.202233  14.5529 	Dead: 0
14.8316   0.0418174   0.212285  14.5529 	Dead: 0
14.8484   0.038492    0.195404  14.5529 	Dead: 0
14.8453   0.0363351   0.184454  14.5529 	Dead: 0
14.8499   0.0378208   0.191996  14.5529 	Dead: 0
14.8412   0.0357887   0.18168   14.5529 	Dead: 0
14.8732   0.0523845   0.265928  14.5529 	Dead: 0
14.8511   0.034855    0.17694   14.5529 	Dead: 0
14.8576   0.0451855   0.229383  14.5529 	Dead: 0
14.8348   0.0344591   0.17493   14.5529 	Dead: 0
14.8356   0.037425    0.189987  14.5529 	Dead: 0
14.8636   0.0587405   0.298194  14.5529 	Dead: 0
14.8554   0.0394216   0.200122  14.5529 	Dead: 0
14.8444   0.0389523   0.19774   14.5529 	Dead: 0
14.8541   0.039695    0.20151   14.5529 	Dead: 0
14.8444   0.0360513   0.183013  14.5529 	Dead: 0
14.894    0.0538786   0.273513  14.5529 	Dead: 0
14.885    0.0535762   0.271978  14.5529 	Dead: 0
14.8325   0.0401341   0.20374   14.5529 	Dead: 0
14.8383   0.0329797   0.16742   14.5529 	Dead: 0
14.8339   0.0388217   0.197077  14.5529 	Dead: 0
14.8378   0.0378696   0.192244  14.5529 	Dead: 0
14.856    0.0482247   0.244811  14.5529 	Dead: 0
14.8371   0.0415728   0.211043  14.503  	Dead: 0
14.8519   0.0459451   0.233239  14.503  	Dead: 0
