8.64308   0.114154    0.5795    7.38346 	Dead: 0
6.89822   0.0798485   0.405348  5.92303 	Dead: 0
6.36044   0.106643    0.541369  5.50722 	Dead: 0
6.15369   0.129937    0.659621  5.21845 	Dead: 0
5.9898    0.165414    0.839718  4.69264 	Dead: 0
5.60337   0.223735    1.13578   4.56745 	Dead: 0
5.62644   0.233516    1.18544   4.51005 	Dead: 0
5.47423   0.224911    1.14175   4.51005 	Dead: 0
5.43527   0.213553    1.08409   4.4103  	Dead: 0
5.65435   0.239045    1.2135    4.4103  	Dead: 0
5.29103   0.207243    1.05206   4.4103  	Dead: 0
5.33472   0.222531    1.12967   4.4103  	Dead: 0
5.32334   0.216926    1.10122   4.4103  	Dead: 0
5.20772   0.200179    1.0162    4.4103  	Dead: 0
5.31964   0.208892    1.06043   4.32343 	Dead: 0
5.07836   0.184267    0.935427  4.28054 	Dead: 0
5.18674   0.184952    0.938902  4.28054 	Dead: 0
5.12118   0.182717    0.927557  4.28054 	Dead: 0
5.3188    0.203168    1.03138   4.28054 	Dead: 0
5.23943   0.206668    1.04915   4.28054 	Dead: 0
5.32695   0.217157    1.10239   4.28054 	Dead: 0
5.32972   0.218977    1.11163   4.28054 	Dead: 0
5.28027   0.211218    1.07224   4.28054 	Dead: 0
5.32532   0.21871     1.11027   4.28054 	Dead: 0
5.26841   0.213141    1.082     4.28054 	Dead: 0
5.13877   0.193926    0.98446   4.28054 	Dead: 0
5.41093   0.230617    1.17072   4.28054 	Dead: 0
5.39967   0.229257    1.16382   4.28054 	Dead: 0
5.31474   0.212457    1.07853   4.28054 	Dead: 0
5.27412   0.216882    1.10099   4.28054 	Dead: 0
5.17749   0.205486    1.04314   4.28054 	Dead: 0
5.28756   0.215827    1.09564   4.28054 	Dead: 0
5.15827   0.185576    0.942071  4.28054 	Dead: 0
5.22762   0.21089     1.07057   4.28054 	Dead: 0
5.25114   0.21056     1.0689    4.28054 	Dead: 0
5.14069   0.20172     1.02402   4.28054 	Dead: 0
5.2662    0.211601    1.07419   4.28054 	Dead: 0
5.25627   0.223839    1.13631   4.28054 	Dead: 0
5.20601   0.210738    1.0698    4.28054 	Dead: 0
5.29829   0.206259    1.04706   4.28054 	Dead: 0
5.13315   0.199045    1.01045   4.28054 	Dead: 0
5.16592   0.224707    1.14072   4.27156 	Dead: 0
4.99599   0.165829    0.841826  4.27156 	Dead: 0
5.18113   0.208696    1.05944   4.27156 	Dead: 0
5.34339   0.223301    1.13358   4.27156 	Dead: 0
5.19555   0.20545     1.04296   4.27156 	Dead: 0
5.24649   0.219429    1.11392   4.27156 	Dead: 0
5.24674   0.214075    1.08674   4.27156 	Dead: 0
5.13414   0.20371     1.03413   4.27156 	Dead: 0
5.15969   0.211363    1.07298   4.27156 	Dead: 0
5.13544   0.197469    1.00244   4.27156 	Dead: 0
5.22994   0.228982    1.16242   4.27156 	Dead: 0
5.20127   0.214765    1.09025   4.27156 	Dead: 0
5.1859    0.21066     1.06941   4.27156 	Dead: 0
5.30116   0.218074    1.10705   4.27156 	Dead: 0
4.94253   0.152232    0.7728    4.27156 	Dead: 0
5.15739   0.201665    1.02375   4.27156 	Dead: 0
5.06735   0.186163    0.945049  4.27156 	Dead: 0
5.22554   0.2044      1.03763   4.27156 	Dead: 0
5.13017   0.205981    1.04565   4.27156 	Dead: 0
5.22425   0.20967     1.06438   4.27156 	Dead: 0
5.15647   0.20737     1.0527    4.27156 	Dead: 0
5.16051   0.207199    1.05184   4.27156 	Dead: 0
5.24489   0.229216    1.16361   4.27156 	Dead: 0
5.12089   0.202574    1.02836   4.27156 	Dead: 0
5.15025   0.209912    1.06561   4.27156 	Dead: 0
5.27427   0.211949    1.07595   4.27156 	Dead: 0
5.27695   0.225708    1.1458    4.27156 	Dead: 0
5.22695   0.221288    1.12336   4.27156 	Dead: 0
5.2244    0.210973    1.071     4.27156 	Dead: 0
5.10809   0.191666    0.972985  4.27156 	Dead: 0
5.0769    0.175653    0.891695  4.27156 	Dead: 0
5.13132   0.204476    1.03802   4.27156 	Dead: 0
5.1155    0.201449    1.02265   4.27156 	Dead: 0
4.98685   0.165224    0.838755  4.27156 	Dead: 0
5.26351   0.219753    1.11557   4.27156 	Dead: 0
5.05533   0.192422    0.976825  4.27156 	Dead: 0
5.18087   0.204393    1.03759   4.27156 	Dead: 0
5.24445   0.223121    1.13266   4.27156 	Dead: 0
5.07903   0.185898    0.943707  4.27156 	Dead: 0
5.0884    0.188949    0.959192  4.27156 	Dead: 0
5.15428   0.209849    1.06529   4.27156 	Dead: 0
5.16265   0.202017    1.02553   4.27156 	Dead: 0
5.1379    0.20372     1.03418   4.27156 	Dead: 0
5.2196    0.218586    1.10964   4.27156 	Dead: 0
5.08968   0.193364    0.981606  4.27156 	Dead: 0
5.22948   0.210879    1.07052   4.27156 	Dead: 0
5.26299   0.213924    1.08598   4.27156 	Dead: 0
5.16022   0.212662    1.07957   4.27156 	Dead: 0
5.26085   0.217167    1.10244   4.27156 	Dead: 0
5.12969   0.201186    1.02132   4.27156 	Dead: 0
5.12702   0.200308    1.01685   4.27156 	Dead: 0
5.12169   0.19178     0.973567  4.27156 	Dead: 0
5.11104   0.210198    1.06706   4.27156 	Dead: 0
5.14518   0.205119    1.04128   4.27156 	Dead: 0
5.18758   0.201002    1.02038   4.27156 	Dead: 0
5.26492   0.230378    1.1695    4.27156 	Dead: 0
5.13512   0.202914    1.03008   4.27156 	Dead: 0
5.1927    0.211262    1.07247   4.27156 	Dead: 0
5.18163   0.229901    1.16709   4.27156 	Dead: 0
5.22596   0.218476    1.10909   4.27156 	Dead: 0
