7.68179   0.0785297   0.398653  6.77446 	Dead: 0
6.97094   0.0682303   0.346369  6.35339 	Dead: 0
6.86696   0.0656606   0.333324  6.25883 	Dead: 0
6.81534   0.0748963   0.380209  6.18989 	Dead: 0
6.79439   0.0796684   0.404434  6.08305 	Dead: 0
6.67987   0.0743107   0.377236  6.05793 	Dead: 0
6.68184   0.0826001   0.419317  5.95282 	Dead: 0
6.60902   0.0745884   0.378645  5.87383 	Dead: 0
6.50786   0.0745886   0.378646  5.87383 	Dead: 0
6.46619   0.0667841   0.339027  5.87383 	Dead: 0
6.44259   0.0746427   0.378921  5.8548  	Dead: 0
6.43998   0.0777272   0.39458   5.8548  	Dead: 0
6.47986   0.0820959   0.416757  5.71039 	Dead: 0
6.4328    0.0796801   0.404493  5.71039 	Dead: 0
6.4464    0.0786291   0.399158  5.71039 	Dead: 0
6.35697   0.0752522   0.382015  5.71039 	Dead: 0
6.35929   0.0763768   0.387724  5.71039 	Dead: 0
6.36282   0.0780368   0.396151  5.71039 	Dead: 0
6.36457   0.0775152   0.393503  5.71039 	Dead: 0
6.37473   0.0823087   0.417837  5.71039 	Dead: 0
6.34346   0.0802526   0.4074    5.71001 	Dead: 0
6.30113   0.0792716   0.402419  5.71001 	Dead: 0
6.30493   0.0767481   0.389609  5.71001 	Dead: 0
6.3443    0.0796764   0.404475  5.71001 	Dead: 0
6.33034   0.0821051   0.416804  5.71001 	Dead: 0
6.32589   0.0785841   0.398929  5.71001 	Dead: 0
6.32863   0.0847302   0.43013   5.65031 	Dead: 0
6.29142   0.0861003   0.437086  5.65031 	Dead: 0
6.33543   0.0852386   0.432711  5.65031 	Dead: 0
6.27071   0.0789328   0.4007    5.65031 	Dead: 0
6.2587    0.0739915   0.375615  5.62789 	Dead: 0
6.25181   0.0789887   0.400984  5.62789 	Dead: 0
6.27655   0.0771547   0.391673  5.62789 	Dead: 0
6.27657   0.0863766   0.438488  5.62789 	Dead: 0
6.28908   0.0843655   0.428279  5.62789 	Dead: 0
6.23978   0.0792393   0.402256  5.62789 	Dead: 0
6.2331    0.0754689   0.383116  5.41731 	Dead: 0
6.23071   0.0760548   0.386089  5.41731 	Dead: 0
6.1802    0.0750042   0.380756  5.41731 	Dead: 0
6.20819   0.0812632   0.41253   5.41731 	Dead: 0
6.19166   0.0751433   0.381462  5.41731 	Dead: 0
6.16162   0.0763444   0.38756   5.16308 	Dead: 0
6.21255   0.0854014   0.433537  5.16308 	Dead: 0
6.20601   0.0913656   0.463814  5.16308 	Dead: 0
6.17337   0.0868529   0.440906  5.16308 	Dead: 0
6.1634    0.0819805   0.416171  5.16308 	Dead: 0
6.12527   0.0778502   0.395204  5.16308 	Dead: 0
6.17008   0.0855838   0.434464  5.16308 	Dead: 0
6.11483   0.0742752   0.377056  5.16308 	Dead: 0
6.13873   0.0846649   0.429799  5.16308 	Dead: 0
6.08589   0.0801526   0.406892  5.16308 	Dead: 0
6.09455   0.0852597   0.432818  5.16308 	Dead: 0
6.11886   0.0856274   0.434685  5.16308 	Dead: 0
6.1277    0.0869288   0.441291  5.16308 	Dead: 0
6.09027   0.0851636   0.43233   5.16308 	Dead: 0
6.10491   0.0863641   0.438424  5.16308 	Dead: 0
6.13926   0.091356    0.463766  5.16308 	Dead: 0
6.13688   0.0859695   0.436421  5.16308 	Dead: 0
6.1212    0.0835531   0.424155  5.16308 	Dead: 0
6.07499   0.0840831   0.426845  5.16308 	Dead: 0
6.17309   0.0953793   0.48419   5.16308 	Dead: 0
6.13542   0.0934838   0.474568  5.16308 	Dead: 0
6.1438    0.0904492   0.459162  5.16308 	Dead: 0
6.13081   0.0968618   0.491716  5.16308 	Dead: 0
6.12702   0.086871    0.440998  5.16308 	Dead: 0
6.12407   0.0854635   0.433852  5.16308 	Dead: 0
6.0949    0.0819506   0.416019  5.16308 	Dead: 0
6.11975   0.0869275   0.441285  5.16308 	Dead: 0
6.147     0.0903555   0.458687  5.16308 	Dead: 0
6.08443   0.0810304   0.411348  5.16308 	Dead: 0
6.15721   0.0923786   0.468957  5.16308 	Dead: 0
6.09085   0.0864837   0.439031  5.16308 	Dead: 0
6.11622   0.0871985   0.44266   5.16308 	Dead: 0
6.08704   0.0849495   0.431243  5.16308 	Dead: 0
6.05013   0.087218    0.442759  5.16308 	Dead: 0
6.10743   0.0910149   0.462034  5.16308 	Dead: 0
6.08903   0.0851977   0.432503  5.16308 	Dead: 0
6.14544   0.0976263   0.495597  5.16308 	Dead: 0
6.05745   0.0867265   0.440264  5.16308 	Dead: 0
6.11538   0.0887488   0.45053   5.16308 	Dead: 0
6.15075   0.0896454   0.455082  5.16308 	Dead: 0
6.18316   0.0974405   0.494654  5.16308 	Dead: 0
6.1312    0.0934072   0.474178  5.16308 	Dead: 0
6.12361   0.0895708   0.454703  5.16308 	Dead: 0
6.12788   0.0885598   0.449571  5.16308 	Dead: 0
6.14136   0.0907844   0.460864  5.16308 	Dead: 0
6.09158   0.0848599   0.430789  5.16308 	Dead: 0
6.08935   0.0903188   0.4585    5.16308 	Dead: 0
6.02944   0.0825604   0.419115  5.16308 	Dead: 0
6.12142   0.0893129   0.453394  5.16308 	Dead: 0
6.09931   0.0880956   0.447215  5.16308 	Dead: 0
6.07227   0.0910709   0.462319  5.16308 	Dead: 0
6.08345   0.0883231   0.448369  5.16308 	Dead: 0
6.0854    0.0893262   0.453462  5.16308 	Dead: 0
6.09356   0.0937649   0.475994  5.16308 	Dead: 0
6.08811   0.0897361   0.455542  5.16308 	Dead: 0
6.08713   0.0939799   0.477086  5.16308 	Dead: 0
6.05819   0.0937872   0.476107  5.16308 	Dead: 0
6.0364    0.0898857   0.456302  5.16308 	Dead: 0
6.05981   0.0919166   0.466611  5.16308 	Dead: 0
6.1066    0.0974417   0.494659  5.16308 	Dead: 0
