11.9201   0.0612755   0.311063  11.3402 	Dead: 0
10.3965   0.0251037   0.127438  10.1019 	Dead: 0
9.58674   0.0244092   0.123912  9.19136 	Dead: 0
8.88652   0.0298624   0.151595  8.63307 	Dead: 0
8.45652   0.0285483   0.144925  8.08651 	Dead: 0
7.96661   0.0346879   0.176092  7.65939 	Dead: 0
7.10887   0.0712388   0.361641  6.24791 	Dead: 0
5.70318   0.0832187   0.422457  5.21784 	Dead: 0
5.14459   0.0780663   0.396301  4.6283  	Dead: 0
4.90734   0.118103    0.599547  4.38213 	Dead: 0
4.69659   0.121204    0.61529   4.23072 	Dead: 0
4.635     0.138687    0.704041  4.03064 	Dead: 0
4.5989    0.16004     0.812439  3.97606 	Dead: 0
4.55114   0.176031    0.893617  3.8977  	Dead: 0
4.38268   0.144967    0.735918  3.88215 	Dead: 0
4.25502   0.138097    0.701046  3.77687 	Dead: 0
4.37695   0.188791    0.958389  3.66919 	Dead: 0
4.27883   0.181036    0.919022  3.66919 	Dead: 0
4.13767   0.147834    0.750473  3.65248 	Dead: 0
4.2126    0.180783    0.917736  3.65248 	Dead: 0
4.12199   0.140775    0.714639  3.65023 	Dead: 0
4.19273   0.185454    0.941452  3.63061 	Dead: 0
4.02957   0.138055    0.70083   3.60985 	Dead: 0
3.96141   0.112406    0.570623  3.57264 	Dead: 0
4.13928   0.185598    0.942183  3.56973 	Dead: 0
3.97635   0.155921    0.791525  3.53841 	Dead: 0
4.11398   0.179033    0.908858  3.53841 	Dead: 0
3.87936   0.141673    0.7192    3.5226  	Dead: 0
4.06516   0.185627    0.94233   3.48064 	Dead: 0
3.99546   0.179948    0.913499  3.46395 	Dead: 0
4.22361   0.229328    1.16417   3.35759 	Dead: 0
3.87503   0.176375    0.895362  3.29601 	Dead: 0
3.76215   0.142632    0.724067  3.29601 	Dead: 0
3.89716   0.187128    0.94995   3.28456 	Dead: 0
3.76178   0.170942    0.86778   3.28456 	Dead: 0
3.72055   0.151626    0.769725  3.23106 	Dead: 0
3.72588   0.154937    0.786533  3.23106 	Dead: 0
3.72915   0.168083    0.853265  3.18537 	Dead: 0
3.73606   0.186843    0.9485    3.18537 	Dead: 0
3.66158   0.162012    0.822449  3.18537 	Dead: 0
3.89495   0.221994    1.12694   3.18537 	Dead: 0
3.74263   0.176908    0.898066  3.18435 	Dead: 0
3.80134   0.203995    1.03557   3.16122 	Dead: 0
3.79839   0.197587    1.00304   3.14045 	Dead: 0
3.69059   0.17633     0.895135  3.14045 	Dead: 0
3.69489   0.190918    0.969191  3.14045 	Dead: 0
3.71604   0.187745    0.953082  3.14045 	Dead: 0
3.81572   0.212665    1.07958   3.14045 	Dead: 0
3.59244   0.161169    0.818167  3.10305 	Dead: 0
3.81196   0.212504    1.07877   3.07811 	Dead: 0
3.71388   0.203205    1.03156   3.0653  	Dead: 0
3.56328   0.175907    0.892986  3.0653  	Dead: 0
3.78479   0.217869    1.10601   3.0653  	Dead: 0
3.53564   0.184287    0.935529  3.0653  	Dead: 0
3.60583   0.189211    0.960522  3.05879 	Dead: 0
3.61614   0.200626    1.01847   3.03262 	Dead: 0
3.59398   0.198272    1.00652   3.03262 	Dead: 0
3.49259   0.169624    0.861091  3.02139 	Dead: 0
3.56626   0.175684    0.891855  3.02139 	Dead: 0
3.67985   0.21024     1.06728   3.02139 	Dead: 0
3.46863   0.172552    0.875952  3.02139 	Dead: 0
3.70414   0.222854    1.13131   3.02139 	Dead: 0
3.43116   0.149133    0.757069  3.01222 	Dead: 0
3.5087    0.169173    0.858803  3.01175 	Dead: 0
3.67696   0.215263    1.09278   2.9856  	Dead: 0
3.66776   0.208127    1.05655   2.98185 	Dead: 0
3.47329   0.173268    0.87959   2.95654 	Dead: 0
3.58331   0.213209    1.08235   2.94324 	Dead: 0
3.53336   0.206362    1.04759   2.92206 	Dead: 0
3.48794   0.195453    0.992213  2.92206 	Dead: 0
3.57337   0.212141    1.07693   2.90199 	Dead: 0
3.46024   0.187818    0.953454  2.90199 	Dead: 0
3.28167   0.136493    0.692902  2.89124 	Dead: 0
3.52726   0.194165    0.985674  2.89124 	Dead: 0
3.38867   0.19117     0.970469  2.85661 	Dead: 0
3.54782   0.226095    1.14776   2.85661 	Dead: 0
3.51351   0.206292    1.04724   2.85661 	Dead: 0
3.40735   0.192015    0.974758  2.85661 	Dead: 0
3.49245   0.203104    1.03105   2.85661 	Dead: 0
3.39908   0.19258     0.977626  2.85661 	Dead: 0
3.52861   0.228067    1.15777   2.85661 	Dead: 0
3.51249   0.224463    1.13948   2.85386 	Dead: 0
3.54867   0.214893    1.0909    2.85386 	Dead: 0
3.43996   0.203197    1.03152   2.84034 	Dead: 0
3.57776   0.231636    1.17589   2.84034 	Dead: 0
3.24522   0.146165    0.742004  2.84034 	Dead: 0
3.41687   0.191423    0.97175   2.8326  	Dead: 0
3.48707   0.207298    1.05234   2.8326  	Dead: 0
3.46441   0.193366    0.981617  2.8326  	Dead: 0
3.34985   0.185444    0.941399  2.8326  	Dead: 0
3.33562   0.19141     0.971687  2.81445 	Dead: 0
3.60159   0.262882    1.33451   2.81445 	Dead: 0
3.35707   0.2028      1.0295    2.79725 	Dead: 0
3.42257   0.216749    1.10032   2.79725 	Dead: 0
3.44954   0.227135    1.15304   2.79725 	Dead: 0
3.26414   0.19148     0.972041  2.79725 	Dead: 0
3.36711   0.204095    1.03608   2.79725 	Dead: 0
3.63929   0.263526    1.33778   2.79725 	Dead: 0
3.59911   0.247358    1.25571   2.79088 	Dead: 0
3.31219   0.177317    0.900146  2.79088 	Dead: 0
3.36662   0.21938     1.11368   2.79088 	Dead: 0
