11.9211   0.0571547   0.290144  10.9688 	Dead: 0
10.4172   0.0340842   0.173027  10.0884 	Dead: 0
9.76279   0.0255671   0.129791  9.48902 	Dead: 0
9.32964   0.0223247   0.113331  9.13761 	Dead: 0
9.15262   0.0198103   0.100566  8.94259 	Dead: 0
8.89964   0.0294082   0.14929   8.63947 	Dead: 0
8.58528   0.0223673   0.113547  8.42222 	Dead: 0
8.41486   0.0287355   0.145875  8.1942  	Dead: 0
8.19675   0.021371    0.108489  7.99547 	Dead: 0
7.84211   0.0260198   0.132089  7.55585 	Dead: 0
7.56792   0.0310023   0.157382  7.29988 	Dead: 0
7.29589   0.0458087   0.232546  6.97179 	Dead: 0
7.24434   0.0471801   0.239508  6.94701 	Dead: 0
6.86549   0.0561378   0.284981  6.28383 	Dead: 0
6.42904   0.0652205   0.33109   6.07502 	Dead: 0
6.16574   0.0633923   0.321809  5.8671  	Dead: 0
5.99382   0.0676421   0.343383  5.64691 	Dead: 0
5.93105   0.0741291   0.376314  5.52038 	Dead: 0
5.7946    0.0800962   0.406606  5.39884 	Dead: 0
5.61738   0.0716805   0.363884  5.29933 	Dead: 0
5.522     0.0825397   0.41901   5.22084 	Dead: 0
5.47697   0.0810651   0.411524  5.16195 	Dead: 0
5.39588   0.0681728   0.346077  5.09278 	Dead: 0
5.23837   0.0495522   0.25155   5.02213 	Dead: 0
5.19534   0.0689073   0.349806  4.90491 	Dead: 0
5.15209   0.0645027   0.327446  4.90491 	Dead: 0
5.11368   0.0896092   0.454898  4.81727 	Dead: 0
5.1614    0.115825    0.587981  4.77018 	Dead: 0
5.05053   0.0872646   0.442996  4.67639 	Dead: 0
5.05746   0.119398    0.606117  4.67639 	Dead: 0
5.08115   0.117779    0.597902  4.61717 	Dead: 0
4.9347    0.105592    0.536033  4.60826 	Dead: 0
4.87701   0.110379    0.560336  4.51714 	Dead: 0
4.8914    0.112754    0.57239   4.42998 	Dead: 0
4.49477   0.0961302   0.488002  4.11053 	Dead: 0
4.39612   0.11676     0.592727  3.80835 	Dead: 0
3.73018   0.0838521   0.425673  3.10642 	Dead: 0
3.43316   0.145121    0.736704  2.81313 	Dead: 0
2.7117    0.108847    0.552556  2.26747 	Dead: 0
2.75198   0.151496    0.769064  2.19774 	Dead: 0
2.71494   0.135656    0.688654  2.06529 	Dead: 0
2.65614   0.12231     0.6209    2.06529 	Dead: 0
2.45512   0.106282    0.539538  1.9695  	Dead: 0
2.60855   0.16091     0.816855  1.9695  	Dead: 0
2.56529   0.162308    0.823952  1.96546 	Dead: 0
2.52648   0.135742    0.689092  1.96546 	Dead: 0
2.59134   0.160746    0.816021  1.96546 	Dead: 0
2.6581    0.169245    0.859168  1.9385  	Dead: 0
2.53625   0.149202    0.757417  1.9385  	Dead: 0
2.47951   0.136086    0.690839  1.9385  	Dead: 0
2.53914   0.158567    0.804961  1.9385  	Dead: 0
2.4667    0.147496    0.748757  1.9385  	Dead: 0
2.66479   0.185745    0.942929  1.9385  	Dead: 0
2.56934   0.183336    0.930697  1.9385  	Dead: 0
2.53232   0.173844    0.882511  1.9385  	Dead: 0
2.4235    0.123576    0.627331  1.9385  	Dead: 0
2.65237   0.168947    0.857655  1.9385  	Dead: 0
2.46804   0.151928    0.771258  1.9385  	Dead: 0
2.5583    0.186237    0.945428  1.9385  	Dead: 0
2.48266   0.152529    0.774307  1.92609 	Dead: 0
2.43204   0.127571    0.647609  1.92609 	Dead: 0
2.5491    0.174469    0.885688  1.92609 	Dead: 0
2.39533   0.12197     0.619175  1.87727 	Dead: 0
2.72583   0.21633     1.09819   1.87727 	Dead: 0
2.62178   0.210742    1.06983   1.87727 	Dead: 0
2.54725   0.183062    0.929306  1.87727 	Dead: 0
2.55241   0.189997    0.964516  1.83707 	Dead: 0
2.55149   0.199798    1.01427   1.83707 	Dead: 0
2.62187   0.204387    1.03756   1.83707 	Dead: 0
2.49538   0.184635    0.937295  1.83707 	Dead: 0
2.45075   0.176103    0.893982  1.83707 	Dead: 0
2.51036   0.192764    0.978562  1.8318  	Dead: 0
2.48414   0.184599    0.937112  1.8318  	Dead: 0
2.50634   0.185682    0.942609  1.8318  	Dead: 0
2.48276   0.183987    0.934003  1.8318  	Dead: 0
2.53569   0.196381    0.996921  1.8318  	Dead: 0
2.45239   0.190314    0.966124  1.7506  	Dead: 0
2.61554   0.213651    1.08459   1.7506  	Dead: 0
2.5946    0.226718    1.15093   1.7506  	Dead: 0
2.31158   0.143016    0.726016  1.7506  	Dead: 0
2.28584   0.160305    0.813781  1.7506  	Dead: 0
2.42073   0.188129    0.955033  1.7506  	Dead: 0
2.4089    0.169859    0.862284  1.7506  	Dead: 0
2.41905   0.180108    0.914312  1.7506  	Dead: 0
2.44825   0.204415    1.03771   1.7506  	Dead: 0
2.52338   0.227976    1.15731   1.7506  	Dead: 0
2.49998   0.213005    1.08131   1.7506  	Dead: 0
2.46052   0.199735    1.01395   1.7506  	Dead: 0
2.46095   0.209102    1.0615    1.68062 	Dead: 0
2.56853   0.237215    1.20422   1.68062 	Dead: 0
2.56597   0.228186    1.15838   1.68062 	Dead: 0
2.48457   0.233714    1.18644   1.68062 	Dead: 0
2.41471   0.179855    0.913029  1.68062 	Dead: 0
2.2854    0.176356    0.895267  1.68062 	Dead: 0
2.42843   0.190909    0.969144  1.68062 	Dead: 0
2.51955   0.214949    1.09118   1.68062 	Dead: 0
2.42312   0.208516    1.05853   1.68062 	Dead: 0
2.43165   0.212461    1.07855   1.68062 	Dead: 0
2.5176    0.204469    1.03798   1.68062 	Dead: 0
2.24604   0.151168    0.7674    1.68062 	Dead: 0
2.40492   0.189979    0.964423  1.68062 	Dead: 0
