11.9411   0.0548719   0.278556  11.261  	Dead: 0
10.5194   0.0312529   0.158654  10.2229 	Dead: 0
9.46473   0.0299197   0.151887  9.14516 	Dead: 0
8.78671   0.0282775   0.14355   8.38353 	Dead: 0
8.08107   0.0471662   0.239437  7.4859  	Dead: 0
7.18529   0.0599515   0.304342  6.72135 	Dead: 0
6.72686   0.075545    0.383502  6.31839 	Dead: 0
6.22669   0.0710324   0.360594  5.81039 	Dead: 0
5.72444   0.082931    0.420997  5.34924 	Dead: 0
5.35678   0.0870978   0.442149  5.03862 	Dead: 0
5.03047   0.0777199   0.394543  4.67399 	Dead: 0
4.55894   0.0741401   0.37637   3.97083 	Dead: 0
4.27026   0.112681    0.57202   3.8273  	Dead: 0
4.15641   0.109589    0.556323  3.68055 	Dead: 0
4.03334   0.133433    0.677368  3.46391 	Dead: 0
3.85644   0.13679     0.694409  3.33765 	Dead: 0
3.8095    0.146905    0.74576   3.22045 	Dead: 0
3.68875   0.156178    0.79283   3.21449 	Dead: 0
3.72826   0.172168    0.874006  3.11806 	Dead: 0
3.7646    0.205724    1.04435   3.06702 	Dead: 0
3.66047   0.163567    0.830344  2.98443 	Dead: 0
3.58134   0.165627    0.840799  2.98443 	Dead: 0
3.58533   0.174334    0.885002  2.97358 	Dead: 0
3.55443   0.188676    0.957806  2.95501 	Dead: 0
3.71984   0.224183    1.13806   2.93352 	Dead: 0
3.43113   0.15263     0.77482   2.89129 	Dead: 0
3.47014   0.1852      0.940164  2.85528 	Dead: 0
3.36593   0.183268    0.930356  2.83699 	Dead: 0
3.43749   0.182662    0.927279  2.83699 	Dead: 0
3.36722   0.174457    0.885625  2.83599 	Dead: 0
3.33694   0.162979    0.827359  2.817   	Dead: 0
3.4244    0.181516    0.921462  2.77166 	Dead: 0
3.41822   0.203489    1.03301   2.77166 	Dead: 0
3.34906   0.185616    0.942273  2.77166 	Dead: 0
3.329     0.173925    0.882926  2.77166 	Dead: 0
3.5522    0.219283    1.11318   2.74186 	Dead: 0
3.44898   0.203854    1.03486   2.74186 	Dead: 0
3.22453   0.160656    0.815566  2.74186 	Dead: 0
3.25126   0.181161    0.91966   2.74186 	Dead: 0
3.34298   0.198067    1.00548   2.69978 	Dead: 0
3.42467   0.228829    1.16165   2.69978 	Dead: 0
3.28438   0.199722    1.01388   2.68383 	Dead: 0
3.29202   0.190851    0.968848  2.68383 	Dead: 0
3.3044    0.196669    0.998384  2.68383 	Dead: 0
3.34621   0.204518    1.03823   2.68383 	Dead: 0
3.21334   0.188979    0.959344  2.68383 	Dead: 0
3.16545   0.180254    0.915053  2.68383 	Dead: 0
3.31759   0.198392    1.00713   2.68383 	Dead: 0
3.30303   0.200058    1.01559   2.68383 	Dead: 0
3.13618   0.165958    0.842481  2.68383 	Dead: 0
3.26381   0.193485    0.982221  2.67791 	Dead: 0
3.13735   0.184163    0.934896  2.6734  	Dead: 0
3.3652    0.226891    1.1518    2.6353  	Dead: 0
3.40334   0.221153    1.12268   2.63399 	Dead: 0
3.45369   0.265603    1.34832   2.63399 	Dead: 0
3.38281   0.231485    1.17513   2.63399 	Dead: 0
3.14853   0.195172    0.990782  2.63172 	Dead: 0
3.16827   0.183595    0.932014  2.63172 	Dead: 0
3.23688   0.204148    1.03635   2.62359 	Dead: 0
3.19982   0.187834    0.953534  2.62359 	Dead: 0
3.32223   0.221649    1.12519   2.62359 	Dead: 0
3.18296   0.185232    0.940326  2.62359 	Dead: 0
3.25519   0.207471    1.05322   2.62359 	Dead: 0
3.31384   0.205478    1.0431    2.61644 	Dead: 0
3.25344   0.234801    1.19196   2.61644 	Dead: 0
3.44618   0.243367    1.23545   2.60848 	Dead: 0
3.31047   0.223936    1.13681   2.60848 	Dead: 0
3.24174   0.18031     0.915338  2.60848 	Dead: 0
3.25934   0.201725    1.02405   2.60848 	Dead: 0
3.38493   0.2473      1.25541   2.60848 	Dead: 0
3.31067   0.239916    1.21792   2.60848 	Dead: 0
3.16607   0.177017    0.89862   2.60848 	Dead: 0
3.35455   0.223017    1.13214   2.60848 	Dead: 0
3.18581   0.205983    1.04567   2.60848 	Dead: 0
3.22727   0.180368    0.915633  2.60848 	Dead: 0
3.29054   0.215247    1.09269   2.60848 	Dead: 0
3.5357    0.273123    1.3865    2.60848 	Dead: 0
3.20659   0.171709    0.871674  2.60848 	Dead: 0
3.37901   0.222389    1.12895   2.60848 	Dead: 0
3.3121    0.232255    1.17903   2.60848 	Dead: 0
3.32434   0.21791     1.10621   2.60848 	Dead: 0
3.45925   0.234653    1.19121   2.60848 	Dead: 0
3.19038   0.183501    0.931534  2.60848 	Dead: 0
3.25885   0.215063    1.09176   2.60848 	Dead: 0
3.10329   0.189188    0.960405  2.60848 	Dead: 0
3.24016   0.214181    1.08728   2.60848 	Dead: 0
3.19883   0.21133     1.07281   2.60472 	Dead: 0
3.27915   0.215421    1.09358   2.60472 	Dead: 0
3.23697   0.18232     0.92554   2.60472 	Dead: 0
3.21661   0.196791    0.999005  2.60472 	Dead: 0
3.33065   0.234136    1.18858   2.60472 	Dead: 0
3.27027   0.236053    1.19832   2.60472 	Dead: 0
3.20619   0.193089    0.980209  2.60472 	Dead: 0
3.27918   0.225769    1.14611   2.60472 	Dead: 0
3.24628   0.215086    1.09188   2.60472 	Dead: 0
3.25135   0.230635    1.17081   2.60472 	Dead: 0
3.08231   0.169194    0.858907  2.60472 	Dead: 0
3.13747   0.19228     0.976101  2.58551 	Dead: 0
3.23224   0.228995    1.16249   2.57256 	Dead: 0
3.21607   0.228508    1.16001   2.57256 	Dead: 0
3.15567   0.175528    0.89106   2.57256 	Dead: 0
