11.9028   0.0587348   0.298165  11.2972 	Dead: 0
10.2948   0.0330331   0.167691  9.93606 	Dead: 0
9.29132   0.0365597   0.185594  8.95784 	Dead: 0
8.73571   0.0415563   0.210959  8.30768 	Dead: 0
8.22037   0.0427755   0.217148  7.82547 	Dead: 0
7.59126   0.0430849   0.218719  7.20554 	Dead: 0
7.08761   0.0556398   0.282454  6.79914 	Dead: 0
6.63459   0.0600272   0.304726  6.16643 	Dead: 0
6.1672    0.0512587   0.260213  5.84482 	Dead: 0
5.99839   0.0580327   0.294601  5.67425 	Dead: 0
5.69052   0.0617478   0.313461  5.34    	Dead: 0
5.42501   0.063769    0.323721  5.16514 	Dead: 0
5.24742   0.0751751   0.381624  4.97633 	Dead: 0
5.19677   0.102308    0.519364  4.85796 	Dead: 0
4.97012   0.0801861   0.407062  4.67488 	Dead: 0
4.82674   0.0852355   0.432695  4.52239 	Dead: 0
4.71083   0.112075    0.568945  4.24735 	Dead: 0
4.46577   0.0967165   0.490978  4.11642 	Dead: 0
4.46379   0.136507    0.692975  3.98482 	Dead: 0
4.44567   0.131514    0.667629  3.96276 	Dead: 0
4.40145   0.135489    0.687804  3.96276 	Dead: 0
4.29678   0.123459    0.626736  3.90249 	Dead: 0
4.34431   0.163065    0.827793  3.81477 	Dead: 0
4.24652   0.150831    0.765686  3.7298  	Dead: 0
4.02449   0.109569    0.556224  3.63693 	Dead: 0
4.16057   0.152142    0.772345  3.63693 	Dead: 0
4.07566   0.151247    0.7678    3.59351 	Dead: 0
4.01586   0.129807    0.658961  3.59351 	Dead: 0
4.11158   0.159398    0.80918   3.57458 	Dead: 0
4.06399   0.164618    0.83568   3.49305 	Dead: 0
3.94743   0.174219    0.884416  3.39571 	Dead: 0
3.86259   0.154947    0.786586  3.39571 	Dead: 0
3.93831   0.181032    0.919001  3.3231  	Dead: 0
3.86787   0.159745    0.81094   3.3231  	Dead: 0
3.87049   0.170859    0.867358  3.29517 	Dead: 0
3.92271   0.17756     0.90138   3.29517 	Dead: 0
3.778     0.147554    0.749051  3.27055 	Dead: 0
3.83887   0.180576    0.91669   3.23786 	Dead: 0
3.70552   0.152705    0.775203  3.20831 	Dead: 0
3.74846   0.180668    0.917157  3.16886 	Dead: 0
3.47989   0.0983278   0.499158  3.09563 	Dead: 0
3.48605   0.13403     0.680397  3.04894 	Dead: 0
3.5489    0.147734    0.749967  2.97232 	Dead: 0
3.32364   0.120484    0.611635  2.66949 	Dead: 0
2.91344   0.1256      0.637606  2.4355  	Dead: 0
2.93157   0.149625    0.759568  2.36579 	Dead: 0
2.79871   0.126427    0.641805  2.32257 	Dead: 0
2.69724   0.1313      0.666541  2.30133 	Dead: 0
2.75611   0.143881    0.730409  2.26309 	Dead: 0
2.74654   0.170439    0.865226  2.22627 	Dead: 0
2.70078   0.145951    0.740914  2.19181 	Dead: 0
2.75174   0.175804    0.892463  2.16055 	Dead: 0
2.67761   0.16204     0.82259   2.14397 	Dead: 0
2.66881   0.176362    0.895298  2.08657 	Dead: 0
2.64279   0.170886    0.867499  2.08657 	Dead: 0
2.61217   0.162299    0.823906  2.08657 	Dead: 0
2.64757   0.19126     0.970926  2.08087 	Dead: 0
2.60865   0.149893    0.760929  2.06572 	Dead: 0
2.62616   0.164207    0.833592  2.04493 	Dead: 0
2.62822   0.167158    0.84857   2.04493 	Dead: 0
2.94944   0.238559    1.21104   2.0312  	Dead: 0
2.48818   0.15021     0.762536  1.96507 	Dead: 0
2.51851   0.178153    0.904386  1.96507 	Dead: 0
2.61739   0.185849    0.943456  1.96507 	Dead: 0
2.54395   0.164329    0.834213  1.96507 	Dead: 0
2.67297   0.213449    1.08356   1.94869 	Dead: 0
2.55901   0.196966    0.999891  1.94869 	Dead: 0
2.44448   0.171498    0.870605  1.93397 	Dead: 0
2.55629   0.179983    0.91368   1.93397 	Dead: 0
2.49677   0.180479    0.916198  1.93397 	Dead: 0
2.54806   0.198369    1.00702   1.84086 	Dead: 0
2.49857   0.193613    0.982868  1.84086 	Dead: 0
2.52945   0.212124    1.07684   1.81806 	Dead: 0
2.47353   0.205735    1.04441   1.81544 	Dead: 0
2.35077   0.170943    0.867785  1.81544 	Dead: 0
2.38986   0.194062    0.98515   1.81544 	Dead: 0
2.44017   0.187526    0.95197   1.81544 	Dead: 0
2.41976   0.205224    1.04181   1.81451 	Dead: 0
2.54641   0.228873    1.16187   1.80795 	Dead: 0
2.54155   0.230271    1.16896   1.80795 	Dead: 0
2.41144   0.205951    1.0455    1.80795 	Dead: 0
2.29269   0.16541     0.839697  1.78561 	Dead: 0
2.4654    0.224246    1.13837   1.78488 	Dead: 0
2.37116   0.191944    0.974396  1.78488 	Dead: 0
2.40295   0.205345    1.04243   1.78488 	Dead: 0
2.43375   0.200616    1.01842   1.75733 	Dead: 0
2.36749   0.189295    0.960952  1.75733 	Dead: 0
2.43025   0.188845    0.958663  1.75    	Dead: 0
2.36642   0.19926     1.01154   1.75    	Dead: 0
2.46916   0.224482    1.13958   1.75    	Dead: 0
2.35963   0.19559     0.992904  1.75    	Dead: 0
2.49537   0.223589    1.13504   1.75    	Dead: 0
2.47208   0.232992    1.18278   1.7281  	Dead: 0
2.42673   0.215119    1.09205   1.7281  	Dead: 0
2.34874   0.207827    1.05502   1.7281  	Dead: 0
2.30162   0.190121    0.965144  1.72579 	Dead: 0
2.42572   0.211217    1.07224   1.72579 	Dead: 0
2.36433   0.203582    1.03348   1.69693 	Dead: 0
2.27289   0.169065    0.858255  1.69693 	Dead: 0
2.37997   0.188452    0.95667   1.69693 	Dead: 0
2.43678   0.21172     1.07479   1.69693 	Dead: 0
