12.9012   0.0576735   0.292777  12.0582 	Dead: 0
11.8118   0.0374815   0.190274  11.4559 	Dead: 0
11.4099   0.0379691   0.192749  10.9889 	Dead: 0
11.2715   0.04314     0.218999  10.8635 	Dead: 0
11.1785   0.0452947   0.229937  10.8212 	Dead: 0
11.1004   0.0458851   0.232934  10.6412 	Dead: 0
10.9127   0.0438872   0.222792  10.3104 	Dead: 0
10.7418   0.0513283   0.260566  10.3071 	Dead: 0
10.6792   0.0607359   0.308324  10.2158 	Dead: 0
10.6051   0.0575313   0.292056  10.065  	Dead: 0
10.5353   0.0607571   0.308431  10.065  	Dead: 0
10.4979   0.0554454   0.281467  10.065  	Dead: 0
10.5058   0.0658668   0.334371  10.0331 	Dead: 0
10.4419   0.0676758   0.343554  9.94185 	Dead: 0
10.406    0.0622947   0.316237  9.94185 	Dead: 0
10.3958   0.0646428   0.328157  9.93248 	Dead: 0
10.3872   0.0666795   0.338496  9.92816 	Dead: 0
10.3998   0.0675031   0.342677  9.8801  	Dead: 0
10.3398   0.0714005   0.362462  9.86393 	Dead: 0
10.3281   0.0715949   0.363449  9.7745  	Dead: 0
10.314    0.0689898   0.350225  9.7745  	Dead: 0
10.3315   0.072422    0.367648  9.7745  	Dead: 0
10.2984   0.0732448   0.371825  9.77075 	Dead: 0
10.2584   0.0711938   0.361413  9.74476 	Dead: 0
10.1598   0.0655349   0.332685  9.62941 	Dead: 0
9.97891   0.0739082   0.375192  9.51096 	Dead: 0
9.87894   0.0775283   0.39357   9.41052 	Dead: 0
9.84732   0.0851968   0.432499  9.36839 	Dead: 0
9.81851   0.0815519   0.413995  9.22719 	Dead: 0
9.75326   0.0784567   0.398283  9.22719 	Dead: 0
9.76713   0.0900209   0.456988  9.15663 	Dead: 0
9.67395   0.0833972   0.423363  9.15663 	Dead: 0
9.71193   0.0895376   0.454535  9.15663 	Dead: 0
9.65447   0.0887643   0.450609  9.09487 	Dead: 0
9.71037   0.0966795   0.49079   9.09487 	Dead: 0
9.69525   0.0947434   0.480962  9.09487 	Dead: 0
9.6568    0.0936996   0.475663  9.09487 	Dead: 0
9.69717   0.0949818   0.482172  9.09487 	Dead: 0
9.66388   0.0944371   0.479407  9.09487 	Dead: 0
9.67893   0.0940824   0.477606  9.09487 	Dead: 0
9.62306   0.0910164   0.462042  9.09487 	Dead: 0
9.58057   0.0864513   0.438867  9.09487 	Dead: 0
9.64091   0.0975518   0.495219  9.09487 	Dead: 0
9.60255   0.0917581   0.465807  9.09487 	Dead: 0
9.61706   0.0891009   0.452318  9.01026 	Dead: 0
9.54685   0.0848203   0.430587  9.01026 	Dead: 0
9.57058   0.0878933   0.446188  9.01026 	Dead: 0
9.5623    0.09282     0.471198  8.92635 	Dead: 0
9.59966   0.100319    0.509265  8.92635 	Dead: 0
9.50342   0.0888561   0.451075  8.92635 	Dead: 0
9.54856   0.0993149   0.504169  8.92635 	Dead: 0
9.49814   0.0897043   0.455381  8.92635 	Dead: 0
9.49202   0.0991563   0.503364  8.91422 	Dead: 0
9.40624   0.0883599   0.448556  8.76508 	Dead: 0
9.44974   0.0980338   0.497665  8.76508 	Dead: 0
9.42241   0.0935796   0.475054  8.76508 	Dead: 0
9.41472   0.0994469   0.504839  8.76508 	Dead: 0
9.45914   0.102473    0.520201  8.76508 	Dead: 0
9.3369    0.0908295   0.461093  8.76508 	Dead: 0
9.22148   0.0695015   0.352822  8.76508 	Dead: 0
9.22521   0.0769027   0.390394  8.72921 	Dead: 0
9.16227   0.0781027   0.396486  8.72921 	Dead: 0
9.15403   0.0776204   0.394038  8.62911 	Dead: 0
9.13815   0.0828437   0.420553  8.62911 	Dead: 0
9.22776   0.105746    0.536814  8.62911 	Dead: 0
9.15237   0.0860269   0.436713  8.62911 	Dead: 0
9.15996   0.0889164   0.451381  8.52716 	Dead: 0
9.14901   0.0894065   0.453869  8.52716 	Dead: 0
9.13767   0.0893756   0.453712  8.52716 	Dead: 0
9.10563   0.0910874   0.462402  8.50604 	Dead: 0
9.19611   0.106413    0.540202  8.50604 	Dead: 0
9.24195   0.10519     0.533991  8.50604 	Dead: 0
9.21543   0.0945539   0.48      8.50604 	Dead: 0
9.19795   0.10436     0.52978   8.50604 	Dead: 0
9.16066   0.100821    0.511814  8.50604 	Dead: 0
9.24601   0.105241    0.53425   8.50604 	Dead: 0
9.1587    0.104516    0.530574  8.50604 	Dead: 0
9.21859   0.10895     0.553082  8.50604 	Dead: 0
9.12678   0.102559    0.520639  8.50604 	Dead: 0
9.0869    0.098224    0.498631  8.50604 	Dead: 0
9.10941   0.0996973   0.50611   8.48924 	Dead: 0
9.13773   0.109839    0.557595  8.38388 	Dead: 0
9.11599   0.103391    0.524859  8.36806 	Dead: 0
9.11963   0.10757     0.546073  8.36806 	Dead: 0
9.1033    0.10518     0.533942  8.36806 	Dead: 0
9.06006   0.100097    0.508138  8.36806 	Dead: 0
9.06627   0.0988101   0.501606  8.35845 	Dead: 0
9.12959   0.107245    0.544424  8.35845 	Dead: 0
9.03623   0.100946    0.51245   8.35845 	Dead: 0
9.17662   0.107711    0.546791  8.35845 	Dead: 0
9.19379   0.115648    0.587082  8.35845 	Dead: 0
9.08286   0.102418    0.519922  8.35845 	Dead: 0
9.19433   0.108052    0.548523  8.35845 	Dead: 0
9.23293   0.112411    0.570652  8.35845 	Dead: 0
9.18887   0.110662    0.561772  8.35845 	Dead: 0
9.18347   0.108977    0.553216  8.35845 	Dead: 0
9.15699   0.107816    0.547324  8.35845 	Dead: 0
9.2132    0.114871    0.583141  8.35845 	Dead: 0
9.12467   0.107867    0.547583  8.35845 	Dead: 0
9.15923   0.112322    0.570198  8.35845 	Dead: 0
9.11991   0.116665    0.592248  8.30153 	Dead: 0
