5.20934   0.173248    0.879486  3.63329 	Dead: 0
3.64078   0.0573856   0.291316  3.09662 	Dead: 0
3.57574   0.0632735   0.321206  3.09662 	Dead: 0
3.52494   0.0644017   0.326933  3.02745 	Dead: 0
3.45722   0.055769    0.283109  2.97676 	Dead: 0
3.473     0.0625358   0.317461  2.97676 	Dead: 0
3.41962   0.0568945   0.288823  2.93096 	Dead: 0
3.40904   0.0658086   0.334075  2.82734 	Dead: 0
3.36504   0.0574649   0.291719  2.82734 	Dead: 0
3.3336    0.0553184   0.280822  2.82734 	Dead: 0
3.28354   0.0500704   0.254181  2.82734 	Dead: 0
3.26546   0.0497793   0.252703  2.82734 	Dead: 0
3.26339   0.0505069   0.256396  2.82734 	Dead: 0
3.27727   0.0539424   0.273837  2.82734 	Dead: 0
3.21524   0.04863     0.246869  2.73547 	Dead: 0
3.15882   0.0509945   0.258872  2.73547 	Dead: 0
3.18731   0.0562805   0.285706  2.73547 	Dead: 0
3.16419   0.0525746   0.266893  2.73547 	Dead: 0
3.08386   0.0424981   0.21574   2.73547 	Dead: 0
3.13916   0.0539403   0.273826  2.73547 	Dead: 0
3.10757   0.0524012   0.266013  2.73547 	Dead: 0
3.09605   0.0491414   0.249465  2.73547 	Dead: 0
3.11044   0.0508859   0.258321  2.73547 	Dead: 0
3.09983   0.0510355   0.25908   2.73547 	Dead: 0
3.1197    0.0531752   0.269942  2.56698 	Dead: 0
3.09179   0.05352     0.271692  2.56698 	Dead: 0
3.05609   0.046234    0.234705  2.56698 	Dead: 0
3.10148   0.0558009   0.283271  2.56698 	Dead: 0
3.0717    0.0506968   0.257361  2.56698 	Dead: 0
3.07728   0.0517249   0.26258   2.56698 	Dead: 0
3.01629   0.0462508   0.23479   2.56698 	Dead: 0
3.02473   0.0486814   0.24713   2.56698 	Dead: 0
2.98286   0.0462323   0.234696  2.56698 	Dead: 0
3.01028   0.0484526   0.245968  2.56698 	Dead: 0
2.99751   0.048037    0.243858  2.56698 	Dead: 0
2.98367   0.0475449   0.24136   2.56698 	Dead: 0
3.00247   0.0499603   0.253622  2.56698 	Dead: 0
2.97503   0.0452152   0.229533  2.56698 	Dead: 0
2.99641   0.0496113   0.25185   2.56698 	Dead: 0
2.96672   0.0457063   0.232027  2.55386 	Dead: 0
3.00189   0.0457977   0.23249   2.55386 	Dead: 0
2.98572   0.0495744   0.251663  2.55386 	Dead: 0
2.97421   0.0483092   0.24524   2.55386 	Dead: 0
2.94334   0.0422503   0.214482  2.55386 	Dead: 0
2.96915   0.0479772   0.243555  2.55386 	Dead: 0
2.97616   0.0493547   0.250547  2.55386 	Dead: 0
2.95324   0.0484599   0.246005  2.55386 	Dead: 0
2.93463   0.0441825   0.224291  2.55386 	Dead: 0
2.94047   0.0447081   0.226959  2.55386 	Dead: 0
2.95797   0.044225    0.224507  2.55386 	Dead: 0
2.96957   0.0465973   0.23655   2.55386 	Dead: 0
2.94987   0.0466205   0.236668  2.55386 	Dead: 0
2.95025   0.0427879   0.217212  2.55386 	Dead: 0
2.96705   0.048304    0.245214  2.55386 	Dead: 0
2.97215   0.0489174   0.248328  2.55386 	Dead: 0
2.94995   0.0463537   0.235313  2.55386 	Dead: 0
2.93333   0.0468562   0.237864  2.55386 	Dead: 0
2.95351   0.0494639   0.251102  2.55386 	Dead: 0
2.91971   0.0420723   0.213578  2.55386 	Dead: 0
2.94958   0.0491032   0.249271  2.55386 	Dead: 0
2.92366   0.0466723   0.236931  2.52968 	Dead: 0
2.96888   0.050482    0.25627   2.52968 	Dead: 0
2.9064    0.0427515   0.217027  2.52968 	Dead: 0
2.94023   0.044177    0.224263  2.52968 	Dead: 0
2.96298   0.0478963   0.243144  2.52968 	Dead: 0
2.96033   0.0478026   0.242668  2.52968 	Dead: 0
2.94794   0.0452122   0.229518  2.52968 	Dead: 0
2.97392   0.053809    0.273159  2.52968 	Dead: 0
2.97046   0.0503026   0.25536   2.52968 	Dead: 0
2.98719   0.0514795   0.261334  2.52968 	Dead: 0
2.96429   0.0469845   0.238515  2.52968 	Dead: 0
2.93944   0.047258    0.239904  2.52968 	Dead: 0
2.94527   0.049082    0.249163  2.52968 	Dead: 0
2.96054   0.0491374   0.249444  2.52968 	Dead: 0
2.94546   0.0477359   0.24233   2.52968 	Dead: 0
2.93872   0.0460926   0.233988  2.52968 	Dead: 0
2.93409   0.0501268   0.254467  2.52968 	Dead: 0
2.89957   0.0449144   0.228007  2.52968 	Dead: 0
2.92766   0.048104    0.244198  2.52968 	Dead: 0
2.91085   0.0489632   0.24856   2.52968 	Dead: 0
2.94209   0.0479045   0.243185  2.52968 	Dead: 0
2.94641   0.0533693   0.270927  2.52968 	Dead: 0
2.95354   0.0545208   0.276773  2.52968 	Dead: 0
2.92721   0.0527492   0.26778   2.52968 	Dead: 0
2.91512   0.0464659   0.235882  2.52968 	Dead: 0
2.93491   0.0486485   0.246963  2.52968 	Dead: 0
2.89958   0.0449869   0.228374  2.52968 	Dead: 0
2.92625   0.0477487   0.242395  2.52968 	Dead: 0
2.92606   0.0474444   0.24085   2.52968 	Dead: 0
2.93353   0.0505412   0.256571  2.52968 	Dead: 0
2.91109   0.0453527   0.230231  2.52968 	Dead: 0
2.91621   0.0469933   0.23856   2.52968 	Dead: 0
2.91946   0.0492488   0.25001   2.52968 	Dead: 0
2.93794   0.0499467   0.253553  2.52968 	Dead: 0
2.90963   0.0489008   0.248243  2.52968 	Dead: 0
2.8734    0.0408976   0.207615  2.52968 	Dead: 0
2.87921   0.0419724   0.213071  2.52968 	Dead: 0
2.9026    0.0467586   0.237368  2.52968 	Dead: 0
2.93117   0.0529052   0.268571  2.52968 	Dead: 0
2.8654    0.039565    0.200851  2.52968 	Dead: 0
2.89717   0.0498343   0.252982  2.52968 	Dead: 0
