5.30244   0.178377    0.905524  3.93089 	Dead: 0
3.53453   0.0411311   0.208801  3.1992  	Dead: 0
3.38046   0.0483396   0.245394  3.01759 	Dead: 0
3.3121    0.0429621   0.218096  2.76391 	Dead: 0
3.30868   0.0585971   0.297466  2.76391 	Dead: 0
3.26927   0.0486881   0.247163  2.76391 	Dead: 0
3.15164   0.0401582   0.203862  2.76391 	Dead: 0
3.2088    0.0513827   0.260842  2.76391 	Dead: 0
3.18375   0.0482897   0.245141  2.76391 	Dead: 0
3.18075   0.05092     0.258494  2.76391 	Dead: 0
3.18674   0.0532519   0.270332  2.76391 	Dead: 0
3.16879   0.0465844   0.236484  2.76391 	Dead: 0
3.20618   0.0556269   0.282388  2.76391 	Dead: 0
3.12703   0.0445456   0.226134  2.73115 	Dead: 0
3.17367   0.0490962   0.249235  2.73115 	Dead: 0
3.17404   0.0546236   0.277295  2.73115 	Dead: 0
3.15221   0.0514763   0.261318  2.73115 	Dead: 0
3.16568   0.0534153   0.271161  2.73115 	Dead: 0
3.16183   0.0554972   0.28173   2.73115 	Dead: 0
3.15313   0.0519138   0.263539  2.73115 	Dead: 0
3.17653   0.0553692   0.28108   2.73115 	Dead: 0
3.15053   0.0521687   0.264833  2.71218 	Dead: 0
3.13169   0.0519772   0.263861  2.71218 	Dead: 0
3.1691    0.0543079   0.275692  2.71218 	Dead: 0
3.13909   0.0527297   0.267681  2.71218 	Dead: 0
3.14864   0.0526076   0.267061  2.71218 	Dead: 0
3.12428   0.047616    0.241721  2.71218 	Dead: 0
3.16442   0.0575453   0.292127  2.71218 	Dead: 0
3.18545   0.0590364   0.299696  2.71218 	Dead: 0
3.17064   0.0603035   0.306129  2.71218 	Dead: 0
3.12858   0.0543365   0.275837  2.66952 	Dead: 0
3.12876   0.0538839   0.27354   2.66952 	Dead: 0
3.15118   0.0583331   0.296126  2.66952 	Dead: 0
3.13472   0.0593835   0.301459  2.66952 	Dead: 0
3.12521   0.0508894   0.258338  2.66952 	Dead: 0
3.11505   0.049897    0.253301  2.66952 	Dead: 0
3.1193    0.0554199   0.281337  2.66952 	Dead: 0
3.12966   0.0564828   0.286733  2.66952 	Dead: 0
3.11275   0.0580618   0.294749  2.66952 	Dead: 0
3.11255   0.0530554   0.269334  2.66952 	Dead: 0
3.12306   0.0515951   0.261921  2.66952 	Dead: 0
3.1236    0.0532022   0.270079  2.66952 	Dead: 0
3.1264    0.0555914   0.282208  2.66952 	Dead: 0
3.10924   0.0523888   0.26595   2.66952 	Dead: 0
3.08515   0.0492715   0.250125  2.66952 	Dead: 0
3.09915   0.0549768   0.279088  2.66952 	Dead: 0
3.10138   0.0491177   0.249344  2.60034 	Dead: 0
3.09584   0.0555269   0.28188   2.60034 	Dead: 0
3.13387   0.0572076   0.290412  2.60034 	Dead: 0
3.10881   0.0505219   0.256473  2.60034 	Dead: 0
3.10172   0.0552217   0.280331  2.60034 	Dead: 0
3.12361   0.056424    0.286435  2.60034 	Dead: 0
3.0948    0.053299    0.270571  2.60034 	Dead: 0
3.10162   0.0500972   0.254317  2.60034 	Dead: 0
3.06415   0.0451391   0.229147  2.60034 	Dead: 0
3.1097    0.0507837   0.257802  2.60034 	Dead: 0
3.07211   0.0491498   0.249507  2.60034 	Dead: 0
3.06755   0.0475122   0.241194  2.60034 	Dead: 0
3.09538   0.0585119   0.297033  2.60034 	Dead: 0
3.07724   0.0518813   0.263374  2.60034 	Dead: 0
3.11317   0.0557811   0.283171  2.60034 	Dead: 0
3.07687   0.0548423   0.278405  2.60034 	Dead: 0
3.06677   0.0502332   0.255007  2.60034 	Dead: 0
3.07848   0.0523941   0.265977  2.60034 	Dead: 0
3.09804   0.0594377   0.301734  2.60034 	Dead: 0
3.08401   0.0524374   0.266197  2.60034 	Dead: 0
3.05787   0.0532666   0.270406  2.60034 	Dead: 0
3.05175   0.0514681   0.261276  2.60034 	Dead: 0
3.07052   0.0545639   0.276992  2.60034 	Dead: 0
3.04319   0.0484082   0.245743  2.60034 	Dead: 0
3.07145   0.0566216   0.287437  2.60034 	Dead: 0
3.02235   0.0478568   0.242943  2.60034 	Dead: 0
3.04945   0.0532019   0.270077  2.60034 	Dead: 0
3.0343    0.0488428   0.247949  2.60034 	Dead: 0
3.00655   0.0448593   0.227727  2.60034 	Dead: 0
3.0335    0.0500933   0.254297  2.60034 	Dead: 0
3.01489   0.0480865   0.24411   2.60034 	Dead: 0
3.05841   0.0544293   0.276308  2.60034 	Dead: 0
3.005     0.0500047   0.253847  2.60034 	Dead: 0
3.02621   0.050415    0.25593   2.60034 	Dead: 0
3.01214   0.0473308   0.240273  2.60034 	Dead: 0
3.04877   0.0552603   0.280527  2.60034 	Dead: 0
3.05429   0.0551789   0.280114  2.60034 	Dead: 0
3.0114    0.0530754   0.269436  2.60034 	Dead: 0
2.99911   0.0499098   0.253365  2.60034 	Dead: 0
3.0201    0.0488942   0.24821   2.60034 	Dead: 0
3.0077    0.0505148   0.256437  2.60034 	Dead: 0
3.05612   0.054835    0.278368  2.60034 	Dead: 0
3.03522   0.0528108   0.268092  2.60034 	Dead: 0
3.00376   0.0501375   0.254521  2.60034 	Dead: 0
3.00731   0.0486573   0.247007  2.60034 	Dead: 0
2.9901    0.0479029   0.243177  2.60034 	Dead: 0
3.0146    0.0485986   0.246709  2.60034 	Dead: 0
3.00254   0.0547661   0.278018  2.60034 	Dead: 0
3.01546   0.0532415   0.270278  2.60034 	Dead: 0
2.99141   0.0537893   0.273059  2.60034 	Dead: 0
2.98302   0.049809    0.252854  2.60034 	Dead: 0
2.96677   0.0493711   0.25063   2.60034 	Dead: 0
2.97099   0.0517205   0.262557  2.60034 	Dead: 0
2.98602   0.0550468   0.279443  2.60034 	Dead: 0
2.97783   0.0481362   0.244362  2.60034 	Dead: 0
