10.706    0.0856484   0.434791  9.01047 	Dead: 0
7.97633   0.0716865   0.363914  6.91733 	Dead: 0
4.90956   0.0730373   0.370771  4.19879 	Dead: 0
4.3142    0.0841071   0.426967  3.88208 	Dead: 0
4.11391   0.0895585   0.454641  3.56797 	Dead: 0
3.82605   0.0656457   0.333248  3.32588 	Dead: 0
3.65197   0.0984563   0.49981   3.08093 	Dead: 0
3.48702   0.107074    0.543557  2.99217 	Dead: 0
3.3995    0.0827812   0.420236  2.96916 	Dead: 0
3.37942   0.0960223   0.487454  2.96916 	Dead: 0
3.38598   0.106353    0.539898  2.9515  	Dead: 0
3.37388   0.12071     0.612782  2.9515  	Dead: 0
3.42533   0.129853    0.659192  2.87531 	Dead: 0
3.32453   0.0965666   0.490217  2.87531 	Dead: 0
3.43      0.135461    0.687661  2.87531 	Dead: 0
3.3901    0.130337    0.661654  2.86734 	Dead: 0
3.2365    0.0874726   0.444052  2.76088 	Dead: 0
3.2821    0.128068    0.650133  2.76088 	Dead: 0
3.32421   0.137168    0.696327  2.74053 	Dead: 0
3.33966   0.152156    0.772416  2.74053 	Dead: 0
3.35025   0.145379    0.738012  2.74053 	Dead: 0
3.20447   0.110048    0.558653  2.74053 	Dead: 0
3.22599   0.131245    0.666261  2.7138  	Dead: 0
3.16403   0.0929837   0.472029  2.7138  	Dead: 0
3.22493   0.118455    0.601331  2.7138  	Dead: 0
3.18968   0.110182    0.559334  2.7138  	Dead: 0
3.24791   0.129766    0.658755  2.7138  	Dead: 0
3.31162   0.17727     0.899904  2.7138  	Dead: 0
3.15626   0.0936423   0.475372  2.7138  	Dead: 0
3.18438   0.121204    0.615287  2.7138  	Dead: 0
3.19813   0.128188    0.650741  2.7138  	Dead: 0
3.20131   0.127518    0.647343  2.7138  	Dead: 0
3.22542   0.148767    0.755212  2.7138  	Dead: 0
3.23358   0.144604    0.734076  2.7138  	Dead: 0
3.29425   0.165378    0.839536  2.63923 	Dead: 0
3.16954   0.112409    0.57064   2.63923 	Dead: 0
3.16149   0.12105     0.614507  2.63923 	Dead: 0
3.13291   0.108526    0.550931  2.63923 	Dead: 0
3.21359   0.137545    0.698243  2.63923 	Dead: 0
3.16673   0.119031    0.604255  2.63923 	Dead: 0
3.24273   0.148402    0.753357  2.63923 	Dead: 0
3.30759   0.163502    0.83001   2.48499 	Dead: 0
3.20717   0.145483    0.738541  2.48499 	Dead: 0
3.10851   0.0983939   0.499493  2.48499 	Dead: 0
3.22232   0.14095     0.71553   2.48499 	Dead: 0
3.15818   0.126784    0.643614  2.48499 	Dead: 0
3.07668   0.0913205   0.463585  2.48499 	Dead: 0
3.27149   0.164863    0.836924  2.48499 	Dead: 0
3.25422   0.157001    0.797012  2.48499 	Dead: 0
3.23434   0.148712    0.754931  2.48499 	Dead: 0
3.13524   0.119016    0.60418   2.48499 	Dead: 0
3.18109   0.135718    0.688967  2.48499 	Dead: 0
3.24906   0.147783    0.750215  2.48499 	Dead: 0
3.21933   0.148676    0.754748  2.48499 	Dead: 0
3.13792   0.146348    0.742932  2.48499 	Dead: 0
3.18449   0.126796    0.643673  2.48499 	Dead: 0
3.09334   0.11065     0.561709  2.48499 	Dead: 0
3.18705   0.151782    0.770517  2.48499 	Dead: 0
3.15294   0.146967    0.746073  2.48499 	Dead: 0
3.20781   0.139963    0.710515  2.48499 	Dead: 0
3.19415   0.132942    0.674874  2.48499 	Dead: 0
3.19871   0.159541    0.809906  2.48499 	Dead: 0
3.13884   0.120724    0.612853  2.48499 	Dead: 0
3.2086    0.159999    0.812227  2.48499 	Dead: 0
3.10368   0.108433    0.550454  2.48499 	Dead: 0
3.16142   0.126635    0.642859  2.48499 	Dead: 0
3.08466   0.107297    0.544689  2.48499 	Dead: 0
3.11351   0.11627     0.59024   2.48499 	Dead: 0
3.09065   0.129563    0.657722  2.48499 	Dead: 0
3.13825   0.147975    0.751188  2.48499 	Dead: 0
3.03607   0.0909031   0.461467  2.48499 	Dead: 0
3.08504   0.103463    0.525229  2.48499 	Dead: 0
3.24564   0.163076    0.827851  2.48499 	Dead: 0
3.10902   0.123457    0.626723  2.48499 	Dead: 0
3.21524   0.154276    0.783175  2.48499 	Dead: 0
3.11189   0.113613    0.576755  2.48499 	Dead: 0
3.26675   0.168905    0.857443  2.48499 	Dead: 0
3.06786   0.0952027   0.483293  2.48499 	Dead: 0
3.15757   0.118422    0.601166  2.48499 	Dead: 0
3.06754   0.0932674   0.473469  2.48499 	Dead: 0
3.26318   0.16824     0.854063  2.48499 	Dead: 0
3.16364   0.151284    0.76799   2.48499 	Dead: 0
3.1692    0.141086    0.716216  2.48499 	Dead: 0
3.148     0.143042    0.726148  2.48499 	Dead: 0
3.06434   0.110453    0.560709  2.48499 	Dead: 0
3.21337   0.17281     0.877264  2.48499 	Dead: 0
3.11689   0.142769    0.72476   2.48499 	Dead: 0
3.07218   0.126112    0.640205  2.48499 	Dead: 0
3.03525   0.101019    0.512819  2.48499 	Dead: 0
3.05686   0.131854    0.669353  2.48499 	Dead: 0
3.20572   0.168666    0.856225  2.48499 	Dead: 0
3.133     0.144675    0.73444   2.48499 	Dead: 0
3.2758    0.177806    0.902627  2.48499 	Dead: 0
3.02303   0.0984065   0.499558  2.48499 	Dead: 0
3.14966   0.13792     0.700144  2.48499 	Dead: 0
3.1829    0.180129    0.91442   2.48499 	Dead: 0
3.08392   0.136667    0.693786  2.48499 	Dead: 0
3.22724   0.18011     0.914323  2.48499 	Dead: 0
3.26369   0.191632    0.972814  2.48499 	Dead: 0
3.18044   0.152872    0.776049  2.48499 	Dead: 0
3.16361   0.140869    0.715117  2.48499 	Dead: 0
