10.7073   0.0759386   0.3855    9.6467  	Dead: 0
7.0565    0.0702897   0.356823  5.81554 	Dead: 0
4.84367   0.0787775   0.399911  4.32968 	Dead: 0
4.06585   0.0705403   0.358095  3.53806 	Dead: 0
3.62838   0.0805823   0.409073  3.04084 	Dead: 0
3.51077   0.128965    0.654689  2.96801 	Dead: 0
3.40719   0.119411    0.606187  2.90493 	Dead: 0
3.27909   0.104371    0.529836  2.85777 	Dead: 0
3.4142    0.145184    0.737023  2.74239 	Dead: 0
3.33045   0.133949    0.679986  2.71545 	Dead: 0
3.21516   0.111264    0.564828  2.65538 	Dead: 0
3.30821   0.126424    0.641787  2.65538 	Dead: 0
3.37152   0.149994    0.761439  2.65538 	Dead: 0
3.27546   0.109581    0.556285  2.65538 	Dead: 0
3.25337   0.117101    0.59446   2.65538 	Dead: 0
3.19302   0.108278    0.549672  2.65538 	Dead: 0
3.22556   0.130555    0.662759  2.65538 	Dead: 0
3.19421   0.121735    0.617984  2.65538 	Dead: 0
3.16868   0.116973    0.593812  2.65538 	Dead: 0
3.13954   0.107162    0.544006  2.65538 	Dead: 0
3.16845   0.111361    0.565318  2.65538 	Dead: 0
3.11805   0.114464    0.581071  2.63857 	Dead: 0
3.05525   0.0836424   0.424608  2.57838 	Dead: 0
3.20032   0.135765    0.689204  2.57838 	Dead: 0
3.18779   0.138539    0.70329   2.57838 	Dead: 0
3.11849   0.121305    0.615802  2.57838 	Dead: 0
3.13198   0.121452    0.616547  2.57838 	Dead: 0
3.15294   0.131204    0.666051  2.49377 	Dead: 0
3.21196   0.176757    0.897299  2.49377 	Dead: 0
3.16884   0.133395    0.677176  2.49377 	Dead: 0
3.10621   0.126197    0.640636  2.49377 	Dead: 0
3.10514   0.118256    0.600323  2.49377 	Dead: 0
3.02151   0.096415    0.489448  2.49377 	Dead: 0
3.04879   0.11375     0.577451  2.49377 	Dead: 0
3.09261   0.135842    0.689597  2.49377 	Dead: 0
3.07203   0.131069    0.665369  2.49377 	Dead: 0
3.10894   0.156865    0.796319  2.49377 	Dead: 0
3.04263   0.123611    0.627505  2.49377 	Dead: 0
3.06333   0.113414    0.57574   2.49377 	Dead: 0
3.10361   0.134903    0.684831  2.49377 	Dead: 0
3.07581   0.12983     0.659078  2.49377 	Dead: 0
3.18879   0.157171    0.797875  2.49377 	Dead: 0
3.04984   0.116755    0.592703  2.49377 	Dead: 0
3.14057   0.1629      0.826957  2.49377 	Dead: 0
3.0675    0.106267    0.539459  2.49377 	Dead: 0
3.13786   0.152815    0.77576   2.49377 	Dead: 0
3.20842   0.156956    0.796779  2.49377 	Dead: 0
3.03559   0.104693    0.531469  2.49377 	Dead: 0
3.0802    0.141325    0.71743   2.49377 	Dead: 0
3.1393    0.151615    0.76967   2.49377 	Dead: 0
3.09741   0.132646    0.673374  2.49377 	Dead: 0
3.12131   0.141546    0.718554  2.49377 	Dead: 0
3.14139   0.132698    0.673637  2.49377 	Dead: 0
3.04411   0.101371    0.514609  2.49377 	Dead: 0
3.05927   0.130037    0.660126  2.49377 	Dead: 0
3.15484   0.15591     0.791471  2.49377 	Dead: 0
3.10368   0.131395    0.667022  2.49377 	Dead: 0
3.17831   0.147646    0.749522  2.49377 	Dead: 0
3.17274   0.153005    0.776725  2.49377 	Dead: 0
3.01489   0.113939    0.578406  2.49377 	Dead: 0
3.12068   0.149926    0.761093  2.49377 	Dead: 0
3.07909   0.134364    0.682095  2.49377 	Dead: 0
3.05232   0.108776    0.5522    2.49377 	Dead: 0
3.0695    0.141827    0.71998   2.49377 	Dead: 0
3.03139   0.109287    0.554794  2.49377 	Dead: 0
3.07456   0.14834     0.753043  2.45931 	Dead: 0
2.9864    0.117968    0.59886   2.45931 	Dead: 0
3.05252   0.13937     0.707505  2.45931 	Dead: 0
3.01699   0.120333    0.610867  2.45931 	Dead: 0
3.02779   0.135367    0.687186  2.45931 	Dead: 0
3.06141   0.156513    0.794532  2.45931 	Dead: 0
3.0334    0.158361    0.803914  2.45931 	Dead: 0
3.00358   0.125165    0.635394  2.45931 	Dead: 0
2.96264   0.123947    0.62921   2.45931 	Dead: 0
2.9663    0.116266    0.590222  2.45931 	Dead: 0
3.02769   0.147932    0.750973  2.44417 	Dead: 0
2.99145   0.135134    0.686002  2.44417 	Dead: 0
3.02799   0.132475    0.672506  2.44417 	Dead: 0
2.86678   0.101658    0.516066  2.44417 	Dead: 0
2.97302   0.128905    0.654381  2.44417 	Dead: 0
3.03546   0.162813    0.826514  2.29322 	Dead: 0
3.08262   0.171291    0.869554  2.29322 	Dead: 0
2.99535   0.135764    0.689204  2.29322 	Dead: 0
3.0271    0.143598    0.728968  2.29322 	Dead: 0
2.90325   0.123647    0.627687  2.29322 	Dead: 0
2.91886   0.120538    0.611908  2.29322 	Dead: 0
2.94428   0.131119    0.665621  2.29322 	Dead: 0
2.94808   0.127888    0.64922   2.29322 	Dead: 0
2.93088   0.126928    0.644345  2.29322 	Dead: 0
2.9487    0.120876    0.613621  2.29322 	Dead: 0
2.85334   0.106619    0.541246  2.29322 	Dead: 0
2.92814   0.134942    0.685027  2.29322 	Dead: 0
2.98376   0.154117    0.782371  2.29322 	Dead: 0
2.94481   0.119328    0.605767  2.29322 	Dead: 0
2.81831   0.0872273   0.442807  2.29322 	Dead: 0
2.94932   0.137766    0.699366  2.29322 	Dead: 0
3.07783   0.165088    0.838062  2.29322 	Dead: 0
2.90529   0.118189    0.599982  2.29322 	Dead: 0
2.92098   0.12451     0.632069  2.29322 	Dead: 0
3.02777   0.156454    0.794234  2.29322 	Dead: 0
2.96443   0.143712    0.729549  2.29322 	Dead: 0
