13.8889   0.10321     0.523945  12.8113 	Dead: 0
12.3811   0.0502454   0.255069  11.9379 	Dead: 0
12.312    0.0535961   0.272079  11.9095 	Dead: 0
12.2771   0.0512493   0.260165  11.9095 	Dead: 0
12.2811   0.0716224   0.363589  11.4187 	Dead: 0
12.1861   0.0514706   0.261289  11.4187 	Dead: 0
12.2437   0.0788395   0.400226  11.4187 	Dead: 0
12.1343   0.0482934   0.24516   11.4187 	Dead: 0
12.1498   0.0514632   0.261251  11.4187 	Dead: 0
12.1809   0.0754373   0.382955  11.4187 	Dead: 0
12.1665   0.0808676   0.410522  11.4187 	Dead: 0
12.131    0.0645414   0.327642  11.4187 	Dead: 0
12.1621   0.0802513   0.407393  11.4187 	Dead: 0
12.1229   0.0751497   0.381495  11.4187 	Dead: 0
12.1408   0.0870515   0.441914  11.4187 	Dead: 0
12.1011   0.0788243   0.400149  11.4187 	Dead: 0
12.0974   0.070204    0.356388  11.4187 	Dead: 0
12.1121   0.072133    0.366181  11.4187 	Dead: 0
12.1051   0.0705522   0.358156  11.4187 	Dead: 0
12.133    0.0788768   0.400415  11.4187 	Dead: 0
12.1152   0.0785834   0.398926  11.4187 	Dead: 0
12.0762   0.07026     0.356673  11.4187 	Dead: 0
12.0523   0.0721341   0.366186  11.4187 	Dead: 0
12.057    0.0797564   0.404881  11.4187 	Dead: 0
12.1037   0.0754301   0.382919  11.4187 	Dead: 0
12.075    0.0670811   0.340535  11.4187 	Dead: 0
12.0817   0.0685326   0.347904  11.4187 	Dead: 0
12.1176   0.0685418   0.34795   11.4187 	Dead: 0
12.0627   0.0663112   0.336627  11.4187 	Dead: 0
12.0167   0.0535198   0.271691  11.4187 	Dead: 0
12.0589   0.0788568   0.400314  11.4187 	Dead: 0
11.9943   0.0676959   0.343656  11.4187 	Dead: 0
11.9775   0.0588241   0.298618  11.4187 	Dead: 0
12.0288   0.0704096   0.357432  11.4187 	Dead: 0
11.9909   0.0689031   0.349784  11.4187 	Dead: 0
11.9988   0.0594301   0.301695  11.4187 	Dead: 0
11.975    0.0690743   0.350653  11.404  	Dead: 0
11.9805   0.0649741   0.329839  11.404  	Dead: 0
11.9897   0.0725156   0.368123  11.404  	Dead: 0
12.0293   0.0754269   0.382902  11.404  	Dead: 0
11.9431   0.058728    0.298131  11.3553 	Dead: 0
11.9663   0.0676473   0.343409  11.3553 	Dead: 0
11.9733   0.0687271   0.348891  11.3553 	Dead: 0
11.9435   0.0789242   0.400656  11.3553 	Dead: 0
11.8972   0.061722    0.31333   11.3553 	Dead: 0
11.8718   0.0595937   0.302525  11.3553 	Dead: 0
11.8997   0.0755404   0.383478  11.2847 	Dead: 0
11.8784   0.0775153   0.393504  11.2847 	Dead: 0
11.8339   0.0589613   0.299315  11.2847 	Dead: 0
11.8876   0.070903    0.359937  11.2847 	Dead: 0
11.8741   0.0695035   0.352832  11.2847 	Dead: 0
11.858    0.0668265   0.339242  11.2847 	Dead: 0
11.847    0.077036    0.391071  11.2847 	Dead: 0
11.8272   0.0641637   0.325725  11.2847 	Dead: 0
11.7733   0.0514348   0.261107  11.2847 	Dead: 0
11.7776   0.0585368   0.29716   11.2847 	Dead: 0
11.7702   0.0575418   0.292109  11.2847 	Dead: 0
11.7855   0.0752499   0.382003  11.2847 	Dead: 0
11.7708   0.0689276   0.349909  11.2517 	Dead: 0
11.7375   0.0598677   0.303916  11.2517 	Dead: 0
11.7189   0.052193    0.264956  11.2517 	Dead: 0
11.762    0.0749087   0.380272  11.176  	Dead: 0
11.7335   0.0630973   0.320311  11.176  	Dead: 0
11.7145   0.055188    0.28016   11.176  	Dead: 0
11.7468   0.0801204   0.406728  11.176  	Dead: 0
11.6856   0.0565585   0.287117  11.176  	Dead: 0
11.6915   0.0599483   0.304325  11.176  	Dead: 0
11.7266   0.0615372   0.312391  11.176  	Dead: 0
11.728    0.0569319   0.289013  11.176  	Dead: 0
11.6956   0.0612365   0.310865  11.176  	Dead: 0
11.7338   0.0748641   0.380045  11.176  	Dead: 0
11.6619   0.051907    0.263504  11.176  	Dead: 0
11.6846   0.0704466   0.35762   11.176  	Dead: 0
11.7046   0.0727464   0.369295  11.176  	Dead: 0
11.6791   0.066258    0.336356  11.176  	Dead: 0
11.6612   0.059078    0.299907  11.1714 	Dead: 0
11.6564   0.0670002   0.340124  11.0849 	Dead: 0
11.6803   0.059706    0.303095  11.0849 	Dead: 0
11.6682   0.0623038   0.316283  11.0849 	Dead: 0
11.7077   0.0604851   0.307051  11.0849 	Dead: 0
11.7102   0.071855    0.364769  11.0849 	Dead: 0
11.6739   0.056812    0.288404  11.0849 	Dead: 0
11.6902   0.0593304   0.301189  11.0849 	Dead: 0
11.6443   0.0624571   0.317062  11.0849 	Dead: 0
11.6817   0.0655585   0.332806  11.0849 	Dead: 0
11.6694   0.0588979   0.298993  11.0849 	Dead: 0
11.6297   0.059445    0.301771  11.0849 	Dead: 0
11.6546   0.0578957   0.293905  11.0849 	Dead: 0
11.6697   0.0712543   0.36172   11.0849 	Dead: 0
11.6405   0.0570497   0.289611  11.0849 	Dead: 0
11.6428   0.0703311   0.357033  11.0849 	Dead: 0
11.6518   0.0677758   0.344062  11.0849 	Dead: 0
11.6283   0.0614168   0.311781  11.0849 	Dead: 0
11.6217   0.0707622   0.359222  11.0849 	Dead: 0
11.6259   0.0594734   0.301915  11.0849 	Dead: 0
11.6495   0.0688073   0.349298  11.0849 	Dead: 0
11.6475   0.0745369   0.378384  11.0849 	Dead: 0
11.671    0.0827862   0.420261  11.0849 	Dead: 0
11.6521   0.0606848   0.308064  11.0849 	Dead: 0
11.6304   0.0652813   0.331398  11.0849 	Dead: 0
11.642    0.0694533   0.352577  11.0849 	Dead: 0
