13.9342   0.108376    0.550168  13.0437 	Dead: 0
12.3376   0.0487793   0.247627  11.768  	Dead: 0
12.0604   0.0454546   0.230749  11.6577 	Dead: 0
12.0587   0.0553366   0.280914  11.6487 	Dead: 0
11.9922   0.0484215   0.24581   11.5658 	Dead: 0
11.9569   0.0489557   0.248522  11.3291 	Dead: 0
11.8548   0.0541442   0.274861  11.3291 	Dead: 0
11.6258   0.0522195   0.265091  11.1998 	Dead: 0
11.5867   0.0705948   0.358372  11.0278 	Dead: 0
11.5309   0.0555178   0.281834  11.0278 	Dead: 0
11.4502   0.0595051   0.302076  10.9546 	Dead: 0
11.389    0.0562725   0.285665  10.9311 	Dead: 0
11.3524   0.0579088   0.293972  10.8608 	Dead: 0
11.3233   0.0585031   0.296989  10.8608 	Dead: 0
11.2936   0.0591909   0.30048   10.7046 	Dead: 0
11.3      0.0618884   0.314175  10.7046 	Dead: 0
11.2901   0.0633067   0.321374  10.7046 	Dead: 0
11.2639   0.0649773   0.329855  10.7046 	Dead: 0
11.2332   0.0724307   0.367692  10.6577 	Dead: 0
11.2504   0.0625552   0.317559  10.6577 	Dead: 0
11.2324   0.0649455   0.329694  10.6577 	Dead: 0
11.2532   0.0673706   0.342004  10.6577 	Dead: 0
11.2146   0.0621069   0.315284  10.6577 	Dead: 0
11.1782   0.0577136   0.292981  10.6577 	Dead: 0
11.2099   0.0686373   0.348435  10.6198 	Dead: 0
11.1892   0.0649957   0.329949  10.6198 	Dead: 0
11.1991   0.0720007   0.365509  10.6198 	Dead: 0
11.2208   0.0668776   0.339502  10.6198 	Dead: 0
11.2334   0.0670386   0.340319  10.6198 	Dead: 0
11.2214   0.0699939   0.355322  10.6198 	Dead: 0
11.192    0.0613063   0.311219  10.6198 	Dead: 0
11.2198   0.0670225   0.340237  10.6198 	Dead: 0
11.2477   0.0799282   0.405753  10.59   	Dead: 0
11.2025   0.0663104   0.336622  10.59   	Dead: 0
11.1658   0.0596273   0.302696  10.59   	Dead: 0
11.1833   0.0646739   0.328315  10.59   	Dead: 0
11.2287   0.0715656   0.3633    10.59   	Dead: 0
11.2273   0.0712116   0.361503  10.59   	Dead: 0
11.1825   0.0679236   0.344812  10.59   	Dead: 0
11.1967   0.0684753   0.347612  10.59   	Dead: 0
11.2418   0.0731064   0.371122  10.59   	Dead: 0
11.1912   0.0643034   0.326434  10.59   	Dead: 0
11.182    0.0681915   0.346172  10.59   	Dead: 0
11.2018   0.0658173   0.334119  10.59   	Dead: 0
11.1583   0.0651321   0.330641  10.59   	Dead: 0
11.2024   0.0742024   0.376686  10.59   	Dead: 0
11.1966   0.0697462   0.354064  10.59   	Dead: 0
11.159    0.0657514   0.333785  10.59   	Dead: 0
11.1837   0.0713148   0.362027  10.59   	Dead: 0
11.1469   0.0648383   0.329149  10.59   	Dead: 0
11.1541   0.0777983   0.394941  10.59   	Dead: 0
11.1739   0.0754116   0.382824  10.5208 	Dead: 0
11.1723   0.0696107   0.353376  10.5208 	Dead: 0
11.2234   0.0730808   0.370992  10.5208 	Dead: 0
11.1736   0.0712475   0.361686  10.5208 	Dead: 0
11.184    0.0724091   0.367582  10.5208 	Dead: 0
11.2173   0.078543    0.398721  10.5208 	Dead: 0
11.1799   0.0694168   0.352392  10.5208 	Dead: 0
11.1459   0.0648678   0.329299  10.5208 	Dead: 0
11.2243   0.0726409   0.368759  10.5208 	Dead: 0
11.1995   0.070786    0.359343  10.5208 	Dead: 0
11.2144   0.074325    0.377309  10.5208 	Dead: 0
11.2279   0.0828252   0.420459  10.5208 	Dead: 0
11.2263   0.0786614   0.399322  10.5208 	Dead: 0
11.1775   0.0739741   0.375527  10.5208 	Dead: 0
11.188    0.0743853   0.377614  10.5208 	Dead: 0
11.2159   0.0672782   0.341535  10.5208 	Dead: 0
11.185    0.0699084   0.354888  10.5208 	Dead: 0
11.1775   0.0710332   0.360598  10.5208 	Dead: 0
11.1943   0.0754585   0.383063  10.5208 	Dead: 0
11.1705   0.0723766   0.367417  10.5208 	Dead: 0
11.159    0.0705436   0.358112  10.5208 	Dead: 0
11.1894   0.0725006   0.368047  10.5208 	Dead: 0
11.1805   0.0670952   0.340607  10.5208 	Dead: 0
11.1804   0.071301    0.361957  10.5208 	Dead: 0
11.1813   0.0749974   0.380722  10.5208 	Dead: 0
11.2278   0.0744131   0.377756  10.5208 	Dead: 0
11.2013   0.0732719   0.371962  10.5208 	Dead: 0
11.1982   0.0721108   0.366068  10.5208 	Dead: 0
11.1939   0.0693798   0.352204  10.5208 	Dead: 0
11.2333   0.0742578   0.376967  10.5208 	Dead: 0
11.2297   0.085073    0.43187   10.5208 	Dead: 0
11.1646   0.0706793   0.358801  10.5208 	Dead: 0
11.2038   0.0762849   0.387258  10.5208 	Dead: 0
11.1843   0.0725663   0.36838   10.5208 	Dead: 0
11.2044   0.072013    0.365571  10.5208 	Dead: 0
11.2027   0.068408    0.347271  10.5208 	Dead: 0
11.1954   0.0707472   0.359146  10.5208 	Dead: 0
11.196    0.0721699   0.366368  10.5208 	Dead: 0
11.2      0.0715562   0.363253  10.5208 	Dead: 0
11.1981   0.0743799   0.377587  10.5208 	Dead: 0
11.1651   0.0700699   0.355708  10.5208 	Dead: 0
11.1967   0.0707518   0.359169  10.5208 	Dead: 0
11.2125   0.0731919   0.371556  10.5208 	Dead: 0
11.203    0.07311     0.37114   10.5208 	Dead: 0
11.2124   0.0725248   0.36817   10.5208 	Dead: 0
11.2005   0.0672162   0.341221  10.5208 	Dead: 0
11.2135   0.0704018   0.357392  10.5208 	Dead: 0
11.1643   0.0645917   0.327897  10.5208 	Dead: 0
11.2149   0.0770272   0.391026  10.5208 	Dead: 0
11.2102   0.0722369   0.366708  10.5208 	Dead: 0
