5.86566   0.122192    0.620304  4.64705 	Dead: 0
3.81491   0.0350446   0.177903  3.47471 	Dead: 0
3.45901   0.0313092   0.15894   3.13783 	Dead: 0
3.31006   0.0376633   0.191196  2.93996 	Dead: 0
3.1745    0.040509    0.205642  2.8408  	Dead: 0
3.04976   0.0387962   0.196948  2.71798 	Dead: 0
2.8374    0.0290285   0.147362  2.50176 	Dead: 0
2.80018   0.0367561   0.186591  2.50176 	Dead: 0
2.76938   0.0422671   0.214568  2.47069 	Dead: 0
2.73835   0.0345542   0.175413  2.42201 	Dead: 0
2.69279   0.0378102   0.191942  2.42201 	Dead: 0
2.69652   0.0405553   0.205877  2.39012 	Dead: 0
2.71441   0.0451569   0.229237  2.39012 	Dead: 0
2.68641   0.0426339   0.21643   2.37492 	Dead: 0
2.67288   0.0363653   0.184607  2.37492 	Dead: 0
2.66944   0.0370618   0.188143  2.37492 	Dead: 0
2.69072   0.0428539   0.217546  2.37114 	Dead: 0
2.66174   0.0381715   0.193776  2.37114 	Dead: 0
2.65843   0.0376666   0.191213  2.37114 	Dead: 0
2.6358    0.0420351   0.21339   2.32976 	Dead: 0
2.64741   0.0409851   0.208059  2.32976 	Dead: 0
2.6206    0.037       0.187829  2.32976 	Dead: 0
2.59465   0.0370826   0.188248  2.32256 	Dead: 0
2.58946   0.0342175   0.173704  2.32256 	Dead: 0
2.57996   0.037999    0.192901  2.31119 	Dead: 0
2.58241   0.0397245   0.20166   2.31119 	Dead: 0
2.57881   0.034929    0.177316  2.31119 	Dead: 0
2.58952   0.0412338   0.209322  2.31119 	Dead: 0
2.56783   0.0363192   0.184373  2.31119 	Dead: 0
2.57657   0.0390493   0.198232  2.31119 	Dead: 0
2.54959   0.0352399   0.178894  2.26986 	Dead: 0
2.54475   0.0390495   0.198234  2.26986 	Dead: 0
2.55273   0.043754    0.222116  2.26986 	Dead: 0
2.57569   0.0444815   0.225809  2.26986 	Dead: 0
2.56146   0.0422399   0.214429  2.22486 	Dead: 0
2.55347   0.0419296   0.212854  2.22486 	Dead: 0
2.53001   0.0375265   0.190502  2.22486 	Dead: 0
2.54745   0.0439222   0.22297   2.22486 	Dead: 0
2.4551    0.0289603   0.147016  2.22486 	Dead: 0
2.52309   0.0399638   0.202875  2.21524 	Dead: 0
2.50049   0.0390197   0.198082  2.21524 	Dead: 0
2.4841    0.0373232   0.18947   2.21524 	Dead: 0
2.48943   0.0356482   0.180967  2.21524 	Dead: 0
2.50413   0.0374376   0.190051  2.19509 	Dead: 0
2.47054   0.033534    0.170234  2.19509 	Dead: 0
2.49817   0.0387316   0.19662   2.18507 	Dead: 0
2.45455   0.0328835   0.166932  2.18507 	Dead: 0
2.44919   0.0330649   0.167853  2.18507 	Dead: 0
2.46234   0.0330147   0.167598  2.18507 	Dead: 0
2.46109   0.0380852   0.193338  2.18507 	Dead: 0
2.4627    0.0357015   0.181237  2.18507 	Dead: 0
2.44314   0.0321526   0.163221  2.18507 	Dead: 0
2.44736   0.0317684   0.161271  2.18507 	Dead: 0
2.43188   0.0354683   0.180053  2.18507 	Dead: 0
2.45611   0.0365475   0.185532  2.18507 	Dead: 0
2.46035   0.0382065   0.193954  2.18507 	Dead: 0
2.42085   0.033599    0.170564  2.18507 	Dead: 0
2.40702   0.0351991   0.178687  2.18507 	Dead: 0
2.44608   0.0381478   0.193656  2.18507 	Dead: 0
2.41905   0.0381721   0.193779  2.18507 	Dead: 0
2.40995   0.0347255   0.176283  2.18507 	Dead: 0
2.42597   0.0384667   0.195275  2.14836 	Dead: 0
2.37514   0.0317183   0.161017  2.14836 	Dead: 0
2.40621   0.0361165   0.183344  2.14836 	Dead: 0
2.39001   0.0363751   0.184657  2.14836 	Dead: 0
2.40704   0.0338294   0.171734  2.14836 	Dead: 0
2.41131   0.0472728   0.239979  2.14836 	Dead: 0
2.3831    0.0363858   0.184712  2.12712 	Dead: 0
2.38488   0.0354949   0.180189  2.12712 	Dead: 0
2.34      0.0336125   0.170632  2.10582 	Dead: 0
2.36673   0.0369932   0.187795  2.10582 	Dead: 0
2.36997   0.039765    0.201866  2.10582 	Dead: 0
2.34788   0.0329289   0.167162  2.09367 	Dead: 0
2.34357   0.0329625   0.167333  2.09367 	Dead: 0
2.37072   0.0362152   0.183845  2.09367 	Dead: 0
2.35299   0.0388614   0.197279  2.09367 	Dead: 0
2.38733   0.0390075   0.198021  2.0888  	Dead: 0
2.37761   0.0469804   0.238494  2.0888  	Dead: 0
2.36037   0.0402136   0.204143  2.07781 	Dead: 0
2.35813   0.0382817   0.194336  2.07781 	Dead: 0
2.33528   0.033825    0.171711  2.07781 	Dead: 0
2.33257   0.0351464   0.17842   2.07781 	Dead: 0
2.32126   0.0353864   0.179638  2.07387 	Dead: 0
2.35839   0.0388524   0.197233  2.07387 	Dead: 0
2.35749   0.0459171   0.233096  2.07387 	Dead: 0
2.35429   0.0418556   0.212479  2.07387 	Dead: 0
2.35399   0.0396839   0.201454  2.04011 	Dead: 0
2.35495   0.0439185   0.222951  2.04011 	Dead: 0
2.35443   0.0400352   0.203237  2.04011 	Dead: 0
2.33584   0.0363895   0.18473   2.04011 	Dead: 0
2.34593   0.0386501   0.196206  2.04011 	Dead: 0
2.339     0.0392902   0.199455  2.04011 	Dead: 0
2.34803   0.0444037   0.225414  2.04011 	Dead: 0
2.32965   0.0405963   0.206086  2.04011 	Dead: 0
2.32574   0.0355442   0.180439  2.04011 	Dead: 0
2.30918   0.038       0.192906  2.04011 	Dead: 0
2.32224   0.0383507   0.194686  2.04011 	Dead: 0
2.33941   0.0423955   0.215219  2.04011 	Dead: 0
2.2851    0.0353887   0.17965   2.04011 	Dead: 0
2.33405   0.0420418   0.213424  2.04011 	Dead: 0
2.31374   0.0392177   0.199088  2.03845 	Dead: 0
