12.1739   0.129982    0.659852  10.8402 	Dead: 0
9.73429   0.0643092   0.326463  8.99778 	Dead: 0
9.10458   0.0683555   0.347005  8.59682 	Dead: 0
8.95481   0.0667124   0.338663  8.39761 	Dead: 0
8.91624   0.0742125   0.376737  8.34012 	Dead: 0
8.67878   0.0629939   0.319786  8.02147 	Dead: 0
8.59666   0.0756318   0.383942  7.93214 	Dead: 0
8.53323   0.0736778   0.374023  7.93214 	Dead: 0
8.52478   0.080104    0.406645  7.89295 	Dead: 0
8.41551   0.0692422   0.351505  7.82899 	Dead: 0
8.41395   0.0746278   0.378846  7.76351 	Dead: 0
8.39509   0.078489    0.398447  7.76351 	Dead: 0
8.42065   0.0891072   0.45235   7.43049 	Dead: 0
8.3278    0.0799842   0.406037  7.43049 	Dead: 0
8.30458   0.0873605   0.443483  7.43049 	Dead: 0
8.26241   0.0700944   0.355832  7.43049 	Dead: 0
8.29836   0.0794195   0.40317   7.43049 	Dead: 0
8.25742   0.0827771   0.420215  7.43049 	Dead: 0
8.22153   0.0755564   0.383559  7.43049 	Dead: 0
8.2167    0.0768586   0.39017   7.43049 	Dead: 0
8.19494   0.0931781   0.473016  7.43049 	Dead: 0
8.13433   0.0753556   0.38254   7.43049 	Dead: 0
8.09731   0.0799625   0.405927  7.43049 	Dead: 0
8.15329   0.103679    0.526325  7.43049 	Dead: 0
8.14175   0.0834916   0.423843  7.43049 	Dead: 0
8.13075   0.0857951   0.435536  7.37709 	Dead: 0
8.08335   0.0835951   0.424368  7.37709 	Dead: 0
8.06267   0.0824783   0.418698  7.37709 	Dead: 0
8.07761   0.0779203   0.39556   7.37709 	Dead: 0
8.06506   0.0840874   0.426867  7.37709 	Dead: 0
8.09663   0.0865192   0.439212  7.37709 	Dead: 0
8.05913   0.0845178   0.429052  7.37709 	Dead: 0
8.04577   0.0804771   0.408539  7.37709 	Dead: 0
7.99409   0.0814781   0.413621  7.32557 	Dead: 0
8.07044   0.0878154   0.445792  7.09803 	Dead: 0
8.05368   0.0891177   0.452403  7.09803 	Dead: 0
7.99264   0.0863413   0.438309  7.09803 	Dead: 0
8.03694   0.0827882   0.420272  7.09803 	Dead: 0
8.07097   0.0939417   0.476892  7.09803 	Dead: 0
8.05015   0.0836061   0.424424  7.09803 	Dead: 0
7.99915   0.0770557   0.391171  7.09803 	Dead: 0
8.05918   0.0898137   0.455936  7.09803 	Dead: 0
8.05722   0.0838458   0.425641  7.09803 	Dead: 0
8.02652   0.0848399   0.430687  7.09803 	Dead: 0
8.0338    0.077321    0.392518  7.09803 	Dead: 0
8.02652   0.0908416   0.461154  7.09803 	Dead: 0
7.99535   0.0777301   0.394594  7.09803 	Dead: 0
8.04537   0.0893188   0.453424  7.09803 	Dead: 0
7.99174   0.0818295   0.415405  7.09803 	Dead: 0
7.9873    0.086987    0.441587  7.09803 	Dead: 0
7.97626   0.0791466   0.401785  7.09803 	Dead: 0
7.99021   0.0874806   0.444093  7.09803 	Dead: 0
7.9939    0.0851546   0.432284  7.09803 	Dead: 0
7.96685   0.0824055   0.418329  7.09803 	Dead: 0
7.98087   0.0827969   0.420316  7.09803 	Dead: 0
8.01268   0.103183    0.523804  7.09803 	Dead: 0
8.02891   0.0949032   0.481773  7.09803 	Dead: 0
8.03686   0.109563    0.556191  7.09803 	Dead: 0
7.9957    0.0845915   0.429426  7.09803 	Dead: 0
7.96382   0.088825    0.450917  7.09803 	Dead: 0
7.99265   0.103049    0.523126  7.09803 	Dead: 0
7.98509   0.0870659   0.441987  7.09803 	Dead: 0
7.96074   0.0851583   0.432303  7.09803 	Dead: 0
7.9806    0.0879313   0.44638   7.09803 	Dead: 0
8.00778   0.0870794   0.442056  7.09803 	Dead: 0
7.94427   0.0821232   0.416896  7.09803 	Dead: 0
7.94143   0.0854069   0.433565  7.09803 	Dead: 0
7.95481   0.0825886   0.419258  7.09803 	Dead: 0
7.94867   0.0807518   0.409934  7.09803 	Dead: 0
7.92958   0.0823226   0.417908  7.09803 	Dead: 0
7.94514   0.0836275   0.424532  7.09803 	Dead: 0
7.96362   0.084298    0.427936  7.09803 	Dead: 0
7.9216    0.0837383   0.425095  7.09803 	Dead: 0
7.97209   0.0869073   0.441182  7.09803 	Dead: 0
7.98274   0.0889253   0.451426  7.09803 	Dead: 0
7.96306   0.0868814   0.441051  7.09803 	Dead: 0
7.92315   0.0793742   0.40294   7.09803 	Dead: 0
7.90409   0.079375    0.402945  7.09803 	Dead: 0
7.9711    0.0851438   0.43223   7.09803 	Dead: 0
7.99163   0.09559     0.485259  7.09803 	Dead: 0
7.94824   0.0832542   0.422637  7.09803 	Dead: 0
7.96538   0.0809604   0.410993  7.09803 	Dead: 0
7.95992   0.0834597   0.42368   7.09803 	Dead: 0
7.96731   0.0904309   0.459069  7.09803 	Dead: 0
7.95941   0.0868556   0.44092   7.09803 	Dead: 0
7.98773   0.0904604   0.459219  7.09803 	Dead: 0
7.94132   0.082291    0.417748  7.09803 	Dead: 0
8.01278   0.0923181   0.46865   7.09803 	Dead: 0
7.98612   0.090272    0.458263  7.09803 	Dead: 0
8.00663   0.0871578   0.442454  7.09803 	Dead: 0
7.9849    0.104417    0.530071  7.09803 	Dead: 0
7.94223   0.0814708   0.413584  7.09803 	Dead: 0
7.96435   0.0813002   0.412718  7.09803 	Dead: 0
7.94985   0.0820643   0.416596  7.09803 	Dead: 0
7.92185   0.0850784   0.431898  7.09803 	Dead: 0
7.90007   0.0872382   0.442862  7.09803 	Dead: 0
7.96807   0.0894748   0.454216  7.09803 	Dead: 0
7.93464   0.0853049   0.433048  7.09803 	Dead: 0
8.03614   0.0984115   0.499583  7.09803 	Dead: 0
7.96245   0.0818498   0.415508  7.09803 	Dead: 0
7.94362   0.0830321   0.42151   7.09803 	Dead: 0
