6.091     0.139116    0.706218  3.80786 	Dead: 0
3.5685    0.043504    0.220847  3.02169 	Dead: 0
3.21163   0.0362601   0.184073  2.91423 	Dead: 0
3.0335    0.0365418   0.185503  2.77656 	Dead: 0
2.86773   0.0267623   0.135858  2.60357 	Dead: 0
2.80381   0.0279593   0.141934  2.50199 	Dead: 0
2.79377   0.0331766   0.16842   2.50199 	Dead: 0
2.76745   0.0279112   0.14169   2.50199 	Dead: 0
2.73265   0.0281872   0.143091  2.50199 	Dead: 0
2.67386   0.0226743   0.115105  2.44954 	Dead: 0
2.62167   0.0281828   0.143069  2.40299 	Dead: 0
2.5048    0.0257317   0.130626  2.32305 	Dead: 0
2.47626   0.0267096   0.13559   2.25425 	Dead: 0
2.46942   0.0250475   0.127153  2.25425 	Dead: 0
2.46243   0.0274745   0.139474  2.25425 	Dead: 0
2.45666   0.0291682   0.148071  2.25425 	Dead: 0
2.4418    0.0301164   0.152885  2.25425 	Dead: 0
2.41055   0.0286701   0.145543  2.23897 	Dead: 0
2.41721   0.0284654   0.144504  2.23897 	Dead: 0
2.38834   0.0272557   0.138363  2.20244 	Dead: 0
2.38866   0.0270537   0.137337  2.20244 	Dead: 0
2.37105   0.0278105   0.141179  2.17292 	Dead: 0
2.36738   0.0266987   0.135535  2.17292 	Dead: 0
2.34289   0.0253583   0.12873   2.17292 	Dead: 0
2.34169   0.0239033   0.121344  2.17292 	Dead: 0
2.33059   0.0230049   0.116784  2.17292 	Dead: 0
2.33086   0.0237787   0.120712  2.15081 	Dead: 0
2.32996   0.0247061   0.12542   2.15081 	Dead: 0
2.30496   0.0212464   0.107857  2.15081 	Dead: 0
2.32645   0.0285733   0.145051  2.15081 	Dead: 0
2.31842   0.0289917   0.147175  2.1283  	Dead: 0
2.29846   0.0255075   0.129488  2.1283  	Dead: 0
2.28877   0.0243941   0.123836  2.1283  	Dead: 0
2.28687   0.028378    0.14406   2.1283  	Dead: 0
2.26178   0.024583    0.124795  2.09668 	Dead: 0
2.23733   0.0194847   0.0989136 2.09668 	Dead: 0
2.23217   0.0190861   0.0968899 2.09668 	Dead: 0
2.25145   0.0269853   0.13699   2.08277 	Dead: 0
2.23178   0.022448    0.113956  2.06011 	Dead: 0
2.22999   0.022965    0.116581  2.06011 	Dead: 0
2.21393   0.0227876   0.115681  2.06011 	Dead: 0
2.21787   0.0215397   0.109345  2.06011 	Dead: 0
2.22072   0.0239072   0.121364  2.06011 	Dead: 0
2.20969   0.0235951   0.11978   2.058   	Dead: 0
2.21175   0.0252503   0.128182  2.058   	Dead: 0
2.18504   0.0204373   0.103749  2.058   	Dead: 0
2.17993   0.0203311   0.10321   2.058   	Dead: 0
2.20853   0.0260368   0.132175  2.04547 	Dead: 0
2.20085   0.0273003   0.138589  2.02964 	Dead: 0
2.19818   0.0276085   0.140153  2.02964 	Dead: 0
2.20596   0.0280668   0.14248   2.02964 	Dead: 0
2.1894    0.022178    0.112586  2.02964 	Dead: 0
2.19158   0.0247457   0.125621  1.99407 	Dead: 0
2.18793   0.0246096   0.12493   1.99407 	Dead: 0
2.19675   0.0311308   0.158035  1.99407 	Dead: 0
2.19768   0.0284905   0.144631  1.99407 	Dead: 0
2.19161   0.0272049   0.138105  1.99407 	Dead: 0
2.17155   0.0233919   0.118748  1.99407 	Dead: 0
2.19822   0.0339743   0.17247   1.99407 	Dead: 0
2.172     0.0244108   0.123921  1.99407 	Dead: 0
2.18613   0.0277738   0.140993  1.99407 	Dead: 0
2.18144   0.0255154   0.129528  1.99407 	Dead: 0
2.16446   0.0231762   0.117653  1.99407 	Dead: 0
2.1861    0.0246274   0.12502   1.99407 	Dead: 0
2.17072   0.0244719   0.124231  1.99407 	Dead: 0
2.17858   0.0239062   0.121359  1.99407 	Dead: 0
2.18973   0.0301565   0.153088  1.99407 	Dead: 0
2.17892   0.0283115   0.143722  1.99407 	Dead: 0
2.16481   0.0196765   0.0998873 1.99407 	Dead: 0
2.17634   0.025791    0.130927  1.99407 	Dead: 0
2.18743   0.0299036   0.151805  1.99407 	Dead: 0
2.18173   0.0245287   0.124519  1.99407 	Dead: 0
2.17698   0.025264    0.128252  1.99407 	Dead: 0
2.18823   0.0309651   0.157194  1.99407 	Dead: 0
2.20094   0.0331557   0.168314  1.99407 	Dead: 0
2.16909   0.02426     0.123155  1.99407 	Dead: 0
2.17669   0.0274513   0.139356  1.99407 	Dead: 0
2.17513   0.0276866   0.14055   1.99407 	Dead: 0
2.15439   0.0229271   0.116389  1.99407 	Dead: 0
2.17109   0.0255309   0.129607  1.99407 	Dead: 0
2.17275   0.0244417   0.124077  1.99407 	Dead: 0
2.16545   0.0262781   0.1334    1.99407 	Dead: 0
2.17867   0.0251519   0.127683  1.99407 	Dead: 0
2.17089   0.0243101   0.12341   1.99407 	Dead: 0
2.17141   0.0262911   0.133466  1.99407 	Dead: 0
2.16259   0.0236462   0.120039  1.98105 	Dead: 0
2.16553   0.0265832   0.134949  1.98105 	Dead: 0
2.15964   0.0244636   0.124189  1.98105 	Dead: 0
2.15024   0.0256572   0.130248  1.98105 	Dead: 0
2.15704   0.0258882   0.131421  1.98105 	Dead: 0
2.17855   0.0296576   0.150556  1.98105 	Dead: 0
2.16742   0.0274768   0.139485  1.98105 	Dead: 0
2.15369   0.0232138   0.117844  1.98105 	Dead: 0
2.16002   0.0251942   0.127897  1.98105 	Dead: 0
2.15008   0.0239606   0.121635  1.98105 	Dead: 0
2.15438   0.0265057   0.134555  1.98105 	Dead: 0
2.16903   0.0290507   0.147475  1.98105 	Dead: 0
2.15414   0.0246095   0.124929  1.98105 	Dead: 0
2.14267   0.0231234   0.117385  1.98105 	Dead: 0
2.1553    0.0268939   0.136526  1.98105 	Dead: 0
2.14611   0.0248503   0.126152  1.98105 	Dead: 0
