6.08451   0.172623    0.876315  4.38282 	Dead: 0
4.04806   0.042378    0.21513   3.65929 	Dead: 0
3.62502   0.0404464   0.205325  3.24039 	Dead: 0
3.47924   0.034601    0.175651  3.23494 	Dead: 0
3.47305   0.0449179   0.228024  3.0298  	Dead: 0
3.34761   0.0366793   0.186201  3.0298  	Dead: 0
3.26492   0.04008     0.203465  2.93893 	Dead: 0
3.24387   0.0399047   0.202575  2.93893 	Dead: 0
3.21996   0.0359611   0.182555  2.93893 	Dead: 0
3.18856   0.0386573   0.196242  2.81743 	Dead: 0
3.1587    0.0370282   0.187973  2.81743 	Dead: 0
3.12714   0.0371703   0.188694  2.81743 	Dead: 0
3.10781   0.0365457   0.185523  2.74697 	Dead: 0
3.08461   0.0434322   0.220482  2.72507 	Dead: 0
3.07747   0.0399244   0.202675  2.72507 	Dead: 0
3.03204   0.0434036   0.220337  2.72507 	Dead: 0
3.0349    0.0442111   0.224436  2.72507 	Dead: 0
2.97872   0.0363015   0.184283  2.72507 	Dead: 0
2.97535   0.0418213   0.212304  2.70034 	Dead: 0
2.94079   0.0395824   0.200939  2.70034 	Dead: 0
2.92937   0.0381954   0.193898  2.59314 	Dead: 0
2.89655   0.0403696   0.204935  2.59314 	Dead: 0
2.87458   0.0366754   0.186181  2.59314 	Dead: 0
2.85032   0.0403127   0.204646  2.56143 	Dead: 0
2.83254   0.0337678   0.171421  2.56143 	Dead: 0
2.83754   0.0397704   0.201893  2.56143 	Dead: 0
2.82249   0.0377524   0.191649  2.56143 	Dead: 0
2.80901   0.0397231   0.201653  2.54069 	Dead: 0
2.77861   0.0362345   0.183943  2.51141 	Dead: 0
2.75137   0.0344508   0.174888  2.42934 	Dead: 0
2.73792   0.0363706   0.184634  2.42934 	Dead: 0
2.72325   0.0345692   0.175489  2.42934 	Dead: 0
2.72424   0.0364047   0.184807  2.40209 	Dead: 0
2.69221   0.0344498   0.174884  2.40209 	Dead: 0
2.67772   0.0332678   0.168883  2.40209 	Dead: 0
2.66658   0.03578     0.181636  2.38967 	Dead: 0
2.68206   0.0384225   0.19505   2.38967 	Dead: 0
2.66793   0.0354012   0.179713  2.38967 	Dead: 0
2.67047   0.0376982   0.191373  2.38967 	Dead: 0
2.65896   0.0387107   0.196514  2.38967 	Dead: 0
2.65206   0.0385996   0.19595   2.37646 	Dead: 0
2.64752   0.0373387   0.189549  2.37646 	Dead: 0
2.62416   0.0341875   0.173552  2.36308 	Dead: 0
2.62885   0.0351673   0.178526  2.36308 	Dead: 0
2.63648   0.0373497   0.189604  2.35253 	Dead: 0
2.62353   0.0352902   0.17915   2.33262 	Dead: 0
2.64232   0.0373809   0.189763  2.33262 	Dead: 0
2.63395   0.0364497   0.185036  2.33262 	Dead: 0
2.62894   0.0392223   0.199111  2.33262 	Dead: 0
2.6355    0.041491    0.210628  2.33262 	Dead: 0
2.61084   0.0380935   0.19338   2.28388 	Dead: 0
2.61432   0.0389737   0.197848  2.28388 	Dead: 0
2.58022   0.0350405   0.177882  2.28388 	Dead: 0
2.63823   0.0391116   0.198549  2.28388 	Dead: 0
2.62338   0.039445    0.200241  2.28388 	Dead: 0
2.58458   0.0340597   0.172903  2.28388 	Dead: 0
2.6121    0.0372168   0.18893   2.28388 	Dead: 0
2.5929    0.0371686   0.188685  2.28388 	Dead: 0
2.58555   0.0352061   0.178723  2.28388 	Dead: 0
2.5902    0.0356381   0.180916  2.28388 	Dead: 0
2.59883   0.0376588   0.191173  2.28388 	Dead: 0
2.58145   0.0385306   0.195599  2.2295  	Dead: 0
2.58535   0.0393628   0.199824  2.2295  	Dead: 0
2.56168   0.0376652   0.191206  2.2295  	Dead: 0
2.56231   0.0350919   0.178143  2.2295  	Dead: 0
2.57944   0.0365371   0.18548   2.2295  	Dead: 0
2.58141   0.0404714   0.205452  2.2295  	Dead: 0
2.55232   0.0355887   0.180665  2.2295  	Dead: 0
2.56752   0.0369196   0.187421  2.2295  	Dead: 0
2.57003   0.0368767   0.187204  2.2295  	Dead: 0
2.56785   0.040454    0.205363  2.2295  	Dead: 0
2.5526    0.0340051   0.172626  2.2295  	Dead: 0
2.55482   0.0341272   0.173246  2.2295  	Dead: 0
2.55234   0.0390586   0.19828   2.2295  	Dead: 0
2.56081   0.0357219   0.181341  2.2295  	Dead: 0
2.58056   0.0371694   0.188689  2.2295  	Dead: 0
2.53629   0.0316918   0.160882  2.2295  	Dead: 0
2.55221   0.0353274   0.179338  2.2295  	Dead: 0
2.54521   0.0344598   0.174934  2.2295  	Dead: 0
2.53594   0.0342793   0.174018  2.2295  	Dead: 0
2.53681   0.0359169   0.182331  2.2295  	Dead: 0
2.52089   0.0304348   0.154501  2.2295  	Dead: 0
2.52011   0.0313846   0.159323  2.2295  	Dead: 0
2.54179   0.0351624   0.178501  2.2295  	Dead: 0
2.55417   0.0360145   0.182826  2.2295  	Dead: 0
2.54381   0.0409277   0.207768  2.2295  	Dead: 0
2.54301   0.0374275   0.189999  2.2295  	Dead: 0
2.53549   0.0323868   0.16441   2.2295  	Dead: 0
2.54586   0.0384468   0.195174  2.2295  	Dead: 0
2.55278   0.0361074   0.183298  2.2295  	Dead: 0
2.54089   0.0344466   0.174867  2.2295  	Dead: 0
2.54331   0.0395085   0.200563  2.2295  	Dead: 0
2.54086   0.0356494   0.180973  2.2295  	Dead: 0
2.5268    0.0350307   0.177832  2.2295  	Dead: 0
2.5361    0.0366421   0.186013  2.2295  	Dead: 0
2.53723   0.037245    0.189073  2.2295  	Dead: 0
2.54657   0.0379004   0.1924    2.2295  	Dead: 0
2.51407   0.0329396   0.167217  2.2295  	Dead: 0
2.52834   0.0350197   0.177776  2.2295  	Dead: 0
2.53995   0.0386693   0.196304  2.2295  	Dead: 0
2.51981   0.0338683   0.171931  2.2295  	Dead: 0
