6.11167   0.164744    0.836319  4.47733 	Dead: 0
4.06956   0.0372153   0.188922  3.71765 	Dead: 0
3.78813   0.0389941   0.197952  3.39879 	Dead: 0
3.63008   0.0443074   0.224925  3.18216 	Dead: 0
3.45314   0.0426716   0.216621  3.02261 	Dead: 0
3.24547   0.0394509   0.200271  2.92614 	Dead: 0
3.1412    0.043806    0.22238   2.81287 	Dead: 0
3.07037   0.0408798   0.207525  2.74236 	Dead: 0
3.05389   0.0379217   0.192508  2.74236 	Dead: 0
3.02247   0.0386735   0.196325  2.74236 	Dead: 0
3.00236   0.039383    0.199927  2.69921 	Dead: 0
2.9931    0.039813    0.202109  2.69921 	Dead: 0
2.97773   0.0372205   0.188949  2.69921 	Dead: 0
2.97623   0.0396825   0.201447  2.69921 	Dead: 0
2.96445   0.0444386   0.225591  2.64708 	Dead: 0
2.98039   0.0456378   0.231679  2.64708 	Dead: 0
2.91234   0.0370929   0.188301  2.64302 	Dead: 0
2.89399   0.0364712   0.185145  2.64302 	Dead: 0
2.89899   0.0417438   0.211911  2.60971 	Dead: 0
2.9095    0.0471303   0.239255  2.54942 	Dead: 0
2.86113   0.0383191   0.194526  2.54942 	Dead: 0
2.83333   0.0397858   0.201971  2.54942 	Dead: 0
2.8072    0.0386623   0.196268  2.51091 	Dead: 0
2.83262   0.0418055   0.212224  2.51091 	Dead: 0
2.79651   0.0410668   0.208474  2.49153 	Dead: 0
2.79384   0.0428578   0.217566  2.49153 	Dead: 0
2.78536   0.0389271   0.197612  2.47087 	Dead: 0
2.75917   0.0366858   0.186234  2.47087 	Dead: 0
2.77602   0.0391072   0.198526  2.47087 	Dead: 0
2.77047   0.0389065   0.197508  2.47087 	Dead: 0
2.78242   0.0426718   0.216622  2.47087 	Dead: 0
2.73858   0.0366164   0.185882  2.47087 	Dead: 0
2.77409   0.0409324   0.207792  2.36801 	Dead: 0
2.75671   0.0415785   0.211072  2.36801 	Dead: 0
2.77509   0.0437094   0.221889  2.36801 	Dead: 0
2.7415    0.0383974   0.194923  2.36801 	Dead: 0
2.78528   0.043647    0.221572  2.36801 	Dead: 0
2.74149   0.0408858   0.207556  2.36801 	Dead: 0
2.77253   0.0447664   0.227255  2.36801 	Dead: 0
2.74001   0.0393441   0.199729  2.36801 	Dead: 0
2.72364   0.0350663   0.178013  2.36801 	Dead: 0
2.75159   0.0424002   0.215243  2.36801 	Dead: 0
2.77888   0.0468638   0.237902  2.36801 	Dead: 0
2.76093   0.0418142   0.212268  2.36801 	Dead: 0
2.72919   0.0380811   0.193317  2.36801 	Dead: 0
2.76694   0.0388021   0.196977  2.36801 	Dead: 0
2.74687   0.0371049   0.188362  2.36801 	Dead: 0
2.7287    0.0375388   0.190565  2.36801 	Dead: 0
2.74713   0.0422648   0.214556  2.36801 	Dead: 0
2.72943   0.0394396   0.200214  2.36801 	Dead: 0
2.73649   0.0431328   0.218962  2.36801 	Dead: 0
2.73746   0.0391503   0.198745  2.36801 	Dead: 0
2.74033   0.0438963   0.222838  2.36801 	Dead: 0
2.7438    0.0408049   0.207145  2.36801 	Dead: 0
2.72844   0.040519    0.205693  2.36801 	Dead: 0
2.72818   0.0392922   0.199466  2.36801 	Dead: 0
2.77314   0.0464497   0.2358    2.36801 	Dead: 0
2.7445    0.0411911   0.209105  2.36801 	Dead: 0
2.71635   0.0415648   0.211002  2.36801 	Dead: 0
2.71778   0.0370564   0.188116  2.36801 	Dead: 0
2.72767   0.0436498   0.221587  2.36801 	Dead: 0
2.70914   0.0401865   0.204006  2.36801 	Dead: 0
2.7194    0.044398    0.225385  2.36801 	Dead: 0
2.73169   0.044972    0.228299  2.36801 	Dead: 0
2.71992   0.0445719   0.226268  2.36801 	Dead: 0
2.69301   0.0372071   0.18888   2.36801 	Dead: 0
2.70734   0.0410381   0.208328  2.36801 	Dead: 0
2.73363   0.0464871   0.23599   2.36801 	Dead: 0
2.7002    0.0416072   0.211217  2.36801 	Dead: 0
2.70049   0.0375381   0.190561  2.36801 	Dead: 0
2.68689   0.0382364   0.194106  2.36801 	Dead: 0
2.72657   0.0411694   0.208995  2.36801 	Dead: 0
2.70939   0.0424986   0.215743  2.36801 	Dead: 0
2.68889   0.0377904   0.191842  2.36801 	Dead: 0
2.74156   0.0429917   0.218246  2.36801 	Dead: 0
2.70694   0.0402489   0.204322  2.36801 	Dead: 0
2.71758   0.0427294   0.216914  2.36801 	Dead: 0
2.68398   0.0378728   0.19226   2.36801 	Dead: 0
2.68404   0.0407336   0.206783  2.36801 	Dead: 0
2.7038    0.044358    0.225182  2.36801 	Dead: 0
2.69571   0.0426421   0.216471  2.36801 	Dead: 0
2.67666   0.0394249   0.200139  2.36009 	Dead: 0
2.69333   0.0407981   0.20711   2.36009 	Dead: 0
2.69342   0.0399207   0.202656  2.36009 	Dead: 0
2.66976   0.0351737   0.178558  2.36009 	Dead: 0
2.69362   0.0385006   0.195447  2.36009 	Dead: 0
2.68225   0.0402885   0.204523  2.36009 	Dead: 0
2.67342   0.0373697   0.189706  2.36009 	Dead: 0
2.6719    0.0378247   0.192016  2.36009 	Dead: 0
2.65999   0.0360372   0.182942  2.36009 	Dead: 0
2.66375   0.0388732   0.197339  2.36009 	Dead: 0
2.68875   0.0409567   0.207915  2.36009 	Dead: 0
2.6871    0.038949    0.197723  2.36009 	Dead: 0
2.68654   0.0385995   0.195949  2.36009 	Dead: 0
2.65902   0.034488    0.175077  2.36009 	Dead: 0
2.69669   0.0407831   0.207034  2.36009 	Dead: 0
2.69245   0.0413057   0.209687  2.36009 	Dead: 0
2.66453   0.039943    0.202769  2.36009 	Dead: 0
2.70207   0.0431967   0.219287  2.36009 	Dead: 0
2.70536   0.0398358   0.202225  2.36009 	Dead: 0
2.67495   0.0382623   0.194237  2.3589  	Dead: 0
