6.32864   0.19263     0.977878  4.06128 	Dead: 0
3.81937   0.0469594   0.238388  3.38546 	Dead: 0
3.59049   0.035546    0.180448  3.27206 	Dead: 0
3.44499   0.0361673   0.183602  3.06262 	Dead: 0
3.22815   0.032152    0.163219  2.88432 	Dead: 0
3.0736    0.0352011   0.178697  2.82704 	Dead: 0
3.01665   0.0388243   0.19709   2.61621 	Dead: 0
2.91773   0.0354441   0.179931  2.61621 	Dead: 0
2.86518   0.0364329   0.18495   2.59947 	Dead: 0
2.82394   0.0323469   0.164208  2.55519 	Dead: 0
2.79283   0.0358673   0.182079  2.5146  	Dead: 0
2.81187   0.0412443   0.209375  2.5146  	Dead: 0
2.78845   0.0385354   0.195623  2.44334 	Dead: 0
2.76897   0.0350318   0.177838  2.44334 	Dead: 0
2.75738   0.0377854   0.191817  2.44334 	Dead: 0
2.76628   0.0445751   0.226284  2.44334 	Dead: 0
2.76801   0.0415698   0.211027  2.44334 	Dead: 0
2.73079   0.0379677   0.192742  2.40856 	Dead: 0
2.7426    0.0393696   0.199859  2.40856 	Dead: 0
2.6987    0.0341918   0.173574  2.39232 	Dead: 0
2.73504   0.0404956   0.205574  2.39232 	Dead: 0
2.73612   0.0406753   0.206487  2.39232 	Dead: 0
2.72899   0.0393307   0.199661  2.39232 	Dead: 0
2.73992   0.040709    0.206658  2.39232 	Dead: 0
2.72891   0.0413028   0.209672  2.39232 	Dead: 0
2.69571   0.0405611   0.205907  2.39232 	Dead: 0
2.71426   0.0409627   0.207946  2.39232 	Dead: 0
2.71187   0.0383644   0.194756  2.39232 	Dead: 0
2.70394   0.0395125   0.200584  2.39232 	Dead: 0
2.70518   0.0379791   0.1928    2.39232 	Dead: 0
2.70556   0.0416585   0.211478  2.35259 	Dead: 0
2.71681   0.0428899   0.217729  2.35259 	Dead: 0
2.71659   0.0438068   0.222384  2.35259 	Dead: 0
2.71274   0.0417202   0.211791  2.35259 	Dead: 0
2.68792   0.0395586   0.200818  2.35259 	Dead: 0
2.70043   0.0383592   0.194729  2.35259 	Dead: 0
2.73005   0.0433862   0.220248  2.35259 	Dead: 0
2.71185   0.0414721   0.210532  2.35259 	Dead: 0
2.67938   0.0401734   0.203939  2.35259 	Dead: 0
2.67906   0.0401963   0.204055  2.35259 	Dead: 0
2.69084   0.0450763   0.228828  2.35259 	Dead: 0
2.69375   0.0396398   0.20123   2.35259 	Dead: 0
2.70052   0.044241    0.224588  2.35259 	Dead: 0
2.67609   0.0376255   0.191004  2.35259 	Dead: 0
2.69677   0.0461776   0.234419  2.35259 	Dead: 0
2.68302   0.0424118   0.215302  2.35259 	Dead: 0
2.69752   0.0408858   0.207555  2.35259 	Dead: 0
2.69009   0.0369925   0.187791  2.35259 	Dead: 0
2.68136   0.0375184   0.190461  2.35259 	Dead: 0
2.66368   0.0394536   0.200285  2.35259 	Dead: 0
2.6806    0.0407074   0.20665   2.35259 	Dead: 0
2.6811    0.0424557   0.215525  2.35259 	Dead: 0
2.6595    0.0428851   0.217705  2.35259 	Dead: 0
2.67014   0.0459971   0.233503  2.34045 	Dead: 0
2.66671   0.0436512   0.221594  2.34045 	Dead: 0
2.66054   0.042571    0.21611   2.33431 	Dead: 0
2.65308   0.0415941   0.211151  2.33431 	Dead: 0
2.64136   0.0417437   0.21191   2.33431 	Dead: 0
2.6615    0.0438939   0.222826  2.33431 	Dead: 0
2.63643   0.0397989   0.202038  2.33431 	Dead: 0
2.64092   0.0422592   0.214527  2.2658  	Dead: 0
2.63677   0.0424584   0.215539  2.2658  	Dead: 0
2.63268   0.0395209   0.200626  2.2658  	Dead: 0
2.64672   0.0409136   0.207697  2.2658  	Dead: 0
2.62566   0.0391589   0.198789  2.2658  	Dead: 0
2.64478   0.0409056   0.207656  2.2658  	Dead: 0
2.62996   0.0392879   0.199444  2.2658  	Dead: 0
2.64458   0.0426489   0.216506  2.2658  	Dead: 0
2.64311   0.0417301   0.211841  2.2658  	Dead: 0
2.65962   0.0432191   0.2194    2.2658  	Dead: 0
2.63289   0.039553    0.20079   2.2658  	Dead: 0
2.60399   0.036205    0.183794  2.2658  	Dead: 0
2.63335   0.0403453   0.204812  2.2658  	Dead: 0
2.63404   0.0398722   0.20241   2.2658  	Dead: 0
2.62954   0.0409844   0.208056  2.2658  	Dead: 0
2.63922   0.0425348   0.215927  2.2658  	Dead: 0
2.64102   0.0430379   0.21848   2.2658  	Dead: 0
2.62118   0.0415285   0.210818  2.2658  	Dead: 0
2.60156   0.0392736   0.199371  2.2658  	Dead: 0
2.62273   0.0407401   0.206816  2.2658  	Dead: 0
2.63024   0.0425587   0.216048  2.2658  	Dead: 0
2.62705   0.0448312   0.227584  2.2658  	Dead: 0
2.62575   0.0403759   0.204967  2.2658  	Dead: 0
2.60494   0.0368008   0.186818  2.2658  	Dead: 0
2.62429   0.0384502   0.195191  2.2658  	Dead: 0
2.64611   0.0433556   0.220093  2.2658  	Dead: 0
2.60837   0.0371652   0.188668  2.2658  	Dead: 0
2.62462   0.039552    0.200784  2.2658  	Dead: 0
2.6224    0.0430114   0.218346  2.2658  	Dead: 0
2.62176   0.0395318   0.200682  2.2658  	Dead: 0
2.61829   0.036969    0.187672  2.2658  	Dead: 0
2.64037   0.0403641   0.204907  2.2658  	Dead: 0
2.65523   0.0456597   0.23179   2.2658  	Dead: 0
2.63159   0.0457333   0.232164  2.2658  	Dead: 0
2.63937   0.0454349   0.230649  2.2658  	Dead: 0
2.6142    0.0407711   0.206973  2.2658  	Dead: 0
2.6399    0.041255    0.20943   2.2658  	Dead: 0
2.62385   0.0394928   0.200484  2.2658  	Dead: 0
2.62511   0.0420754   0.213594  2.2658  	Dead: 0
2.60299   0.0375604   0.190674  2.2658  	Dead: 0
2.63052   0.0413677   0.210002  2.2658  	Dead: 0
