10.2793   0.192307    0.976239  8.12806 	Dead: 0
3.95249   0.106886    0.542605  3.19423 	Dead: 0
2.95481   0.05022     0.25494   2.68672 	Dead: 0
2.85356   0.0718361   0.364674  2.5653  	Dead: 0
2.73385   0.0473635   0.240439  2.39743 	Dead: 0
2.71259   0.0707615   0.359218  2.39601 	Dead: 0
2.60568   0.0411276   0.208783  2.29376 	Dead: 0
2.57266   0.0595057   0.302079  2.26409 	Dead: 0
2.57315   0.0877746   0.445585  2.23464 	Dead: 0
2.52893   0.100102    0.508166  2.20617 	Dead: 0
2.45635   0.0649668   0.329802  2.20308 	Dead: 0
2.45867   0.08081     0.410229  2.17533 	Dead: 0
2.4253    0.0758715   0.385159  2.17533 	Dead: 0
2.40742   0.0514892   0.261383  2.13127 	Dead: 0
2.40027   0.0698797   0.354742  2.12226 	Dead: 0
2.42536   0.0780757   0.396349  2.12226 	Dead: 0
2.43911   0.0741729   0.376536  2.12226 	Dead: 0
2.44636   0.118389    0.600996  2.07202 	Dead: 0
2.40351   0.0746409   0.378912  2.01881 	Dead: 0
2.34105   0.0618956   0.314211  2.01881 	Dead: 0
2.40317   0.113198    0.574644  2.01881 	Dead: 0
2.29729   0.0515039   0.261458  2.01881 	Dead: 0
2.29786   0.071457    0.362749  2.00518 	Dead: 0
2.26123   0.0651515   0.33074   2.00518 	Dead: 0
2.31487   0.0644026   0.326938  1.99006 	Dead: 0
2.23401   0.0606809   0.308045  1.94459 	Dead: 0
2.21705   0.0605437   0.307348  1.94459 	Dead: 0
2.23011   0.0616425   0.312926  1.94459 	Dead: 0
2.19379   0.0660662   0.335383  1.90661 	Dead: 0
2.10604   0.0417934   0.212163  1.89703 	Dead: 0
2.10405   0.077552    0.39369   1.82506 	Dead: 0
2.04888   0.061699    0.313213  1.80294 	Dead: 0
2.09115   0.0787204   0.399621  1.80294 	Dead: 0
2.09593   0.0962033   0.488373  1.80294 	Dead: 0
2.05515   0.0529681   0.268891  1.74743 	Dead: 0
2.10452   0.110786    0.562402  1.70242 	Dead: 0
2.00596   0.0659942   0.335017  1.70242 	Dead: 0
2.01354   0.0649425   0.329679  1.70242 	Dead: 0
2.05445   0.0978969   0.49697   1.70242 	Dead: 0
2.00764   0.0619495   0.314485  1.70242 	Dead: 0
2.02941   0.0823317   0.417954  1.70242 	Dead: 0
1.99661   0.0703764   0.357263  1.70242 	Dead: 0
2.00911   0.0656734   0.333389  1.70242 	Dead: 0
1.97558   0.0540581   0.274424  1.70242 	Dead: 0
2.03815   0.107185    0.54412   1.70242 	Dead: 0
1.92397   0.0418091   0.212243  1.70242 	Dead: 0
2.0353    0.098468    0.499869  1.70242 	Dead: 0
1.95911   0.0627764   0.318682  1.70242 	Dead: 0
1.99138   0.0952391   0.483478  1.69122 	Dead: 0
1.9723    0.109437    0.555555  1.67878 	Dead: 0
1.89435   0.0653987   0.331994  1.6683  	Dead: 0
1.91248   0.0779831   0.395879  1.6683  	Dead: 0
1.99234   0.133884    0.679659  1.65294 	Dead: 0
1.89685   0.076855    0.390152  1.64488 	Dead: 0
1.89298   0.0680686   0.345548  1.62469 	Dead: 0
1.94556   0.0785163   0.398585  1.62469 	Dead: 0
1.84995   0.0570152   0.289436  1.62469 	Dead: 0
1.92849   0.0981736   0.498375  1.57761 	Dead: 0
1.9312    0.100552    0.510449  1.57761 	Dead: 0
1.88825   0.0631651   0.320655  1.57761 	Dead: 0
1.87462   0.0672054   0.341166  1.57761 	Dead: 0
1.85191   0.0500941   0.254301  1.57761 	Dead: 0
1.94194   0.114576    0.58164   1.57761 	Dead: 0
1.90703   0.085769    0.435404  1.57761 	Dead: 0
1.95515   0.10725     0.544451  1.57761 	Dead: 0
1.90265   0.110289    0.559877  1.57761 	Dead: 0
1.8614    0.085312    0.433084  1.57761 	Dead: 0
1.83696   0.0575583   0.292193  1.57761 	Dead: 0
1.82381   0.0605377   0.307318  1.57761 	Dead: 0
1.82266   0.0647448   0.328675  1.57761 	Dead: 0
1.92531   0.116701    0.592428  1.57761 	Dead: 0
1.86778   0.0793125   0.402627  1.57761 	Dead: 0
1.86207   0.0968874   0.491846  1.57761 	Dead: 0
1.83593   0.0676354   0.343349  1.57761 	Dead: 0
1.8904    0.0931898   0.473075  1.57761 	Dead: 0
1.90089   0.114987    0.58373   1.57761 	Dead: 0
1.86182   0.10824     0.549478  1.57761 	Dead: 0
1.86646   0.0935849   0.475081  1.57761 	Dead: 0
1.91147   0.111427    0.565658  1.57761 	Dead: 0
1.7788    0.0637444   0.323596  1.57761 	Dead: 0
1.84655   0.0749693   0.380579  1.5769  	Dead: 0
1.83031   0.0967474   0.491135  1.53044 	Dead: 0
1.88437   0.115973    0.588732  1.53044 	Dead: 0
1.81719   0.06803     0.345352  1.53044 	Dead: 0
1.74757   0.0382073   0.193958  1.53044 	Dead: 0
1.79463   0.0903711   0.458766  1.53044 	Dead: 0
1.7742    0.0725748   0.368423  1.53044 	Dead: 0
1.80894   0.0694359   0.352489  1.53044 	Dead: 0
1.76683   0.0595779   0.302445  1.53044 	Dead: 0
1.78975   0.0825085   0.418852  1.53044 	Dead: 0
1.79195   0.0926032   0.470097  1.53044 	Dead: 0
1.72048   0.0467068   0.237106  1.53044 	Dead: 0
1.8089    0.10741     0.545261  1.53025 	Dead: 0
1.7443    0.0591948   0.300501  1.51894 	Dead: 0
1.75969   0.0657789   0.333924  1.51894 	Dead: 0
1.8189    0.107102    0.543702  1.48948 	Dead: 0
1.81431   0.105359    0.534853  1.48948 	Dead: 0
1.74469   0.0614067   0.311729  1.48948 	Dead: 0
1.79906   0.100563    0.510506  1.48948 	Dead: 0
1.7581    0.0884669   0.449099  1.48948 	Dead: 0
1.76681   0.0753364   0.382443  1.48948 	Dead: 0
