0   9.33107   0.0711062   0.360968  8.67088 	Dead: 0
1   7.97727   0.0586274   0.29762   7.39027 	Dead: 0
2   7.86213   0.0688077   0.3493    7.24349 	Dead: 0
3   7.67153   0.0795128   0.403644  7.1135  	Dead: 0
4   7.47882   0.0976775   0.495857  6.58538 	Dead: 0
5   7.36732   0.106156    0.538895  6.55383 	Dead: 0
6   7.35661   0.110564    0.561274  6.47946 	Dead: 0
7   7.25429   0.115293    0.58528   6.35585 	Dead: 0
8   7.24225   0.126053    0.639903  6.32905 	Dead: 0
9   7.35411   0.124316    0.631086  6.32905 	Dead: 0
10  7.21109   0.132469    0.672475  6.32905 	Dead: 0
11  7.13376   0.127324    0.646357  6.14819 	Dead: 0
12  7.23643   0.132061    0.670403  6.14819 	Dead: 0
13  7.2402    0.143668    0.729327  6.14819 	Dead: 0
14  7.16062   0.13216     0.670906  6.14819 	Dead: 0
15  7.13478   0.132787    0.674089  6.14819 	Dead: 0
16  7.23348   0.141572    0.718686  6.14819 	Dead: 0
17  7.1733    0.141368    0.717649  6.14819 	Dead: 0
18  7.24993   0.14176     0.719642  6.14819 	Dead: 0
19  7.17664   0.133365    0.677023  6.14819 	Dead: 0
20  7.13488   0.138758    0.7044    6.14819 	Dead: 0
21  7.16608   0.138857    0.704904  6.14819 	Dead: 0
22  7.07117   0.12306     0.624708  6.14819 	Dead: 0
23  7.15833   0.141781    0.719745  6.14819 	Dead: 0
24  7.09582   0.137726    0.699163  6.14819 	Dead: 0
25  7.07284   0.132623    0.673257  6.14819 	Dead: 0
26  7.07913   0.136357    0.692211  6.06483 	Dead: 0
27  7.1403    0.140523    0.71336   6.02196 	Dead: 0
28  7.12219   0.143147    0.726683  6.00634 	Dead: 0
29  7.12651   0.14375     0.729743  5.90142 	Dead: 0
30  7.09455   0.137053    0.695743  5.90142 	Dead: 0
31  7.07593   0.150902    0.766048  5.90142 	Dead: 0
32  7.09841   0.145043    0.736305  5.90142 	Dead: 0
33  7.09351   0.145032    0.73625   5.90142 	Dead: 0
34  7.00076   0.143945    0.730734  5.86953 	Dead: 0
35  7.04976   0.150957    0.766326  5.86953 	Dead: 0
36  7.14823   0.164861    0.836909  5.86953 	Dead: 0
37  7.02439   0.148602    0.754375  5.86953 	Dead: 0
38  7.06956   0.147587    0.74922   5.86953 	Dead: 0
39  7.02245   0.158251    0.803357  5.86953 	Dead: 0
40  6.88869   0.149318    0.758009  5.86953 	Dead: 0
41  7.0629    0.167737    0.851511  5.86953 	Dead: 0
42  7.08009   0.163799    0.831521  5.86953 	Dead: 0
43  7.04881   0.158851    0.806399  5.86953 	Dead: 0
44  7.03326   0.16193     0.822033  5.81088 	Dead: 0
45  7.04389   0.164895    0.837083  5.81088 	Dead: 0
46  6.94241   0.149107    0.756939  5.81088 	Dead: 0
47  6.97892   0.154615    0.784899  5.81088 	Dead: 0
48  7.08066   0.166312    0.844278  5.781   	Dead: 0
49  6.98133   0.159614    0.810274  5.77215 	Dead: 0
50  7.00327   0.159937    0.811916  5.77215 	Dead: 0
51  7.05064   0.16457     0.835433  5.77215 	Dead: 0
52  7.01329   0.157202    0.798033  5.77215 	Dead: 0
53  6.99099   0.156666    0.79531   5.77215 	Dead: 0
54  6.98972   0.152564    0.774485  5.77215 	Dead: 0
55  7.06407   0.170971    0.867929  5.77215 	Dead: 0
56  6.93134   0.153324    0.778346  5.77215 	Dead: 0
57  7.08307   0.158552    0.804885  5.77215 	Dead: 0
58  7.07993   0.174802    0.887377  5.7694  	Dead: 0
59  7.002     0.167491    0.850262  5.7694  	Dead: 0
60  6.96781   0.170099    0.863502  5.7694  	Dead: 0
61  6.95677   0.170411    0.865084  5.7694  	Dead: 0
62  6.96293   0.162923    0.827075  5.7694  	Dead: 0
63  6.89141   0.167005    0.847797  5.7694  	Dead: 0
64  6.96921   0.16595     0.842442  5.7694  	Dead: 0
65  6.90158   0.173294    0.879724  5.7694  	Dead: 0
66  6.96233   0.175312    0.889968  5.69562 	Dead: 0
67  6.92903   0.172028    0.873295  5.66648 	Dead: 0
68  6.94089   0.178044    0.903832  5.6219  	Dead: 0
69  7.03835   0.184631    0.937271  5.6219  	Dead: 0
70  7.03177   0.181721    0.922499  5.6219  	Dead: 0
71  6.8537    0.178553    0.906418  5.6219  	Dead: 0
72  6.91908   0.186467    0.946595  5.6219  	Dead: 0
73  6.99634   0.17935     0.910465  5.6219  	Dead: 0
74  6.97242   0.16948     0.86036   5.6219  	Dead: 0
75  7.006     0.179834    0.912923  5.6219  	Dead: 0
76  7.05797   0.19519     0.990875  5.6219  	Dead: 0
77  6.9717    0.169329    0.859591  5.6219  	Dead: 0
78  7.02715   0.189162    0.960273  5.53483 	Dead: 0
79  6.94649   0.174064    0.883628  5.53483 	Dead: 0
80  6.94131   0.175704    0.891956  5.53483 	Dead: 0
81  6.9559    0.175405    0.890435  5.53483 	Dead: 0
82  6.95506   0.18425     0.93534   5.53483 	Dead: 0
83  6.90582   0.181064    0.919165  5.53483 	Dead: 0
84  6.90481   0.198014    1.00521   5.53483 	Dead: 0
85  6.92946   0.182374    0.925815  5.53483 	Dead: 0
86  6.86387   0.184142    0.934792  5.53483 	Dead: 0
87  6.95229   0.183925    0.933688  5.53483 	Dead: 0
88  6.85257   0.18145     0.921127  5.53483 	Dead: 0
89  6.96071   0.184927    0.938775  5.53483 	Dead: 0
90  6.94342   0.196119    0.995591  5.53483 	Dead: 0
91  6.93929   0.192964    0.979575  5.53483 	Dead: 0
92  6.98247   0.179952    0.91352   5.53483 	Dead: 0
93  6.94066   0.180756    0.917602  5.53483 	Dead: 0
94  7.03075   0.181111    0.919405  5.53483 	Dead: 0
95  6.90891   0.180447    0.916034  5.53483 	Dead: 0
96  7.01452   0.195411    0.991996  5.53483 	Dead: 0
97  7.00843   0.192818    0.978836  5.53483 	Dead: 0
98  6.92993   0.175249    0.889644  5.53483 	Dead: 0
99  7.02567   0.180458    0.916087  5.53483 	Dead: 0
100 7.02624   0.194842    0.989108  5.53483 	Dead: 0
