7.2886    0.0780765   0.396352  6.46034 	Dead: 0
5.33446   0.0713388   0.362149  4.49031 	Dead: 0
3.96463   0.0380132   0.192973  3.67086 	Dead: 0
3.67174   0.0420535   0.213483  3.33985 	Dead: 0
3.4404    0.0371365   0.188522  3.10089 	Dead: 0
3.21402   0.0329476   0.167257  2.9138  	Dead: 0
2.99773   0.0364743   0.185161  2.73133 	Dead: 0
2.87038   0.0407848   0.207043  2.56793 	Dead: 0
2.83288   0.0367581   0.186601  2.56793 	Dead: 0
2.78795   0.0334451   0.169783  2.56793 	Dead: 0
2.7609    0.0321944   0.163434  2.56793 	Dead: 0
2.72424   0.0288978   0.146699  2.50016 	Dead: 0
2.76026   0.0379393   0.192598  2.50016 	Dead: 0
2.73558   0.0419462   0.212938  2.50016 	Dead: 0
2.7206    0.0366317   0.185959  2.44682 	Dead: 0
2.69163   0.0382757   0.194305  2.44682 	Dead: 0
2.68468   0.0331765   0.16842   2.44682 	Dead: 0
2.66038   0.0349625   0.177486  2.43124 	Dead: 0
2.64212   0.0357079   0.18127   2.43124 	Dead: 0
2.63877   0.0376012   0.190881  2.41481 	Dead: 0
2.62483   0.0355909   0.180676  2.39979 	Dead: 0
2.61781   0.0353541   0.179474  2.39979 	Dead: 0
2.62643   0.0394887   0.200463  2.39979 	Dead: 0
2.62567   0.0431629   0.219115  2.39979 	Dead: 0
2.62226   0.0414999   0.210673  2.39979 	Dead: 0
2.59929   0.0323042   0.163991  2.35931 	Dead: 0
2.59037   0.0369004   0.187324  2.35931 	Dead: 0
2.58954   0.0399214   0.20266   2.35931 	Dead: 0
2.60186   0.0367071   0.186343  2.35931 	Dead: 0
2.57985   0.0364366   0.184969  2.35931 	Dead: 0
2.60872   0.0385559   0.195728  2.35433 	Dead: 0
2.58587   0.034892    0.177128  2.35433 	Dead: 0
2.60149   0.0404927   0.20556   2.35433 	Dead: 0
2.59536   0.049683    0.252214  2.35433 	Dead: 0
2.59117   0.0450222   0.228554  2.35433 	Dead: 0
2.55041   0.0337094   0.171124  2.35433 	Dead: 0
2.57209   0.0420694   0.213564  2.35433 	Dead: 0
2.53857   0.02841     0.144222  2.35433 	Dead: 0
2.53382   0.0331244   0.168155  2.30359 	Dead: 0
2.54938   0.0389594   0.197776  2.30359 	Dead: 0
2.52269   0.0286908   0.145648  2.30359 	Dead: 0
2.53621   0.0384461   0.19517   2.30359 	Dead: 0
2.51602   0.0350713   0.178038  2.30359 	Dead: 0
2.51226   0.0345509   0.175397  2.28038 	Dead: 0
2.50289   0.0451499   0.229202  2.28038 	Dead: 0
2.52956   0.0455452   0.231209  2.28038 	Dead: 0
2.48579   0.042546    0.215983  2.28038 	Dead: 0
2.49345   0.0331562   0.168316  2.28038 	Dead: 0
2.47788   0.0335787   0.170461  2.2728  	Dead: 0
2.48225   0.0338634   0.171906  2.2728  	Dead: 0
2.49955   0.0420453   0.213441  2.25993 	Dead: 0
2.48576   0.043682    0.22175   2.25993 	Dead: 0
2.47783   0.0356402   0.180926  2.25993 	Dead: 0
2.46965   0.0382394   0.194121  2.25993 	Dead: 0
2.45847   0.0383618   0.194743  2.25691 	Dead: 0
2.45342   0.035503    0.18023   2.24651 	Dead: 0
2.44592   0.0339829   0.172513  2.24651 	Dead: 0
2.45449   0.0306901   0.155797  2.24651 	Dead: 0
2.46274   0.0405162   0.205679  2.21213 	Dead: 0
2.43992   0.0312189   0.158482  2.21213 	Dead: 0
2.47874   0.036542    0.185504  2.21213 	Dead: 0
2.437     0.0345291   0.175286  2.21213 	Dead: 0
2.46246   0.0345902   0.175596  2.21213 	Dead: 0
2.49273   0.0452538   0.229729  2.21213 	Dead: 0
2.43833   0.0302728   0.153679  2.21213 	Dead: 0
2.46491   0.0446729   0.22678   2.21213 	Dead: 0
2.4449    0.0367092   0.186353  2.21213 	Dead: 0
2.43685   0.0380332   0.193074  2.21213 	Dead: 0
2.45738   0.039214    0.199069  2.21213 	Dead: 0
2.45665   0.0371459   0.18857   2.21213 	Dead: 0
2.44318   0.0346099   0.175696  2.21213 	Dead: 0
2.46873   0.0451141   0.22902   2.21213 	Dead: 0
2.45311   0.0361613   0.183572  2.21213 	Dead: 0
2.44931   0.0330046   0.167547  2.21213 	Dead: 0
2.45469   0.0396931   0.201501  2.21213 	Dead: 0
2.46126   0.0403812   0.204994  2.21213 	Dead: 0
2.47218   0.0420092   0.213258  2.21213 	Dead: 0
2.4407    0.0390179   0.198073  2.21213 	Dead: 0
2.43896   0.0362643   0.184094  2.21213 	Dead: 0
2.43289   0.0341597   0.17341   2.21213 	Dead: 0
2.45697   0.0485652   0.24654   2.21213 	Dead: 0
2.43569   0.0330829   0.167944  2.21213 	Dead: 0
2.48394   0.0529941   0.269023  2.21213 	Dead: 0
2.42315   0.0374055   0.189888  2.21213 	Dead: 0
2.4798    0.0491991   0.249757  2.21213 	Dead: 0
2.46171   0.0392174   0.199086  2.21213 	Dead: 0
2.41903   0.0309915   0.157327  2.21213 	Dead: 0
2.45536   0.0421056   0.213748  2.21213 	Dead: 0
2.46499   0.0414235   0.210285  2.21213 	Dead: 0
2.4474    0.0391118   0.19855   2.20071 	Dead: 0
2.46674   0.0430576   0.218581  2.20071 	Dead: 0
2.41576   0.0301485   0.153048  2.20071 	Dead: 0
2.4564    0.0377308   0.191539  2.20071 	Dead: 0
2.47195   0.0408983   0.207619  2.20071 	Dead: 0
2.44608   0.0389049   0.197499  2.19187 	Dead: 0
2.44103   0.0390463   0.198217  2.19187 	Dead: 0
2.43941   0.0441876   0.224317  2.19187 	Dead: 0
2.40636   0.0326204   0.165597  2.1602  	Dead: 0
2.43216   0.0369522   0.187586  2.1602  	Dead: 0
2.44259   0.0437911   0.222304  2.1602  	Dead: 0
2.44797   0.042373    0.215105  2.1602  	Dead: 0
