4.03247   0.126779    0.64359   2.85702 	Dead: 0
2.12085   0.0251304   0.127574  1.8954  	Dead: 0
2.04466   0.0353471   0.179438  1.87927 	Dead: 0
1.93991   0.019855    0.100793  1.72221 	Dead: 0
1.79382   0.021527    0.109281  1.63692 	Dead: 0
1.76406   0.0199698   0.101376  1.59779 	Dead: 0
1.74251   0.0367654   0.186638  1.5904  	Dead: 0
1.76014   0.0615737   0.312577  1.5904  	Dead: 0
1.70703   0.0220988   0.112184  1.54527 	Dead: 0
1.68694   0.0213048   0.108153  1.54527 	Dead: 0
1.68701   0.0525697   0.266868  1.54527 	Dead: 0
1.66315   0.0232229   0.11789   1.54527 	Dead: 0
1.64817   0.0162485   0.0824851 1.53818 	Dead: 0
1.6449    0.0167007   0.0847805 1.53818 	Dead: 0
1.66281   0.0237506   0.120569  1.51162 	Dead: 0
1.63593   0.0176575   0.0896376 1.50196 	Dead: 0
1.63363   0.016779    0.0851779 1.50196 	Dead: 0
1.63311   0.0169489   0.0860405 1.50196 	Dead: 0
1.63738   0.0244641   0.124191  1.50196 	Dead: 0
1.62828   0.01986     0.100819  1.45969 	Dead: 0
1.63      0.036728    0.186449  1.45969 	Dead: 0
1.6277    0.0437734   0.222214  1.45969 	Dead: 0
1.5965    0.0257016   0.130473  1.45969 	Dead: 0
1.58902   0.0289241   0.146832  1.44102 	Dead: 0
1.58599   0.0281305   0.142804  1.42069 	Dead: 0
1.59513   0.0235195   0.119396  1.42069 	Dead: 0
1.55832   0.0213866   0.108568  1.42069 	Dead: 0
1.5781    0.0229934   0.116725  1.42069 	Dead: 0
1.58116   0.0218958   0.111153  1.42069 	Dead: 0
1.56493   0.0196538   0.0997719 1.42069 	Dead: 0
1.56255   0.0212803   0.108029  1.42069 	Dead: 0
1.56855   0.0337911   0.171539  1.42069 	Dead: 0
1.55241   0.0182855   0.0928259 1.4177  	Dead: 0
1.56093   0.0181006   0.0918873 1.4177  	Dead: 0
1.55697   0.0199127   0.101086  1.4177  	Dead: 0
1.55365   0.0252138   0.127997  1.4177  	Dead: 0
1.55567   0.0196766   0.0998874 1.4177  	Dead: 0
1.54512   0.0191097   0.0970097 1.4177  	Dead: 0
1.54739   0.0190664   0.0967898 1.4177  	Dead: 0
1.57127   0.0350162   0.177759  1.4177  	Dead: 0
1.56092   0.0251711   0.12778   1.41762 	Dead: 0
1.5598    0.0207405   0.105289  1.41762 	Dead: 0
1.56328   0.0279268   0.141769  1.41762 	Dead: 0
1.54478   0.0182991   0.0928946 1.41762 	Dead: 0
1.55938   0.0252217   0.128037  1.41762 	Dead: 0
1.55891   0.0229198   0.116352  1.41762 	Dead: 0
1.57571   0.0285176   0.144769  1.41762 	Dead: 0
1.55968   0.0230703   0.117116  1.41762 	Dead: 0
1.57031   0.0273151   0.138664  1.41762 	Dead: 0
1.56042   0.0383428   0.194646  1.41762 	Dead: 0
1.56681   0.0324894   0.164931  1.41405 	Dead: 0
1.54712   0.0207428   0.1053    1.4135  	Dead: 0
1.56134   0.0215544   0.10942   1.4135  	Dead: 0
1.57819   0.0444695   0.225748  1.4135  	Dead: 0
1.54251   0.0180476   0.0916181 1.4135  	Dead: 0
1.59692   0.0588235   0.298616  1.4135  	Dead: 0
1.55584   0.0264772   0.134411  1.4135  	Dead: 0
1.55787   0.0244106   0.123919  1.4135  	Dead: 0
1.58077   0.0424979   0.215739  1.4135  	Dead: 0
1.55746   0.033825    0.171712  1.40756 	Dead: 0
1.55352   0.0196013   0.0995055 1.40756 	Dead: 0
1.56147   0.0263746   0.13389   1.40756 	Dead: 0
1.53701   0.0179938   0.0913451 1.40756 	Dead: 0
1.54022   0.0199167   0.101107  1.40756 	Dead: 0
1.55252   0.0198407   0.100721  1.40756 	Dead: 0
1.56731   0.0228746   0.116122  1.40756 	Dead: 0
1.56082   0.0246939   0.125358  1.40756 	Dead: 0
1.55399   0.0214309   0.108793  1.40756 	Dead: 0
1.5585    0.0266144   0.135107  1.40756 	Dead: 0
1.53978   0.0188389   0.095635  1.40756 	Dead: 0
1.58142   0.0406409   0.206312  1.40756 	Dead: 0
1.57794   0.0264595   0.134321  1.40756 	Dead: 0
1.56487   0.0445426   0.226119  1.40756 	Dead: 0
1.5491    0.0193656   0.0983086 1.40756 	Dead: 0
1.55346   0.0223188   0.113301  1.40756 	Dead: 0
1.54869   0.0192517   0.0977308 1.40756 	Dead: 0
1.55081   0.0280389   0.142338  1.40756 	Dead: 0
1.58855   0.0588255   0.298626  1.40756 	Dead: 0
1.58482   0.0461374   0.234215  1.40756 	Dead: 0
1.56376   0.0329954   0.1675    1.37489 	Dead: 0
1.56422   0.0310563   0.157656  1.37489 	Dead: 0
1.53862   0.019011    0.0965088 1.37489 	Dead: 0
1.56575   0.0266689   0.135384  1.37489 	Dead: 0
1.5538    0.024685    0.125312  1.37489 	Dead: 0
1.55394   0.0268817   0.136464  1.37489 	Dead: 0
1.55709   0.0431683   0.219142  1.37489 	Dead: 0
1.53461   0.0177666   0.0901913 1.37489 	Dead: 0
1.55272   0.0333689   0.169396  1.37489 	Dead: 0
1.56506   0.0391989   0.198992  1.37489 	Dead: 0
1.5623    0.040859    0.207419  1.37489 	Dead: 0
1.55989   0.0370602   0.188135  1.37489 	Dead: 0
1.53668   0.0240951   0.122318  1.37489 	Dead: 0
1.56418   0.032801    0.166513  1.37489 	Dead: 0
1.53942   0.0265734   0.134899  1.37489 	Dead: 0
1.56279   0.0308025   0.156368  1.37489 	Dead: 0
1.5722    0.0488997   0.248238  1.37489 	Dead: 0
1.53715   0.0186489   0.0946703 1.37489 	Dead: 0
1.58091   0.0454786   0.230871  1.37489 	Dead: 0
1.54987   0.0250447   0.127139  1.37489 	Dead: 0
1.56993   0.0569413   0.28906   1.37489 	Dead: 0
1.53951   0.0249144   0.126477  1.37489 	Dead: 0
