16.8019   0.0851363   0.432191  15.895  	Dead: 0
14.936    0.0278229   0.141242  14.6296 	Dead: 0
14.3103   0.0271513   0.137832  13.9951 	Dead: 0
13.924    0.0330142   0.167596  13.5789 	Dead: 0
13.7052   0.032288    0.163909  13.3681 	Dead: 0
13.5732   0.0322889   0.163914  13.3057 	Dead: 0
13.5141   0.0496629   0.252112  12.962  	Dead: 0
13.4086   0.0438523   0.222615  12.962  	Dead: 0
13.3037   0.0423747   0.215114  12.9208 	Dead: 0
13.2      0.0431194   0.218894  12.8571 	Dead: 0
13.1577   0.0477233   0.242266  12.6785 	Dead: 0
13.1067   0.0509854   0.258826  12.6666 	Dead: 0
13.0467   0.052626    0.267154  12.6042 	Dead: 0
13.0067   0.0505075   0.256399  12.6042 	Dead: 0
12.9573   0.0507138   0.257447  12.5565 	Dead: 0
12.9547   0.0518765   0.263349  12.4454 	Dead: 0
12.8393   0.0451025   0.228961  12.407  	Dead: 0
12.8721   0.057552    0.292161  12.407  	Dead: 0
12.855    0.0597495   0.303316  12.3994 	Dead: 0
12.7719   0.0531781   0.269957  12.35   	Dead: 0
12.8169   0.0544174   0.276248  12.35   	Dead: 0
12.8114   0.0555963   0.282233  12.35   	Dead: 0
12.8004   0.0562708   0.285657  12.35   	Dead: 0
12.7639   0.0529418   0.268757  12.1919 	Dead: 0
12.7932   0.0608555   0.308931  12.1919 	Dead: 0
12.7788   0.0606439   0.307857  12.1919 	Dead: 0
12.7519   0.0576093   0.292451  12.1919 	Dead: 0
12.7713   0.0576497   0.292657  12.1919 	Dead: 0
12.7508   0.0570957   0.289844  12.1919 	Dead: 0
12.7219   0.0526701   0.267378  12.1919 	Dead: 0
12.7259   0.0535869   0.272032  12.1919 	Dead: 0
12.7562   0.0640207   0.324999  12.1919 	Dead: 0
12.7553   0.0639268   0.324522  12.1919 	Dead: 0
12.7549   0.061766    0.313553  12.1919 	Dead: 0
12.7472   0.0561366   0.284976  12.1919 	Dead: 0
12.7427   0.0725468   0.368281  12.1919 	Dead: 0
12.7232   0.0596942   0.303035  12.1919 	Dead: 0
12.7171   0.063125    0.320452  12.1919 	Dead: 0
12.6891   0.0549307   0.278854  12.1919 	Dead: 0
12.6784   0.0546553   0.277456  12.1919 	Dead: 0
12.6828   0.0566349   0.287505  12.1919 	Dead: 0
12.6672   0.0577336   0.293083  12.1919 	Dead: 0
12.6851   0.0627418   0.318507  12.1919 	Dead: 0
12.6417   0.0504738   0.256229  12.1686 	Dead: 0
12.6748   0.0597165   0.303149  12.1686 	Dead: 0
12.6783   0.0579719   0.294293  12.1686 	Dead: 0
12.6848   0.0591119   0.30008   12.1686 	Dead: 0
12.6432   0.0534907   0.271544  12.1686 	Dead: 0
12.6468   0.056459    0.286612  12.1686 	Dead: 0
12.6478   0.0594275   0.301682  12.1686 	Dead: 0
12.6617   0.0602213   0.305711  12.1686 	Dead: 0
12.6325   0.0644795   0.327328  11.9576 	Dead: 0
12.6375   0.0732799   0.372003  11.9576 	Dead: 0
12.4652   0.0551104   0.279766  11.8539 	Dead: 0
12.3127   0.0580119   0.294496  11.833  	Dead: 0
12.2799   0.0700631   0.355673  11.645  	Dead: 0
12.27     0.0618098   0.313775  11.645  	Dead: 0
12.2259   0.0642431   0.326128  11.5034 	Dead: 0
12.1897   0.0641774   0.325794  11.5034 	Dead: 0
11.9018   0.0523673   0.265841  11.3002 	Dead: 0
11.9322   0.104879    0.532416  11.3002 	Dead: 0
11.844    0.064619    0.328036  11.3002 	Dead: 0
11.8439   0.0671505   0.340887  11.2567 	Dead: 0
11.898    0.10274     0.521557  11.2567 	Dead: 0
11.8453   0.0911071   0.462502  11.2397 	Dead: 0
11.6982   0.0687738   0.349128  11.1657 	Dead: 0
11.3895   0.0787871   0.39996   10.9546 	Dead: 0
11.3439   0.0582652   0.295781  10.7274 	Dead: 0
11.3174   0.0704029   0.357398  10.7274 	Dead: 0
11.3169   0.0656529   0.333285  10.7274 	Dead: 0
11.2572   0.0590226   0.299626  10.7274 	Dead: 0
11.2676   0.0697389   0.354027  10.7274 	Dead: 0
11.3167   0.0817743   0.415124  10.7274 	Dead: 0
11.2766   0.0686244   0.348369  10.6671 	Dead: 0
11.2525   0.0703497   0.357128  10.6595 	Dead: 0
11.2784   0.0868534   0.440908  10.6595 	Dead: 0
11.2079   0.0707595   0.359208  10.6595 	Dead: 0
11.2252   0.0769525   0.390647  10.6595 	Dead: 0
11.2293   0.0830813   0.421759  10.6595 	Dead: 0
11.1776   0.0657343   0.333698  10.6595 	Dead: 0
11.1846   0.0684208   0.347336  10.6595 	Dead: 0
11.1665   0.074099    0.376161  10.6595 	Dead: 0
11.1619   0.0756537   0.384054  10.4874 	Dead: 0
11.1439   0.0784389   0.398193  10.4874 	Dead: 0
11.1199   0.0695881   0.353262  10.4874 	Dead: 0
11.1542   0.0796582   0.404382  10.4704 	Dead: 0
11.1252   0.079993    0.406082  10.4704 	Dead: 0
10.6149   0.0828714   0.420694  9.98056 	Dead: 0
10.1843   0.0746888   0.379155  9.8266  	Dead: 0
10.1136   0.0729772   0.370466  9.73998 	Dead: 0
10.1191   0.0635152   0.322433  9.68757 	Dead: 0
10.1833   0.104504    0.53051   9.64442 	Dead: 0
10.0716   0.0594608   0.301851  9.64442 	Dead: 0
10.0239   0.0667077   0.338639  9.6181  	Dead: 0
10.0568   0.0934274   0.474281  9.6181  	Dead: 0
9.98174   0.0691506   0.351041  9.6181  	Dead: 0
9.99817   0.0809585   0.410983  9.5718  	Dead: 0
9.9573    0.0776077   0.393973  9.56436 	Dead: 0
9.95229   0.0772159   0.391984  9.56436 	Dead: 0
9.98015   0.0966661   0.490722  9.56436 	Dead: 0
9.98046   0.0920884   0.467484  9.50574 	Dead: 0
