10.1023   0.0648866   0.329395  9.32574 	Dead: 0
8.85339   0.0252173   0.128015  8.59288 	Dead: 0
8.64368   0.0277482   0.140863  8.33073 	Dead: 0
8.51824   0.0260628   0.132307  8.30032 	Dead: 0
8.40596   0.0247836   0.125813  8.11707 	Dead: 0
8.23568   0.023822    0.120931  8.02286 	Dead: 0
8.15143   0.0225229   0.114337  7.90999 	Dead: 0
8.05318   0.0222688   0.113047  7.8348  	Dead: 0
7.96471   0.0224774   0.114106  7.73633 	Dead: 0
7.92574   0.0233556   0.118564  7.72837 	Dead: 0
7.83242   0.0243911   0.123821  7.61656 	Dead: 0
7.77057   0.0245135   0.124442  7.53719 	Dead: 0
7.72649   0.0203201   0.103154  7.53719 	Dead: 0
7.72617   0.0255609   0.129759  7.53719 	Dead: 0
7.678     0.0229657   0.116585  7.50271 	Dead: 0
7.6614    0.0248091   0.125943  7.43825 	Dead: 0
7.63338   0.0228454   0.115974  7.43825 	Dead: 0
7.59116   0.0245296   0.124524  7.39635 	Dead: 0
7.53144   0.0227509   0.115494  7.33818 	Dead: 0
7.50881   0.0248565   0.126183  7.32093 	Dead: 0
7.48723   0.0244353   0.124045  7.29653 	Dead: 0
7.48249   0.0263389   0.133709  7.27357 	Dead: 0
7.445     0.0245525   0.12464   7.23516 	Dead: 0
7.43071   0.0259017   0.131489  7.22478 	Dead: 0
7.40758   0.0245222   0.124486  7.21496 	Dead: 0
7.36938   0.0236842   0.120232  7.19237 	Dead: 0
7.29703   0.0232635   0.118096  7.09817 	Dead: 0
7.25182   0.0211836   0.107538  7.07319 	Dead: 0
7.23592   0.0234401   0.118993  7.03524 	Dead: 0
7.24659   0.0293788   0.149141  7.0344  	Dead: 0
7.2043    0.0240149   0.121911  7.02454 	Dead: 0
7.2103    0.027232    0.138242  6.9952  	Dead: 0
7.19388   0.0252998   0.128433  6.9952  	Dead: 0
7.19102   0.0274143   0.139168  6.9952  	Dead: 0
7.20596   0.0271162   0.137655  6.9952  	Dead: 0
7.17221   0.0252173   0.128015  6.95589 	Dead: 0
7.16484   0.0281283   0.142792  6.93066 	Dead: 0
7.14047   0.0298226   0.151393  6.93066 	Dead: 0
7.12959   0.0264476   0.13426   6.87309 	Dead: 0
7.10209   0.0263228   0.133627  6.87309 	Dead: 0
7.10016   0.0240159   0.121916  6.87309 	Dead: 0
7.09642   0.0270696   0.137418  6.83389 	Dead: 0
7.09946   0.026572    0.134892  6.83389 	Dead: 0
7.0765    0.0261622   0.132812  6.83389 	Dead: 0
7.08502   0.0288943   0.146681  6.83389 	Dead: 0
7.05808   0.0278215   0.141235  6.83389 	Dead: 0
7.02747   0.0241621   0.122658  6.83389 	Dead: 0
7.02294   0.0226339   0.1149    6.83389 	Dead: 0
7.01136   0.0294852   0.149681  6.74261 	Dead: 0
6.97871   0.0255089   0.129495  6.74261 	Dead: 0
6.97964   0.027417    0.139182  6.74261 	Dead: 0
6.96121   0.0255241   0.129572  6.74261 	Dead: 0
6.98602   0.0275577   0.139896  6.73347 	Dead: 0
6.95048   0.0290996   0.147723  6.70074 	Dead: 0
6.95355   0.028572    0.145045  6.70074 	Dead: 0
6.94446   0.0303743   0.154194  6.70074 	Dead: 0
6.95459   0.0296124   0.150326  6.70074 	Dead: 0
6.94251   0.0277846   0.141048  6.70074 	Dead: 0
6.92153   0.0253099   0.128485  6.70074 	Dead: 0
6.93503   0.0303968   0.154309  6.70074 	Dead: 0
6.90988   0.027       0.137065  6.6887  	Dead: 0
6.91713   0.0306901   0.155797  6.6887  	Dead: 0
6.91809   0.0295382   0.14995   6.6887  	Dead: 0
6.90877   0.0288163   0.146285  6.6887  	Dead: 0
6.88101   0.0271286   0.137717  6.68676 	Dead: 0
6.88411   0.0269758   0.136942  6.68676 	Dead: 0
6.86503   0.0253761   0.128821  6.68676 	Dead: 0
6.8679    0.02786     0.14143   6.6355  	Dead: 0
6.85639   0.0269388   0.136754  6.62802 	Dead: 0
6.82833   0.0252995   0.128432  6.62802 	Dead: 0
6.83088   0.0282189   0.143252  6.61556 	Dead: 0
6.8546    0.0303067   0.153851  6.61556 	Dead: 0
6.84166   0.0298455   0.151509  6.61556 	Dead: 0
6.853     0.0327428   0.166218  6.61556 	Dead: 0
6.82869   0.0283322   0.143827  6.59425 	Dead: 0
6.82492   0.029077    0.147609  6.59425 	Dead: 0
6.83335   0.0297279   0.150913  6.59419 	Dead: 0
6.82642   0.0301975   0.153296  6.59419 	Dead: 0
6.83054   0.032865    0.166838  6.54456 	Dead: 0
6.81239   0.0336882   0.171017  6.54456 	Dead: 0
6.80432   0.0318984   0.161931  6.54456 	Dead: 0
6.80824   0.0323258   0.164101  6.54456 	Dead: 0
6.80668   0.0317385   0.161119  6.54456 	Dead: 0
6.76745   0.0252822   0.128344  6.5402  	Dead: 0
6.80624   0.0300098   0.152344  6.5402  	Dead: 0
6.80422   0.0338921   0.172052  6.46767 	Dead: 0
6.78479   0.0332578   0.168832  6.46767 	Dead: 0
6.78323   0.0309775   0.157256  6.46767 	Dead: 0
6.78192   0.0320578   0.16274   6.46767 	Dead: 0
6.78212   0.0312082   0.158427  6.46767 	Dead: 0
6.79527   0.0332155   0.168617  6.46767 	Dead: 0
6.7852    0.0315468   0.160146  6.46767 	Dead: 0
6.77938   0.0304882   0.154772  6.46767 	Dead: 0
6.78754   0.0319843   0.162367  6.46767 	Dead: 0
6.7812    0.0332518   0.168802  6.46767 	Dead: 0
6.77951   0.032597    0.165478  6.46767 	Dead: 0
6.78923   0.0324152   0.164555  6.46767 	Dead: 0
6.77102   0.0329394   0.167216  6.46767 	Dead: 0
6.77693   0.0321204   0.163058  6.46767 	Dead: 0
6.77436   0.0300428   0.152511  6.46767 	Dead: 0
6.77413   0.0312917   0.158851  6.46767 	Dead: 0
