17.8494   0.0696493   0.353572  17.117  	Dead: 0
16.4237   0.0399614   0.202863  16.0258 	Dead: 0
16.1741   0.0264824   0.134437  16.0018 	Dead: 0
15.9996   0.0276732   0.140482  15.7426 	Dead: 0
15.9124   0.0265419   0.134739  15.6932 	Dead: 0
15.806    0.0298942   0.151757  15.5173 	Dead: 0
15.7336   0.041404    0.210186  15.4865 	Dead: 0
15.6107   0.0289519   0.146974  15.4098 	Dead: 0
15.4949   0.0326512   0.165753  15.244  	Dead: 0
15.4743   0.0357412   0.181439  15.2433 	Dead: 0
15.4197   0.0309267   0.156998  15.1395 	Dead: 0
15.3956   0.0333266   0.169181  15.0642 	Dead: 0
15.3816   0.0369188   0.187417  15.0642 	Dead: 0
15.3311   0.0326018   0.165502  15.0642 	Dead: 0
15.2867   0.0311752   0.15826   14.998  	Dead: 0
15.2801   0.0376138   0.190945  14.9931 	Dead: 0
15.2769   0.035865    0.182068  14.9931 	Dead: 0
15.297    0.039966    0.202886  14.9066 	Dead: 0
15.3273   0.0602366   0.305789  14.9066 	Dead: 0
15.2735   0.0407524   0.206878  14.9066 	Dead: 0
15.2665   0.0450496   0.228693  14.9066 	Dead: 0
15.1949   0.0410042   0.208156  14.9066 	Dead: 0
15.0665   0.0390971   0.198475  14.7277 	Dead: 0
15.0679   0.044801    0.227431  14.7262 	Dead: 0
15.0574   0.040438    0.205282  14.7262 	Dead: 0
15.0382   0.0370776   0.188223  14.7248 	Dead: 0
15.0269   0.0400003   0.20306   14.7248 	Dead: 0
15.0431   0.0430108   0.218343  14.7248 	Dead: 0
15.073    0.0581006   0.294946  14.7181 	Dead: 0
15.0323   0.0430019   0.218298  14.7181 	Dead: 0
14.9749   0.0424054   0.21527   14.6722 	Dead: 0
14.958    0.0403548   0.20486   14.6722 	Dead: 0
14.9222   0.0386434   0.196172  14.614  	Dead: 0
14.9324   0.0439761   0.223243  14.614  	Dead: 0
14.9195   0.0468536   0.237851  14.5212 	Dead: 0
14.8954   0.0432798   0.219708  14.5212 	Dead: 0
14.9046   0.0453121   0.230025  14.5212 	Dead: 0
14.88     0.0454571   0.230761  14.5212 	Dead: 0
14.8462   0.0400392   0.203258  14.5212 	Dead: 0
14.8995   0.0485827   0.246628  14.5212 	Dead: 0
14.8561   0.0402961   0.204562  14.5212 	Dead: 0
14.8383   0.0457159   0.232075  14.5212 	Dead: 0
14.8452   0.0390763   0.19837   14.5212 	Dead: 0
14.86     0.0439766   0.223246  14.5212 	Dead: 0
14.8613   0.0540902   0.274587  14.5212 	Dead: 0
14.818    0.0361571   0.18355   14.5212 	Dead: 0
14.8497   0.041281    0.209562  14.5212 	Dead: 0
14.8767   0.0573559   0.291165  14.5212 	Dead: 0
14.838    0.0431048   0.21882   14.5184 	Dead: 0
14.8208   0.0394978   0.200509  14.5184 	Dead: 0
14.8136   0.0414763   0.210553  14.4789 	Dead: 0
14.832    0.0465016   0.236064  14.4691 	Dead: 0
14.8145   0.0429291   0.217928  14.4691 	Dead: 0
14.8135   0.0465899   0.236512  14.4691 	Dead: 0
14.7898   0.0436575   0.221626  14.4691 	Dead: 0
14.6708   0.0458237   0.232622  14.2358 	Dead: 0
14.5239   0.0448617   0.227739  14.2259 	Dead: 0
14.512    0.0525945   0.266994  14.1062 	Dead: 0
14.4902   0.0463476   0.235282  14.1062 	Dead: 0
14.4725   0.0467847   0.237501  14.1062 	Dead: 0
14.4897   0.0446243   0.226534  14.1062 	Dead: 0
14.4589   0.0454153   0.230549  14.1062 	Dead: 0
14.4639   0.0476006   0.241643  14.1062 	Dead: 0
14.4388   0.0510373   0.259089  14.1062 	Dead: 0
14.4684   0.0488908   0.248193  14.1062 	Dead: 0
14.4633   0.049848    0.253052  14.1062 	Dead: 0
14.4603   0.0499182   0.253408  14.1062 	Dead: 0
14.4209   0.0435769   0.221216  14.1062 	Dead: 0
14.5062   0.0529556   0.268827  14.1062 	Dead: 0
14.4313   0.0467459   0.237304  14.1062 	Dead: 0
14.489    0.0626344   0.317961  14.0879 	Dead: 0
14.4537   0.0528676   0.268381  14.0879 	Dead: 0
14.4522   0.0502686   0.255187  14.0388 	Dead: 0
14.4266   0.0528365   0.268222  14.0388 	Dead: 0
14.4226   0.0605366   0.307312  14.0388 	Dead: 0
14.4313   0.0507344   0.257552  14.0388 	Dead: 0
14.4391   0.052332    0.265662  14.0388 	Dead: 0
14.4099   0.0608841   0.309076  14.0388 	Dead: 0
14.4046   0.0525421   0.266728  14.0388 	Dead: 0
14.4088   0.0505528   0.25663   14.0388 	Dead: 0
14.4234   0.048994    0.248716  14.0388 	Dead: 0
14.4279   0.0594056   0.30157   14.0388 	Dead: 0
14.4118   0.065714    0.333595  14.0388 	Dead: 0
14.4427   0.0681921   0.346175  14.0388 	Dead: 0
14.419    0.0539192   0.273719  14.0388 	Dead: 0
14.418    0.0621759   0.315634  14.0388 	Dead: 0
14.3821   0.0600884   0.305037  14.0388 	Dead: 0
14.4464   0.0716171   0.363562  14.0388 	Dead: 0
14.4152   0.0749364   0.380412  14.0388 	Dead: 0
14.4002   0.0580021   0.294446  14.0388 	Dead: 0
14.3473   0.0481188   0.244273  13.9776 	Dead: 0
14.3779   0.0582882   0.295898  13.9776 	Dead: 0
14.3903   0.0554743   0.281613  13.9776 	Dead: 0
14.4033   0.0629957   0.319796  13.9776 	Dead: 0
14.3965   0.0687459   0.348986  13.9776 	Dead: 0
14.3719   0.0544251   0.276287  13.9776 	Dead: 0
14.3711   0.0543945   0.276132  13.9776 	Dead: 0
14.358    0.0483524   0.245459  13.9776 	Dead: 0
14.4186   0.0799185   0.405704  13.9776 	Dead: 0
14.4095   0.0587224   0.298102  13.9776 	Dead: 0
14.3582   0.0567631   0.288156  13.9504 	Dead: 0
