17.9152   0.0770967   0.391379  17.1392 	Dead: 0
16.364    0.0258255   0.131102  16.0909 	Dead: 0
16.0567   0.0274976   0.139591  15.685  	Dead: 0
15.6644   0.021207    0.107656  15.462  	Dead: 0
15.5193   0.027215    0.138156  15.3054 	Dead: 0
15.4771   0.0333145   0.16912   15.1311 	Dead: 0
15.437    0.043428    0.220461  15.0329 	Dead: 0
15.391    0.0375546   0.190645  15.0329 	Dead: 0
15.3169   0.0421034   0.213736  14.8311 	Dead: 0
15.2088   0.0374504   0.190116  14.8311 	Dead: 0
15.1459   0.0336603   0.170875  14.8311 	Dead: 0
15.0811   0.0347331   0.176321  14.6853 	Dead: 0
15.043    0.0437578   0.222135  14.6853 	Dead: 0
15.0023   0.0407019   0.206622  14.6055 	Dead: 0
14.9568   0.0407041   0.206633  14.6055 	Dead: 0
14.9196   0.0350128   0.177741  14.6055 	Dead: 0
14.9433   0.0485612   0.246519  14.6055 	Dead: 0
14.923    0.0434065   0.220352  14.5897 	Dead: 0
14.9096   0.0415624   0.21099   14.5897 	Dead: 0
14.9236   0.0403753   0.204964  14.5897 	Dead: 0
14.9239   0.0400033   0.203075  14.5897 	Dead: 0
14.9464   0.0430298   0.21844   14.5897 	Dead: 0
14.9138   0.0420857   0.213647  14.5897 	Dead: 0
14.922    0.0453031   0.22998   14.5897 	Dead: 0
14.9115   0.0393515   0.199767  14.5897 	Dead: 0
14.8879   0.0409638   0.207951  14.5742 	Dead: 0
14.9553   0.0604571   0.306908  14.5176 	Dead: 0
14.8967   0.0455929   0.231451  14.5176 	Dead: 0
14.9045   0.0428336   0.217444  14.5176 	Dead: 0
14.9221   0.0552335   0.280391  14.5176 	Dead: 0
14.8942   0.0416504   0.211437  14.5176 	Dead: 0
14.8861   0.0446202   0.226513  14.5176 	Dead: 0
14.879    0.0402197   0.204174  14.5176 	Dead: 0
14.8813   0.0414268   0.210302  14.5176 	Dead: 0
14.8864   0.0405622   0.205912  14.5176 	Dead: 0
14.8701   0.0423319   0.214897  14.5176 	Dead: 0
14.8983   0.0455194   0.231078  14.4438 	Dead: 0
14.8955   0.0461469   0.234263  14.4438 	Dead: 0
14.8926   0.0548014   0.278197  14.4438 	Dead: 0
14.8904   0.0432377   0.219495  14.4438 	Dead: 0
14.9056   0.0463829   0.235461  14.4438 	Dead: 0
14.8912   0.0451177   0.229039  14.4438 	Dead: 0
14.8769   0.0428972   0.217766  14.4438 	Dead: 0
14.8843   0.04938     0.250676  14.4438 	Dead: 0
14.9073   0.0453212   0.230072  14.4438 	Dead: 0
14.859    0.0483323   0.245357  14.4438 	Dead: 0
14.8357   0.0514389   0.261128  14.4438 	Dead: 0
14.7675   0.0477435   0.242368  14.3959 	Dead: 0
14.7422   0.0478954   0.243139  14.3959 	Dead: 0
14.7264   0.0454343   0.230646  14.3959 	Dead: 0
14.6986   0.039122    0.198602  14.3959 	Dead: 0
14.6948   0.0398928   0.202515  14.3959 	Dead: 0
14.7075   0.0447285   0.227063  14.3959 	Dead: 0
14.7121   0.0447437   0.22714   14.3535 	Dead: 0
14.7057   0.0425727   0.216119  14.3535 	Dead: 0
14.7342   0.0470511   0.238853  14.3535 	Dead: 0
14.6901   0.0447309   0.227075  14.3535 	Dead: 0
14.7018   0.0412482   0.209395  14.3535 	Dead: 0
14.6916   0.0466519   0.236827  14.3029 	Dead: 0
14.6707   0.0420093   0.213259  14.3029 	Dead: 0
14.6887   0.0442439   0.224603  14.267  	Dead: 0
14.6618   0.0465199   0.236157  14.267  	Dead: 0
14.6546   0.0416541   0.211455  14.267  	Dead: 0
14.6575   0.0446391   0.226609  14.267  	Dead: 0
14.6654   0.0451645   0.229276  14.267  	Dead: 0
14.6468   0.0394419   0.200225  14.267  	Dead: 0
14.6668   0.0438929   0.222821  14.267  	Dead: 0
14.6889   0.0448907   0.227886  14.267  	Dead: 0
14.6495   0.0412514   0.209411  14.267  	Dead: 0
14.6433   0.0412184   0.209244  14.267  	Dead: 0
14.658    0.0469217   0.238196  14.267  	Dead: 0
14.6538   0.0439124   0.22292   14.267  	Dead: 0
14.6657   0.0482094   0.244733  14.267  	Dead: 0
14.6824   0.0482644   0.245013  14.267  	Dead: 0
14.6278   0.0404062   0.205121  14.267  	Dead: 0
14.6401   0.0404077   0.205129  14.267  	Dead: 0
14.6942   0.0537463   0.272841  14.267  	Dead: 0
14.6574   0.0530967   0.269544  14.267  	Dead: 0
14.6447   0.0474737   0.240999  14.267  	Dead: 0
14.6348   0.0455275   0.231119  14.267  	Dead: 0
14.6708   0.0475272   0.24127   14.267  	Dead: 0
14.6478   0.0455608   0.231288  14.267  	Dead: 0
14.639    0.0457255   0.232124  14.267  	Dead: 0
14.6366   0.0414905   0.210625  14.267  	Dead: 0
14.6326   0.0456107   0.231541  14.267  	Dead: 0
14.652    0.0443349   0.225065  14.267  	Dead: 0
14.6549   0.0533132   0.270643  14.267  	Dead: 0
14.6204   0.0447875   0.227362  14.267  	Dead: 0
14.6726   0.0460622   0.233833  14.267  	Dead: 0
14.6634   0.047909    0.243208  14.2059 	Dead: 0
14.6437   0.0436498   0.221587  14.2059 	Dead: 0
14.6505   0.0476329   0.241807  14.2059 	Dead: 0
14.6346   0.0518676   0.263304  14.2059 	Dead: 0
14.6777   0.0631298   0.320476  14.1977 	Dead: 0
14.676    0.0587112   0.298045  14.1977 	Dead: 0
14.6678   0.049211    0.249818  14.1977 	Dead: 0
14.663    0.0511591   0.259707  14.1977 	Dead: 0
14.6451   0.0504732   0.256226  14.1977 	Dead: 0
14.6442   0.0477052   0.242174  14.1977 	Dead: 0
14.6275   0.0478488   0.242903  14.1977 	Dead: 0
14.6634   0.0501456   0.254562  14.1977 	Dead: 0
