17.8798   0.0713159   0.362033  17.0737 	Dead: 0
16.3929   0.0303156   0.153896  16.1238 	Dead: 0
16.0469   0.0274114   0.139153  15.7336 	Dead: 0
15.7917   0.0286411   0.145396  15.5293 	Dead: 0
15.6877   0.0304334   0.154494  15.3667 	Dead: 0
15.6095   0.0328581   0.166803  15.2441 	Dead: 0
15.5446   0.0389475   0.197716  15.2105 	Dead: 0
15.433    0.0349973   0.177663  15.1219 	Dead: 0
15.3582   0.0365698   0.185645  15.0608 	Dead: 0
15.3233   0.0310539   0.157644  14.9914 	Dead: 0
15.3174   0.0364993   0.185287  14.98   	Dead: 0
15.2947   0.0363363   0.18446   14.9291 	Dead: 0
15.2795   0.0406842   0.206532  14.9291 	Dead: 0
15.2474   0.0461731   0.234396  14.8497 	Dead: 0
15.1821   0.0340055   0.172628  14.8497 	Dead: 0
15.1885   0.0380947   0.193387  14.8497 	Dead: 0
15.2049   0.041942    0.212917  14.8497 	Dead: 0
15.189    0.0385175   0.195533  14.8258 	Dead: 0
15.142    0.0352128   0.178757  14.8258 	Dead: 0
15.1552   0.0382742   0.194297  14.8258 	Dead: 0
15.1503   0.0428453   0.217503  14.8258 	Dead: 0
15.1586   0.0493563   0.250556  14.8258 	Dead: 0
15.1505   0.0428167   0.217357  14.8218 	Dead: 0
15.1755   0.0413428   0.209875  14.8218 	Dead: 0
15.1626   0.0399096   0.2026    14.8218 	Dead: 0
15.1324   0.041096    0.208622  14.8218 	Dead: 0
15.1314   0.0383255   0.194558  14.8218 	Dead: 0
15.1304   0.0390781   0.198379  14.8218 	Dead: 0
15.1509   0.0575762   0.292284  14.8218 	Dead: 0
15.0907   0.0464268   0.235684  14.8031 	Dead: 0
15.1116   0.0449351   0.228112  14.7931 	Dead: 0
15.0858   0.0419004   0.212706  14.7775 	Dead: 0
15.0993   0.0439409   0.223064  14.7775 	Dead: 0
15.077    0.0421258   0.21385   14.7775 	Dead: 0
15.0491   0.0411609   0.208952  14.7608 	Dead: 0
15.0142   0.0371332   0.188505  14.7542 	Dead: 0
15.0592   0.0478075   0.242693  14.7542 	Dead: 0
15.0439   0.0463722   0.235407  14.684  	Dead: 0
15.0081   0.0455973   0.231473  14.684  	Dead: 0
15.0403   0.0450801   0.228848  14.684  	Dead: 0
15.0364   0.0449306   0.228089  14.6718 	Dead: 0
15.0173   0.0430613   0.218599  14.6718 	Dead: 0
15.0064   0.0401593   0.203867  14.6718 	Dead: 0
15.0281   0.049005    0.248772  14.6718 	Dead: 0
15.0272   0.0423242   0.214857  14.6718 	Dead: 0
15.0217   0.0410546   0.208413  14.6718 	Dead: 0
15.0157   0.0447175   0.227007  14.6718 	Dead: 0
15.0076   0.0432473   0.219543  14.6718 	Dead: 0
15.0483   0.0587699   0.298343  14.6718 	Dead: 0
15.0097   0.05284     0.26824   14.6718 	Dead: 0
14.9875   0.0516046   0.261969  14.6718 	Dead: 0
14.9965   0.0469008   0.23809   14.6178 	Dead: 0
14.9993   0.0464824   0.235966  14.6178 	Dead: 0
14.9772   0.0411073   0.20868   14.6178 	Dead: 0
14.9607   0.0435325   0.220991  14.6178 	Dead: 0
14.936    0.0370905   0.188289  14.6178 	Dead: 0
14.9569   0.0454211   0.230579  14.5525 	Dead: 0
14.9361   0.0423049   0.214759  14.5525 	Dead: 0
14.9584   0.0462895   0.234987  14.5525 	Dead: 0
14.9438   0.0450498   0.228694  14.5525 	Dead: 0
14.9471   0.0449562   0.228219  14.5525 	Dead: 0
14.9353   0.0369084   0.187364  14.5525 	Dead: 0
14.9384   0.0432856   0.219738  14.5525 	Dead: 0
14.904    0.0373876   0.189797  14.4908 	Dead: 0
14.9195   0.0423472   0.214974  14.4908 	Dead: 0
14.9138   0.0446318   0.226572  14.4908 	Dead: 0
14.8962   0.043396    0.220299  14.4908 	Dead: 0
14.9004   0.0400078   0.203098  14.4908 	Dead: 0
14.9033   0.0403431   0.2048    14.4908 	Dead: 0
14.9028   0.0442174   0.224468  14.4908 	Dead: 0
14.9004   0.0452472   0.229696  14.4908 	Dead: 0
14.9036   0.0456563   0.231773  14.4908 	Dead: 0
14.916    0.0512792   0.260317  14.4908 	Dead: 0
14.8801   0.0410856   0.20857   14.4908 	Dead: 0
14.9058   0.0618984   0.314225  14.4908 	Dead: 0
14.9319   0.044759    0.227218  14.4908 	Dead: 0
14.9007   0.0430463   0.218523  14.4908 	Dead: 0
14.9189   0.054137    0.274825  14.4908 	Dead: 0
14.8898   0.0392683   0.199344  14.4908 	Dead: 0
14.8967   0.0343331   0.174291  14.4908 	Dead: 0
14.9114   0.0501968   0.254822  14.4908 	Dead: 0
14.8883   0.0371712   0.188698  14.4908 	Dead: 0
14.9254   0.0455536   0.231251  14.4908 	Dead: 0
14.8988   0.040313    0.204648  14.4908 	Dead: 0
14.9035   0.0378933   0.192364  14.4908 	Dead: 0
14.88     0.0373648   0.189681  14.4908 	Dead: 0
14.917    0.0517997   0.262959  14.4908 	Dead: 0
14.8987   0.0426364   0.216442  14.4908 	Dead: 0
14.8948   0.0467396   0.237272  14.4908 	Dead: 0
14.9051   0.0440295   0.223514  14.4908 	Dead: 0
14.8986   0.0403273   0.20472   14.4908 	Dead: 0
14.9295   0.0496635   0.252115  14.4908 	Dead: 0
14.898    0.0430041   0.218309  14.4908 	Dead: 0
14.9187   0.0507934   0.257851  14.4908 	Dead: 0
14.8924   0.0415842   0.211101  14.4908 	Dead: 0
14.8848   0.0421731   0.21409   14.4908 	Dead: 0
14.8891   0.0430786   0.218687  14.4908 	Dead: 0
14.8899   0.0458815   0.232916  14.4908 	Dead: 0
14.8921   0.0570589   0.289658  14.4908 	Dead: 0
14.9078   0.047032    0.238756  14.4908 	Dead: 0
14.8907   0.0412598   0.209454  14.4908 	Dead: 0
