9.47719   0.109431    0.555524  8.34015 	Dead: 0
8.06501   0.0622656   0.316089  7.62483 	Dead: 0
7.6638    0.0568965   0.288833  7.24054 	Dead: 0
7.47294   0.0583531   0.296228  7.00944 	Dead: 0
7.33885   0.0497744   0.252678  6.90323 	Dead: 0
7.31177   0.0557198   0.28286   6.87957 	Dead: 0
7.26715   0.0535039   0.271611  6.85009 	Dead: 0
7.24094   0.051969    0.263819  6.85009 	Dead: 0
7.25961   0.0616423   0.312925  6.64637 	Dead: 0
7.11768   0.0580485   0.294681  6.50496 	Dead: 0
7.07974   0.0611118   0.310232  6.50496 	Dead: 0
7.03149   0.0582476   0.295692  6.49145 	Dead: 0
7.06292   0.0647746   0.328826  6.49145 	Dead: 0
7.06082   0.0648516   0.329217  6.49145 	Dead: 0
7.05397   0.0668408   0.339315  6.49145 	Dead: 0
7.0305    0.0616016   0.312718  6.49145 	Dead: 0
7.00879   0.0698935   0.354812  6.49145 	Dead: 0
7.00547   0.0682879   0.346661  6.49145 	Dead: 0
6.94933   0.0699606   0.355153  6.24444 	Dead: 0
6.88996   0.0692383   0.351486  6.09103 	Dead: 0
6.79481   0.0678756   0.344568  6.09103 	Dead: 0
6.74818   0.0694345   0.352482  6.09103 	Dead: 0
6.75712   0.0627882   0.318742  6.09103 	Dead: 0
6.76459   0.0741394   0.376366  6.09103 	Dead: 0
6.71553   0.0733193   0.372203  5.98826 	Dead: 0
6.74401   0.0795536   0.403851  5.98826 	Dead: 0
6.77313   0.0840364   0.426608  5.98826 	Dead: 0
6.70875   0.0692612   0.351602  5.98826 	Dead: 0
6.69518   0.0724213   0.367645  5.98826 	Dead: 0
6.71217   0.0719375   0.365188  5.98826 	Dead: 0
6.73126   0.0799117   0.405669  5.98826 	Dead: 0
6.64398   0.062358    0.316558  5.98826 	Dead: 0
6.73401   0.0758441   0.38502   5.98826 	Dead: 0
6.68541   0.0730028   0.370596  5.98826 	Dead: 0
6.68277   0.0743144   0.377254  5.98826 	Dead: 0
6.71353   0.0806605   0.40947   5.98826 	Dead: 0
6.7219    0.0755099   0.383323  5.98826 	Dead: 0
6.69062   0.0764016   0.38785   5.98826 	Dead: 0
6.68478   0.076919    0.390477  5.98826 	Dead: 0
6.67893   0.0771277   0.391536  5.98826 	Dead: 0
6.65122   0.0710646   0.360757  5.98826 	Dead: 0
6.64976   0.0719399   0.3652    5.98826 	Dead: 0
6.67705   0.0790617   0.401354  5.98826 	Dead: 0
6.67926   0.0724008   0.36754   5.98826 	Dead: 0
6.64361   0.0722021   0.366531  5.98826 	Dead: 0
6.69586   0.0916008   0.465008  5.98826 	Dead: 0
6.67606   0.0812154   0.412287  5.98826 	Dead: 0
6.71512   0.0883422   0.448466  5.98826 	Dead: 0
6.62581   0.0720939   0.365982  5.88701 	Dead: 0
6.64959   0.0750332   0.380903  5.88701 	Dead: 0
6.68058   0.0913583   0.463777  5.88701 	Dead: 0
6.70441   0.0915959   0.464984  5.88701 	Dead: 0
6.63495   0.0744486   0.377936  5.88701 	Dead: 0
6.60961   0.0753834   0.382681  5.88701 	Dead: 0
6.63371   0.0758513   0.385057  5.88701 	Dead: 0
6.59894   0.0789744   0.400911  5.88701 	Dead: 0
6.64783   0.0790847   0.401471  5.88701 	Dead: 0
6.61888   0.0756154   0.383859  5.88701 	Dead: 0
6.75467   0.11282     0.572725  5.88701 	Dead: 0
6.69642   0.102306    0.519351  5.88701 	Dead: 0
6.61073   0.0730561   0.370867  5.88701 	Dead: 0
6.65823   0.0928438   0.471318  5.88701 	Dead: 0
6.65411   0.080179    0.407026  5.88701 	Dead: 0
6.68262   0.109195    0.554324  5.88701 	Dead: 0
6.64862   0.0881056   0.447265  5.88701 	Dead: 0
6.66865   0.108743    0.552032  5.88701 	Dead: 0
6.64976   0.0808055   0.410206  5.88701 	Dead: 0
6.6588    0.0965772   0.490271  5.88701 	Dead: 0
6.63572   0.0752486   0.381997  5.88701 	Dead: 0
6.60308   0.0844467   0.428691  5.88701 	Dead: 0
6.64497   0.101105    0.513258  5.88701 	Dead: 0
6.59751   0.0693775   0.352192  5.88701 	Dead: 0
6.60691   0.0756412   0.38399   5.88701 	Dead: 0
6.60477   0.104224    0.529092  5.88701 	Dead: 0
6.63757   0.106876    0.542554  5.88701 	Dead: 0
6.65394   0.0936778   0.475552  5.88701 	Dead: 0
6.63333   0.0882666   0.448082  5.88701 	Dead: 0
6.60455   0.0846846   0.429899  5.88701 	Dead: 0
6.60427   0.0706423   0.358613  5.88701 	Dead: 0
6.67228   0.102305    0.519348  5.88701 	Dead: 0
6.64056   0.0907935   0.46091   5.88701 	Dead: 0
6.70538   0.116716    0.592503  5.88701 	Dead: 0
6.62841   0.0823594   0.418095  5.88701 	Dead: 0
6.63217   0.0840296   0.426574  5.88701 	Dead: 0
6.62804   0.0956874   0.485754  5.88701 	Dead: 0
6.6266    0.0989289   0.502209  5.88701 	Dead: 0
6.60858   0.087474    0.444059  5.88701 	Dead: 0
6.60982   0.0767077   0.389404  5.88701 	Dead: 0
6.61393   0.0800608   0.406426  5.88701 	Dead: 0
6.63366   0.0782915   0.397444  5.88701 	Dead: 0
6.6363    0.0949992   0.48226   5.88701 	Dead: 0
6.64825   0.0984253   0.499653  5.88701 	Dead: 0
6.6539    0.106379    0.540028  5.88701 	Dead: 0
6.71155   0.121466    0.61662   5.88701 	Dead: 0
6.63023   0.0914742   0.464366  5.88701 	Dead: 0
6.63018   0.100974    0.512589  5.88701 	Dead: 0
6.6629    0.101569    0.515609  5.88701 	Dead: 0
6.62941   0.0970158   0.492498  5.88701 	Dead: 0
6.65651   0.0861248   0.437209  5.88701 	Dead: 0
6.66814   0.0974066   0.494481  5.88701 	Dead: 0
6.59729   0.0857495   0.435305  5.88701 	Dead: 0
