9.48334   0.101605    0.515793  8.5188  	Dead: 0
7.87708   0.0450657   0.228775  7.42202 	Dead: 0
7.81578   0.0546799   0.277581  7.3825  	Dead: 0
7.77701   0.049888    0.253255  7.29656 	Dead: 0
7.78343   0.0574789   0.29179   7.29656 	Dead: 0
7.75168   0.0540608   0.274438  7.20176 	Dead: 0
7.73818   0.0543895   0.276106  7.20176 	Dead: 0
7.72487   0.05645     0.286567  7.20176 	Dead: 0
7.48442   0.0509447   0.258619  7.07728 	Dead: 0
7.29221   0.0526633   0.267343  6.85431 	Dead: 0
7.22379   0.048954    0.248513  6.82484 	Dead: 0
7.18419   0.0493216   0.250379  6.72504 	Dead: 0
7.20324   0.0545527   0.276935  6.71926 	Dead: 0
7.20364   0.0593085   0.301078  6.71926 	Dead: 0
7.17437   0.0548601   0.278495  6.62824 	Dead: 0
7.18934   0.0610901   0.310122  6.62824 	Dead: 0
7.19502   0.0608305   0.308804  6.62824 	Dead: 0
7.19034   0.0595585   0.302347  6.62824 	Dead: 0
7.14544   0.0552106   0.280275  6.62824 	Dead: 0
7.20236   0.0789939   0.40101   6.62824 	Dead: 0
7.18558   0.0611802   0.310579  6.62824 	Dead: 0
7.15504   0.0552896   0.280676  6.62824 	Dead: 0
7.18305   0.0620191   0.314838  6.62824 	Dead: 0
7.17694   0.0574585   0.291686  6.62824 	Dead: 0
7.19597   0.0620538   0.315014  6.62824 	Dead: 0
7.15123   0.0608729   0.309019  6.62824 	Dead: 0
7.14957   0.0661438   0.335777  6.51783 	Dead: 0
7.12614   0.062763    0.318615  6.51783 	Dead: 0
7.2069    0.067414    0.342225  6.51783 	Dead: 0
7.14668   0.0586349   0.297658  6.51783 	Dead: 0
7.18739   0.0625152   0.317356  6.51783 	Dead: 0
7.16912   0.0638917   0.324344  6.48363 	Dead: 0
7.16012   0.0648944   0.329434  6.48363 	Dead: 0
7.14044   0.0644073   0.326962  6.48363 	Dead: 0
7.14492   0.063517    0.322442  6.48363 	Dead: 0
7.16442   0.0670163   0.340206  6.48363 	Dead: 0
7.11788   0.0578521   0.293684  6.43551 	Dead: 0
7.16751   0.0726506   0.368808  6.43551 	Dead: 0
7.13077   0.065471    0.332361  6.43551 	Dead: 0
7.13122   0.0620494   0.314992  6.43551 	Dead: 0
7.15194   0.0686469   0.348484  6.43551 	Dead: 0
7.15476   0.0664452   0.337307  6.43551 	Dead: 0
7.12461   0.0652371   0.331174  6.43551 	Dead: 0
7.16609   0.068727    0.34889   6.43551 	Dead: 0
7.12342   0.0641948   0.325883  6.43551 	Dead: 0
7.129     0.0666749   0.338473  6.43551 	Dead: 0
7.10315   0.0627691   0.318645  6.43551 	Dead: 0
7.15101   0.0640516   0.325156  6.43551 	Dead: 0
7.10408   0.0614942   0.312173  6.43551 	Dead: 0
7.12194   0.0632925   0.321302  6.43551 	Dead: 0
7.14469   0.0690178   0.350366  6.43551 	Dead: 0
7.1355    0.0659169   0.334625  6.43551 	Dead: 0
7.1413    0.0683292   0.346871  6.43551 	Dead: 0
7.13297   0.0652735   0.331359  6.43551 	Dead: 0
7.11922   0.0661475   0.335796  6.43551 	Dead: 0
7.14325   0.0654274   0.33214   6.43551 	Dead: 0
7.13607   0.0665581   0.33788   6.43551 	Dead: 0
7.11315   0.0632885   0.321282  6.43551 	Dead: 0
7.13435   0.0693441   0.352023  6.43551 	Dead: 0
7.07862   0.0644206   0.327029  6.43551 	Dead: 0
6.98748   0.0594148   0.301617  6.43551 	Dead: 0
6.99323   0.0589965   0.299494  6.43551 	Dead: 0
6.95368   0.0589778   0.299399  6.43551 	Dead: 0
6.97208   0.0688738   0.349635  6.33343 	Dead: 0
6.65353   0.0554596   0.281539  6.17036 	Dead: 0
6.60976   0.060431    0.306776  6.07992 	Dead: 0
6.55758   0.0582077   0.295489  6.07992 	Dead: 0
6.57703   0.062855    0.319081  6.04873 	Dead: 0
6.58133   0.0666886   0.338542  6.04873 	Dead: 0
6.5496    0.0641951   0.325884  5.95337 	Dead: 0
6.53962   0.0677304   0.343831  5.95337 	Dead: 0
6.56674   0.0902103   0.45795   5.95337 	Dead: 0
6.51402   0.0661507   0.335812  5.95337 	Dead: 0
6.50179   0.0651657   0.330811  5.95337 	Dead: 0
6.5242    0.0690695   0.350629  5.95337 	Dead: 0
6.52653   0.0733843   0.372533  5.95337 	Dead: 0
6.513     0.0645633   0.327754  5.95337 	Dead: 0
6.47284   0.0646913   0.328403  5.95337 	Dead: 0
6.53223   0.0712594   0.361746  5.95337 	Dead: 0
6.53684   0.073192    0.371557  5.95337 	Dead: 0
6.57548   0.0938342   0.476346  5.94383 	Dead: 0
6.50169   0.0742163   0.376757  5.94383 	Dead: 0
6.55867   0.102738    0.521545  5.94191 	Dead: 0
6.53126   0.0742147   0.376749  5.94191 	Dead: 0
6.50585   0.0690434   0.350497  5.94191 	Dead: 0
6.51321   0.0832452   0.422592  5.94191 	Dead: 0
6.51042   0.0679999   0.345199  5.94191 	Dead: 0
6.57579   0.0852833   0.432938  5.94191 	Dead: 0
6.53375   0.0701367   0.356047  5.94191 	Dead: 0
6.47335   0.0670665   0.340461  5.94191 	Dead: 0
6.49376   0.069435    0.352485  5.94191 	Dead: 0
6.04133   0.064775    0.328828  5.49276 	Dead: 0
5.95788   0.0799902   0.406068  5.38188 	Dead: 0
5.93547   0.0936169   0.475243  5.38188 	Dead: 0
5.89297   0.0743481   0.377426  5.2094  	Dead: 0
5.86202   0.080774    0.410047  5.2094  	Dead: 0
5.90248   0.0739049   0.375176  5.2094  	Dead: 0
5.86413   0.0641762   0.325788  5.2094  	Dead: 0
5.88376   0.075554    0.383547  5.2094  	Dead: 0
5.93741   0.115565    0.58666   5.2094  	Dead: 0
5.92335   0.0935297   0.4748    5.2094  	Dead: 0
