9.4342    0.081298    0.412706  8.52943 	Dead: 0
8.10948   0.0501146   0.254405  7.44801 	Dead: 0
7.92948   0.0555096   0.281793  7.44801 	Dead: 0
7.90614   0.0562764   0.285685  7.26991 	Dead: 0
7.82099   0.0580715   0.294798  7.26991 	Dead: 0
7.80879   0.0560174   0.28437   7.26991 	Dead: 0
7.73341   0.058635    0.297659  7.26991 	Dead: 0
7.71907   0.0578858   0.293856  7.25109 	Dead: 0
7.67533   0.0639953   0.32487   7.18692 	Dead: 0
7.68272   0.0609168   0.309242  7.08653 	Dead: 0
7.66745   0.0683384   0.346917  6.92139 	Dead: 0
7.6135    0.0600343   0.304762  6.92139 	Dead: 0
7.63641   0.0746773   0.379097  6.92139 	Dead: 0
7.59868   0.0586639   0.297805  6.92139 	Dead: 0
7.58793   0.057561    0.292206  6.92139 	Dead: 0
7.60916   0.0672303   0.341292  6.92139 	Dead: 0
7.59354   0.0580426   0.294651  6.92139 	Dead: 0
7.62472   0.0627181   0.318386  6.92139 	Dead: 0
7.58944   0.0647113   0.328505  6.92139 	Dead: 0
7.58917   0.0621654   0.31558   6.92139 	Dead: 0
7.59434   0.0658572   0.334322  6.92139 	Dead: 0
7.55556   0.0609272   0.309295  6.92139 	Dead: 0
7.56991   0.0736047   0.373652  6.92139 	Dead: 0
7.58285   0.0679311   0.34485   6.92139 	Dead: 0
7.47568   0.0536899   0.272555  6.92139 	Dead: 0
7.51512   0.0631903   0.320783  6.92139 	Dead: 0
7.59411   0.0758749   0.385176  6.92139 	Dead: 0
7.5294    0.0652397   0.331187  6.92139 	Dead: 0
7.53737   0.0768629   0.390192  6.92139 	Dead: 0
7.49133   0.0622111   0.315813  6.92139 	Dead: 0
7.52682   0.0657843   0.333952  6.92139 	Dead: 0
7.47366   0.0566743   0.287705  6.92139 	Dead: 0
7.518     0.0857964   0.435543  6.92139 	Dead: 0
7.47324   0.0588529   0.298765  6.92139 	Dead: 0
7.47807   0.0677086   0.343721  6.92139 	Dead: 0
7.45697   0.0577042   0.292934  6.92139 	Dead: 0
7.47884   0.0920229   0.467151  6.74189 	Dead: 0
7.44408   0.0612857   0.311115  6.74189 	Dead: 0
7.50197   0.0782271   0.397117  6.74189 	Dead: 0
7.47815   0.0776176   0.394023  6.74189 	Dead: 0
7.48416   0.0766973   0.389351  6.74189 	Dead: 0
7.44479   0.0647323   0.328611  6.74189 	Dead: 0
7.47026   0.0799285   0.405754  6.74189 	Dead: 0
7.47414   0.0659657   0.334873  6.74189 	Dead: 0
7.42525   0.0782556   0.397262  6.74189 	Dead: 0
7.35563   0.0554713   0.281598  6.74189 	Dead: 0
7.37558   0.0590402   0.299715  6.74189 	Dead: 0
7.36339   0.0622489   0.316004  6.74189 	Dead: 0
7.33598   0.0620879   0.315187  6.74189 	Dead: 0
7.38497   0.101653    0.516039  6.74189 	Dead: 0
7.29888   0.0684562   0.347516  6.69809 	Dead: 0
7.28472   0.0673996   0.342152  6.69809 	Dead: 0
7.25323   0.0681475   0.345949  6.69809 	Dead: 0
7.30411   0.0706362   0.358582  6.69809 	Dead: 0
7.23852   0.0637232   0.323489  6.60265 	Dead: 0
7.20777   0.0600449   0.304816  6.60265 	Dead: 0
7.24661   0.0674185   0.342248  6.60265 	Dead: 0
7.24374   0.0676587   0.343467  6.60265 	Dead: 0
7.24846   0.0703002   0.356877  6.60265 	Dead: 0
7.1861    0.0626048   0.317811  6.60265 	Dead: 0
7.2612    0.0755765   0.383662  6.60265 	Dead: 0
7.25499   0.0692415   0.351502  6.60265 	Dead: 0
7.26481   0.0759793   0.385706  6.60265 	Dead: 0
7.21284   0.0740435   0.375879  6.60265 	Dead: 0
7.21208   0.0678327   0.344351  6.60265 	Dead: 0
7.23961   0.0699671   0.355185  6.60265 	Dead: 0
7.24151   0.0917457   0.465744  6.60265 	Dead: 0
7.21909   0.0730029   0.370597  6.60265 	Dead: 0
7.21379   0.0694833   0.352729  6.60265 	Dead: 0
7.20519   0.0653672   0.331834  6.60265 	Dead: 0
7.20267   0.0705939   0.358368  6.60265 	Dead: 0
7.21869   0.0672499   0.341392  6.56151 	Dead: 0
7.26882   0.0961621   0.488164  6.56151 	Dead: 0
7.19628   0.070297    0.35686   6.56151 	Dead: 0
7.18383   0.0786734   0.399383  6.56151 	Dead: 0
7.20034   0.0748183   0.379813  6.56151 	Dead: 0
7.19537   0.0649863   0.329901  6.56151 	Dead: 0
7.18309   0.0691033   0.350801  6.56151 	Dead: 0
7.29602   0.10625     0.539377  6.56151 	Dead: 0
7.1915    0.0713098   0.362002  6.56151 	Dead: 0
7.19614   0.0864013   0.438613  6.56151 	Dead: 0
7.22907   0.0878609   0.446023  6.56151 	Dead: 0
7.15046   0.0659796   0.334943  6.56151 	Dead: 0
7.16293   0.0716773   0.363867  6.56151 	Dead: 0
7.17346   0.074378    0.377577  6.56151 	Dead: 0
7.15642   0.069791    0.354292  6.56151 	Dead: 0
7.18266   0.0717062   0.364014  6.56151 	Dead: 0
7.17364   0.0697741   0.354206  6.56151 	Dead: 0
7.20351   0.0693306   0.351955  6.56151 	Dead: 0
7.16441   0.0678473   0.344424  6.56151 	Dead: 0
7.13468   0.0666035   0.338111  6.56151 	Dead: 0
7.17459   0.0751069   0.381278  6.56151 	Dead: 0
7.11825   0.0622686   0.316105  6.56151 	Dead: 0
7.18099   0.0700788   0.355753  6.56151 	Dead: 0
7.23756   0.0848582   0.43078   6.56151 	Dead: 0
7.13995   0.0610002   0.309665  6.56151 	Dead: 0
7.11573   0.0600896   0.305043  6.56151 	Dead: 0
7.18859   0.074339    0.377379  6.56151 	Dead: 0
7.10299   0.0653711   0.331854  6.56151 	Dead: 0
7.17432   0.0905118   0.45948   6.56151 	Dead: 0
7.13924   0.0713391   0.362151  6.56151 	Dead: 0
