6.25095   0.110228    0.55957   4.70073 	Dead: 0
4.25085   0.0438492   0.222599  3.87613 	Dead: 0
3.11215   0.0355172   0.180302  2.78705 	Dead: 0
2.92086   0.0390357   0.198163  2.63714 	Dead: 0
2.8739    0.0397519   0.201799  2.54455 	Dead: 0
2.6854    0.0334919   0.170021  2.41678 	Dead: 0
2.56245   0.0295575   0.150048  2.31161 	Dead: 0
2.55761   0.0363536   0.184548  2.22925 	Dead: 0
2.52077   0.0332244   0.168663  2.22925 	Dead: 0
2.52827   0.0441665   0.22421   2.22925 	Dead: 0
2.52835   0.0460612   0.233828  2.22925 	Dead: 0
2.501     0.0371476   0.188579  2.22925 	Dead: 0
2.48619   0.0384653   0.195268  2.17227 	Dead: 0
2.47075   0.038632    0.196114  2.17227 	Dead: 0
2.42461   0.0335666   0.1704    2.17227 	Dead: 0
2.425     0.0366056   0.185827  2.1012  	Dead: 0
2.40028   0.0403058   0.204611  2.1012  	Dead: 0
2.36205   0.0342697   0.173969  2.1012  	Dead: 0
2.31709   0.0315879   0.160355  2.09411 	Dead: 0
2.31996   0.0340566   0.172887  2.00007 	Dead: 0
2.27227   0.0318861   0.161869  2.00007 	Dead: 0
2.30799   0.0402898   0.20453   2.00007 	Dead: 0
2.26087   0.0342774   0.174008  2.00007 	Dead: 0
2.28605   0.0410435   0.208356  2.00007 	Dead: 0
2.26088   0.0380662   0.193242  1.98762 	Dead: 0
2.26991   0.0405881   0.206044  1.98762 	Dead: 0
2.23939   0.037899    0.192393  1.98762 	Dead: 0
2.25586   0.0429799   0.218186  1.98762 	Dead: 0
2.23482   0.0420376   0.213403  1.98762 	Dead: 0
2.22237   0.0386842   0.196379  1.97803 	Dead: 0
2.24301   0.0397241   0.201658  1.97803 	Dead: 0
2.22771   0.0342813   0.174028  1.97803 	Dead: 0
2.24098   0.0384173   0.195024  1.97803 	Dead: 0
2.23049   0.0358558   0.182021  1.97803 	Dead: 0
2.21883   0.038881    0.197378  1.96365 	Dead: 0
2.19255   0.0287264   0.145829  1.96365 	Dead: 0
2.22418   0.037309    0.189398  1.96365 	Dead: 0
2.21609   0.0400158   0.203139  1.96289 	Dead: 0
2.17385   0.0292851   0.148665  1.96289 	Dead: 0
2.21895   0.0424992   0.215746  1.96289 	Dead: 0
2.18282   0.0373035   0.18937   1.94923 	Dead: 0
2.19916   0.0413124   0.209721  1.93876 	Dead: 0
2.16766   0.0358714   0.1821    1.93876 	Dead: 0
2.20646   0.0478891   0.243107  1.93876 	Dead: 0
2.18562   0.0404402   0.205293  1.89433 	Dead: 0
2.15249   0.0322093   0.16351   1.89433 	Dead: 0
2.18014   0.0408411   0.207328  1.89433 	Dead: 0
2.15878   0.0349478   0.177411  1.89    	Dead: 0
2.1668    0.0408093   0.207167  1.89    	Dead: 0
2.15015   0.0371913   0.188801  1.89    	Dead: 0
2.15534   0.0416806   0.21159   1.89    	Dead: 0
2.14919   0.0344299   0.174782  1.89    	Dead: 0
2.13581   0.034577    0.175529  1.89    	Dead: 0
2.1408    0.0372945   0.189324  1.89    	Dead: 0
2.14715   0.0395187   0.200615  1.89    	Dead: 0
2.15972   0.0437775   0.222235  1.89    	Dead: 0
2.12463   0.0354783   0.180105  1.89    	Dead: 0
2.14803   0.042015    0.213288  1.89    	Dead: 0
2.16485   0.049501    0.25129   1.89    	Dead: 0
2.11745   0.0342835   0.174039  1.89    	Dead: 0
2.14158   0.0474686   0.240973  1.89    	Dead: 0
2.1297    0.0414147   0.21024   1.89    	Dead: 0
2.14399   0.0423567   0.215022  1.89    	Dead: 0
2.10616   0.0385322   0.195607  1.89    	Dead: 0
2.1289    0.0376976   0.191371  1.8652  	Dead: 0
2.15032   0.0418914   0.21266   1.8652  	Dead: 0
2.13671   0.039893    0.202515  1.8652  	Dead: 0
2.1204    0.0365833   0.185714  1.84025 	Dead: 0
2.12129   0.0465068   0.23609   1.84025 	Dead: 0
2.10015   0.030865    0.156685  1.84025 	Dead: 0
2.11844   0.0360802   0.18316   1.84025 	Dead: 0
2.12131   0.0367573   0.186597  1.84025 	Dead: 0
2.08403   0.0276459   0.140344  1.84025 	Dead: 0
2.10639   0.0371507   0.188595  1.84025 	Dead: 0
2.12265   0.0408074   0.207158  1.84025 	Dead: 0
2.10258   0.036697    0.186291  1.84025 	Dead: 0
2.12035   0.0430631   0.218609  1.84025 	Dead: 0
2.12722   0.0466839   0.236989  1.84025 	Dead: 0
2.10687   0.0374537   0.190132  1.84025 	Dead: 0
2.10016   0.0395685   0.200868  1.84025 	Dead: 0
2.09578   0.0415532   0.210944  1.83153 	Dead: 0
2.07766   0.0331287   0.168177  1.83153 	Dead: 0
2.06501   0.0338506   0.171841  1.83153 	Dead: 0
2.07567   0.0379969   0.19289   1.83153 	Dead: 0
2.08499   0.0401582   0.203862  1.83153 	Dead: 0
2.10501   0.0406419   0.206317  1.83153 	Dead: 0
2.08981   0.0423903   0.215193  1.82097 	Dead: 0
2.06345   0.0301984   0.153301  1.82097 	Dead: 0
2.09346   0.044928    0.228075  1.82097 	Dead: 0
2.05451   0.0336666   0.170908  1.82097 	Dead: 0
2.05314   0.0387809   0.19687   1.82097 	Dead: 0
2.05684   0.0483098   0.245243  1.82097 	Dead: 0
2.05558   0.0387495   0.196711  1.82097 	Dead: 0
2.04523   0.0368966   0.187304  1.82097 	Dead: 0
2.05039   0.0367342   0.18648   1.79167 	Dead: 0
2.03018   0.0405115   0.205655  1.79167 	Dead: 0
2.07192   0.0392408   0.199205  1.79167 	Dead: 0
2.02369   0.032634    0.165665  1.79167 	Dead: 0
2.03154   0.0369124   0.187385  1.79167 	Dead: 0
2.03956   0.0428657   0.217607  1.79167 	Dead: 0
2.0355    0.0499242   0.253438  1.79167 	Dead: 0
