7.66517   0.0599982   0.304579  6.99073 	Dead: 0
7.07096   0.0408499   0.207373  6.70157 	Dead: 0
6.87887   0.036213    0.183834  6.5835  	Dead: 0
6.77173   0.0360532   0.183023  6.45458 	Dead: 0
6.72249   0.035909    0.182291  6.43011 	Dead: 0
6.70893   0.0463246   0.235165  6.29208 	Dead: 0
6.65246   0.0479279   0.243304  6.29208 	Dead: 0
6.63203   0.0496601   0.252098  6.29208 	Dead: 0
6.66943   0.0537762   0.272993  6.29208 	Dead: 0
6.61465   0.0558644   0.283594  6.19334 	Dead: 0
6.6444    0.0618478   0.313968  6.19334 	Dead: 0
6.6255    0.0598354   0.303752  6.19334 	Dead: 0
6.58033   0.0499865   0.253755  6.19334 	Dead: 0
6.57642   0.049976    0.253702  6.19334 	Dead: 0
6.62917   0.0593412   0.301244  6.19334 	Dead: 0
6.58591   0.0544007   0.276163  6.19334 	Dead: 0
6.58147   0.051167    0.259747  6.19334 	Dead: 0
6.58729   0.0524822   0.266424  6.14712 	Dead: 0
6.53835   0.0463532   0.235311  6.14712 	Dead: 0
6.569     0.0532726   0.270437  6.14712 	Dead: 0
6.55991   0.0518957   0.263447  6.14712 	Dead: 0
6.59078   0.0554852   0.281669  6.14712 	Dead: 0
6.58178   0.0559829   0.284195  6.14712 	Dead: 0
6.55668   0.0527353   0.267709  6.14712 	Dead: 0
6.5916    0.0585071   0.297009  6.14712 	Dead: 0
6.5909    0.0597674   0.303407  6.14712 	Dead: 0
6.57295   0.0568135   0.288412  6.14712 	Dead: 0
6.57848   0.0566517   0.28759   6.14712 	Dead: 0
6.56819   0.0634737   0.322222  6.13972 	Dead: 0
6.56121   0.0595746   0.302428  6.13972 	Dead: 0
6.58066   0.0573659   0.291216  6.13972 	Dead: 0
6.53897   0.0544734   0.276533  6.13972 	Dead: 0
6.60453   0.0611097   0.310221  6.13972 	Dead: 0
6.55963   0.0543533   0.275923  6.13972 	Dead: 0
6.61927   0.0637371   0.323559  6.13972 	Dead: 0
6.61706   0.0696766   0.353711  6.13972 	Dead: 0
6.58189   0.0592832   0.300949  6.13972 	Dead: 0
6.55057   0.0618288   0.313872  6.13972 	Dead: 0
6.56034   0.0622539   0.31603   6.13972 	Dead: 0
6.58867   0.0589146   0.299078  6.13972 	Dead: 0
6.5362    0.0573434   0.291102  6.13972 	Dead: 0
6.57534   0.0633877   0.321786  6.13972 	Dead: 0
6.55738   0.0555294   0.281893  6.13972 	Dead: 0
6.54548   0.0563696   0.286158  6.13972 	Dead: 0
6.56913   0.056748    0.288079  6.13972 	Dead: 0
6.6149    0.0665626   0.337903  6.13972 	Dead: 0
6.55164   0.0629992   0.319813  6.13972 	Dead: 0
6.56984   0.0567631   0.288156  6.13972 	Dead: 0
6.58612   0.0628146   0.318876  6.13972 	Dead: 0
6.5787    0.0603035   0.306129  6.13972 	Dead: 0
6.57948   0.0608638   0.308973  6.11692 	Dead: 0
6.5569    0.0589366   0.29919   6.11692 	Dead: 0
6.53312   0.0578666   0.293758  6.11692 	Dead: 0
6.55747   0.0584736   0.296839  6.11692 	Dead: 0
6.57381   0.0576402   0.292609  6.11692 	Dead: 0
6.5814    0.0615239   0.312324  6.11692 	Dead: 0
6.56426   0.0581248   0.295068  6.10483 	Dead: 0
6.58374   0.0653428   0.331711  6.10483 	Dead: 0
6.58303   0.0603576   0.306403  6.10483 	Dead: 0
6.56084   0.0618933   0.314199  6.10483 	Dead: 0
6.52212   0.0564757   0.286697  6.10483 	Dead: 0
6.59933   0.0682552   0.346495  6.10483 	Dead: 0
6.53332   0.0563707   0.286164  6.10483 	Dead: 0
6.55072   0.0628517   0.319065  6.10483 	Dead: 0
6.56099   0.0589366   0.29919   6.10483 	Dead: 0
6.56304   0.05972     0.303167  6.10483 	Dead: 0
6.57973   0.0676711   0.34353   6.10483 	Dead: 0
6.55088   0.0598513   0.303833  6.10483 	Dead: 0
6.55378   0.0587106   0.298042  6.10483 	Dead: 0
6.54391   0.0580114   0.294493  6.10483 	Dead: 0
6.53438   0.0570803   0.289766  6.06443 	Dead: 0
6.56473   0.0628581   0.319097  6.06443 	Dead: 0
6.55186   0.0620449   0.314969  6.06443 	Dead: 0
6.5353    0.0578227   0.293535  6.06443 	Dead: 0
6.55275   0.0620569   0.31503   6.06443 	Dead: 0
6.54919   0.0559546   0.284052  6.06443 	Dead: 0
6.56427   0.0585321   0.297136  6.06443 	Dead: 0
6.54092   0.0593963   0.301523  6.06443 	Dead: 0
6.54031   0.0599335   0.304251  6.06443 	Dead: 0
6.52371   0.0558029   0.283281  6.06443 	Dead: 0
6.55321   0.065144    0.330701  6.06443 	Dead: 0
6.55109   0.0636965   0.323353  6.06443 	Dead: 0
6.57612   0.065855    0.334311  6.06443 	Dead: 0
6.53231   0.0646594   0.328241  6.03799 	Dead: 0
6.49252   0.058566    0.297308  6.03799 	Dead: 0
6.49834   0.0583048   0.295982  6.03799 	Dead: 0
6.53837   0.06586     0.334336  6.03799 	Dead: 0
6.52632   0.0603221   0.306223  6.03799 	Dead: 0
6.49952   0.0589363   0.299188  6.03799 	Dead: 0
6.53681   0.062421    0.316878  6.03799 	Dead: 0
6.54715   0.0619274   0.314372  6.03799 	Dead: 0
6.55548   0.0624126   0.316835  6.03799 	Dead: 0
6.52128   0.0591727   0.300388  6.00747 	Dead: 0
6.52389   0.0648618   0.329269  6.00747 	Dead: 0
6.53482   0.0586222   0.297594  6.00747 	Dead: 0
6.52264   0.0568507   0.288601  6.00747 	Dead: 0
6.57104   0.0678082   0.344226  6.00747 	Dead: 0
6.56423   0.0697647   0.354158  6.00747 	Dead: 0
6.51317   0.0602785   0.306002  6.00747 	Dead: 0
6.54083   0.068958    0.350063  6.00747 	Dead: 0
6.51151   0.0596014   0.302565  6.00747 	Dead: 0
