7.10301   0.0560825   0.284701  6.20541 	Dead: 0
5.54842   0.0518177   0.263051  5.13511 	Dead: 0
4.74627   0.0550651   0.279536  4.15493 	Dead: 0
4.4525    0.0589749   0.299384  3.81757 	Dead: 0
4.3638    0.0720082   0.365547  3.79576 	Dead: 0
4.2666    0.0691436   0.351005  3.64424 	Dead: 0
4.17042   0.0712089   0.36149   3.6052  	Dead: 0
4.13927   0.0750042   0.380756  3.6052  	Dead: 0
4.07566   0.0687032   0.348769  3.60477 	Dead: 0
4.05849   0.0719661   0.365333  3.51777 	Dead: 0
4.02849   0.0651752   0.33086   3.51777 	Dead: 0
4.00862   0.0700768   0.355743  3.48225 	Dead: 0
3.93541   0.0686229   0.348362  3.48225 	Dead: 0
3.93327   0.0689785   0.350167  3.48225 	Dead: 0
3.92663   0.0696506   0.353579  3.44636 	Dead: 0
3.88595   0.0611914   0.310636  3.44636 	Dead: 0
3.90807   0.066664    0.338418  3.44636 	Dead: 0
3.8858    0.065028    0.330112  3.40744 	Dead: 0
3.898     0.0720994   0.36601   3.40744 	Dead: 0
3.87775   0.0671591   0.340931  3.40744 	Dead: 0
3.85565   0.0654036   0.332019  3.37382 	Dead: 0
3.82938   0.0680275   0.345339  3.37382 	Dead: 0
3.84391   0.0663759   0.336955  3.37382 	Dead: 0
3.83233   0.0554285   0.281381  3.37382 	Dead: 0
3.83393   0.06303     0.31997   3.37382 	Dead: 0
3.82744   0.0614881   0.312142  3.37382 	Dead: 0
3.85417   0.0654145   0.332075  3.37382 	Dead: 0
3.81086   0.064391    0.326879  3.37382 	Dead: 0
3.82009   0.0632661   0.321168  3.37382 	Dead: 0
3.79294   0.060226    0.305735  3.33186 	Dead: 0
3.82549   0.0660564   0.335333  3.33186 	Dead: 0
3.85302   0.0659264   0.334673  3.33186 	Dead: 0
3.84921   0.067389    0.342098  3.33186 	Dead: 0
3.81601   0.0617835   0.313642  3.3177  	Dead: 0
3.84128   0.0678307   0.344341  3.3177  	Dead: 0
3.83831   0.0679302   0.344845  3.3177  	Dead: 0
3.79752   0.0608971   0.309142  3.3177  	Dead: 0
3.87025   0.0711755   0.36132   3.3177  	Dead: 0
3.84122   0.0678513   0.344445  3.3177  	Dead: 0
3.80822   0.0693797   0.352204  3.3177  	Dead: 0
3.85446   0.0709805   0.36033   3.29533 	Dead: 0
3.84283   0.0645385   0.327628  3.29533 	Dead: 0
3.78497   0.0591521   0.300284  3.29533 	Dead: 0
3.83957   0.0757642   0.384614  3.29533 	Dead: 0
3.76049   0.0741293   0.376315  3.1935  	Dead: 0
3.79061   0.0709781   0.360318  3.1935  	Dead: 0
3.73694   0.0650368   0.330157  3.19287 	Dead: 0
3.7341    0.0658163   0.334114  3.19287 	Dead: 0
3.69305   0.0661034   0.335572  3.19287 	Dead: 0
3.71455   0.0696885   0.353772  3.19287 	Dead: 0
3.69338   0.0624463   0.317007  3.17245 	Dead: 0
3.7513    0.079574    0.403955  3.17245 	Dead: 0
3.67244   0.0632833   0.321255  3.17245 	Dead: 0
3.68685   0.0610251   0.309792  3.17245 	Dead: 0
3.67629   0.0669194   0.339714  3.17245 	Dead: 0
3.70957   0.074834    0.379892  3.17245 	Dead: 0
3.70735   0.0748068   0.379754  3.13955 	Dead: 0
3.67207   0.0677556   0.343959  3.13955 	Dead: 0
3.66649   0.0642864   0.326348  3.13955 	Dead: 0
3.69002   0.0702196   0.356467  3.13955 	Dead: 0
3.68262   0.0714694   0.362812  3.13955 	Dead: 0
3.65707   0.0739457   0.375383  3.13955 	Dead: 0
3.65345   0.0676741   0.343545  3.13955 	Dead: 0
3.66227   0.0629276   0.31945   3.13955 	Dead: 0
3.65034   0.0672819   0.341554  3.13955 	Dead: 0
3.69965   0.068496    0.347718  3.11616 	Dead: 0
3.6406    0.0693224   0.351913  3.11616 	Dead: 0
3.63667   0.0652547   0.331264  3.11616 	Dead: 0
3.66641   0.0748238   0.379841  3.11616 	Dead: 0
3.64339   0.0628148   0.318877  3.11616 	Dead: 0
3.68197   0.0705913   0.358354  3.11616 	Dead: 0
3.62435   0.0719778   0.365393  3.11616 	Dead: 0
3.67163   0.0785914   0.398967  3.11616 	Dead: 0
3.71317   0.0762314   0.386986  3.11616 	Dead: 0
3.67932   0.0747637   0.379535  3.11616 	Dead: 0
3.64457   0.0640998   0.325401  3.11616 	Dead: 0
3.66281   0.07052     0.357992  3.11616 	Dead: 0
3.67156   0.0743182   0.377274  3.11616 	Dead: 0
3.66974   0.075636    0.383964  3.11616 	Dead: 0
3.69384   0.0713229   0.362068  3.11616 	Dead: 0
3.68518   0.0747297   0.379363  3.11616 	Dead: 0
3.65976   0.06947     0.352662  3.11616 	Dead: 0
3.69751   0.0773061   0.392442  3.11616 	Dead: 0
3.68366   0.0708764   0.359802  3.11616 	Dead: 0
3.64398   0.070871    0.359774  3.11616 	Dead: 0
3.62115   0.0687532   0.349023  3.11616 	Dead: 0
3.66823   0.0721628   0.366332  3.11616 	Dead: 0
3.65564   0.068233    0.346383  3.11616 	Dead: 0
3.66607   0.0764376   0.388033  3.11616 	Dead: 0
3.6211    0.0620203   0.314844  3.11616 	Dead: 0
3.68879   0.0805269   0.408792  3.10401 	Dead: 0
3.64277   0.0748199   0.379821  3.10401 	Dead: 0
3.64417   0.0736961   0.374116  3.10401 	Dead: 0
3.61381   0.0696305   0.353477  3.10401 	Dead: 0
3.62129   0.0695782   0.353211  3.10401 	Dead: 0
3.64      0.0718215   0.3646    2.98864 	Dead: 0
3.64462   0.0796593   0.404388  2.98864 	Dead: 0
3.6198    0.0654727   0.33237   2.98864 	Dead: 0
3.61231   0.0746455   0.378935  2.98864 	Dead: 0
3.60994   0.0706575   0.358691  2.98864 	Dead: 0
3.60767   0.0764809   0.388253  2.98864 	Dead: 0
