6.91733   0.14684     0.74543   5.25714 	Dead: 0
5.21179   0.051983    0.26389   4.72965 	Dead: 0
5.05757   0.0437545   0.222118  4.63189 	Dead: 0
5.03563   0.0513542   0.260698  4.63189 	Dead: 0
4.93945   0.0479868   0.243603  4.55963 	Dead: 0
4.90416   0.0404915   0.205554  4.55963 	Dead: 0
4.89181   0.0436043   0.221356  4.51803 	Dead: 0
4.87151   0.0500749   0.254203  4.48282 	Dead: 0
4.81675   0.040433    0.205257  4.48282 	Dead: 0
4.83796   0.0439828   0.223277  4.48282 	Dead: 0
4.81301   0.0403367   0.204768  4.48282 	Dead: 0
4.79702   0.0407146   0.206686  4.4681  	Dead: 0
4.77523   0.045195    0.229431  4.43266 	Dead: 0
4.78036   0.0488296   0.247882  4.37087 	Dead: 0
4.7477    0.0439209   0.222963  4.37087 	Dead: 0
4.73151   0.046141    0.234233  4.36458 	Dead: 0
4.74108   0.0483617   0.245507  4.36458 	Dead: 0
4.67922   0.0418511   0.212456  4.36458 	Dead: 0
4.66811   0.0398573   0.202334  4.36458 	Dead: 0
4.70814   0.0489146   0.248313  4.36458 	Dead: 0
4.68747   0.0449292   0.228082  4.36458 	Dead: 0
4.68797   0.0453569   0.230253  4.34929 	Dead: 0
4.67085   0.0486587   0.247014  4.31687 	Dead: 0
4.67089   0.0454832   0.230894  4.31687 	Dead: 0
4.657     0.0470652   0.238925  4.26889 	Dead: 0
4.64842   0.0432955   0.219788  4.26889 	Dead: 0
4.63959   0.0450991   0.228944  4.26435 	Dead: 0
4.61123   0.0431689   0.219145  4.26435 	Dead: 0
4.61754   0.0415637   0.210997  4.26435 	Dead: 0
4.64478   0.0547555   0.277964  4.26435 	Dead: 0
4.62236   0.0486868   0.247157  4.26435 	Dead: 0
4.61805   0.0448809   0.227836  4.26435 	Dead: 0
4.58633   0.0438306   0.222504  4.23965 	Dead: 0
4.56934   0.0445095   0.225951  4.23965 	Dead: 0
4.60118   0.0470836   0.239018  4.23965 	Dead: 0
4.59942   0.0484702   0.246057  4.23965 	Dead: 0
4.57723   0.0455062   0.231011  4.23965 	Dead: 0
4.61202   0.0477602   0.242453  4.23965 	Dead: 0
4.5953    0.0462004   0.234535  4.20744 	Dead: 0
4.61264   0.0498842   0.253235  4.20744 	Dead: 0
4.58704   0.0448048   0.22745   4.20744 	Dead: 0
4.61778   0.0516211   0.262053  4.20744 	Dead: 0
4.6001    0.0521757   0.264868  4.20744 	Dead: 0
4.58237   0.0506932   0.257343  4.18401 	Dead: 0
4.57242   0.0431745   0.219174  4.18401 	Dead: 0
4.5835    0.0455386   0.231175  4.18401 	Dead: 0
4.55179   0.0468292   0.237727  4.18401 	Dead: 0
4.578     0.0485835   0.246633  4.18401 	Dead: 0
4.54148   0.0453721   0.23033   4.18401 	Dead: 0
4.57259   0.0492679   0.250107  4.18401 	Dead: 0
4.57362   0.0522211   0.265099  4.18401 	Dead: 0
4.54516   0.0442253   0.224508  4.18401 	Dead: 0
4.57069   0.0483548   0.245471  4.18401 	Dead: 0
4.54689   0.0475094   0.24118   4.18401 	Dead: 0
4.54672   0.0443584   0.225184  4.18401 	Dead: 0
4.55458   0.0510935   0.259374  4.18401 	Dead: 0
4.55577   0.0488592   0.248032  4.18401 	Dead: 0
4.51274   0.0439795   0.223261  4.18401 	Dead: 0
4.56009   0.0487772   0.247616  4.18401 	Dead: 0
4.55912   0.0531581   0.269855  4.18401 	Dead: 0
4.52313   0.0457335   0.232164  4.16468 	Dead: 0
4.52328   0.0442387   0.224577  4.16468 	Dead: 0
4.55761   0.0463239   0.235162  4.16468 	Dead: 0
4.54026   0.0425838   0.216175  4.16468 	Dead: 0
4.5835    0.0513215   0.260532  4.16468 	Dead: 0
4.5455    0.0471762   0.239489  4.16468 	Dead: 0
4.54208   0.0457953   0.232478  4.16468 	Dead: 0
4.527     0.0437216   0.221951  4.16468 	Dead: 0
4.56212   0.0522483   0.265237  4.16468 	Dead: 0
4.53967   0.0512954   0.2604    4.16468 	Dead: 0
4.51813   0.0447421   0.227132  4.16468 	Dead: 0
4.5631    0.0534855   0.271517  4.16468 	Dead: 0
4.5258    0.0464543   0.235824  4.16468 	Dead: 0
4.54642   0.052378    0.265895  4.16468 	Dead: 0
4.51933   0.0484323   0.245865  4.16468 	Dead: 0
4.54085   0.0463186   0.235135  4.16468 	Dead: 0
4.55606   0.049912    0.253377  4.16468 	Dead: 0
4.52312   0.0477673   0.242489  4.16468 	Dead: 0
4.50927   0.0472009   0.239614  4.16468 	Dead: 0
4.53683   0.0502848   0.255269  4.16468 	Dead: 0
4.52041   0.0446797   0.226815  4.16468 	Dead: 0
4.51564   0.0483758   0.245578  4.16468 	Dead: 0
4.54007   0.054432    0.276322  4.16468 	Dead: 0
4.50688   0.0511492   0.259657  4.15832 	Dead: 0
4.48165   0.0463379   0.235233  4.15832 	Dead: 0
4.49591   0.0515943   0.261917  4.15832 	Dead: 0
4.51122   0.0464236   0.235668  4.15832 	Dead: 0
4.5074    0.0447889   0.22737   4.15832 	Dead: 0
4.5083    0.0534836   0.271508  4.15827 	Dead: 0
4.51781   0.0513766   0.260812  4.02151 	Dead: 0
4.47002   0.0455714   0.231342  4.02151 	Dead: 0
4.50042   0.0511299   0.259559  4.02151 	Dead: 0
4.46903   0.0474226   0.240739  4.02151 	Dead: 0
4.46867   0.0536174   0.272187  4.02151 	Dead: 0
4.4478    0.0436042   0.221355  4.02151 	Dead: 0
4.4943    0.0545544   0.276944  4.02151 	Dead: 0
4.49656   0.0473115   0.240175  4.02151 	Dead: 0
4.43522   0.0436736   0.221707  4.02151 	Dead: 0
4.46636   0.0520086   0.26402   4.02151 	Dead: 0
4.46873   0.0472644   0.239936  4.02151 	Dead: 0
4.40589   0.0383823   0.194847  4.02151 	Dead: 0
