8.02283   0.0717239   0.364104  7.15682 	Dead: 0
7.01921   0.0382965   0.194411  6.63859 	Dead: 0
6.75405   0.0314063   0.159433  6.4381  	Dead: 0
6.63289   0.0387398   0.196661  6.26504 	Dead: 0
6.51916   0.0363013   0.184283  6.17385 	Dead: 0
6.47616   0.0346166   0.17573   6.17385 	Dead: 0
6.4646    0.0435656   0.221159  6.17385 	Dead: 0
6.39643   0.0376648   0.191204  6.13608 	Dead: 0
6.34456   0.0400909   0.20352   6.09617 	Dead: 0
6.31955   0.0398217   0.202154  5.97209 	Dead: 0
6.27738   0.037467    0.1902    5.86764 	Dead: 0
6.18368   0.0436175   0.221423  5.86764 	Dead: 0
6.07944   0.0390228   0.198098  5.64019 	Dead: 0
6.08006   0.0384205   0.19504   5.64019 	Dead: 0
6.01491   0.0351168   0.178269  5.64019 	Dead: 0
6.00433   0.0434337   0.22049   5.64019 	Dead: 0
5.96414   0.0426309   0.216414  5.64019 	Dead: 0
5.9621    0.043986    0.223294  5.61431 	Dead: 0
5.94462   0.0470166   0.238678  5.56757 	Dead: 0
5.92646   0.0460219   0.233629  5.56757 	Dead: 0
5.91309   0.0409472   0.207867  5.56757 	Dead: 0
5.89222   0.0401803   0.203974  5.56757 	Dead: 0
5.90483   0.0426511   0.216517  5.56757 	Dead: 0
5.89932   0.0457762   0.232382  5.56258 	Dead: 0
5.91465   0.0522658   0.265325  5.56258 	Dead: 0
5.85313   0.0417629   0.212008  5.52558 	Dead: 0
5.85187   0.0468252   0.237707  5.46334 	Dead: 0
5.8586    0.0471349   0.239279  5.40973 	Dead: 0
5.84849   0.0444505   0.225651  5.40973 	Dead: 0
5.83667   0.0466996   0.237069  5.40973 	Dead: 0
5.84621   0.0436303   0.221488  5.40973 	Dead: 0
5.81713   0.0418658   0.21253   5.40973 	Dead: 0
5.8226    0.0453964   0.230453  5.40973 	Dead: 0
5.78996   0.0397203   0.201639  5.40973 	Dead: 0
5.80729   0.0436937   0.221809  5.40973 	Dead: 0
5.81852   0.0471582   0.239397  5.40973 	Dead: 0
5.83029   0.056592    0.287288  5.40973 	Dead: 0
5.78734   0.0404149   0.205165  5.40973 	Dead: 0
5.81896   0.0482559   0.244969  5.40973 	Dead: 0
5.81123   0.0488654   0.248064  5.40973 	Dead: 0
5.79198   0.0400214   0.203167  5.40973 	Dead: 0
5.81797   0.0443924   0.225356  5.40973 	Dead: 0
5.81705   0.0503213   0.255455  5.40973 	Dead: 0
5.79554   0.0465242   0.236179  5.40973 	Dead: 0
5.80142   0.0442966   0.22487   5.40973 	Dead: 0
5.77581   0.0440598   0.223668  5.40973 	Dead: 0
5.78187   0.0436695   0.221687  5.40973 	Dead: 0
5.791     0.0446463   0.226645  5.40973 	Dead: 0
5.81845   0.0485253   0.246337  5.40973 	Dead: 0
5.78467   0.0443172   0.224975  5.40973 	Dead: 0
5.79639   0.0437225   0.221956  5.40973 	Dead: 0
5.76231   0.0433852   0.220243  5.39925 	Dead: 0
5.75928   0.0434865   0.220758  5.39446 	Dead: 0
5.76096   0.039648    0.201272  5.39446 	Dead: 0
5.74325   0.0411654   0.208975  5.32259 	Dead: 0
5.75575   0.0452087   0.2295    5.32259 	Dead: 0
5.75968   0.0466178   0.236654  5.32259 	Dead: 0
5.75814   0.0461142   0.234097  5.32259 	Dead: 0
5.73938   0.0422513   0.214488  5.32259 	Dead: 0
5.75123   0.0465933   0.236529  5.32259 	Dead: 0
5.75817   0.0485717   0.246572  5.32259 	Dead: 0
5.719     0.0480387   0.243867  5.32259 	Dead: 0
5.74498   0.0476988   0.242141  5.32259 	Dead: 0
5.78441   0.0532299   0.27022   5.32259 	Dead: 0
5.71373   0.0398435   0.202264  5.32259 	Dead: 0
5.75523   0.0500744   0.254201  5.32259 	Dead: 0
5.71611   0.0389846   0.197904  5.32259 	Dead: 0
5.75249   0.0452389   0.229654  5.32259 	Dead: 0
5.77475   0.0560163   0.284365  5.32259 	Dead: 0
5.73275   0.0454642   0.230797  5.32259 	Dead: 0
5.74036   0.0467461   0.237305  5.32259 	Dead: 0
5.75312   0.0444098   0.225445  5.32259 	Dead: 0
5.73289   0.0456942   0.231965  5.32259 	Dead: 0
5.7499    0.0544437   0.276382  5.32259 	Dead: 0
5.73817   0.0487033   0.247241  5.32259 	Dead: 0
5.70326   0.0469979   0.238583  5.32259 	Dead: 0
5.66626   0.0432358   0.219485  5.28653 	Dead: 0
5.626     0.0486224   0.24683   5.28653 	Dead: 0
5.55471   0.0466336   0.236734  5.24345 	Dead: 0
5.58299   0.0540637   0.274453  5.24345 	Dead: 0
5.54524   0.0499734   0.253688  5.24345 	Dead: 0
5.53885   0.0552206   0.280325  5.21438 	Dead: 0
5.48189   0.0513525   0.260689  5.09166 	Dead: 0
5.30799   0.0482441   0.244909  4.9994  	Dead: 0
5.24941   0.0472461   0.239843  4.7805  	Dead: 0
5.19237   0.0495255   0.251415  4.7805  	Dead: 0
5.12602   0.0477365   0.242333  4.71222 	Dead: 0
5.01292   0.0433168   0.219896  4.70321 	Dead: 0
5.02821   0.0513952   0.260906  4.70321 	Dead: 0
4.84448   0.0585286   0.297119  4.39335 	Dead: 0
4.70602   0.0494419   0.25099   4.39335 	Dead: 0
4.74538   0.076084    0.386238  4.39335 	Dead: 0
4.69988   0.0671165   0.340715  4.30792 	Dead: 0
4.6589    0.0556466   0.282488  4.30643 	Dead: 0
4.67742   0.0724242   0.367659  4.30643 	Dead: 0
4.68204   0.0675135   0.34273   4.30643 	Dead: 0
4.65551   0.0670267   0.340259  4.26405 	Dead: 0
4.65011   0.0752981   0.382248  4.22771 	Dead: 0
4.59346   0.0638734   0.324251  4.22771 	Dead: 0
4.62048   0.0668387   0.339304  4.22771 	Dead: 0
4.55968   0.054968    0.279043  4.22771 	Dead: 0
