6.22964   0.156641    0.795183  4.63118 	Dead: 0
3.97405   0.0617421   0.313432  3.42991 	Dead: 0
3.41313   0.0402898   0.20453   3.07427 	Dead: 0
3.37582   0.0545096   0.276716  3.04944 	Dead: 0
3.36896   0.0527356   0.267711  2.93969 	Dead: 0
3.30928   0.0534742   0.27146   2.93969 	Dead: 0
3.29729   0.0561366   0.284976  2.90535 	Dead: 0
3.30902   0.0559225   0.283889  2.86628 	Dead: 0
3.26504   0.0540181   0.274221  2.86628 	Dead: 0
3.22142   0.0506972   0.257363  2.81601 	Dead: 0
3.15796   0.0463297   0.235191  2.81601 	Dead: 0
3.20538   0.0509068   0.258426  2.81601 	Dead: 0
3.13423   0.0440189   0.22346   2.81601 	Dead: 0
3.14019   0.0481741   0.244554  2.79584 	Dead: 0
3.10837   0.0499964   0.253805  2.79584 	Dead: 0
3.07171   0.0399314   0.202711  2.66936 	Dead: 0
3.04937   0.0416258   0.211312  2.66936 	Dead: 0
3.07977   0.0512381   0.260109  2.66936 	Dead: 0
3.03481   0.0435459   0.221059  2.62256 	Dead: 0
2.99951   0.0451365   0.229134  2.62256 	Dead: 0
2.9902    0.0393438   0.199728  2.62256 	Dead: 0
3.02135   0.047911    0.243218  2.61363 	Dead: 0
2.98095   0.0456092   0.231534  2.61363 	Dead: 0
2.95017   0.045771    0.232355  2.61363 	Dead: 0
2.93308   0.0457382   0.232189  2.60367 	Dead: 0
2.91896   0.0445396   0.226104  2.59316 	Dead: 0
2.83833   0.03886     0.197271  2.52209 	Dead: 0
2.77647   0.0358143   0.18181   2.50761 	Dead: 0
2.74661   0.0432959   0.21979   2.37823 	Dead: 0
2.71111   0.0370523   0.188095  2.37823 	Dead: 0
2.74413   0.0472332   0.239778  2.37823 	Dead: 0
2.6921    0.0373091   0.189398  2.37823 	Dead: 0
2.692     0.0384716   0.1953    2.37823 	Dead: 0
2.71704   0.041954    0.212978  2.37823 	Dead: 0
2.67491   0.0367328   0.186473  2.37823 	Dead: 0
2.68719   0.04301     0.218339  2.37823 	Dead: 0
2.69684   0.0417218   0.2118    2.37823 	Dead: 0
2.68807   0.0427794   0.217168  2.37823 	Dead: 0
2.70835   0.0421107   0.213773  2.37823 	Dead: 0
2.70492   0.046214    0.234604  2.37823 	Dead: 0
2.67249   0.0380027   0.192919  2.37823 	Dead: 0
2.6948    0.0455424   0.231195  2.37823 	Dead: 0
2.68983   0.0414008   0.21017   2.37823 	Dead: 0
2.6778    0.0402491   0.204323  2.37823 	Dead: 0
2.67054   0.0377966   0.191873  2.37823 	Dead: 0
2.71179   0.0474609   0.240934  2.37823 	Dead: 0
2.69283   0.0453284   0.230108  2.37823 	Dead: 0
2.6849    0.0490664   0.249084  2.37823 	Dead: 0
2.69715   0.0417134   0.211757  2.37823 	Dead: 0
2.68269   0.0406135   0.206173  2.37823 	Dead: 0
2.70247   0.044935    0.228111  2.37823 	Dead: 0
2.68501   0.0384376   0.195127  2.37823 	Dead: 0
2.67553   0.0429336   0.217951  2.37823 	Dead: 0
2.67903   0.0398422   0.202258  2.37823 	Dead: 0
2.70914   0.0464266   0.235683  2.37823 	Dead: 0
2.67528   0.0397569   0.201824  2.37823 	Dead: 0
2.68447   0.0451894   0.229402  2.37823 	Dead: 0
2.68629   0.0404451   0.205318  2.37823 	Dead: 0
2.70322   0.0463824   0.235459  2.29433 	Dead: 0
2.67238   0.0402733   0.204446  2.29433 	Dead: 0
2.66375   0.0419283   0.212848  2.29433 	Dead: 0
2.70414   0.0574426   0.291606  2.29433 	Dead: 0
2.67922   0.0426634   0.216579  2.29433 	Dead: 0
2.67835   0.0469141   0.238158  2.29433 	Dead: 0
2.66476   0.0439852   0.223289  2.29041 	Dead: 0
2.64933   0.0400386   0.203255  2.29041 	Dead: 0
2.6763    0.0454286   0.230617  2.29041 	Dead: 0
2.67256   0.0469965   0.238576  2.29041 	Dead: 0
2.64559   0.0360057   0.182782  2.29041 	Dead: 0
2.69934   0.0472125   0.239672  2.29041 	Dead: 0
2.6478    0.0374941   0.190338  2.29041 	Dead: 0
2.65351   0.0417482   0.211933  2.29041 	Dead: 0
2.66029   0.0409588   0.207926  2.29041 	Dead: 0
2.66439   0.0463516   0.235302  2.29041 	Dead: 0
2.66722   0.0441565   0.224159  2.29041 	Dead: 0
2.67948   0.0461364   0.23421   2.29041 	Dead: 0
2.66039   0.0415881   0.211121  2.29041 	Dead: 0
2.68051   0.0528806   0.268447  2.29041 	Dead: 0
2.62686   0.038409    0.194982  2.29041 	Dead: 0
2.66843   0.0443803   0.225295  2.29041 	Dead: 0
2.64228   0.0381759   0.193799  2.29041 	Dead: 0
2.66953   0.0435385   0.221022  2.29041 	Dead: 0
2.65455   0.0428238   0.217394  2.29041 	Dead: 0
2.64854   0.0373071   0.189388  2.29041 	Dead: 0
2.65913   0.0468717   0.237943  2.29041 	Dead: 0
2.67702   0.0539063   0.273653  2.29041 	Dead: 0
2.67235   0.045265    0.229786  2.29041 	Dead: 0
2.64415   0.0409471   0.207867  2.29041 	Dead: 0
2.65647   0.042284    0.214654  2.29041 	Dead: 0
2.65168   0.0444113   0.225452  2.29041 	Dead: 0
2.6538    0.0465874   0.236499  2.29041 	Dead: 0
2.66646   0.0404116   0.205148  2.29041 	Dead: 0
2.67655   0.0485949   0.246691  2.29041 	Dead: 0
2.65273   0.0406191   0.206202  2.29041 	Dead: 0
2.654     0.041882    0.212613  2.29041 	Dead: 0
2.65358   0.0427162   0.216847  2.29041 	Dead: 0
2.64757   0.0431168   0.218881  2.29041 	Dead: 0
2.65826   0.0422369   0.214414  2.29041 	Dead: 0
2.66188   0.0434611   0.220629  2.29041 	Dead: 0
2.64041   0.0386412   0.196161  2.29041 	Dead: 0
2.66902   0.0454268   0.230607  2.29041 	Dead: 0
