6.14152   0.147681    0.749699  4.70944 	Dead: 0
3.92683   0.0612498   0.310932  3.34899 	Dead: 0
3.55491   0.0479462   0.243397  3.05439 	Dead: 0
3.46458   0.049916    0.253397  3.04391 	Dead: 0
3.45213   0.0558711   0.283628  3.04391 	Dead: 0
3.44064   0.0551279   0.279855  3.00067 	Dead: 0
3.33725   0.052417    0.266093  2.95674 	Dead: 0
3.27455   0.0474121   0.240686  2.90725 	Dead: 0
3.27315   0.0486431   0.246935  2.90725 	Dead: 0
3.26137   0.0499056   0.253344  2.82644 	Dead: 0
3.23788   0.0474993   0.241129  2.82644 	Dead: 0
3.22963   0.0488966   0.248222  2.82644 	Dead: 0
3.23615   0.054242    0.275358  2.82644 	Dead: 0
3.23767   0.052055    0.264255  2.80729 	Dead: 0
3.21219   0.0511805   0.259816  2.76605 	Dead: 0
3.19468   0.0492866   0.250202  2.76605 	Dead: 0
3.19044   0.0522387   0.265188  2.76605 	Dead: 0
3.14283   0.0508113   0.257942  2.76605 	Dead: 0
3.08825   0.0486581   0.247011  2.64085 	Dead: 0
3.05227   0.0445823   0.226321  2.64085 	Dead: 0
3.0143    0.0451096   0.228998  2.64085 	Dead: 0
3.04293   0.0524748   0.266387  2.63379 	Dead: 0
2.95163   0.0448973   0.22792   2.60392 	Dead: 0
2.9821    0.0519305   0.263624  2.60392 	Dead: 0
2.95326   0.0463505   0.235297  2.60392 	Dead: 0
2.93389   0.0450509   0.2287    2.60392 	Dead: 0
2.92448   0.0432772   0.219695  2.60392 	Dead: 0
2.87906   0.0431861   0.219233  2.50302 	Dead: 0
2.85915   0.0408116   0.207179  2.50302 	Dead: 0
2.85282   0.0436524   0.2216    2.42774 	Dead: 0
2.85576   0.0445204   0.226006  2.42774 	Dead: 0
2.8632    0.0533225   0.27069   2.42774 	Dead: 0
2.80573   0.0423162   0.214817  2.42774 	Dead: 0
2.8328    0.0441065   0.223905  2.42774 	Dead: 0
2.821     0.0470414   0.238804  2.42774 	Dead: 0
2.78328   0.044418    0.225486  2.42774 	Dead: 0
2.76145   0.0427521   0.217029  2.42774 	Dead: 0
2.7946    0.053249    0.270317  2.42774 	Dead: 0
2.77944   0.047715    0.242224  2.42774 	Dead: 0
2.73364   0.0376737   0.191249  2.42774 	Dead: 0
2.76524   0.0461226   0.23414   2.42774 	Dead: 0
2.75657   0.0428466   0.21751   2.42774 	Dead: 0
2.75215   0.0407605   0.206919  2.42038 	Dead: 0
2.73822   0.040467    0.205429  2.42038 	Dead: 0
2.74967   0.0410494   0.208386  2.42038 	Dead: 0
2.72893   0.0395307   0.200676  2.42038 	Dead: 0
2.73078   0.0404059   0.205119  2.42038 	Dead: 0
2.71285   0.0375037   0.190386  2.42038 	Dead: 0
2.73164   0.0421385   0.213914  2.41561 	Dead: 0
2.72332   0.0428578   0.217566  2.41561 	Dead: 0
2.70962   0.0386155   0.19603   2.41561 	Dead: 0
2.71022   0.0429505   0.218037  2.41561 	Dead: 0
2.6876    0.0399049   0.202576  2.41561 	Dead: 0
2.68769   0.0415557   0.210956  2.38103 	Dead: 0
2.67762   0.039979    0.202952  2.38103 	Dead: 0
2.68364   0.0432745   0.219682  2.33699 	Dead: 0
2.68203   0.0437953   0.222325  2.33699 	Dead: 0
2.67378   0.0454243   0.230595  2.33699 	Dead: 0
2.65668   0.0411947   0.209124  2.33699 	Dead: 0
2.65354   0.0386117   0.196011  2.33699 	Dead: 0
2.63978   0.035635    0.1809    2.32616 	Dead: 0
2.64104   0.0403614   0.204893  2.32616 	Dead: 0
2.63101   0.0366902   0.186257  2.32616 	Dead: 0
2.65151   0.0434585   0.220616  2.32616 	Dead: 0
2.61828   0.0380316   0.193066  2.32616 	Dead: 0
2.65477   0.0425064   0.215782  2.32616 	Dead: 0
2.62903   0.0412038   0.20917   2.32616 	Dead: 0
2.64493   0.0426534   0.216529  2.32616 	Dead: 0
2.63246   0.0412643   0.209477  2.26313 	Dead: 0
2.62354   0.0402854   0.204508  2.26313 	Dead: 0
2.64268   0.0453069   0.229999  2.26313 	Dead: 0
2.60193   0.0374243   0.189983  2.26313 	Dead: 0
2.59675   0.0374875   0.190304  2.26313 	Dead: 0
2.65009   0.0491497   0.249507  2.26313 	Dead: 0
2.62164   0.043117    0.218882  2.26313 	Dead: 0
2.60105   0.040833    0.207287  2.26313 	Dead: 0
2.62476   0.0463142   0.235112  2.26313 	Dead: 0
2.61954   0.0419799   0.21311   2.26313 	Dead: 0
2.62667   0.0464492   0.235798  2.26313 	Dead: 0
2.63661   0.0461838   0.234451  2.26313 	Dead: 0
2.58893   0.045678    0.231883  2.26313 	Dead: 0
2.63269   0.0483854   0.245627  2.26313 	Dead: 0
2.60331   0.0399236   0.202671  2.26313 	Dead: 0
2.62604   0.0472334   0.239779  2.26313 	Dead: 0
2.59793   0.0426571   0.216547  2.26313 	Dead: 0
2.59564   0.0413081   0.209699  2.26313 	Dead: 0
2.62397   0.0437908   0.222303  2.26313 	Dead: 0
2.59881   0.0411549   0.208922  2.26313 	Dead: 0
2.63987   0.0477574   0.242439  2.26313 	Dead: 0
2.60589   0.0409409   0.207835  2.26313 	Dead: 0
2.59745   0.0393356   0.199686  2.26313 	Dead: 0
2.59475   0.0470845   0.239023  2.26313 	Dead: 0
2.56517   0.0392844   0.199426  2.26313 	Dead: 0
2.58653   0.0449915   0.228398  2.26313 	Dead: 0
2.60332   0.0461407   0.234232  2.26313 	Dead: 0
2.61127   0.0523251   0.265627  2.26313 	Dead: 0
2.58153   0.0402702   0.20443   2.24761 	Dead: 0
2.57528   0.042388    0.215181  2.24761 	Dead: 0
2.59721   0.0409193   0.207725  2.24761 	Dead: 0
2.60791   0.0424506   0.215499  2.24761 	Dead: 0
2.5905    0.039801    0.202049  2.24761 	Dead: 0
