0   8.74983   0.0744063   0.377721  7.91976 	Dead: 0
1   7.78144   0.0578519   0.293683  7.12739 	Dead: 0
2   7.64795   0.0596515   0.302819  6.97428 	Dead: 0
3   7.58196   0.0635572   0.322646  6.96887 	Dead: 0
4   7.52667   0.0753725   0.382626  6.93504 	Dead: 0
5   7.43446   0.0893978   0.453825  6.87126 	Dead: 0
6   7.35665   0.0956769   0.485701  6.72214 	Dead: 0
7   7.33921   0.0964968   0.489863  6.72214 	Dead: 0
8   7.33515   0.101238    0.513933  6.72214 	Dead: 0
9   7.34571   0.103782    0.526848  6.72214 	Dead: 0
10  7.34575   0.101655    0.516048  6.72214 	Dead: 0
11  7.28547   0.104084    0.528381  6.72214 	Dead: 0
12  7.36134   0.103477    0.525298  6.72214 	Dead: 0
13  7.36777   0.106603    0.541165  6.64354 	Dead: 0
14  7.39367   0.108242    0.549489  6.64354 	Dead: 0
15  7.39888   0.104101    0.528467  6.64354 	Dead: 0
16  7.41004   0.101251    0.513995  6.64008 	Dead: 0
17  7.38017   0.108408    0.550331  6.64008 	Dead: 0
18  7.34537   0.107789    0.547185  6.62782 	Dead: 0
19  7.34807   0.101491    0.515216  6.62782 	Dead: 0
20  7.38812   0.104818    0.532107  6.62782 	Dead: 0
21  7.46991   0.100773    0.511573  6.62782 	Dead: 0
22  7.36437   0.0975025   0.494968  6.62782 	Dead: 0
23  7.41539   0.102544    0.520564  6.62782 	Dead: 0
24  7.43541   0.101425    0.514882  6.62782 	Dead: 0
25  7.47125   0.104776    0.531894  6.62782 	Dead: 0
26  7.45082   0.10359     0.525873  6.62782 	Dead: 0
27  7.43609   0.0949392   0.481956  6.62782 	Dead: 0
28  7.39395   0.100211    0.508716  6.55826 	Dead: 0
29  7.4043    0.0975361   0.495139  6.55826 	Dead: 0
30  7.47237   0.0998205   0.506736  6.55826 	Dead: 0
31  7.46418   0.0980408   0.497701  6.55826 	Dead: 0
32  7.4397    0.105132    0.533698  6.55826 	Dead: 0
33  7.45668   0.0997094   0.506171  6.55826 	Dead: 0
34  7.39317   0.101139    0.513429  6.55826 	Dead: 0
35  7.42101   0.10036     0.509476  6.55826 	Dead: 0
36  7.38014   0.0920987   0.467536  6.55826 	Dead: 0
37  7.38885   0.101882    0.517199  6.55826 	Dead: 0
38  7.41469   0.106529    0.540793  6.55826 	Dead: 0
39  7.37054   0.105967    0.53794   6.55036 	Dead: 0
40  7.37811   0.107552    0.545984  6.55036 	Dead: 0
41  7.38732   0.101983    0.517712  6.55036 	Dead: 0
42  7.35407   0.102494    0.520308  6.55036 	Dead: 0
43  7.31541   0.103717    0.526516  6.55036 	Dead: 0
44  7.34314   0.095644    0.485534  6.55036 	Dead: 0
45  7.38443   0.0958859   0.486762  6.55036 	Dead: 0
46  7.38108   0.106059    0.538406  6.55036 	Dead: 0
47  7.36332   0.0993812   0.504505  6.55036 	Dead: 0
48  7.37618   0.105495    0.535544  6.55036 	Dead: 0
49  7.33618   0.0945657   0.48006   6.55036 	Dead: 0
50  7.29166   0.0942186   0.478298  6.55036 	Dead: 0
51  7.34477   0.109423    0.55548   6.55036 	Dead: 0
52  7.35546   0.0981658   0.498335  6.5177  	Dead: 0
53  7.30304   0.0894787   0.454236  6.5177  	Dead: 0
54  7.3778    0.108303    0.549798  6.5177  	Dead: 0
55  7.38488   0.104323    0.529592  6.5177  	Dead: 0
56  7.27238   0.0945669   0.480066  6.5177  	Dead: 0
57  7.30755   0.102618    0.520938  6.5177  	Dead: 0
58  7.33543   0.105099    0.533531  6.5177  	Dead: 0
59  7.27418   0.0994476   0.504842  6.42612 	Dead: 0
60  7.30114   0.114802    0.582789  6.42612 	Dead: 0
61  7.27591   0.109602    0.55639   6.42612 	Dead: 0
62  7.18539   0.107109    0.543735  6.42612 	Dead: 0
63  7.26395   0.120349    0.610949  6.42612 	Dead: 0
64  7.12843   0.108427    0.550427  6.42612 	Dead: 0
65  7.11472   0.11388     0.578109  6.27356 	Dead: 0
66  7.11779   0.118399    0.60105   6.27356 	Dead: 0
67  7.07305   0.117608    0.597034  6.27356 	Dead: 0
68  7.18312   0.124964    0.634375  6.20265 	Dead: 0
69  7.03855   0.118622    0.602182  6.20265 	Dead: 0
70  7.07099   0.114846    0.583012  6.20265 	Dead: 0
71  7.10202   0.13432     0.681873  6.20265 	Dead: 0
72  7.00725   0.132135    0.670778  6.02774 	Dead: 0
73  7.00516   0.128586    0.652762  6.02774 	Dead: 0
74  6.99394   0.135971    0.690251  6.02774 	Dead: 0
75  7.02649   0.136127    0.691045  6.02774 	Dead: 0
76  7.14691   0.138497    0.703074  6.02774 	Dead: 0
77  6.91819   0.123947    0.629212  6.02774 	Dead: 0
78  7.02366   0.140893    0.715239  5.96441 	Dead: 0
79  6.91088   0.137468    0.697854  5.96441 	Dead: 0
80  6.97545   0.141825    0.719971  5.96441 	Dead: 0
81  6.95211   0.142946    0.725659  5.91387 	Dead: 0
82  6.84746   0.14244     0.723092  5.91387 	Dead: 0
83  6.95974   0.158717    0.805722  5.91387 	Dead: 0
84  6.81173   0.153906    0.781297  5.91387 	Dead: 0
85  6.85781   0.142975    0.725806  5.91387 	Dead: 0
86  6.81083   0.159377    0.809073  5.84594 	Dead: 0
87  6.83351   0.148561    0.754164  5.84594 	Dead: 0
88  6.98316   0.149247    0.757649  5.84594 	Dead: 0
89  6.76476   0.139457    0.707947  5.84594 	Dead: 0
90  6.92627   0.157275    0.798401  5.84594 	Dead: 0
91  6.85562   0.147976    0.751196  5.84594 	Dead: 0
92  6.82445   0.150823    0.765648  5.84594 	Dead: 0
93  6.78108   0.147628    0.74943   5.84594 	Dead: 0
94  6.89308   0.153948    0.78151   5.84594 	Dead: 0
95  6.77415   0.141432    0.717976  5.84594 	Dead: 0
96  6.91154   0.161258    0.81862   5.84594 	Dead: 0
97  6.94391   0.153535    0.779413  5.84594 	Dead: 0
98  6.87581   0.149443    0.758645  5.84594 	Dead: 0
99  6.86097   0.151211    0.767618  5.84594 	Dead: 0
100 6.90538   0.153416    0.778814  5.84594 	Dead: 0
