6.90671   0.14952     0.759032  5.03375 	Dead: 0
2.90801   0.0364334   0.184953  2.59605 	Dead: 0
2.74522   0.0345015   0.175146  2.46763 	Dead: 0
2.62919   0.0363904   0.184735  2.35368 	Dead: 0
2.58797   0.0340692   0.172951  2.30839 	Dead: 0
2.5875    0.03182     0.161533  2.30839 	Dead: 0
2.57056   0.0372218   0.188955  2.30839 	Dead: 0
2.56869   0.035868    0.182083  2.23203 	Dead: 0
2.54196   0.0357485   0.181476  2.23203 	Dead: 0
2.51619   0.0333155   0.169125  2.23203 	Dead: 0
2.50174   0.0292371   0.148421  2.23203 	Dead: 0
2.50865   0.0300965   0.152784  2.23203 	Dead: 0
2.51872   0.039188    0.198937  2.23203 	Dead: 0
2.52819   0.0354461   0.179941  2.23203 	Dead: 0
2.5069    0.0325909   0.165446  2.23203 	Dead: 0
2.49736   0.0409173   0.207716  2.23203 	Dead: 0
2.47323   0.0320533   0.162717  2.23203 	Dead: 0
2.45736   0.034198    0.173605  2.2315  	Dead: 0
2.44888   0.0299473   0.152026  2.19758 	Dead: 0
2.43517   0.0302766   0.153698  2.19758 	Dead: 0
2.4247    0.0378313   0.192049  2.19758 	Dead: 0
2.41822   0.0342975   0.17411   2.19436 	Dead: 0
2.41644   0.0326701   0.165848  2.19436 	Dead: 0
2.42395   0.0330004   0.167526  2.18603 	Dead: 0
2.39066   0.0298628   0.151597  2.18603 	Dead: 0
2.3956    0.0328387   0.166704  2.172   	Dead: 0
2.39202   0.036453    0.185052  2.15229 	Dead: 0
2.38112   0.0266838   0.135459  2.15229 	Dead: 0
2.38289   0.0351918   0.17865   2.14558 	Dead: 0
2.38442   0.0328618   0.166822  2.14558 	Dead: 0
2.3728    0.0309926   0.157333  2.12742 	Dead: 0
2.3753    0.0337177   0.171167  2.12742 	Dead: 0
2.33208   0.0289215   0.146819  2.11182 	Dead: 0
2.33153   0.0307897   0.156303  2.11182 	Dead: 0
2.31177   0.029398    0.149238  2.11182 	Dead: 0
2.31178   0.0326971   0.165986  2.0704  	Dead: 0
2.27233   0.0260256   0.132118  2.0704  	Dead: 0
2.27871   0.0316161   0.160498  2.06272 	Dead: 0
2.25857   0.0285176   0.144769  2.02139 	Dead: 0
2.26241   0.0378111   0.191947  2.02139 	Dead: 0
2.24609   0.0317986   0.161424  2.02139 	Dead: 0
2.2313    0.0337598   0.171381  1.99389 	Dead: 0
2.21773   0.0305557   0.155115  1.95955 	Dead: 0
2.20151   0.027474    0.139471  1.95955 	Dead: 0
2.1999    0.0295108   0.149811  1.95955 	Dead: 0
2.16373   0.0277618   0.140932  1.91851 	Dead: 0
2.14486   0.0302523   0.153575  1.91851 	Dead: 0
2.1757    0.0344149   0.174706  1.91851 	Dead: 0
2.19636   0.0342443   0.17384   1.91851 	Dead: 0
2.16325   0.0301084   0.152844  1.91851 	Dead: 0
2.18544   0.0340937   0.173076  1.91851 	Dead: 0
2.15708   0.0290708   0.147577  1.91851 	Dead: 0
2.17493   0.0336458   0.170802  1.91851 	Dead: 0
2.18238   0.0441755   0.224256  1.91851 	Dead: 0
2.14617   0.0296962   0.150752  1.91851 	Dead: 0
2.18635   0.040944    0.207851  1.91851 	Dead: 0
2.15774   0.0332383   0.168733  1.91851 	Dead: 0
2.14096   0.0286333   0.145356  1.91851 	Dead: 0
2.17596   0.0352535   0.178963  1.91851 	Dead: 0
2.16563   0.0312281   0.158528  1.91851 	Dead: 0
2.16534   0.0304192   0.154422  1.91851 	Dead: 0
2.17641   0.0419913   0.213167  1.91851 	Dead: 0
2.1704    0.0313892   0.159346  1.91851 	Dead: 0
2.14993   0.0309181   0.156955  1.91851 	Dead: 0
2.15684   0.0304061   0.154356  1.91851 	Dead: 0
2.16031   0.0306465   0.155576  1.91851 	Dead: 0
2.16424   0.0366772   0.186191  1.91851 	Dead: 0
2.14167   0.0289454   0.14694   1.91851 	Dead: 0
2.15737   0.0339489   0.17234   1.89912 	Dead: 0
2.15445   0.0368988   0.187316  1.89912 	Dead: 0
2.13495   0.0305423   0.155047  1.89912 	Dead: 0
2.14125   0.0319162   0.162022  1.89912 	Dead: 0
2.13382   0.0292581   0.148528  1.89912 	Dead: 0
2.1377    0.0300236   0.152414  1.8915  	Dead: 0
2.11666   0.0291707   0.148084  1.8915  	Dead: 0
2.1325    0.0305954   0.155316  1.8915  	Dead: 0
2.13488   0.0311065   0.157911  1.8915  	Dead: 0
2.13635   0.0283666   0.144002  1.8915  	Dead: 0
2.12473   0.0306827   0.15576   1.8915  	Dead: 0
2.11917   0.0318145   0.161505  1.8915  	Dead: 0
2.11759   0.0293031   0.148756  1.8915  	Dead: 0
2.11869   0.0291051   0.147751  1.8915  	Dead: 0
2.09886   0.0276044   0.140133  1.8915  	Dead: 0
2.1356    0.0392684   0.199345  1.8915  	Dead: 0
2.13389   0.0369386   0.187517  1.8915  	Dead: 0
2.12329   0.0336038   0.170589  1.8915  	Dead: 0
2.13483   0.0314741   0.159777  1.8864  	Dead: 0
2.10854   0.0290062   0.147249  1.8864  	Dead: 0
2.12979   0.0338377   0.171776  1.8864  	Dead: 0
2.12609   0.0316719   0.160781  1.8864  	Dead: 0
2.13846   0.0344383   0.174825  1.8864  	Dead: 0
2.14958   0.0391786   0.198889  1.8864  	Dead: 0
2.11925   0.0302333   0.153478  1.8864  	Dead: 0
2.12725   0.0347302   0.176307  1.8864  	Dead: 0
2.11446   0.0334906   0.170014  1.8864  	Dead: 0
2.11988   0.0310765   0.157759  1.8864  	Dead: 0
2.13791   0.0348307   0.176817  1.8864  	Dead: 0
2.11567   0.0309338   0.157034  1.8864  	Dead: 0
2.11352   0.031859    0.161731  1.8864  	Dead: 0
2.13832   0.0335252   0.170189  1.87933 	Dead: 0
2.13441   0.0361806   0.18367   1.87933 	Dead: 0
