7.00203   0.160988    0.817252  4.94572 	Dead: 0
3.2355    0.0421595   0.214021  2.81169 	Dead: 0
2.84321   0.0382151   0.193998  2.60183 	Dead: 0
2.74054   0.03854     0.195647  2.44652 	Dead: 0
2.68254   0.0434235   0.220438  2.37015 	Dead: 0
2.64334   0.0358161   0.181819  2.32844 	Dead: 0
2.6125    0.0398727   0.202412  2.32844 	Dead: 0
2.6265    0.0443109   0.224943  2.32844 	Dead: 0
2.57472   0.0326249   0.165619  2.30012 	Dead: 0
2.577     0.0410517   0.208397  2.29325 	Dead: 0
2.52336   0.0323806   0.164379  2.29325 	Dead: 0
2.49499   0.0285467   0.144916  2.24976 	Dead: 0
2.48812   0.0330535   0.167795  2.19799 	Dead: 0
2.47303   0.0325432   0.165204  2.19799 	Dead: 0
2.44502   0.0312829   0.158807  2.1779  	Dead: 0
2.433     0.0283985   0.144164  2.1732  	Dead: 0
2.46067   0.0356913   0.181186  2.1375  	Dead: 0
2.45067   0.0342697   0.173969  2.1375  	Dead: 0
2.4622    0.0407954   0.207096  2.1375  	Dead: 0
2.42919   0.031008    0.157411  2.1375  	Dead: 0
2.4703    0.0415244   0.210797  2.1375  	Dead: 0
2.45492   0.0353001   0.1792    2.09691 	Dead: 0
2.43349   0.0320282   0.16259   2.09691 	Dead: 0
2.41688   0.0320435   0.162668  2.09691 	Dead: 0
2.43983   0.0387383   0.196654  2.09691 	Dead: 0
2.45473   0.0392161   0.199079  2.09691 	Dead: 0
2.43719   0.0346048   0.17567   2.09691 	Dead: 0
2.42545   0.037019    0.187926  2.09691 	Dead: 0
2.41606   0.034714    0.176225  2.09691 	Dead: 0
2.4016    0.0319913   0.162403  2.09691 	Dead: 0
2.40717   0.0323686   0.164318  2.09691 	Dead: 0
2.38689   0.0357203   0.181333  2.09691 	Dead: 0
2.40734   0.0399199   0.202652  2.09691 	Dead: 0
2.39541   0.0322559   0.163746  2.09691 	Dead: 0
2.37865   0.0319505   0.162196  2.09691 	Dead: 0
2.39299   0.0354336   0.179877  2.09691 	Dead: 0
2.36572   0.0305186   0.154927  2.09691 	Dead: 0
2.38567   0.0368408   0.187021  2.09691 	Dead: 0
2.36303   0.0348879   0.177107  2.09691 	Dead: 0
2.38735   0.0361317   0.183422  2.09691 	Dead: 0
2.37697   0.0300326   0.15246   2.09691 	Dead: 0
2.39092   0.0398636   0.202366  2.09691 	Dead: 0
2.3723    0.0332675   0.168881  2.09691 	Dead: 0
2.37783   0.0389164   0.197558  2.09691 	Dead: 0
2.37903   0.036621    0.185905  2.09691 	Dead: 0
2.36484   0.0325889   0.165436  2.09691 	Dead: 0
2.3598    0.0339192   0.17219   2.09691 	Dead: 0
2.35159   0.0333439   0.169269  2.09691 	Dead: 0
2.37459   0.0394439   0.200235  2.09691 	Dead: 0
2.38274   0.0378502   0.192145  2.09691 	Dead: 0
2.36175   0.0372377   0.189036  2.08087 	Dead: 0
2.35683   0.0351461   0.178418  2.00442 	Dead: 0
2.32758   0.033466    0.169889  2.00442 	Dead: 0
2.36164   0.0408165   0.207203  2.00442 	Dead: 0
2.34063   0.0392344   0.199172  2.00442 	Dead: 0
2.34228   0.038508    0.195485  2.00442 	Dead: 0
2.32268   0.0319453   0.162169  2.00442 	Dead: 0
2.33619   0.0343841   0.17455   2.00442 	Dead: 0
2.33629   0.0389441   0.197698  2.00442 	Dead: 0
2.32144   0.0417129   0.211754  2.00442 	Dead: 0
2.29353   0.0322615   0.163775  2.00442 	Dead: 0
2.3069    0.0346393   0.175845  2.00442 	Dead: 0
2.26774   0.0296739   0.150639  2.00442 	Dead: 0
2.29061   0.0345771   0.17553   2.00442 	Dead: 0
2.28358   0.0332801   0.168945  2.00442 	Dead: 0
2.27428   0.0358606   0.182045  2.00442 	Dead: 0
2.26902   0.035172    0.178549  2.00442 	Dead: 0
2.26956   0.0347531   0.176423  2.00442 	Dead: 0
2.26807   0.0355263   0.180348  2.00442 	Dead: 0
2.25219   0.0338557   0.171867  2.00442 	Dead: 0
2.25338   0.0339635   0.172414  2.00442 	Dead: 0
2.26837   0.035279    0.179092  2.00442 	Dead: 0
2.2548    0.0316637   0.16074   2.00442 	Dead: 0
2.27207   0.0365602   0.185597  2.00442 	Dead: 0
2.26437   0.0352699   0.179047  2.00442 	Dead: 0
2.2263    0.0269987   0.137058  2.00442 	Dead: 0
2.25724   0.0345193   0.175236  2.00442 	Dead: 0
2.26501   0.0327387   0.166197  2.00442 	Dead: 0
2.25195   0.033617    0.170655  2.00442 	Dead: 0
2.26945   0.0364951   0.185266  2.00442 	Dead: 0
2.24817   0.0348121   0.176722  1.99498 	Dead: 0
2.24936   0.0351255   0.178314  1.99498 	Dead: 0
2.24623   0.0336035   0.170587  1.99498 	Dead: 0
2.23933   0.0320556   0.162729  1.99498 	Dead: 0
2.22171   0.0284235   0.144291  1.99498 	Dead: 0
2.2333    0.0299648   0.152115  1.99498 	Dead: 0
2.21878   0.030817    0.156441  1.99498 	Dead: 0
2.24226   0.0334311   0.169712  1.99498 	Dead: 0
2.21838   0.0311118   0.157938  1.98421 	Dead: 0
2.22733   0.0322373   0.163652  1.97873 	Dead: 0
2.20282   0.0282285   0.143301  1.97873 	Dead: 0
2.21758   0.0335182   0.170154  1.97873 	Dead: 0
2.21862   0.032688    0.165939  1.97873 	Dead: 0
2.19546   0.0291512   0.147985  1.97873 	Dead: 0
2.22331   0.0340099   0.17265   1.97873 	Dead: 0
2.24514   0.0388036   0.196985  1.97873 	Dead: 0
2.21337   0.0293631   0.149061  1.97873 	Dead: 0
2.20482   0.033775    0.171458  1.97873 	Dead: 0
2.21967   0.0356629   0.181041  1.97873 	Dead: 0
2.20493   0.0291178   0.147816  1.97873 	Dead: 0
2.19509   0.0300793   0.152696  1.97873 	Dead: 0
