6.85172   0.166627    0.845876  5.25143 	Dead: 0
3.16661   0.0413599   0.209962  2.83464 	Dead: 0
3.01188   0.0365298   0.185442  2.68737 	Dead: 0
2.87944   0.0326925   0.165962  2.62073 	Dead: 0
2.77198   0.0319005   0.161942  2.4688  	Dead: 0
2.73253   0.0322234   0.163581  2.44749 	Dead: 0
2.73035   0.0375265   0.190502  2.44749 	Dead: 0
2.71246   0.0339943   0.172571  2.44749 	Dead: 0
2.7109    0.0361519   0.183524  2.44749 	Dead: 0
2.6949    0.0360781   0.183149  2.37973 	Dead: 0
2.67821   0.0349855   0.177603  2.37973 	Dead: 0
2.6623    0.0353111   0.179256  2.36595 	Dead: 0
2.6505    0.0365747   0.18567   2.36595 	Dead: 0
2.63069   0.0365068   0.185326  2.36595 	Dead: 0
2.60017   0.0361921   0.183728  2.31316 	Dead: 0
2.56532   0.0332218   0.168649  2.31316 	Dead: 0
2.54339   0.0343034   0.17414   2.28433 	Dead: 0
2.52354   0.0321608   0.163263  2.15004 	Dead: 0
2.46683   0.0336129   0.170635  2.15004 	Dead: 0
2.4238    0.02709     0.137522  2.11306 	Dead: 0
2.39816   0.0275183   0.139696  2.11306 	Dead: 0
2.38041   0.0339622   0.172408  2.11306 	Dead: 0
2.3601    0.0354378   0.179899  2.10563 	Dead: 0
2.34694   0.0329215   0.167125  2.06205 	Dead: 0
2.30982   0.0313583   0.15919   2.06205 	Dead: 0
2.29507   0.0288532   0.146472  2.06205 	Dead: 0
2.30846   0.0342901   0.174073  2.06205 	Dead: 0
2.2796    0.0281302   0.142802  2.04091 	Dead: 0
2.289     0.0339369   0.172279  2.04091 	Dead: 0
2.29057   0.0371125   0.188401  2.04091 	Dead: 0
2.29115   0.0385757   0.195828  2.04091 	Dead: 0
2.28128   0.0327554   0.166282  2.04091 	Dead: 0
2.26179   0.0302629   0.153629  2.04091 	Dead: 0
2.25334   0.0292223   0.148346  2.04091 	Dead: 0
2.25622   0.0310627   0.157689  2.02367 	Dead: 0
2.2539    0.0320232   0.162565  2.02367 	Dead: 0
2.24732   0.0294618   0.149562  2.02367 	Dead: 0
2.25051   0.031253    0.158655  2.02367 	Dead: 0
2.25831   0.0355573   0.180506  2.02367 	Dead: 0
2.24373   0.0343647   0.174451  2.01509 	Dead: 0
2.2306    0.0287774   0.146087  2.01509 	Dead: 0
2.22448   0.0275019   0.139612  2.01509 	Dead: 0
2.25882   0.0346399   0.175848  2.01509 	Dead: 0
2.25135   0.0306312   0.155498  2.01509 	Dead: 0
2.24603   0.0319354   0.162119  1.96049 	Dead: 0
2.252     0.0349095   0.177217  1.96049 	Dead: 0
2.25342   0.0303658   0.154151  1.96049 	Dead: 0
2.24752   0.0325128   0.16505   1.96049 	Dead: 0
2.24483   0.0315769   0.160299  1.96049 	Dead: 0
2.24109   0.0292165   0.148316  1.96049 	Dead: 0
2.24731   0.0342197   0.173715  1.96049 	Dead: 0
2.23653   0.0312355   0.158566  1.96049 	Dead: 0
2.24265   0.0342362   0.173799  1.96049 	Dead: 0
2.23672   0.0316309   0.160573  1.96049 	Dead: 0
2.24542   0.0310115   0.157429  1.96049 	Dead: 0
2.24775   0.0328665   0.166846  1.96049 	Dead: 0
2.2457    0.0333277   0.169187  1.96049 	Dead: 0
2.24993   0.0385576   0.195736  1.92818 	Dead: 0
2.23837   0.0332999   0.169046  1.92818 	Dead: 0
2.22505   0.0315874   0.160352  1.92818 	Dead: 0
2.24501   0.033546    0.170295  1.92818 	Dead: 0
2.24737   0.0321962   0.163443  1.92818 	Dead: 0
2.24431   0.0335838   0.170487  1.92818 	Dead: 0
2.21989   0.030048    0.152538  1.92818 	Dead: 0
2.25826   0.0369818   0.187737  1.92818 	Dead: 0
2.23213   0.037462    0.190175  1.92818 	Dead: 0
2.21707   0.0328257   0.166639  1.92818 	Dead: 0
2.22289   0.0332343   0.168713  1.92818 	Dead: 0
2.22792   0.0339344   0.172267  1.92818 	Dead: 0
2.22961   0.0320918   0.162913  1.92818 	Dead: 0
2.24133   0.0343841   0.17455   1.92818 	Dead: 0
2.20742   0.0302203   0.153412  1.92818 	Dead: 0
2.21544   0.0323134   0.164038  1.92818 	Dead: 0
2.21639   0.0346414   0.175856  1.92818 	Dead: 0
2.22421   0.0329626   0.167334  1.92818 	Dead: 0
2.21948   0.0338341   0.171758  1.92818 	Dead: 0
2.21692   0.0327478   0.166243  1.92818 	Dead: 0
2.21354   0.0330151   0.1676    1.91465 	Dead: 0
2.21086   0.0321891   0.163407  1.91465 	Dead: 0
2.22043   0.0336505   0.170825  1.91465 	Dead: 0
2.18608   0.0295086   0.149799  1.91465 	Dead: 0
2.22833   0.0370692   0.188181  1.91465 	Dead: 0
2.21812   0.034479    0.175032  1.91465 	Dead: 0
2.22514   0.0354927   0.180177  1.91465 	Dead: 0
2.20829   0.0324105   0.164531  1.91465 	Dead: 0
2.19649   0.032415    0.164553  1.91465 	Dead: 0
2.22028   0.0334101   0.169605  1.91465 	Dead: 0
2.20619   0.0322063   0.163494  1.91465 	Dead: 0
2.21889   0.0319272   0.162077  1.91465 	Dead: 0
2.20314   0.0357209   0.181336  1.91465 	Dead: 0
2.20277   0.0349532   0.177439  1.91465 	Dead: 0
2.22663   0.0404413   0.205299  1.91465 	Dead: 0
2.21165   0.0339598   0.172396  1.91465 	Dead: 0
2.22721   0.0358494   0.181988  1.91465 	Dead: 0
2.22366   0.0379358   0.19258   1.91465 	Dead: 0
2.24202   0.039133    0.198657  1.91465 	Dead: 0
2.19751   0.0308346   0.156531  1.91465 	Dead: 0
2.2079    0.0349351   0.177347  1.91465 	Dead: 0
2.2166    0.0353995   0.179704  1.91465 	Dead: 0
2.20482   0.0340049   0.172625  1.91465 	Dead: 0
2.19763   0.0360305   0.182908  1.91465 	Dead: 0
