6.8462    0.142703    0.724426  5.10055 	Dead: 0
3.09349   0.0404386   0.205285  2.73364 	Dead: 0
2.80699   0.0256896   0.130412  2.4774  	Dead: 0
2.755     0.0282302   0.143309  2.4774  	Dead: 0
2.75939   0.0399004   0.202553  2.47683 	Dead: 0
2.72522   0.0347084   0.176196  2.47272 	Dead: 0
2.71371   0.0345671   0.175479  2.4019  	Dead: 0
2.71349   0.0370859   0.188265  2.4019  	Dead: 0
2.71803   0.0404856   0.205524  2.4019  	Dead: 0
2.68359   0.0357187   0.181325  2.4019  	Dead: 0
2.6904    0.0399233   0.202669  2.4019  	Dead: 0
2.65827   0.0407771   0.207004  2.3631  	Dead: 0
2.64234   0.0353502   0.179454  2.34818 	Dead: 0
2.63012   0.0341787   0.173507  2.34818 	Dead: 0
2.59905   0.0358593   0.182039  2.34818 	Dead: 0
2.60986   0.0441714   0.224235  2.29265 	Dead: 0
2.59711   0.0447905   0.227377  2.26462 	Dead: 0
2.57321   0.0391644   0.198817  2.22804 	Dead: 0
2.55361   0.0392512   0.199257  2.22804 	Dead: 0
2.52089   0.0357762   0.181617  2.22556 	Dead: 0
2.53317   0.0391203   0.198593  2.22556 	Dead: 0
2.47541   0.0300044   0.152316  2.22556 	Dead: 0
2.5224    0.0431508   0.219053  2.22556 	Dead: 0
2.50347   0.0421746   0.214098  2.22556 	Dead: 0
2.48842   0.0389204   0.197578  2.22468 	Dead: 0
2.46253   0.0351988   0.178685  2.22468 	Dead: 0
2.44271   0.0367108   0.186361  2.16352 	Dead: 0
2.45329   0.0356374   0.180912  2.16352 	Dead: 0
2.41421   0.0295746   0.150135  2.16352 	Dead: 0
2.43693   0.0381744   0.193791  2.04513 	Dead: 0
2.40968   0.0331407   0.168238  2.04513 	Dead: 0
2.41375   0.0357149   0.181306  2.04513 	Dead: 0
2.39069   0.0327683   0.166347  2.04513 	Dead: 0
2.39098   0.0291989   0.148227  2.04513 	Dead: 0
2.41688   0.0356399   0.180925  2.04513 	Dead: 0
2.4078    0.033912    0.172153  2.04513 	Dead: 0
2.41722   0.0366473   0.186039  2.04513 	Dead: 0
2.40322   0.0378643   0.192217  2.04513 	Dead: 0
2.40201   0.0379068   0.192433  2.04513 	Dead: 0
2.40142   0.0405703   0.205954  2.04513 	Dead: 0
2.41441   0.0389588   0.197773  2.04513 	Dead: 0
2.38114   0.032375    0.164351  2.04513 	Dead: 0
2.41438   0.0428832   0.217695  2.04513 	Dead: 0
2.39038   0.0340699   0.172955  2.04513 	Dead: 0
2.38578   0.033532    0.170224  2.04513 	Dead: 0
2.37747   0.0323571   0.16426   2.04513 	Dead: 0
2.40615   0.0424538   0.215516  2.04513 	Dead: 0
2.3791    0.0359287   0.182391  2.04513 	Dead: 0
2.36438   0.0321577   0.163248  2.04513 	Dead: 0
2.37601   0.0372289   0.188991  2.04513 	Dead: 0
2.37555   0.0354091   0.179753  2.04513 	Dead: 0
2.38862   0.0368122   0.186876  2.04513 	Dead: 0
2.37899   0.0421117   0.213779  2.04513 	Dead: 0
2.39626   0.0395607   0.200829  2.04513 	Dead: 0
2.40913   0.0413239   0.209779  2.04513 	Dead: 0
2.35363   0.0335799   0.170467  2.04513 	Dead: 0
2.39131   0.0416694   0.211533  2.04513 	Dead: 0
2.3808    0.0378334   0.19206   2.04513 	Dead: 0
2.38763   0.035978    0.182641  2.04513 	Dead: 0
2.37405   0.0348255   0.17679   2.04513 	Dead: 0
2.37318   0.0412142   0.209222  2.04513 	Dead: 0
2.37447   0.0363548   0.184554  2.04513 	Dead: 0
2.37467   0.0350299   0.177828  2.04513 	Dead: 0
2.37624   0.0389547   0.197752  2.04513 	Dead: 0
2.356     0.03636     0.18458   2.04513 	Dead: 0
2.36989   0.0375486   0.190614  2.03621 	Dead: 0
2.34627   0.0354191   0.179804  2.03621 	Dead: 0
2.34251   0.0366252   0.185927  1.98822 	Dead: 0
2.32712   0.0350031   0.177692  1.98822 	Dead: 0
2.34537   0.0406818   0.20652   1.98822 	Dead: 0
2.34512   0.0364413   0.184993  1.98822 	Dead: 0
2.34117   0.0351386   0.17838   1.98822 	Dead: 0
2.32528   0.0337305   0.171232  1.98822 	Dead: 0
2.32638   0.0339731   0.172463  1.98822 	Dead: 0
2.33671   0.0367625   0.186624  1.98822 	Dead: 0
2.33624   0.0381288   0.19356   1.98822 	Dead: 0
2.33665   0.0493898   0.250726  1.98822 	Dead: 0
2.33104   0.0381198   0.193514  1.98822 	Dead: 0
2.32213   0.0391711   0.198851  1.98822 	Dead: 0
2.34209   0.0413324   0.209822  1.98822 	Dead: 0
2.32876   0.0414267   0.210301  1.98822 	Dead: 0
2.34857   0.0495938   0.251761  1.98822 	Dead: 0
2.31109   0.034751    0.176412  1.98822 	Dead: 0
2.33026   0.0430982   0.218787  1.98822 	Dead: 0
2.33135   0.0419971   0.213197  1.98565 	Dead: 0
2.32861   0.0430396   0.218489  1.98565 	Dead: 0
2.29786   0.0346767   0.176035  1.98565 	Dead: 0
2.33528   0.0477623   0.242463  1.98565 	Dead: 0
2.30089   0.0360378   0.182945  1.98565 	Dead: 0
2.29632   0.0410473   0.208375  1.98565 	Dead: 0
2.30664   0.0401254   0.203695  1.98565 	Dead: 0
2.30292   0.0397341   0.201709  1.98565 	Dead: 0
2.30572   0.0409921   0.208095  1.98565 	Dead: 0
2.32876   0.0502966   0.255329  1.98565 	Dead: 0
2.30887   0.0389779   0.19787   1.95756 	Dead: 0
2.29137   0.0363174   0.184364  1.95756 	Dead: 0
2.29066   0.036177    0.183652  1.95756 	Dead: 0
2.27812   0.0318639   0.161756  1.95756 	Dead: 0
2.29042   0.0352789   0.179092  1.95756 	Dead: 0
2.30545   0.0443832   0.22531   1.95756 	Dead: 0
2.26822   0.0359553   0.182526  1.95756 	Dead: 0
