12.7434   0.0406822   0.206522  12.3343 	Dead: 0
11.7054   0.0283299   0.143816  11.406  	Dead: 0
11.0225   0.0289196   0.146809  10.7266 	Dead: 0
10.3999   0.0227422   0.11545   10.1356 	Dead: 0
9.98732   0.0237383   0.120507  9.74128 	Dead: 0
9.58027   0.0239024   0.12134   9.35808 	Dead: 0
9.19605   0.0306629   0.155659  8.8746  	Dead: 0
8.79061   0.0263921   0.133979  8.59626 	Dead: 0
8.57037   0.0307637   0.156171  8.36617 	Dead: 0
8.40905   0.0340745   0.172978  8.20293 	Dead: 0
8.29844   0.0345455   0.175369  8.13824 	Dead: 0
8.26451   0.0415821   0.21109   8.01355 	Dead: 0
8.16428   0.029672    0.150629  7.96918 	Dead: 0
8.06994   0.0290188   0.147313  7.87287 	Dead: 0
7.99573   0.0329704   0.167373  7.81082 	Dead: 0
7.90243   0.043947    0.223096  7.60224 	Dead: 0
7.71764   0.056144    0.285013  7.41701 	Dead: 0
7.57208   0.0415931   0.211146  7.33676 	Dead: 0
7.43084   0.0442706   0.224738  7.06621 	Dead: 0
7.31454   0.0671082   0.340673  6.89718 	Dead: 0
7.02652   0.0579409   0.294135  6.66335 	Dead: 0
6.9266    0.0848695   0.430837  6.46866 	Dead: 0
6.67854   0.0787665   0.399855  6.21511 	Dead: 0
6.58463   0.0998922   0.507099  6.0779  	Dead: 0
6.39796   0.0869134   0.441213  5.93348 	Dead: 0
6.12099   0.109923    0.55802   5.52501 	Dead: 0
5.61981   0.114348    0.580481  4.49036 	Dead: 0
4.94233   0.12897     0.654714  4.08751 	Dead: 0
4.68079   0.16222     0.823502  3.89543 	Dead: 0
4.36215   0.189094    0.959929  3.36884 	Dead: 0
4.09461   0.227792    1.15638   3.04276 	Dead: 0
3.86297   0.223926    1.13675   2.85472 	Dead: 0
3.62882   0.207438    1.05305   2.81133 	Dead: 0
3.58742   0.22245     1.12926   2.71224 	Dead: 0
3.69096   0.218116    1.10726   2.71224 	Dead: 0
3.44491   0.218608    1.10976   2.52724 	Dead: 0
3.43999   0.225063    1.14252   2.45891 	Dead: 0
3.67865   0.308205    1.56459   2.45891 	Dead: 0
3.37687   0.236409    1.20012   2.45891 	Dead: 0
3.44477   0.261469    1.32734   2.45891 	Dead: 0
3.57892   0.285709    1.45039   2.3842  	Dead: 0
3.32593   0.250696    1.27265   2.37945 	Dead: 0
3.51644   0.276167    1.40195   2.33579 	Dead: 0
3.44577   0.279872    1.42076   2.33547 	Dead: 0
3.4654    0.283856    1.44098   2.33547 	Dead: 0
3.43339   0.253273    1.28573   2.33547 	Dead: 0
3.39325   0.292245    1.48357   2.33547 	Dead: 0
3.33127   0.278257    1.41256   2.33547 	Dead: 0
3.26943   0.257236    1.30585   2.33547 	Dead: 0
3.40815   0.281242    1.42772   2.32543 	Dead: 0
3.39194   0.281192    1.42746   2.32543 	Dead: 0
3.59031   0.27822     1.41238   2.30966 	Dead: 0
3.28868   0.255894    1.29904   2.30966 	Dead: 0
3.31428   0.26621     1.35141   2.30966 	Dead: 0
3.71373   0.304305    1.54479   2.30966 	Dead: 0
3.41167   0.281635    1.42971   2.30966 	Dead: 0
3.28121   0.27641     1.40318   2.30966 	Dead: 0
3.19183   0.234418    1.19001   2.30966 	Dead: 0
3.36898   0.268692    1.36401   2.30966 	Dead: 0
3.35298   0.250458    1.27144   2.30966 	Dead: 0
3.20547   0.23998     1.21825   2.2937  	Dead: 0
3.44264   0.272998    1.38587   2.22681 	Dead: 0
3.23277   0.258298    1.31124   2.22681 	Dead: 0
3.36874   0.290689    1.47567   2.22681 	Dead: 0
3.35955   0.277305    1.40773   2.20859 	Dead: 0
3.26813   0.277135    1.40687   2.20859 	Dead: 0
3.44879   0.312208    1.58491   2.20859 	Dead: 0
3.31755   0.288623    1.46518   2.20859 	Dead: 0
3.41389   0.289527    1.46977   2.20859 	Dead: 0
3.29515   0.269321    1.3672    2.20859 	Dead: 0
3.42232   0.283657    1.43998   2.20859 	Dead: 0
3.32071   0.302786    1.53708   2.20859 	Dead: 0
3.22101   0.290722    1.47584   2.20859 	Dead: 0
3.2984    0.296349    1.50441   2.20589 	Dead: 0
3.4786    0.314788    1.59801   2.20589 	Dead: 0
3.24414   0.273261    1.3872    2.20589 	Dead: 0
3.17389   0.25477     1.29333   2.20589 	Dead: 0
3.28589   0.271539    1.37846   2.199   	Dead: 0
3.46502   0.335412    1.70271   2.14555 	Dead: 0
3.28437   0.318793    1.61834   2.14555 	Dead: 0
3.23801   0.322754    1.63845   2.0664  	Dead: 0
3.08762   0.277247    1.40743   2.03765 	Dead: 0
3.23989   0.315362    1.60093   2.03765 	Dead: 0
3.24436   0.305056    1.54861   1.98787 	Dead: 0
2.97855   0.291446    1.47952   1.98787 	Dead: 0
3.09348   0.305391    1.55031   1.98787 	Dead: 0
3.24751   0.321839    1.63381   1.98293 	Dead: 0
3.00801   0.277623    1.40934   1.98293 	Dead: 0
3.26392   0.293234    1.48859   1.98293 	Dead: 0
3.20944   0.335234    1.7018    1.98293 	Dead: 0
3.43853   0.351333    1.78353   1.98293 	Dead: 0
3.27051   0.338642    1.7191    1.93466 	Dead: 0
3.07819   0.2963      1.50416   1.93466 	Dead: 0
3.02205   0.290637    1.47541   1.93466 	Dead: 0
2.96004   0.259404    1.31686   1.93466 	Dead: 0
3.07645   0.304924    1.54793   1.93466 	Dead: 0
2.93162   0.295199    1.49857   1.93466 	Dead: 0
3.47803   0.36279     1.84169   1.93466 	Dead: 0
2.99347   0.286266    1.45322   1.93466 	Dead: 0
3.10732   0.313797    1.59298   1.93466 	Dead: 0
3.18479   0.30838     1.56548   1.93466 	Dead: 0
