5.08196   0.0876795   0.445102  4.10235 	Dead: 0
3.88089   0.0687827   0.349173  3.42379 	Dead: 0
3.63605   0.0451359   0.229131  3.31948 	Dead: 0
3.60198   0.0441493   0.224123  3.28437 	Dead: 0
3.59455   0.0466286   0.236709  3.22172 	Dead: 0
3.5605    0.040102    0.203577  3.19425 	Dead: 0
3.55452   0.0469737   0.23846   3.19425 	Dead: 0
3.56549   0.0461837   0.23445   3.19425 	Dead: 0
3.54879   0.0406361   0.206288  3.19425 	Dead: 0
3.55355   0.0517206   0.262558  3.1774  	Dead: 0
3.56732   0.0548164   0.278274  3.1774  	Dead: 0
3.53344   0.0455826   0.231399  3.1774  	Dead: 0
3.47248   0.0420176   0.213301  3.1774  	Dead: 0
3.51915   0.0506176   0.256959  3.10105 	Dead: 0
3.4804    0.0441181   0.223964  3.10105 	Dead: 0
3.52226   0.0561328   0.284956  3.07761 	Dead: 0
3.45886   0.0458947   0.232983  3.07761 	Dead: 0
3.46873   0.0451178   0.229039  3.07761 	Dead: 0
3.47245   0.0474862   0.241062  3.07761 	Dead: 0
3.46115   0.0478647   0.242983  3.07761 	Dead: 0
3.46236   0.0490195   0.248846  3.07761 	Dead: 0
3.46887   0.0520575   0.264268  3.07761 	Dead: 0
3.47643   0.0554303   0.28139   3.07761 	Dead: 0
3.48133   0.0559133   0.283842  3.07761 	Dead: 0
3.47248   0.0578778   0.293815  3.07761 	Dead: 0
3.44926   0.048467    0.246041  3.07761 	Dead: 0
3.4813    0.0599833   0.304503  3.07761 	Dead: 0
3.43425   0.0527123   0.267592  3.07761 	Dead: 0
3.4165    0.0514257   0.261061  3.07761 	Dead: 0
3.40961   0.0437832   0.222264  3.07761 	Dead: 0
3.39454   0.0381257   0.193544  3.07761 	Dead: 0
3.37901   0.0439127   0.222921  3.04283 	Dead: 0
3.38747   0.0455264   0.231113  3.04283 	Dead: 0
3.40001   0.0465822   0.236473  3.04283 	Dead: 0
3.36092   0.0405521   0.205861  3.04283 	Dead: 0
3.38087   0.0461947   0.234506  3.04283 	Dead: 0
3.36955   0.0411285   0.208787  3.04283 	Dead: 0
3.36481   0.0479496   0.243415  3.04283 	Dead: 0
3.37163   0.0450228   0.228557  3.04283 	Dead: 0
3.40434   0.0487387   0.24742   3.04283 	Dead: 0
3.3544    0.0474992   0.241128  3.03474 	Dead: 0
3.36562   0.0447483   0.227163  3.03474 	Dead: 0
3.35439   0.0484408   0.245908  3.03474 	Dead: 0
3.362     0.0478855   0.243089  3.03474 	Dead: 0
3.37181   0.053624    0.27222   3.03474 	Dead: 0
3.34753   0.0429067   0.217814  3.03474 	Dead: 0
3.33627   0.0417501   0.211943  3.01892 	Dead: 0
3.35487   0.0488904   0.24819   3.01892 	Dead: 0
3.34513   0.048243    0.244904  3.01892 	Dead: 0
3.36695   0.0524856   0.266441  3.01892 	Dead: 0
3.3535    0.0486798   0.247121  3.01892 	Dead: 0
3.33717   0.0468191   0.237676  3.01892 	Dead: 0
3.31505   0.0456937   0.231963  3.01892 	Dead: 0
3.32804   0.0453194   0.230062  3.01892 	Dead: 0
3.33046   0.0414945   0.210646  3.01892 	Dead: 0
3.33337   0.0455627   0.231298  3.01892 	Dead: 0
3.31672   0.043547    0.221065  3.01892 	Dead: 0
3.34495   0.0478082   0.242697  3.01892 	Dead: 0
3.32658   0.0442266   0.224515  3.01892 	Dead: 0
3.37637   0.0529753   0.268927  3.01892 	Dead: 0
3.34838   0.0522128   0.265057  3.01892 	Dead: 0
3.34273   0.0464843   0.235976  3.01892 	Dead: 0
3.31095   0.0456116   0.231546  3.01892 	Dead: 0
3.31839   0.0444402   0.225599  2.97946 	Dead: 0
3.34626   0.0430487   0.218535  2.97946 	Dead: 0
3.3015    0.0380339   0.193078  2.97946 	Dead: 0
3.33995   0.0465108   0.236111  2.97946 	Dead: 0
3.34117   0.0483535   0.245465  2.97946 	Dead: 0
3.31918   0.0594267   0.301678  2.97946 	Dead: 0
3.34949   0.0470421   0.238808  2.97946 	Dead: 0
3.32135   0.0478531   0.242925  2.97946 	Dead: 0
3.32157   0.0460187   0.233613  2.97946 	Dead: 0
3.35262   0.0492317   0.249923  2.97946 	Dead: 0
3.31129   0.0450092   0.228487  2.97946 	Dead: 0
3.34454   0.0513518   0.260685  2.97946 	Dead: 0
3.32522   0.0731495   0.371341  2.97946 	Dead: 0
3.30712   0.0430417   0.2185    2.97946 	Dead: 0
3.29108   0.040469    0.20544   2.97946 	Dead: 0
3.31243   0.0487803   0.247632  2.97946 	Dead: 0
3.32117   0.0490221   0.248859  2.97946 	Dead: 0
3.34284   0.055999    0.284277  2.97946 	Dead: 0
3.30741   0.0463216   0.23515   2.97946 	Dead: 0
3.32009   0.0438932   0.222822  2.97946 	Dead: 0
3.35541   0.0553487   0.280976  2.97946 	Dead: 0
3.32285   0.0468225   0.237693  2.97946 	Dead: 0
3.33371   0.0460623   0.233834  2.97946 	Dead: 0
3.31086   0.0419909   0.213166  2.97946 	Dead: 0
3.31117   0.0428423   0.217488  2.97946 	Dead: 0
3.32452   0.0471004   0.239103  2.97946 	Dead: 0
3.3689    0.0582937   0.295926  2.97946 	Dead: 0
3.31171   0.0429402   0.217984  2.97946 	Dead: 0
3.33138   0.0484044   0.245723  2.97946 	Dead: 0
3.29846   0.0442402   0.224584  2.97946 	Dead: 0
3.32058   0.0553877   0.281174  2.97946 	Dead: 0
3.34478   0.0517418   0.262665  2.97946 	Dead: 0
3.30329   0.0431173   0.218883  2.97946 	Dead: 0
3.29926   0.0422357   0.214408  2.97946 	Dead: 0
3.31882   0.0475689   0.241482  2.97946 	Dead: 0
3.34535   0.0494098   0.250827  2.97946 	Dead: 0
3.32249   0.0489115   0.248297  2.97946 	Dead: 0
3.36662   0.0660513   0.335307  2.97946 	Dead: 0
