5.71189   0.121277    0.615659  4.13042 	Dead: 0
3.19017   0.0409102   0.207679  2.77473 	Dead: 0
2.81343   0.038588    0.195891  2.52797 	Dead: 0
2.64928   0.0295476   0.149997  2.39461 	Dead: 0
2.57669   0.0445291   0.226051  2.26117 	Dead: 0
2.44525   0.0321151   0.163031  2.18777 	Dead: 0
2.33436   0.0317667   0.161262  2.06073 	Dead: 0
2.33283   0.045869    0.232852  2.02406 	Dead: 0
2.27436   0.0397648   0.201865  2.02406 	Dead: 0
2.25492   0.0385908   0.195905  2.02406 	Dead: 0
2.24359   0.0332663   0.168875  2.00903 	Dead: 0
2.29071   0.0481452   0.244407  2.00903 	Dead: 0
2.25684   0.0366641   0.186124  1.97562 	Dead: 0
2.21819   0.0369923   0.18779   1.97562 	Dead: 0
2.22116   0.0472511   0.239868  1.94584 	Dead: 0
2.18681   0.0497902   0.252758  1.93276 	Dead: 0
2.14013   0.0454487   0.230719  1.91458 	Dead: 0
2.13131   0.0356178   0.180813  1.83611 	Dead: 0
2.14372   0.0702918   0.356834  1.83611 	Dead: 0
2.10004   0.0376139   0.190946  1.83611 	Dead: 0
2.08619   0.0394226   0.200128  1.83611 	Dead: 0
2.08056   0.0446456   0.226642  1.83611 	Dead: 0
2.08603   0.042144    0.213942  1.83611 	Dead: 0
2.06231   0.0408708   0.207479  1.83611 	Dead: 0
2.03293   0.0313276   0.159033  1.80669 	Dead: 0
2.05899   0.0424394   0.215442  1.78585 	Dead: 0
2.0286    0.0445479   0.226146  1.78585 	Dead: 0
2.04442   0.0416008   0.211185  1.78585 	Dead: 0
2.02538   0.0480234   0.243789  1.78585 	Dead: 0
2.00098   0.033074    0.167899  1.73075 	Dead: 0
2.00826   0.0450163   0.228524  1.73075 	Dead: 0
1.98274   0.0329413   0.167225  1.73051 	Dead: 0
2.00957   0.0381124   0.193477  1.73051 	Dead: 0
1.98678   0.0381023   0.193425  1.73051 	Dead: 0
1.96921   0.0327347   0.166176  1.73051 	Dead: 0
1.98003   0.040112    0.203627  1.73051 	Dead: 0
1.97934   0.0348672   0.177002  1.73051 	Dead: 0
1.97475   0.0355379   0.180407  1.73051 	Dead: 0
2.01307   0.051139    0.259606  1.73051 	Dead: 0
1.99175   0.0472042   0.23963   1.73051 	Dead: 0
1.99276   0.0403818   0.204997  1.73051 	Dead: 0
1.97039   0.0343255   0.174252  1.73051 	Dead: 0
1.97576   0.0377034   0.1914    1.73051 	Dead: 0
1.97352   0.0368361   0.186997  1.73051 	Dead: 0
1.96136   0.0366374   0.185988  1.7074  	Dead: 0
1.97327   0.0482486   0.244932  1.68851 	Dead: 0
1.95108   0.0387802   0.196867  1.68851 	Dead: 0
1.92591   0.031639    0.160615  1.68851 	Dead: 0
1.91662   0.0296396   0.150464  1.68851 	Dead: 0
1.93801   0.0517849   0.262884  1.68851 	Dead: 0
1.93229   0.0364299   0.184935  1.68851 	Dead: 0
1.93268   0.0338875   0.172029  1.66456 	Dead: 0
1.95401   0.0454577   0.230764  1.66456 	Dead: 0
1.96027   0.0539937   0.274097  1.66456 	Dead: 0
1.93808   0.0397299   0.201687  1.66456 	Dead: 0
1.94581   0.0389343   0.197649  1.66456 	Dead: 0
1.93371   0.0364629   0.185103  1.66456 	Dead: 0
1.90191   0.0341403   0.173312  1.66456 	Dead: 0
1.90327   0.0362414   0.183978  1.66456 	Dead: 0
1.93749   0.0438201   0.222451  1.66456 	Dead: 0
1.91959   0.0366841   0.186225  1.66456 	Dead: 0
1.90025   0.0340876   0.173045  1.66456 	Dead: 0
1.91298   0.0369649   0.187651  1.66456 	Dead: 0
1.96214   0.0577497   0.293165  1.66456 	Dead: 0
1.9278    0.0421516   0.213981  1.66456 	Dead: 0
1.91875   0.03968     0.201434  1.66456 	Dead: 0
1.89986   0.03564     0.180925  1.66456 	Dead: 0
1.87672   0.0354183   0.1798    1.64801 	Dead: 0
1.89873   0.0431683   0.219142  1.64354 	Dead: 0
1.86599   0.0359494   0.182496  1.64354 	Dead: 0
1.87818   0.0360471   0.182992  1.63944 	Dead: 0
1.89363   0.0383922   0.194897  1.63944 	Dead: 0
1.90106   0.0450429   0.228659  1.63944 	Dead: 0
1.86547   0.0327699   0.166355  1.63944 	Dead: 0
1.91254   0.0564028   0.286327  1.63944 	Dead: 0
1.89416   0.0436437   0.221556  1.60796 	Dead: 0
1.88608   0.0428643   0.217599  1.60796 	Dead: 0
1.89856   0.0394806   0.200422  1.60796 	Dead: 0
1.87587   0.041483    0.210587  1.60796 	Dead: 0
1.86404   0.0335355   0.170242  1.60796 	Dead: 0
1.88942   0.0428899   0.217729  1.60796 	Dead: 0
1.89462   0.0446423   0.226625  1.60796 	Dead: 0
1.8992    0.0406177   0.206194  1.60796 	Dead: 0
1.85054   0.030306    0.153847  1.60796 	Dead: 0
1.8898    0.045808    0.232543  1.60796 	Dead: 0
1.88478   0.0456932   0.23196   1.60796 	Dead: 0
1.91079   0.0512595   0.260217  1.60796 	Dead: 0
1.85996   0.0402021   0.204085  1.60796 	Dead: 0
1.86764   0.0402427   0.204291  1.48687 	Dead: 0
1.865     0.0429716   0.218144  1.48687 	Dead: 0
1.87242   0.0417018   0.211698  1.48687 	Dead: 0
1.863     0.0453876   0.230409  1.48687 	Dead: 0
1.85754   0.0432001   0.219304  1.48687 	Dead: 0
1.84241   0.0400044   0.203081  1.48687 	Dead: 0
1.86335   0.0465011   0.236061  1.48687 	Dead: 0
1.86609   0.0518751   0.263342  1.48687 	Dead: 0
1.87801   0.052456    0.266291  1.48687 	Dead: 0
1.85273   0.0375231   0.190485  1.48687 	Dead: 0
1.84383   0.0374501   0.190114  1.48687 	Dead: 0
1.85219   0.0521052   0.26451   1.48687 	Dead: 0
1.81851   0.035797    0.181722  1.48687 	Dead: 0
