14.5369   0.0502704   0.255196  13.8533 	Dead: 0
13.4442   0.0327365   0.166186  12.9627 	Dead: 0
13.1578   0.0317341   0.161097  12.8889 	Dead: 0
13.1044   0.0353991   0.179703  12.7186 	Dead: 0
12.9909   0.0342881   0.174062  12.6993 	Dead: 0
12.9099   0.0362914   0.184232  12.5679 	Dead: 0
12.818    0.0355041   0.180235  12.556  	Dead: 0
12.7485   0.036292    0.184235  12.3156 	Dead: 0
12.5705   0.0297271   0.150908  12.2719 	Dead: 0
12.5524   0.0336419   0.170782  12.2404 	Dead: 0
12.516    0.0374321   0.190023  12.2404 	Dead: 0
12.4905   0.0409927   0.208098  12.1195 	Dead: 0
12.4196   0.0351051   0.17821   12.1195 	Dead: 0
12.3768   0.0361505   0.183517  12.1023 	Dead: 0
12.3366   0.0338203   0.171688  12.0876 	Dead: 0
12.3333   0.0387581   0.196754  12.0504 	Dead: 0
12.2921   0.0348181   0.176753  11.9934 	Dead: 0
12.2427   0.0391694   0.198842  11.9171 	Dead: 0
12.1837   0.0374557   0.190143  11.8932 	Dead: 0
12.1515   0.0465195   0.236155  11.7047 	Dead: 0
12.1086   0.0486047   0.24674   11.7047 	Dead: 0
12.067    0.0381935   0.193888  11.7047 	Dead: 0
12.0602   0.0413459   0.209891  11.7047 	Dead: 0
12.0376   0.0371928   0.188808  11.7047 	Dead: 0
12.0361   0.0425699   0.216104  11.7047 	Dead: 0
12.0644   0.0487085   0.247267  11.7047 	Dead: 0
12.0145   0.0436015   0.221342  11.6123 	Dead: 0
11.9951   0.0392265   0.199132  11.6123 	Dead: 0
11.993    0.044948    0.228177  11.6123 	Dead: 0
11.9859   0.0394717   0.200377  11.6123 	Dead: 0
11.9707   0.0475658   0.241466  11.6123 	Dead: 0
11.9848   0.045413    0.230538  11.6123 	Dead: 0
12.0081   0.0474436   0.240846  11.6123 	Dead: 0
11.985    0.0463123   0.235103  11.6063 	Dead: 0
11.9372   0.0440053   0.223392  11.5541 	Dead: 0
11.9318   0.047032    0.238756  11.5541 	Dead: 0
11.9177   0.0421763   0.214107  11.5541 	Dead: 0
11.9201   0.0423655   0.215067  11.5541 	Dead: 0
11.9043   0.0405878   0.206043  11.5541 	Dead: 0
11.9055   0.0460063   0.233549  11.5541 	Dead: 0
11.8911   0.0426783   0.216655  11.5541 	Dead: 0
11.8942   0.0460136   0.233587  11.495  	Dead: 0
11.8766   0.0435812   0.221238  11.495  	Dead: 0
11.8549   0.0449851   0.228366  11.4766 	Dead: 0
11.8493   0.0471952   0.239585  11.4766 	Dead: 0
11.8434   0.050663    0.257189  11.4766 	Dead: 0
11.7934   0.0493119   0.25033   11.426  	Dead: 0
11.7468   0.0439005   0.222859  11.336  	Dead: 0
11.7097   0.0487175   0.247313  11.336  	Dead: 0
11.7009   0.0494547   0.251055  11.336  	Dead: 0
11.7018   0.0507378   0.257569  11.336  	Dead: 0
11.7126   0.054674    0.277551  11.3007 	Dead: 0
11.6762   0.0485288   0.246355  11.3007 	Dead: 0
11.6972   0.0497163   0.252383  11.3007 	Dead: 0
11.6972   0.0515834   0.261862  11.3007 	Dead: 0
11.6762   0.050181    0.254742  11.3007 	Dead: 0
11.6651   0.0486313   0.246875  11.1458 	Dead: 0
11.62     0.0433008   0.219815  11.1458 	Dead: 0
11.6662   0.0517596   0.262756  11.1458 	Dead: 0
11.6566   0.0512839   0.260341  11.1458 	Dead: 0
11.6666   0.0516921   0.262413  11.1458 	Dead: 0
11.6464   0.0499018   0.253325  11.1458 	Dead: 0
11.6464   0.0487134   0.247292  11.1458 	Dead: 0
11.6146   0.0444709   0.225755  11.1458 	Dead: 0
11.6212   0.0503066   0.25538   11.1458 	Dead: 0
11.6057   0.0438216   0.222459  11.1458 	Dead: 0
11.651    0.0487589   0.247523  11.1458 	Dead: 0
11.6264   0.0447557   0.227201  11.1458 	Dead: 0
11.6256   0.0520746   0.264355  11.1458 	Dead: 0
11.5887   0.0437925   0.222311  11.1458 	Dead: 0
11.6334   0.046008    0.233558  11.1458 	Dead: 0
11.615    0.0469585   0.238383  11.1458 	Dead: 0
11.6445   0.0501771   0.254722  11.1458 	Dead: 0
11.6183   0.0482339   0.244858  11.1458 	Dead: 0
11.6065   0.0479755   0.243546  11.1458 	Dead: 0
11.5922   0.0453      0.229964  11.1458 	Dead: 0
11.6142   0.046144    0.234248  11.1458 	Dead: 0
11.6176   0.0499807   0.253725  11.1458 	Dead: 0
11.6051   0.0477078   0.242187  11.1458 	Dead: 0
11.6178   0.0497935   0.252775  11.1458 	Dead: 0
11.6286   0.0537726   0.272975  11.1458 	Dead: 0
11.5779   0.0464522   0.235813  11.1458 	Dead: 0
11.5923   0.0485133   0.246276  11.1458 	Dead: 0
11.5776   0.0475549   0.241411  11.1458 	Dead: 0
11.5888   0.0449595   0.228235  11.1458 	Dead: 0
11.62     0.0483992   0.245697  11.1458 	Dead: 0
11.6063   0.0498338   0.25298   11.1458 	Dead: 0
11.5616   0.0459353   0.233189  11.1458 	Dead: 0
11.5875   0.0501878   0.254777  11.1458 	Dead: 0
11.5942   0.0517878   0.262899  11.1458 	Dead: 0
11.5858   0.0532918   0.270534  11.1458 	Dead: 0
11.5632   0.0464359   0.23573   11.1431 	Dead: 0
11.576    0.0514844   0.261359  11.1431 	Dead: 0
11.5946   0.0559456   0.284006  11.1431 	Dead: 0
11.5662   0.0491215   0.249363  11.0448 	Dead: 0
11.5499   0.0490323   0.248911  11.0448 	Dead: 0
11.5398   0.0522412   0.265201  11.0448 	Dead: 0
11.5228   0.0498944   0.253287  11.0448 	Dead: 0
11.5129   0.0494577   0.251071  11.0448 	Dead: 0
11.5322   0.0507759   0.257762  11.0448 	Dead: 0
11.4924   0.0472764   0.239997  11.0448 	Dead: 0
