14.5099   0.0524545   0.266283  13.9715 	Dead: 0
13.2872   0.035908    0.182286  12.8833 	Dead: 0
12.8691   0.0311605   0.158185  12.5084 	Dead: 0
12.7666   0.0353955   0.179684  12.4465 	Dead: 0
12.6777   0.0412414   0.20936   12.3528 	Dead: 0
12.598    0.0392316   0.199158  12.3282 	Dead: 0
12.4921   0.0337761   0.171463  12.1598 	Dead: 0
12.4662   0.0407077   0.206651  11.9577 	Dead: 0
12.4165   0.0421598   0.214023  11.9519 	Dead: 0
12.3894   0.0409603   0.207933  11.9519 	Dead: 0
12.345    0.038442    0.195149  11.9519 	Dead: 0
12.349    0.0407861   0.207049  11.9519 	Dead: 0
12.3079   0.0394065   0.200046  11.9519 	Dead: 0
12.299    0.0445132   0.22597   11.9232 	Dead: 0
12.3113   0.048023    0.243787  11.9232 	Dead: 0
12.2136   0.0396675   0.201371  11.9232 	Dead: 0
12.2391   0.0455518   0.231242  11.8536 	Dead: 0
12.2152   0.0451045   0.228971  11.8536 	Dead: 0
12.2046   0.0412637   0.209474  11.8536 	Dead: 0
12.1897   0.0393051   0.199531  11.8536 	Dead: 0
12.1991   0.0425544   0.216026  11.816  	Dead: 0
12.1744   0.0444353   0.225574  11.816  	Dead: 0
12.1631   0.0426765   0.216646  11.7217 	Dead: 0
12.1629   0.0460238   0.233638  11.7217 	Dead: 0
12.1456   0.0445203   0.226006  11.7217 	Dead: 0
12.1213   0.0447179   0.227009  11.7217 	Dead: 0
12.1072   0.0440896   0.22382   11.7217 	Dead: 0
12.1129   0.0454638   0.230796  11.7217 	Dead: 0
12.1096   0.0456276   0.231627  11.6922 	Dead: 0
12.0955   0.0442899   0.224836  11.6922 	Dead: 0
12.1018   0.0471385   0.239297  11.6922 	Dead: 0
12.084    0.0452212   0.229564  11.6872 	Dead: 0
12.0745   0.0448381   0.227619  11.6872 	Dead: 0
12.0766   0.0497869   0.252741  11.6872 	Dead: 0
11.993    0.0446183   0.226503  11.6872 	Dead: 0
11.8872   0.0382394   0.194121  11.5148 	Dead: 0
11.8962   0.04592     0.233112  11.5148 	Dead: 0
11.853    0.041799    0.212191  11.4928 	Dead: 0
11.8355   0.0434739   0.220694  11.4928 	Dead: 0
11.8028   0.041746    0.211922  11.4928 	Dead: 0
11.7854   0.046118    0.234116  11.4911 	Dead: 0
11.7985   0.0493266   0.250405  11.4033 	Dead: 0
11.76     0.0494966   0.251268  11.292  	Dead: 0
11.7156   0.0453937   0.23044   11.292  	Dead: 0
11.6677   0.0379877   0.192843  11.292  	Dead: 0
11.6658   0.0454104   0.230524  11.292  	Dead: 0
11.6623   0.0431892   0.219249  11.266  	Dead: 0
11.6682   0.0537506   0.272863  11.266  	Dead: 0
11.64     0.0429847   0.21821   11.266  	Dead: 0
11.533    0.0411649   0.208972  11.1572 	Dead: 0
11.4044   0.0407646   0.20694   10.9024 	Dead: 0
11.3021   0.0456832   0.231909  10.8999 	Dead: 0
11.228    0.0413026   0.209671  10.8999 	Dead: 0
11.2338   0.0454134   0.23054   10.8662 	Dead: 0
11.2186   0.0440333   0.223534  10.7959 	Dead: 0
11.2061   0.0443269   0.225024  10.7959 	Dead: 0
11.2024   0.0432662   0.219639  10.7959 	Dead: 0
11.2228   0.0523722   0.265866  10.7959 	Dead: 0
11.198    0.0490165   0.248831  10.7959 	Dead: 0
11.2039   0.0484685   0.246049  10.7959 	Dead: 0
11.2099   0.0490057   0.248776  10.7959 	Dead: 0
11.1841   0.0463208   0.235146  10.7959 	Dead: 0
11.1921   0.054294    0.275622  10.7294 	Dead: 0
11.154    0.0524098   0.266057  10.7108 	Dead: 0
11.1528   0.0435441   0.22105   10.7108 	Dead: 0
11.1779   0.047249    0.239858  10.7108 	Dead: 0
11.1695   0.0499896   0.25377   10.7108 	Dead: 0
11.193    0.0542086   0.275188  10.7108 	Dead: 0
11.1784   0.0508425   0.2581    10.7108 	Dead: 0
11.1746   0.0498248   0.252934  10.7108 	Dead: 0
11.1639   0.0468182   0.237671  10.7108 	Dead: 0
11.1702   0.0522679   0.265336  10.7108 	Dead: 0
11.1839   0.0531587   0.269858  10.7022 	Dead: 0
11.1754   0.0525394   0.266714  10.7022 	Dead: 0
11.1644   0.0508243   0.258008  10.7022 	Dead: 0
11.15     0.0463879   0.235486  10.7022 	Dead: 0
11.1147   0.0542891   0.275597  10.6974 	Dead: 0
11.0255   0.0504569   0.256143  10.5991 	Dead: 0
10.9606   0.0451918   0.229415  10.5991 	Dead: 0
10.9221   0.0403507   0.204839  10.5991 	Dead: 0
10.9008   0.04229     0.214684  10.5671 	Dead: 0
10.9176   0.054395    0.276134  10.5671 	Dead: 0
10.888    0.0482141   0.244757  10.5671 	Dead: 0
10.8899   0.0515804   0.261846  10.5465 	Dead: 0
10.8565   0.0414119   0.210226  10.4678 	Dead: 0
10.8957   0.0556648   0.28258   10.4332 	Dead: 0
10.8857   0.0533323   0.270739  10.4332 	Dead: 0
10.8458   0.0443536   0.225159  10.4332 	Dead: 0
10.8405   0.0458589   0.232801  10.4332 	Dead: 0
10.8659   0.0569271   0.288988  10.4332 	Dead: 0
10.8571   0.0512615   0.260227  10.4332 	Dead: 0
10.8319   0.0476939   0.242117  10.4332 	Dead: 0
10.8568   0.0552037   0.28024   10.4332 	Dead: 0
10.8645   0.0600667   0.304927  10.4332 	Dead: 0
10.8134   0.0479596   0.243465  10.4332 	Dead: 0
10.8974   0.0542321   0.275307  10.4332 	Dead: 0
10.7993   0.0464748   0.235928  10.3544 	Dead: 0
10.8231   0.0556273   0.28239   10.3544 	Dead: 0
10.8191   0.0542987   0.275646  10.3544 	Dead: 0
10.8265   0.0547952   0.278166  10.3544 	Dead: 0
10.8512   0.0561569   0.285078  10.3544 	Dead: 0
