10.418    0.0963473   0.489104  9.67282 	Dead: 0
9.01948   0.0406076   0.206143  8.57501 	Dead: 0
8.8061    0.0415203   0.210776  8.43731 	Dead: 0
8.73717   0.0464239   0.235669  8.33996 	Dead: 0
8.69804   0.0497555   0.252582  8.31367 	Dead: 0
8.63794   0.041212    0.209211  8.31367 	Dead: 0
8.61177   0.0424668   0.215581  8.31367 	Dead: 0
8.59631   0.0422614   0.214539  8.30854 	Dead: 0
8.59753   0.0478361   0.242838  8.22226 	Dead: 0
8.53019   0.047421    0.240731  8.10335 	Dead: 0
8.4818    0.0432111   0.219359  8.07192 	Dead: 0
8.45123   0.0448254   0.227555  8.07192 	Dead: 0
8.3948    0.0445124   0.225966  7.98138 	Dead: 0
8.37887   0.0460631   0.233838  7.98138 	Dead: 0
8.36027   0.0459907   0.23347   7.98138 	Dead: 0
8.33592   0.0428951   0.217755  7.98138 	Dead: 0
8.34441   0.0478861   0.243092  7.98138 	Dead: 0
8.35522   0.050817    0.257971  7.95734 	Dead: 0
8.28893   0.0445693   0.226255  7.94144 	Dead: 0
8.24437   0.0463401   0.235244  7.88225 	Dead: 0
8.24577   0.0485487   0.246456  7.88225 	Dead: 0
8.18578   0.0418669   0.212536  7.84941 	Dead: 0
8.14932   0.040692    0.206572  7.77384 	Dead: 0
8.17664   0.047523    0.241249  7.77384 	Dead: 0
8.13501   0.0455287   0.231125  7.77384 	Dead: 0
8.10141   0.0423984   0.215234  7.77384 	Dead: 0
8.09225   0.0443462   0.225122  7.70589 	Dead: 0
8.0682    0.0451896   0.229404  7.70589 	Dead: 0
8.06542   0.0468018   0.237588  7.70589 	Dead: 0
8.03221   0.0454038   0.230491  7.70254 	Dead: 0
8.00682   0.0398261   0.202176  7.59579 	Dead: 0
8.01136   0.0468135   0.237647  7.59579 	Dead: 0
7.9896    0.045254    0.229731  7.55688 	Dead: 0
7.9797    0.0482791   0.245087  7.51583 	Dead: 0
7.96419   0.0438337   0.22252   7.51583 	Dead: 0
7.97417   0.0509562   0.258677  7.51583 	Dead: 0
7.94931   0.0504501   0.256108  7.51583 	Dead: 0
7.95689   0.0504065   0.255887  7.51583 	Dead: 0
7.96538   0.052487    0.266449  7.51583 	Dead: 0
7.93665   0.049266    0.250097  7.50791 	Dead: 0
7.95957   0.0540482   0.274374  7.50791 	Dead: 0
7.95408   0.0485993   0.246713  7.50791 	Dead: 0
7.97513   0.0495744   0.251663  7.50791 	Dead: 0
7.95421   0.0526255   0.267152  7.50791 	Dead: 0
7.92986   0.048272    0.245051  7.50791 	Dead: 0
7.89639   0.0454185   0.230565  7.50791 	Dead: 0
7.93819   0.053782    0.273022  7.50791 	Dead: 0
7.91472   0.0528031   0.268053  7.50791 	Dead: 0
7.8919    0.0490833   0.24917   7.50791 	Dead: 0
7.91745   0.0491793   0.249657  7.50791 	Dead: 0
7.92026   0.0509987   0.258893  7.50791 	Dead: 0
7.90353   0.0518823   0.263379  7.50791 	Dead: 0
7.93293   0.0568768   0.288733  7.50791 	Dead: 0
7.94179   0.054711    0.277739  7.50791 	Dead: 0
7.93953   0.0490736   0.24912   7.50791 	Dead: 0
7.91311   0.0507957   0.257862  7.50791 	Dead: 0
7.90101   0.0470209   0.2387    7.50791 	Dead: 0
7.92518   0.053336    0.270758  7.50791 	Dead: 0
7.88897   0.0472359   0.239791  7.50791 	Dead: 0
7.9059    0.0514583   0.261227  7.50791 	Dead: 0
7.91484   0.05168     0.262352  7.50791 	Dead: 0
7.90808   0.0524712   0.266368  7.50791 	Dead: 0
7.93494   0.058533    0.297141  7.50791 	Dead: 0
7.89935   0.0469902   0.238544  7.50791 	Dead: 0
7.91275   0.0522469   0.26523   7.50791 	Dead: 0
7.92537   0.0565124   0.286883  7.43957 	Dead: 0
7.90021   0.0493968   0.250761  7.43957 	Dead: 0
7.89292   0.0505839   0.256788  7.43957 	Dead: 0
7.92084   0.0494203   0.25088   7.43957 	Dead: 0
7.92912   0.0545548   0.276945  7.43957 	Dead: 0
7.89877   0.0509024   0.258404  7.43957 	Dead: 0
7.89948   0.0495818   0.2517    7.43957 	Dead: 0
7.88246   0.0520945   0.264456  7.43957 	Dead: 0
7.87415   0.0506921   0.257337  7.43957 	Dead: 0
7.92206   0.0531862   0.269998  7.43957 	Dead: 0
7.90418   0.0504549   0.256133  7.43957 	Dead: 0
7.87749   0.0521438   0.264706  7.43957 	Dead: 0
7.90152   0.0468689   0.237929  7.43957 	Dead: 0
7.91215   0.053947    0.27386   7.43957 	Dead: 0
7.88938   0.0489018   0.248248  7.43957 	Dead: 0
7.90483   0.0523783   0.265897  7.43957 	Dead: 0
7.91251   0.0548216   0.2783    7.43957 	Dead: 0
7.91252   0.052172    0.264849  7.43957 	Dead: 0
7.88279   0.0468008   0.237583  7.43957 	Dead: 0
7.92489   0.0519058   0.263498  7.43957 	Dead: 0
7.89359   0.048709    0.247269  7.43957 	Dead: 0
7.90596   0.0511895   0.259862  7.43957 	Dead: 0
7.88267   0.0489754   0.248622  7.43957 	Dead: 0
7.9061    0.0560888   0.284733  7.43957 	Dead: 0
7.89775   0.0545043   0.276689  7.43957 	Dead: 0
7.90482   0.0519858   0.263904  7.43957 	Dead: 0
7.86925   0.0545409   0.276875  7.43957 	Dead: 0
7.86312   0.0487602   0.247529  7.43957 	Dead: 0
7.87465   0.0507284   0.257521  7.43957 	Dead: 0
7.85042   0.0514906   0.26139   7.43957 	Dead: 0
7.87174   0.0540049   0.274154  7.43957 	Dead: 0
7.88511   0.0540489   0.274378  7.43957 	Dead: 0
7.83954   0.0464      0.235548  7.43957 	Dead: 0
7.86006   0.0515361   0.261621  7.43957 	Dead: 0
7.87901   0.0533      0.270576  7.43957 	Dead: 0
7.86183   0.0480342   0.243844  7.43348 	Dead: 0
