13.2393   0.117016    0.59403   11.9386 	Dead: 0
10.538    0.0333339   0.169218  10.2665 	Dead: 0
10.1666   0.0241219   0.122454  9.92622 	Dead: 0
9.71051   0.0261056   0.132524  9.41592 	Dead: 0
9.48139   0.0363953   0.184759  9.16714 	Dead: 0
9.0752    0.0433738   0.220185  8.75628 	Dead: 0
8.68149   0.0387497   0.196712  8.39723 	Dead: 0
8.3647    0.0371354   0.188517  8.12665 	Dead: 0
8.12638   0.0294352   0.149427  7.855   	Dead: 0
7.8982    0.0308786   0.156754  7.64822 	Dead: 0
7.68636   0.0397936   0.202011  7.45877 	Dead: 0
7.5028    0.0351078   0.178224  7.08428 	Dead: 0
7.3414    0.0532175   0.270157  7.00592 	Dead: 0
7.18554   0.0488971   0.248225  6.85621 	Dead: 0
6.85222   0.0393635   0.199827  6.51072 	Dead: 0
6.50914   0.0826198   0.419417  6.0228  	Dead: 0
6.13639   0.0792131   0.402123  5.65386 	Dead: 0
6.01786   0.0859836   0.436493  5.53338 	Dead: 0
5.74587   0.0728321   0.36973   5.34493 	Dead: 0
5.67275   0.0934792   0.474544  5.10552 	Dead: 0
5.50448   0.0907239   0.460557  5.06399 	Dead: 0
5.37412   0.0749044   0.38025   4.99518 	Dead: 0
5.27763   0.0777925   0.394911  4.84333 	Dead: 0
5.33497   0.098127    0.498138  4.81224 	Dead: 0
5.1681    0.100421    0.509785  4.72754 	Dead: 0
5.24917   0.112235    0.569759  4.72754 	Dead: 0
5.18218   0.100365    0.509498  4.72754 	Dead: 0
5.16116   0.100279    0.509063  4.66256 	Dead: 0
5.15138   0.109232    0.554513  4.6103  	Dead: 0
5.01705   0.095644    0.485533  4.60512 	Dead: 0
5.06099   0.109237    0.554536  4.60512 	Dead: 0
5.05985   0.106737    0.541849  4.60512 	Dead: 0
5.0056    0.102953    0.522639  4.49216 	Dead: 0
5.03708   0.108058    0.548553  4.49216 	Dead: 0
5.05001   0.115152    0.584568  4.49216 	Dead: 0
4.99476   0.119073    0.604468  4.49216 	Dead: 0
4.99444   0.122883    0.623813  4.49216 	Dead: 0
4.98916   0.117585    0.596917  4.4772  	Dead: 0
4.965     0.119821    0.608267  4.4723  	Dead: 0
4.79595   0.0946788   0.480634  4.35941 	Dead: 0
4.74251   0.0919064   0.46656   4.26177 	Dead: 0
4.7283    0.123258    0.625715  4.26177 	Dead: 0
4.57672   0.0776577   0.394227  4.20666 	Dead: 0
4.62983   0.101463    0.515074  4.16677 	Dead: 0
4.61358   0.115295    0.585289  4.10795 	Dead: 0
4.54249   0.115248    0.585053  4.09323 	Dead: 0
4.43718   0.0814171   0.413311  4.02142 	Dead: 0
4.52806   0.106175    0.538993  4.02142 	Dead: 0
4.56175   0.117567    0.596823  3.9862  	Dead: 0
4.45764   0.108216    0.549356  3.9862  	Dead: 0
4.45446   0.0999324   0.507303  3.9862  	Dead: 0
4.52907   0.129761    0.658729  3.98244 	Dead: 0
4.43639   0.118539    0.60176   3.95608 	Dead: 0
4.39019   0.101188    0.513678  3.89708 	Dead: 0
4.42191   0.117643    0.597212  3.89708 	Dead: 0
4.37441   0.106653    0.541422  3.86    	Dead: 0
4.37897   0.117964    0.59884   3.84242 	Dead: 0
4.36703   0.130293    0.661427  3.83831 	Dead: 0
4.35247   0.120746    0.612964  3.78442 	Dead: 0
4.30465   0.117459    0.596279  3.78442 	Dead: 0
4.3083    0.133958    0.680032  3.78442 	Dead: 0
4.21892   0.0986131   0.500606  3.74522 	Dead: 0
4.29971   0.129751    0.658675  3.74522 	Dead: 0
4.27952   0.114649    0.582012  3.7023  	Dead: 0
4.24956   0.126451    0.641922  3.7023  	Dead: 0
4.24809   0.133035    0.675346  3.7023  	Dead: 0
4.27274   0.134309    0.681815  3.6445  	Dead: 0
4.40486   0.169068    0.858269  3.6445  	Dead: 0
4.1907    0.115575    0.586711  3.6445  	Dead: 0
4.19941   0.148396    0.753329  3.61807 	Dead: 0
4.08661   0.112897    0.573118  3.57791 	Dead: 0
4.23205   0.158424    0.804235  3.57791 	Dead: 0
4.0993    0.125217    0.635658  3.46297 	Dead: 0
4.02203   0.127765    0.648595  3.46297 	Dead: 0
4.06392   0.141299    0.717298  3.44352 	Dead: 0
3.85057   0.100729    0.511348  3.38607 	Dead: 0
3.92487   0.138046    0.700786  3.34997 	Dead: 0
3.87647   0.129474    0.657273  3.31019 	Dead: 0
3.8714    0.142812    0.724978  3.21894 	Dead: 0
3.76077   0.115826    0.587986  3.21894 	Dead: 0
3.81423   0.133834    0.679404  3.2131  	Dead: 0
3.78106   0.141036    0.715966  3.17242 	Dead: 0
3.74338   0.143035    0.726114  3.04975 	Dead: 0
3.67524   0.143792    0.729957  2.93933 	Dead: 0
3.50033   0.122493    0.621831  2.93933 	Dead: 0
3.51044   0.1288      0.653847  2.93933 	Dead: 0
3.48307   0.11799     0.598971  2.93933 	Dead: 0
3.54032   0.141528    0.718461  2.91396 	Dead: 0
3.44858   0.12175     0.618062  2.90517 	Dead: 0
3.44275   0.119319    0.605718  2.90517 	Dead: 0
3.47183   0.136706    0.693982  2.89156 	Dead: 0
3.47946   0.140739    0.714459  2.89156 	Dead: 0
3.41061   0.123185    0.625342  2.88287 	Dead: 0
3.37961   0.122631    0.622534  2.85346 	Dead: 0
3.47636   0.146953    0.746003  2.81591 	Dead: 0
3.58929   0.175079    0.888785  2.80664 	Dead: 0
3.37127   0.137038    0.695667  2.80664 	Dead: 0
3.4954    0.167617    0.850901  2.80664 	Dead: 0
3.29499   0.137205    0.696518  2.80429 	Dead: 0
3.32261   0.122844    0.623612  2.79216 	Dead: 0
3.37437   0.142131    0.721525  2.76173 	Dead: 0
