0   9.93599   0.0503374   0.255536  9.13868 	Dead: 0
1   8.26665   0.0318854   0.161865  7.9433  	Dead: 0
2   8.07102   0.0264852   0.134451  7.82654 	Dead: 0
3   7.97546   0.0292296   0.148383  7.73285 	Dead: 0
4   7.95741   0.0279812   0.142046  7.67111 	Dead: 0
5   7.91414   0.0272953   0.138564  7.67111 	Dead: 0
6   7.85082   0.0273073   0.138625  7.62882 	Dead: 0
7   7.85687   0.0304061   0.154355  7.61697 	Dead: 0
8   7.83737   0.0292137   0.148302  7.61697 	Dead: 0
9   7.82463   0.0303977   0.154313  7.61697 	Dead: 0
10  7.8304    0.0308127   0.15642   7.57611 	Dead: 0
11  7.81004   0.0290738   0.147592  7.57611 	Dead: 0
12  7.82583   0.0338261   0.171717  7.57611 	Dead: 0
13  7.82477   0.0313709   0.159253  7.57611 	Dead: 0
14  7.80994   0.0327011   0.166006  7.57201 	Dead: 0
15  7.84532   0.0353045   0.179222  7.57201 	Dead: 0
16  7.82069   0.0324074   0.164515  7.57201 	Dead: 0
17  7.79624   0.030334    0.15399   7.54385 	Dead: 0
18  7.82341   0.0342238   0.173736  7.54385 	Dead: 0
19  7.81291   0.0354012   0.179713  7.54214 	Dead: 0
20  7.81352   0.0332559   0.168823  7.54214 	Dead: 0
21  7.82248   0.0338385   0.17178   7.50656 	Dead: 0
22  7.81083   0.0357875   0.181674  7.50656 	Dead: 0
23  7.77431   0.035982    0.182662  7.50656 	Dead: 0
24  7.76189   0.0340042   0.172621  7.50656 	Dead: 0
25  7.77969   0.0361869   0.183702  7.50656 	Dead: 0
26  7.76263   0.0371234   0.188456  7.48843 	Dead: 0
27  7.75485   0.0350922   0.178145  7.48843 	Dead: 0
28  7.74781   0.0334308   0.169711  7.47196 	Dead: 0
29  7.74521   0.0373595   0.189654  7.40754 	Dead: 0
30  7.75654   0.0354593   0.180008  7.40754 	Dead: 0
31  7.74213   0.0376514   0.191136  7.40754 	Dead: 0
32  7.74227   0.0360967   0.183244  7.40754 	Dead: 0
33  7.75101   0.0384829   0.195357  7.40754 	Dead: 0
34  7.75196   0.0389822   0.197892  7.40754 	Dead: 0
35  7.76169   0.0377786   0.191782  7.40754 	Dead: 0
36  7.75596   0.0430062   0.218319  7.40754 	Dead: 0
37  7.73796   0.0377021   0.191393  7.40754 	Dead: 0
38  7.77281   0.0428749   0.217653  7.40754 	Dead: 0
39  7.67097   0.0424392   0.215441  7.33971 	Dead: 0
40  7.58122   0.0447715   0.227281  7.19575 	Dead: 0
41  7.56168   0.0494507   0.251035  7.18366 	Dead: 0
42  7.58743   0.0525117   0.266574  7.1539  	Dead: 0
43  7.59402   0.0548184   0.278284  7.1539  	Dead: 0
44  7.60824   0.05184     0.263164  7.1539  	Dead: 0
45  7.55675   0.0470318   0.238755  7.1539  	Dead: 0
46  7.56132   0.050392    0.255813  7.1427  	Dead: 0
47  7.54108   0.0522775   0.265385  7.1427  	Dead: 0
48  7.5488    0.0556154   0.28233   7.1427  	Dead: 0
49  7.51616   0.0495064   0.251318  7.1427  	Dead: 0
50  7.52933   0.0504623   0.25617   7.11048 	Dead: 0
51  7.51895   0.0490305   0.248902  7.11048 	Dead: 0
52  7.49785   0.0480604   0.243977  7.11048 	Dead: 0
53  7.49017   0.0489079   0.248279  7.11048 	Dead: 0
54  7.53528   0.0556851   0.282684  7.11048 	Dead: 0
55  7.50736   0.053883    0.273535  7.11048 	Dead: 0
56  7.52368   0.0557412   0.282968  7.11048 	Dead: 0
57  7.51423   0.0546054   0.277202  7.11048 	Dead: 0
58  7.52678   0.0578454   0.29365   7.11048 	Dead: 0
59  7.53137   0.0580883   0.294883  7.11048 	Dead: 0
60  7.48384   0.0486356   0.246897  7.11048 	Dead: 0
61  7.55005   0.0616266   0.312845  7.10698 	Dead: 0
62  7.47264   0.0561921   0.285257  7.10698 	Dead: 0
63  7.50314   0.0516098   0.261995  7.10698 	Dead: 0
64  7.51684   0.0582749   0.295831  7.10698 	Dead: 0
65  7.50838   0.0560074   0.28432   7.10698 	Dead: 0
66  7.50268   0.055502    0.281754  7.10698 	Dead: 0
67  7.50006   0.0551617   0.280026  7.08556 	Dead: 0
68  7.55471   0.0638228   0.323994  7.04099 	Dead: 0
69  7.48895   0.060463    0.306939  7.04099 	Dead: 0
70  7.51156   0.0562576   0.28559   7.04099 	Dead: 0
71  7.53679   0.0593764   0.301422  7.04099 	Dead: 0
72  7.5344    0.0621698   0.315603  7.04099 	Dead: 0
73  7.47933   0.0612648   0.311009  7.04099 	Dead: 0
74  7.50305   0.0626263   0.31792   7.00299 	Dead: 0
75  7.49666   0.057687    0.292846  7.00299 	Dead: 0
76  7.46289   0.0591442   0.300244  7.00299 	Dead: 0
77  7.51254   0.0598981   0.304071  7.00299 	Dead: 0
78  7.52432   0.0654815   0.332414  7.00299 	Dead: 0
79  7.5231    0.0675802   0.343069  7.00299 	Dead: 0
80  7.47695   0.0646542   0.328215  7.00299 	Dead: 0
81  7.5061    0.0636706   0.323222  7.00299 	Dead: 0
82  7.50699   0.0651001   0.330478  7.00034 	Dead: 0
83  7.47498   0.0648901   0.329413  7.00034 	Dead: 0
84  7.42986   0.0637474   0.323611  7.00034 	Dead: 0
85  7.46282   0.0652716   0.331349  7.00034 	Dead: 0
86  7.47575   0.0700686   0.355701  6.96835 	Dead: 0
87  7.4468    0.0685318   0.347899  6.96835 	Dead: 0
88  7.41347   0.0630975   0.320312  6.96835 	Dead: 0
89  7.45273   0.0682616   0.346528  6.96835 	Dead: 0
90  7.49569   0.0744131   0.377756  6.96835 	Dead: 0
91  7.43099   0.0650755   0.330353  6.96835 	Dead: 0
92  7.42389   0.069673    0.353693  6.96835 	Dead: 0
93  7.38729   0.0684134   0.347299  6.96835 	Dead: 0
94  7.40438   0.0678125   0.344248  6.96614 	Dead: 0
95  7.45537   0.0690016   0.350284  6.96614 	Dead: 0
96  7.38588   0.0683972   0.347216  6.96614 	Dead: 0
97  7.39579   0.0708257   0.359544  6.94727 	Dead: 0
98  7.41891   0.0699026   0.354858  6.90311 	Dead: 0
99  7.38968   0.0670746   0.340502  6.90311 	Dead: 0
100 7.37983   0.0658159   0.334112  6.90311 	Dead: 0
