6.10858   0.113179    0.574547  5.07465 	Dead: 0
4.58302   0.0461551   0.234305  4.04392 	Dead: 0
4.22726   0.0398542   0.202318  3.66299 	Dead: 0
4.16251   0.0433653   0.220142  3.66299 	Dead: 0
4.08299   0.0458261   0.232635  3.66299 	Dead: 0
4.04968   0.0454154   0.23055   3.66299 	Dead: 0
3.99724   0.0466771   0.236955  3.66299 	Dead: 0
3.96937   0.0451112   0.229005  3.6542  	Dead: 0
3.92244   0.0502591   0.255139  3.51319 	Dead: 0
3.8396    0.0450905   0.2289    3.45257 	Dead: 0
3.76244   0.0463056   0.235069  3.33232 	Dead: 0
3.63947   0.0421364   0.213904  3.30751 	Dead: 0
3.57304   0.0415807   0.211083  3.30751 	Dead: 0
3.55034   0.0474438   0.240847  3.26972 	Dead: 0
3.50882   0.0440425   0.22358   3.14437 	Dead: 0
3.4492    0.0402097   0.204123  3.14437 	Dead: 0
3.45478   0.0473145   0.24019   3.1214  	Dead: 0
3.40392   0.0406238   0.206225  3.02835 	Dead: 0
3.38592   0.0415106   0.210727  3.02835 	Dead: 0
3.35605   0.0393659   0.199839  3.02835 	Dead: 0
3.34932   0.0430206   0.218393  3.02835 	Dead: 0
3.32354   0.0437962   0.22233   2.96127 	Dead: 0
3.26348   0.0371229   0.188453  2.96127 	Dead: 0
3.20188   0.0359633   0.182567  2.92396 	Dead: 0
3.20003   0.0375048   0.190392  2.91463 	Dead: 0
3.18941   0.0395815   0.200934  2.91463 	Dead: 0
3.1723    0.0344183   0.174724  2.91113 	Dead: 0
3.16991   0.0414447   0.210393  2.89645 	Dead: 0
3.17078   0.0390868   0.198423  2.89444 	Dead: 0
3.12743   0.0375534   0.190639  2.85978 	Dead: 0
3.11076   0.0333259   0.169178  2.85978 	Dead: 0
3.1409    0.0409916   0.208092  2.7433  	Dead: 0
3.11194   0.0355397   0.180416  2.7433  	Dead: 0
3.13198   0.040587    0.206039  2.7433  	Dead: 0
3.14109   0.0430238   0.218409  2.7433  	Dead: 0
3.10923   0.0355245   0.180339  2.7433  	Dead: 0
3.1206    0.0366475   0.18604   2.7433  	Dead: 0
3.09565   0.0343088   0.174168  2.7433  	Dead: 0
3.10565   0.0388706   0.197325  2.7433  	Dead: 0
3.09771   0.0359445   0.182471  2.7433  	Dead: 0
3.08699   0.0345195   0.175237  2.7433  	Dead: 0
3.07767   0.0360724   0.183121  2.7433  	Dead: 0
3.07626   0.0389532   0.197745  2.7433  	Dead: 0
3.07486   0.0378722   0.192257  2.7433  	Dead: 0
3.0536    0.0326038   0.165512  2.7433  	Dead: 0
3.06623   0.0387152   0.196536  2.7433  	Dead: 0
3.04622   0.0343248   0.174249  2.7433  	Dead: 0
3.0498    0.0344016   0.174639  2.7433  	Dead: 0
3.06633   0.0363537   0.184548  2.7433  	Dead: 0
3.08196   0.0409284   0.207772  2.7433  	Dead: 0
3.0454    0.0376104   0.190928  2.7433  	Dead: 0
3.04573   0.0377817   0.191797  2.7433  	Dead: 0
3.05045   0.0342863   0.174053  2.7433  	Dead: 0
3.02629   0.0321042   0.162976  2.7433  	Dead: 0
3.04164   0.0378426   0.192107  2.7433  	Dead: 0
3.0666    0.0388128   0.197032  2.7433  	Dead: 0
3.02769   0.0346018   0.175655  2.7433  	Dead: 0
3.03332   0.0375067   0.190401  2.7433  	Dead: 0
3.02949   0.038717    0.196546  2.7433  	Dead: 0
3.0102    0.0311881   0.158325  2.7433  	Dead: 0
3.04138   0.0388084   0.197009  2.7433  	Dead: 0
3.02736   0.0416979   0.211678  2.68196 	Dead: 0
3.02943   0.0389903   0.197933  2.68196 	Dead: 0
2.99699   0.039855    0.202323  2.68196 	Dead: 0
2.98445   0.0349102   0.17722   2.68196 	Dead: 0
2.98401   0.0361561   0.183545  2.68196 	Dead: 0
2.98655   0.0354643   0.180033  2.68196 	Dead: 0
2.9836    0.0382996   0.194427  2.68196 	Dead: 0
2.99229   0.0372582   0.18914   2.68196 	Dead: 0
2.98701   0.0370907   0.18829   2.68196 	Dead: 0
2.97231   0.0393812   0.199917  2.68196 	Dead: 0
3.00028   0.0412016   0.209159  2.68196 	Dead: 0
2.97729   0.0375674   0.19071   2.68196 	Dead: 0
2.96448   0.0331045   0.168054  2.68196 	Dead: 0
2.9561    0.0332618   0.168852  2.68196 	Dead: 0
2.98209   0.0362234   0.183887  2.68196 	Dead: 0
2.96527   0.034751    0.176412  2.68196 	Dead: 0
2.98168   0.0377716   0.191746  2.68196 	Dead: 0
2.96543   0.0394464   0.200248  2.68196 	Dead: 0
2.95419   0.0343232   0.174241  2.68196 	Dead: 0
2.95961   0.0354895   0.180161  2.68196 	Dead: 0
2.95796   0.0339357   0.172273  2.68196 	Dead: 0
2.95868   0.0373644   0.189679  2.68196 	Dead: 0
2.96118   0.0376753   0.191257  2.68196 	Dead: 0
2.95064   0.0322675   0.163805  2.68196 	Dead: 0
2.94194   0.0350111   0.177733  2.68196 	Dead: 0
2.94142   0.0338859   0.172021  2.68196 	Dead: 0
2.94525   0.0346158   0.175726  2.68196 	Dead: 0
2.95978   0.0360215   0.182862  2.68196 	Dead: 0
2.93789   0.0342568   0.173903  2.68196 	Dead: 0
2.95451   0.0352264   0.178826  2.68196 	Dead: 0
2.93331   0.031964    0.162264  2.64878 	Dead: 0
2.9452    0.0342425   0.173831  2.64878 	Dead: 0
2.97059   0.0401048   0.20359   2.64878 	Dead: 0
2.95241   0.0381475   0.193655  2.64878 	Dead: 0
2.9365    0.0350412   0.177886  2.64878 	Dead: 0
2.95225   0.0357886   0.18168   2.64878 	Dead: 0
2.94812   0.03462     0.175747  2.64878 	Dead: 0
2.94598   0.038471    0.195297  2.64806 	Dead: 0
2.94455   0.037       0.187829  2.64806 	Dead: 0
2.95466   0.0358616   0.18205   2.64806 	Dead: 0
