5.93512   0.0957656   0.486151  5.00596 	Dead: 0
4.55985   0.0400475   0.2033    4.20014 	Dead: 0
4.31037   0.053023    0.269169  3.88767 	Dead: 0
4.23703   0.0525532   0.266785  3.85969 	Dead: 0
4.17423   0.0445757   0.226287  3.83863 	Dead: 0
4.19403   0.0536591   0.272398  3.82287 	Dead: 0
3.99816   0.0427869   0.217206  3.60827 	Dead: 0
3.90559   0.0421796   0.214123  3.53432 	Dead: 0
3.82562   0.0428134   0.217341  3.45025 	Dead: 0
3.8367    0.0549644   0.279025  3.45025 	Dead: 0
3.79851   0.0444054   0.225423  3.41701 	Dead: 0
3.76245   0.0466496   0.236815  3.41701 	Dead: 0
3.72723   0.0440729   0.223735  3.38663 	Dead: 0
3.75292   0.0497565   0.252587  3.32591 	Dead: 0
3.69294   0.0415399   0.210876  3.32591 	Dead: 0
3.71248   0.0471735   0.239474  3.32591 	Dead: 0
3.67448   0.0418351   0.212375  3.32591 	Dead: 0
3.66849   0.0470928   0.239065  3.32591 	Dead: 0
3.64176   0.0425064   0.215783  3.32591 	Dead: 0
3.65313   0.0457829   0.232415  3.32403 	Dead: 0
3.6489    0.0486693   0.247068  3.21656 	Dead: 0
3.62823   0.0463097   0.235089  3.21656 	Dead: 0
3.60941   0.0463289   0.235187  3.21656 	Dead: 0
3.61626   0.049557    0.251575  3.21656 	Dead: 0
3.55341   0.0448463   0.227661  3.21656 	Dead: 0
3.55843   0.0434811   0.220731  3.21656 	Dead: 0
3.5602    0.0436249   0.22146   3.21656 	Dead: 0
3.50824   0.0395793   0.200923  3.21656 	Dead: 0
3.52556   0.0439107   0.222911  3.17698 	Dead: 0
3.51338   0.0444222   0.225508  3.12092 	Dead: 0
3.53064   0.0469054   0.238114  3.12092 	Dead: 0
3.50511   0.0476764   0.242027  3.12092 	Dead: 0
3.51952   0.0507778   0.257772  3.12092 	Dead: 0
3.5265    0.0495165   0.251369  3.12092 	Dead: 0
3.51127   0.0478143   0.242728  3.12092 	Dead: 0
3.50039   0.0497742   0.252677  3.12092 	Dead: 0
3.49614   0.0469767   0.238476  3.12092 	Dead: 0
3.43338   0.04486     0.22773   3.12092 	Dead: 0
3.42791   0.0411255   0.208772  3.12092 	Dead: 0
3.41918   0.0392375   0.199188  3.12092 	Dead: 0
3.40917   0.0445916   0.226368  3.1029  	Dead: 0
3.36513   0.0409954   0.208112  3.00631 	Dead: 0
3.39562   0.0439027   0.222871  3.00631 	Dead: 0
3.38364   0.0429094   0.217828  3.00631 	Dead: 0
3.41385   0.0481053   0.244205  2.9969  	Dead: 0
3.37446   0.0481635   0.2445    2.9969  	Dead: 0
3.37253   0.0447207   0.227023  2.9969  	Dead: 0
3.35727   0.0441752   0.224254  2.9969  	Dead: 0
3.35308   0.0445658   0.226237  2.9969  	Dead: 0
3.35286   0.0466849   0.236994  2.91997 	Dead: 0
3.34776   0.0461836   0.234449  2.91997 	Dead: 0
3.29283   0.0367465   0.186543  2.91997 	Dead: 0
3.28643   0.0406609   0.206414  2.91997 	Dead: 0
3.32131   0.0492243   0.249885  2.91997 	Dead: 0
3.26497   0.0372758   0.189229  2.91997 	Dead: 0
3.30948   0.048364    0.245518  2.91997 	Dead: 0
3.30941   0.0418812   0.212608  2.91997 	Dead: 0
3.29702   0.0459312   0.233168  2.91997 	Dead: 0
3.27289   0.0446517   0.226673  2.91368 	Dead: 0
3.27361   0.0433581   0.220106  2.91368 	Dead: 0
3.31696   0.0486577   0.247009  2.91368 	Dead: 0
3.28949   0.0471604   0.239408  2.91368 	Dead: 0
3.25038   0.0399157   0.202631  2.91368 	Dead: 0
3.26439   0.0413931   0.210131  2.91368 	Dead: 0
3.26606   0.0456425   0.231702  2.86301 	Dead: 0
3.22839   0.0387956   0.196944  2.86301 	Dead: 0
3.22137   0.0395711   0.200881  2.86301 	Dead: 0
3.23763   0.0431744   0.219173  2.86301 	Dead: 0
3.22617   0.0452938   0.229932  2.86301 	Dead: 0
3.24877   0.0468724   0.237946  2.86301 	Dead: 0
3.19882   0.0386947   0.196432  2.86301 	Dead: 0
3.24986   0.0448379   0.227618  2.86301 	Dead: 0
3.19422   0.0377776   0.191777  2.86301 	Dead: 0
3.20303   0.0416183   0.211274  2.86301 	Dead: 0
3.20496   0.0428478   0.217516  2.86301 	Dead: 0
3.18898   0.0403924   0.205051  2.86301 	Dead: 0
3.20308   0.0427912   0.217228  2.85737 	Dead: 0
3.22055   0.0480142   0.243742  2.85737 	Dead: 0
3.19438   0.0409571   0.207918  2.85737 	Dead: 0
3.20588   0.0432507   0.219561  2.85737 	Dead: 0
3.19983   0.0469737   0.23846   2.85487 	Dead: 0
3.19861   0.0433901   0.220268  2.85487 	Dead: 0
3.1971    0.0412094   0.209198  2.85487 	Dead: 0
3.17759   0.0416896   0.211636  2.85487 	Dead: 0
3.17403   0.0411834   0.209066  2.82862 	Dead: 0
3.18758   0.0429823   0.218198  2.82862 	Dead: 0
3.16874   0.0451814   0.229362  2.82862 	Dead: 0
3.1745    0.0422813   0.21464   2.82862 	Dead: 0
3.1439    0.0384301   0.195089  2.82862 	Dead: 0
3.17482   0.0423457   0.214967  2.82862 	Dead: 0
3.15463   0.0387851   0.196891  2.82862 	Dead: 0
3.13909   0.0378326   0.192056  2.82862 	Dead: 0
3.15348   0.0420528   0.21348   2.82862 	Dead: 0
3.18975   0.0448009   0.22743   2.82862 	Dead: 0
3.18001   0.0426422   0.216472  2.82862 	Dead: 0
3.172     0.0402282   0.204217  2.82862 	Dead: 0
3.15606   0.0421142   0.213791  2.82862 	Dead: 0
3.16977   0.0442066   0.224414  2.82862 	Dead: 0
3.16877   0.0445912   0.226366  2.82862 	Dead: 0
3.14601   0.0366529   0.186067  2.82862 	Dead: 0
3.14953   0.0389534   0.197745  2.82862 	Dead: 0
