7.63972   0.0546138   0.277245  6.98457 	Dead: 0
6.79923   0.0428323   0.217437  6.39351 	Dead: 0
6.60121   0.0375536   0.19064   6.32212 	Dead: 0
6.55365   0.0425996   0.216255  6.21615 	Dead: 0
6.48417   0.0389352   0.197653  6.13698 	Dead: 0
6.45555   0.0396655   0.201361  6.1029  	Dead: 0
6.447     0.0430083   0.21833   6.09326 	Dead: 0
6.41358   0.0412078   0.20919   5.98294 	Dead: 0
6.39236   0.0426331   0.216425  5.98294 	Dead: 0
6.32837   0.0414211   0.210273  5.88067 	Dead: 0
6.30658   0.043461    0.220628  5.88067 	Dead: 0
6.29013   0.0406162   0.206187  5.88067 	Dead: 0
6.28064   0.0403594   0.204883  5.88067 	Dead: 0
6.27383   0.0475827   0.241552  5.88067 	Dead: 0
6.23578   0.0433957   0.220297  5.88067 	Dead: 0
6.24511   0.0425558   0.216033  5.88067 	Dead: 0
6.26617   0.0432486   0.21955   5.88067 	Dead: 0
6.25848   0.0456348   0.231664  5.88067 	Dead: 0
6.26581   0.0461227   0.23414   5.88067 	Dead: 0
6.23908   0.0428082   0.217314  5.88067 	Dead: 0
6.23403   0.0438791   0.222751  5.86331 	Dead: 0
6.20831   0.0412115   0.209209  5.86331 	Dead: 0
6.22979   0.0445039   0.225923  5.78931 	Dead: 0
6.19863   0.0413727   0.210027  5.78931 	Dead: 0
6.21067   0.0445932   0.226376  5.78931 	Dead: 0
6.20737   0.0448628   0.227745  5.7844  	Dead: 0
6.20053   0.0441468   0.22411   5.7844  	Dead: 0
6.20148   0.0425012   0.215756  5.7844  	Dead: 0
6.16064   0.0400879   0.203505  5.78147 	Dead: 0
6.16628   0.0449439   0.228156  5.75909 	Dead: 0
6.16821   0.045718    0.232086  5.75909 	Dead: 0
6.17764   0.0479728   0.243533  5.75909 	Dead: 0
6.15535   0.0466328   0.23673   5.75909 	Dead: 0
6.13769   0.0431974   0.21929   5.75909 	Dead: 0
6.12687   0.0414282   0.210309  5.75909 	Dead: 0
6.13111   0.0472859   0.240045  5.75909 	Dead: 0
6.16668   0.0495266   0.25142   5.62789 	Dead: 0
6.14279   0.0482004   0.244687  5.62789 	Dead: 0
6.15654   0.0507361   0.25756   5.62789 	Dead: 0
6.12313   0.0430445   0.218514  5.62789 	Dead: 0
6.1583    0.0501973   0.254825  5.62789 	Dead: 0
6.1387    0.049081    0.249158  5.62789 	Dead: 0
6.11705   0.0426913   0.216721  5.62789 	Dead: 0
6.1408    0.0458176   0.232591  5.62789 	Dead: 0
6.12255   0.0483095   0.245242  5.54173 	Dead: 0
6.12081   0.0524061   0.266038  5.54173 	Dead: 0
6.11914   0.0495909   0.251746  5.54173 	Dead: 0
6.09959   0.0495635   0.251607  5.54173 	Dead: 0
6.1317    0.0520025   0.263989  5.54173 	Dead: 0
6.09585   0.0491773   0.249647  5.54173 	Dead: 0
6.08022   0.0465223   0.236169  5.54173 	Dead: 0
6.07168   0.0498036   0.252826  5.54173 	Dead: 0
6.07669   0.0494093   0.250825  5.54173 	Dead: 0
6.10631   0.0532247   0.270194  5.54173 	Dead: 0
6.06083   0.0486667   0.247055  5.54173 	Dead: 0
6.08713   0.0483992   0.245697  5.54173 	Dead: 0
6.06357   0.0512338   0.260086  5.54173 	Dead: 0
6.02215   0.0435791   0.221228  5.54173 	Dead: 0
6.05367   0.0498945   0.253288  5.54173 	Dead: 0
6.06916   0.0507872   0.25782   5.54173 	Dead: 0
6.06128   0.0512183   0.260008  5.54173 	Dead: 0
6.06249   0.0483594   0.245495  5.54173 	Dead: 0
6.02397   0.048612    0.246777  5.54173 	Dead: 0
6.03839   0.0501263   0.254464  5.54173 	Dead: 0
6.02584   0.0480471   0.24391   5.54173 	Dead: 0
6.02511   0.0517895   0.262908  5.54173 	Dead: 0
6.02022   0.0482616   0.244999  5.54173 	Dead: 0
6.01171   0.0484818   0.246116  5.54173 	Dead: 0
6.01929   0.0478559   0.242939  5.54173 	Dead: 0
6.03205   0.0487223   0.247337  5.54173 	Dead: 0
6.00905   0.0471588   0.2394    5.54173 	Dead: 0
6.0043    0.0513861   0.26086   5.54173 	Dead: 0
5.9922    0.0488687   0.24808   5.54173 	Dead: 0
6.00911   0.0468556   0.237861  5.54173 	Dead: 0
5.98778   0.0472873   0.240052  5.54173 	Dead: 0
6.01086   0.0499325   0.253481  5.54173 	Dead: 0
6.01164   0.0498819   0.253224  5.54173 	Dead: 0
6.00754   0.0471912   0.239565  5.54173 	Dead: 0
6.03182   0.0520932   0.264449  5.54173 	Dead: 0
6.00816   0.0531246   0.269685  5.54173 	Dead: 0
5.98946   0.0476015   0.241648  5.54173 	Dead: 0
6.01025   0.0535509   0.271849  5.48824 	Dead: 0
5.9755    0.0457269   0.232131  5.48824 	Dead: 0
6.00209   0.0556401   0.282455  5.48824 	Dead: 0
6.00347   0.0514699   0.261285  5.48824 	Dead: 0
5.99987   0.0501417   0.254542  5.48824 	Dead: 0
5.99265   0.0498362   0.252992  5.48824 	Dead: 0
5.99088   0.0511442   0.259632  5.48824 	Dead: 0
6.02731   0.0523019   0.265509  5.48824 	Dead: 0
5.98125   0.0505574   0.256653  5.48824 	Dead: 0
6.00068   0.0526784   0.26742   5.48824 	Dead: 0
5.99457   0.05585     0.28352   5.48824 	Dead: 0
5.99268   0.0553763   0.281116  5.48824 	Dead: 0
6.01787   0.0556462   0.282486  5.48824 	Dead: 0
6.00111   0.0562975   0.285792  5.48824 	Dead: 0
5.98729   0.0550563   0.279491  5.48824 	Dead: 0
5.99825   0.0559409   0.283982  5.48824 	Dead: 0
6.01011   0.0559864   0.284213  5.48824 	Dead: 0
5.99618   0.0536921   0.272566  5.48824 	Dead: 0
6.00545   0.0569319   0.289013  5.48824 	Dead: 0
5.98361   0.0538217   0.273224  5.48824 	Dead: 0
