7.23987   0.0531347   0.269737  6.65324 	Dead: 0
6.62593   0.0410835   0.208559  6.25633 	Dead: 0
6.46958   0.0385417   0.195656  6.1672  	Dead: 0
6.45785   0.0494089   0.250823  5.9608  	Dead: 0
6.39368   0.0424641   0.215567  5.9608  	Dead: 0
6.36258   0.0467943   0.23755   5.9608  	Dead: 0
6.34649   0.0458323   0.232666  5.93011 	Dead: 0
6.32547   0.0464796   0.235952  5.93011 	Dead: 0
6.29109   0.0464423   0.235763  5.87774 	Dead: 0
6.26993   0.049188    0.249701  5.87392 	Dead: 0
6.24159   0.0499983   0.253815  5.81077 	Dead: 0
6.2542    0.0465047   0.236079  5.81077 	Dead: 0
6.21508   0.0457841   0.232422  5.81077 	Dead: 0
6.20778   0.0390118   0.198042  5.81077 	Dead: 0
6.20116   0.04584     0.232705  5.81077 	Dead: 0
6.21307   0.0481193   0.244276  5.81077 	Dead: 0
6.20293   0.0511399   0.25961   5.81077 	Dead: 0
6.19607   0.0511535   0.259679  5.81077 	Dead: 0
6.20988   0.0507871   0.257819  5.81077 	Dead: 0
6.17503   0.0491457   0.249486  5.81077 	Dead: 0
6.15613   0.0494523   0.251043  5.81077 	Dead: 0
6.15403   0.0512715   0.260278  5.81077 	Dead: 0
6.17521   0.0544294   0.276309  5.81077 	Dead: 0
6.16799   0.044013    0.22343   5.81077 	Dead: 0
6.1681    0.0430808   0.218698  5.81077 	Dead: 0
6.16329   0.0454337   0.230643  5.81077 	Dead: 0
6.16829   0.048382    0.245609  5.81077 	Dead: 0
6.1345    0.0446644   0.226737  5.79347 	Dead: 0
6.16356   0.0542426   0.275361  5.7799  	Dead: 0
6.1444    0.0493971   0.250763  5.7799  	Dead: 0
6.16265   0.0485366   0.246394  5.7799  	Dead: 0
6.12568   0.0447352   0.227097  5.7799  	Dead: 0
6.15285   0.0527832   0.267952  5.75137 	Dead: 0
6.14583   0.0502182   0.254931  5.75137 	Dead: 0
6.1755    0.0524549   0.266286  5.75137 	Dead: 0
6.15993   0.0488534   0.248003  5.65889 	Dead: 0
6.13425   0.0511169   0.259493  5.65889 	Dead: 0
6.12671   0.0498946   0.253288  5.65889 	Dead: 0
6.16378   0.0591002   0.30002   5.65889 	Dead: 0
6.11414   0.0450223   0.228554  5.65889 	Dead: 0
6.12677   0.0484318   0.245863  5.65889 	Dead: 0
6.18379   0.055397    0.281221  5.65889 	Dead: 0
6.15318   0.0547789   0.278083  5.65889 	Dead: 0
6.12254   0.0521337   0.264655  5.65889 	Dead: 0
6.15129   0.0516809   0.262356  5.65889 	Dead: 0
6.14068   0.0489478   0.248482  5.65889 	Dead: 0
6.13362   0.0471745   0.23948   5.65889 	Dead: 0
6.12064   0.0543043   0.275674  5.65889 	Dead: 0
6.13169   0.0551168   0.279799  5.65889 	Dead: 0
6.10409   0.0490713   0.249109  5.65889 	Dead: 0
6.11128   0.0493836   0.250694  5.65889 	Dead: 0
6.08598   0.0506277   0.25701   5.64516 	Dead: 0
6.08648   0.0482689   0.245036  5.64516 	Dead: 0
6.11214   0.0524622   0.266323  5.64516 	Dead: 0
6.109     0.0497948   0.252782  5.64516 	Dead: 0
6.07133   0.0486615   0.247029  5.64516 	Dead: 0
6.08724   0.0477193   0.242245  5.64516 	Dead: 0
6.12073   0.0590287   0.299657  5.64516 	Dead: 0
6.11148   0.0483558   0.245477  5.64516 	Dead: 0
6.08482   0.045231    0.229613  5.64516 	Dead: 0
6.0469    0.0451637   0.229272  5.64516 	Dead: 0
6.07258   0.0485031   0.246224  5.64516 	Dead: 0
6.04415   0.0484194   0.2458    5.64516 	Dead: 0
6.06643   0.0521668   0.264823  5.64516 	Dead: 0
6.00864   0.042476    0.215628  5.64516 	Dead: 0
6.04838   0.0469077   0.238126  5.64516 	Dead: 0
6.04638   0.0453199   0.230065  5.64516 	Dead: 0
6.02633   0.0507883   0.257825  5.64516 	Dead: 0
6.02863   0.0488914   0.248196  5.64516 	Dead: 0
6.01015   0.0477928   0.242618  5.60762 	Dead: 0
6.08478   0.0579775   0.294321  5.60762 	Dead: 0
6.05154   0.0500643   0.25415   5.60762 	Dead: 0
6.06626   0.0527597   0.267833  5.60762 	Dead: 0
5.99839   0.0446935   0.226885  5.60762 	Dead: 0
6.01712   0.0517148   0.262528  5.60762 	Dead: 0
6.03199   0.0527317   0.267691  5.60762 	Dead: 0
5.97243   0.0437402   0.222046  5.60762 	Dead: 0
6.02894   0.0523109   0.265555  5.60762 	Dead: 0
6.01037   0.0510989   0.259402  5.59217 	Dead: 0
6.01857   0.0494493   0.251028  5.59217 	Dead: 0
6.02211   0.055321    0.280835  5.59217 	Dead: 0
5.99605   0.0509148   0.258467  5.59217 	Dead: 0
5.99538   0.0548519   0.278454  5.59217 	Dead: 0
6.02824   0.0613183   0.31128   5.59217 	Dead: 0
5.97765   0.0484312   0.245859  5.59217 	Dead: 0
5.99508   0.0523271   0.265637  5.59217 	Dead: 0
5.98231   0.0511792   0.25981   5.59217 	Dead: 0
5.99988   0.0511943   0.259886  5.59217 	Dead: 0
5.98368   0.0510501   0.259154  5.55684 	Dead: 0
5.97409   0.0526935   0.267497  5.55684 	Dead: 0
5.93581   0.0483906   0.245653  5.55684 	Dead: 0
5.95553   0.0547045   0.277706  5.55684 	Dead: 0
5.97255   0.0490332   0.248915  5.55684 	Dead: 0
5.99126   0.0541376   0.274828  5.55684 	Dead: 0
5.97565   0.0502991   0.255342  5.55684 	Dead: 0
5.98606   0.0562591   0.285597  5.54951 	Dead: 0
5.95083   0.0510209   0.259006  5.54833 	Dead: 0
5.97074   0.051638    0.262139  5.54833 	Dead: 0
5.97998   0.0585976   0.297469  5.50099 	Dead: 0
5.97109   0.0565673   0.287162  5.50099 	Dead: 0
5.96387   0.0576723   0.292772  5.50099 	Dead: 0
