13.9496   0.09023     0.45805   13.0918 	Dead: 0
12.1107   0.0406262   0.206237  11.7074 	Dead: 0
11.6495   0.0411781   0.209039  11.3149 	Dead: 0
11.5358   0.0447347   0.227094  11.1775 	Dead: 0
11.535    0.0579177   0.294017  11.0983 	Dead: 0
11.479    0.0559074   0.283812  10.9883 	Dead: 0
11.3851   0.0567357   0.288017  10.8757 	Dead: 0
11.2543   0.048869    0.248082  10.8757 	Dead: 0
11.1919   0.0608025   0.308662  10.571  	Dead: 0
11.0028   0.0658062   0.334063  10.2833 	Dead: 0
10.9108   0.0681661   0.346043  10.2011 	Dead: 0
10.8541   0.0745059   0.378227  10.2011 	Dead: 0
10.8628   0.083354    0.423144  10.0615 	Dead: 0
10.5682   0.100105    0.508178  9.92215 	Dead: 0
10.4363   0.0948833   0.481672  9.88166 	Dead: 0
10.3142   0.0943286   0.478856  9.82853 	Dead: 0
10.2575   0.0949287   0.481903  9.73457 	Dead: 0
10.3743   0.11799     0.598974  9.73457 	Dead: 0
10.3411   0.108292    0.549741  9.66095 	Dead: 0
10.2588   0.101506    0.51529   9.66095 	Dead: 0
10.2721   0.0986887   0.50099   9.52781 	Dead: 0
10.261    0.106117    0.538697  9.52781 	Dead: 0
10.1727   0.0996729   0.505986  9.52781 	Dead: 0
10.2249   0.105935    0.537778  9.52781 	Dead: 0
10.2017   0.101622    0.515883  9.52781 	Dead: 0
10.2178   0.103939    0.527642  9.52781 	Dead: 0
10.2364   0.103624    0.526046  9.52781 	Dead: 0
10.1198   0.0998666   0.506969  9.52781 	Dead: 0
10.2596   0.109604    0.556403  9.52781 	Dead: 0
10.2093   0.104027    0.528092  9.52781 	Dead: 0
10.2288   0.110991    0.563444  9.52781 	Dead: 0
10.199    0.114359    0.580542  9.49804 	Dead: 0
10.1132   0.0920022   0.467046  9.49804 	Dead: 0
10.2432   0.116454    0.591173  9.49804 	Dead: 0
10.1874   0.104295    0.52945   9.49804 	Dead: 0
10.294    0.121212    0.615329  9.49804 	Dead: 0
10.1551   0.0986118   0.5006    9.49804 	Dead: 0
10.1484   0.107398    0.545205  9.49804 	Dead: 0
10.1807   0.110003    0.558428  9.41524 	Dead: 0
10.1797   0.114255    0.580012  9.41524 	Dead: 0
10.1768   0.109352    0.55512   9.41524 	Dead: 0
10.1173   0.115826    0.587985  9.30224 	Dead: 0
10.1741   0.113612    0.576745  9.30224 	Dead: 0
10.2041   0.127447    0.646982  9.30224 	Dead: 0
10.1152   0.113498    0.57617   9.30224 	Dead: 0
10.1003   0.112997    0.573625  9.30224 	Dead: 0
10.0318   0.111951    0.568314  9.30224 	Dead: 0
10.1157   0.114197    0.579719  9.30224 	Dead: 0
10.0858   0.112231    0.569738  9.30224 	Dead: 0
10.0993   0.111965    0.568387  9.30224 	Dead: 0
10.0495   0.111048    0.563733  9.23052 	Dead: 0
10.0423   0.101953    0.517558  9.23052 	Dead: 0
10.0972   0.119312    0.605683  9.23052 	Dead: 0
10.095    0.11499     0.583743  9.23052 	Dead: 0
10.0747   0.117727    0.597639  9.23052 	Dead: 0
10.0316   0.105931    0.537754  9.23052 	Dead: 0
10.0677   0.117708    0.597539  9.23052 	Dead: 0
10.0012   0.105935    0.537775  9.23052 	Dead: 0
10.1208   0.119024    0.604222  9.23052 	Dead: 0
10.0559   0.116252    0.590149  9.23052 	Dead: 0
9.97325   0.116352    0.590657  9.23052 	Dead: 0
9.94134   0.10659     0.541099  9.23052 	Dead: 0
10.0883   0.119765    0.607981  9.23052 	Dead: 0
10.0019   0.110514    0.561022  9.23052 	Dead: 0
10.0035   0.11291     0.573182  9.23052 	Dead: 0
9.96003   0.107478    0.545609  9.23052 	Dead: 0
9.96972   0.111733    0.567208  9.23052 	Dead: 0
10.1096   0.129356    0.656671  9.23052 	Dead: 0
9.95638   0.108616    0.551386  9.23052 	Dead: 0
9.90615   0.0985807   0.500442  9.23052 	Dead: 0
9.95036   0.116673    0.592288  9.23052 	Dead: 0
9.91796   0.104254    0.52924   9.23052 	Dead: 0
9.97764   0.118846    0.603316  9.23052 	Dead: 0
9.92398   0.10717     0.544046  9.23052 	Dead: 0
9.93201   0.10672     0.541763  9.19232 	Dead: 0
9.99707   0.115883    0.588275  9.19232 	Dead: 0
9.91855   0.108476    0.550675  9.19232 	Dead: 0
9.91561   0.117828    0.598148  9.19232 	Dead: 0
9.87242   0.105767    0.536925  9.19232 	Dead: 0
9.99026   0.119514    0.606708  9.19232 	Dead: 0
9.99071   0.114277    0.580123  9.19232 	Dead: 0
10.0168   0.127594    0.647726  9.19232 	Dead: 0
9.91091   0.109117    0.553931  9.19232 	Dead: 0
9.97669   0.123205    0.625445  9.19232 	Dead: 0
9.92018   0.113017    0.573729  9.19232 	Dead: 0
9.85146   0.103014    0.522947  9.19232 	Dead: 0
9.90641   0.119639    0.607341  8.98698 	Dead: 0
9.94009   0.118269    0.60039   8.98698 	Dead: 0
9.87298   0.110238    0.559621  8.98698 	Dead: 0
9.86721   0.118128    0.599672  8.98698 	Dead: 0
9.96321   0.131018    0.665109  8.98698 	Dead: 0
9.83822   0.107781    0.547145  8.98698 	Dead: 0
9.84679   0.107035    0.543359  8.98698 	Dead: 0
9.98764   0.130178    0.660843  8.98698 	Dead: 0
9.88971   0.108981    0.553237  8.98698 	Dead: 0
9.94006   0.121228    0.615411  8.98698 	Dead: 0
9.85887   0.113346    0.575397  8.98698 	Dead: 0
9.93302   0.119657    0.607435  8.98698 	Dead: 0
9.90098   0.114346    0.580475  8.98698 	Dead: 0
9.8489    0.115633    0.587007  8.98698 	Dead: 0
9.92284   0.114362    0.580557  8.98698 	Dead: 0
