5.18914   0.126444    0.64189   3.40211 	Dead: 0
3.83499   0.109907    0.557941  3.16768 	Dead: 0
3.28774   0.068865    0.349591  2.912   	Dead: 0
2.95783   0.0414962   0.210654  2.5684  	Dead: 0
2.83274   0.0448797   0.22783   2.49673 	Dead: 0
2.73466   0.0360255   0.182882  2.40017 	Dead: 0
2.6935    0.0466828   0.236984  2.37588 	Dead: 0
2.64361   0.0394571   0.200303  2.343   	Dead: 0
2.62543   0.0487707   0.247583  2.343   	Dead: 0
2.60106   0.0418556   0.212478  2.26885 	Dead: 0
2.59186   0.0483466   0.24543   2.25525 	Dead: 0
2.59011   0.0466692   0.236915  2.24893 	Dead: 0
2.53926   0.0442044   0.224402  2.21044 	Dead: 0
2.56553   0.0523545   0.265776  2.21044 	Dead: 0
2.52358   0.0407807   0.207022  2.194   	Dead: 0
2.52833   0.0485692   0.24656   2.194   	Dead: 0
2.51781   0.0489624   0.248556  2.194   	Dead: 0
2.53703   0.0507624   0.257693  2.194   	Dead: 0
2.5469    0.0524212   0.266114  2.194   	Dead: 0
2.49077   0.0436648   0.221663  2.194   	Dead: 0
2.51223   0.0479916   0.243628  2.194   	Dead: 0
2.52038   0.0492167   0.249847  2.194   	Dead: 0
2.51774   0.051781    0.262865  2.18175 	Dead: 0
2.50608   0.0531517   0.269823  2.06286 	Dead: 0
2.50565   0.0483797   0.245598  2.06286 	Dead: 0
2.44539   0.0429711   0.218141  2.06286 	Dead: 0
2.44129   0.0392744   0.199375  2.06286 	Dead: 0
2.49027   0.0484326   0.245867  2.06286 	Dead: 0
2.44952   0.0452678   0.2298    2.06286 	Dead: 0
2.44225   0.0477978   0.242644  2.06286 	Dead: 0
2.43698   0.0431926   0.219266  2.06286 	Dead: 0
2.48388   0.0564224   0.286426  2.06286 	Dead: 0
2.45458   0.04785     0.242909  2.06286 	Dead: 0
2.44461   0.0447547   0.227196  2.06286 	Dead: 0
2.41863   0.0417304   0.211843  2.06286 	Dead: 0
2.42311   0.0480794   0.244073  2.06286 	Dead: 0
2.41178   0.0447603   0.227224  2.06286 	Dead: 0
2.40844   0.0459902   0.233468  2.06286 	Dead: 0
2.43116   0.0593415   0.301245  2.05896 	Dead: 0
2.40458   0.0450105   0.228494  2.05896 	Dead: 0
2.38004   0.0453915   0.230428  2.05896 	Dead: 0
2.36748   0.0468699   0.237933  2.05896 	Dead: 0
2.35116   0.0513765   0.260811  2.05896 	Dead: 0
2.35532   0.0464437   0.23577   2.05896 	Dead: 0
2.32631   0.0414867   0.210606  2.05896 	Dead: 0
2.31797   0.0412572   0.209441  2.05292 	Dead: 0
2.32874   0.0472103   0.239661  2.05292 	Dead: 0
2.28891   0.0367871   0.186748  1.99217 	Dead: 0
2.3232    0.0443015   0.224895  1.99217 	Dead: 0
2.32657   0.0423135   0.214803  1.97939 	Dead: 0
2.34479   0.0485826   0.246628  1.97939 	Dead: 0
2.34045   0.0477704   0.242505  1.97939 	Dead: 0
2.32188   0.0410744   0.208513  1.97939 	Dead: 0
2.33802   0.0494786   0.251177  1.97939 	Dead: 0
2.31748   0.0448625   0.227743  1.97939 	Dead: 0
2.32433   0.0535619   0.271905  1.97939 	Dead: 0
2.31849   0.0442135   0.224448  1.97939 	Dead: 0
2.29676   0.044661    0.22672   1.97939 	Dead: 0
2.28672   0.0411453   0.208873  1.97939 	Dead: 0
2.28247   0.0413768   0.210048  1.97939 	Dead: 0
2.28563   0.0468902   0.238036  1.97939 	Dead: 0
2.30124   0.0492569   0.250051  1.93611 	Dead: 0
2.28633   0.050862    0.258199  1.93611 	Dead: 0
2.28022   0.0517924   0.262922  1.93611 	Dead: 0
2.28891   0.0486692   0.247067  1.93611 	Dead: 0
2.23964   0.0353749   0.179579  1.93611 	Dead: 0
2.28726   0.048052    0.243935  1.93611 	Dead: 0
2.23532   0.0409983   0.208126  1.93611 	Dead: 0
2.25143   0.0452977   0.229952  1.93611 	Dead: 0
2.2836    0.0537557   0.272889  1.93611 	Dead: 0
2.23906   0.0386216   0.196061  1.93611 	Dead: 0
2.21877   0.0419019   0.212714  1.93611 	Dead: 0
2.23881   0.0422251   0.214354  1.93611 	Dead: 0
2.23541   0.0436537   0.221607  1.93611 	Dead: 0
2.23436   0.0443317   0.225048  1.93611 	Dead: 0
2.23273   0.0427063   0.216797  1.93611 	Dead: 0
2.24717   0.0482511   0.244945  1.93611 	Dead: 0
2.21876   0.0391438   0.198712  1.93611 	Dead: 0
2.24367   0.0436655   0.221666  1.93611 	Dead: 0
2.20975   0.0379435   0.192619  1.92585 	Dead: 0
2.22285   0.0399268   0.202687  1.92585 	Dead: 0
2.20349   0.0391048   0.198514  1.92585 	Dead: 0
2.21007   0.0440094   0.223412  1.92585 	Dead: 0
2.21935   0.0479055   0.243191  1.92585 	Dead: 0
2.20009   0.0499525   0.253582  1.92585 	Dead: 0
2.18342   0.0471349   0.239279  1.92585 	Dead: 0
2.20287   0.0413994   0.210163  1.92585 	Dead: 0
2.21182   0.0444297   0.225546  1.92585 	Dead: 0
2.20709   0.0448439   0.227649  1.92585 	Dead: 0
2.20871   0.0458829   0.232923  1.92585 	Dead: 0
2.21426   0.0569366   0.289037  1.7998  	Dead: 0
2.17955   0.0405678   0.205941  1.7998  	Dead: 0
2.2114    0.0496534   0.252064  1.7998  	Dead: 0
2.17789   0.0399942   0.203029  1.7998  	Dead: 0
2.16932   0.04616     0.23433   1.7998  	Dead: 0
2.16205   0.033056    0.167808  1.7998  	Dead: 0
2.19896   0.0483347   0.245369  1.7998  	Dead: 0
2.16709   0.0471178   0.239192  1.7998  	Dead: 0
2.14878   0.037306    0.189383  1.7998  	Dead: 0
2.17424   0.0447026   0.226931  1.7998  	Dead: 0
2.15408   0.0416517   0.211444  1.7998  	Dead: 0
