14.8571   0.0668779   0.339504  14.1176 	Dead: 0
13.9503   0.0418053   0.212223  13.4702 	Dead: 0
13.8299   0.0402146   0.204148  13.4702 	Dead: 0
13.8034   0.041462    0.21048   13.4536 	Dead: 0
13.7508   0.0408826   0.207539  13.3835 	Dead: 0
13.7254   0.045484    0.230898  13.3835 	Dead: 0
13.7248   0.0529385   0.26874   13.3274 	Dead: 0
13.6725   0.0414457   0.210398  13.3274 	Dead: 0
13.669    0.0446749   0.22679   13.3274 	Dead: 0
13.6117   0.0421893   0.214172  13.3209 	Dead: 0
13.5709   0.0404564   0.205375  13.2999 	Dead: 0
13.5135   0.0347307   0.176309  13.1363 	Dead: 0
13.4538   0.0355739   0.18059   13.1324 	Dead: 0
13.4496   0.0368964   0.187303  13.1186 	Dead: 0
13.4439   0.0398247   0.202169  13.1186 	Dead: 0
13.4237   0.0359514   0.182506  13.1186 	Dead: 0
13.4199   0.0371177   0.188427  13.1186 	Dead: 0
13.4179   0.0398766   0.202432  13.1186 	Dead: 0
13.4141   0.0372247   0.18897   13.1186 	Dead: 0
13.4231   0.0422135   0.214296  13.1186 	Dead: 0
13.4154   0.0367661   0.186642  13.1186 	Dead: 0
13.4203   0.0388355   0.197147  13.1186 	Dead: 0
13.4244   0.0441179   0.223963  13.1186 	Dead: 0
13.417    0.038768    0.196805  13.1186 	Dead: 0
13.4273   0.0404447   0.205316  13.1186 	Dead: 0
13.354    0.0354628   0.180026  13.096  	Dead: 0
13.3593   0.0357274   0.181369  13.096  	Dead: 0
13.3867   0.0406005   0.206107  13.073  	Dead: 0
13.3616   0.0447433   0.227138  13.049  	Dead: 0
13.3502   0.0366749   0.186179  13.0465 	Dead: 0
13.3371   0.0381505   0.19367   13.0465 	Dead: 0
13.3285   0.0436319   0.221496  12.9923 	Dead: 0
13.3218   0.041258    0.209445  12.9923 	Dead: 0
13.3145   0.0408853   0.207553  12.9923 	Dead: 0
13.3286   0.0415631   0.210994  12.9923 	Dead: 0
13.2972   0.0402143   0.204146  12.9923 	Dead: 0
13.3024   0.0432535   0.219575  12.9923 	Dead: 0
13.2977   0.0425429   0.215968  12.9894 	Dead: 0
13.2647   0.0396515   0.20129   12.9057 	Dead: 0
13.2837   0.0437343   0.222016  12.9057 	Dead: 0
13.259    0.0406642   0.20643   12.9057 	Dead: 0
13.2427   0.0391804   0.198898  12.9057 	Dead: 0
13.2396   0.0398614   0.202355  12.8334 	Dead: 0
13.2771   0.0440764   0.223752  12.8334 	Dead: 0
13.2394   0.0409425   0.207843  12.8334 	Dead: 0
13.1894   0.0428378   0.217465  12.8334 	Dead: 0
13.1587   0.038491    0.195398  12.8334 	Dead: 0
13.1336   0.0375386   0.190564  12.8334 	Dead: 0
13.1263   0.0383421   0.194643  12.8035 	Dead: 0
13.1073   0.0402048   0.204098  12.8035 	Dead: 0
13.0956   0.0345929   0.17561   12.8035 	Dead: 0
13.1147   0.0395822   0.200937  12.8035 	Dead: 0
13.0969   0.0383838   0.194854  12.8035 	Dead: 0
13.0988   0.0418279   0.212338  12.7642 	Dead: 0
13.112    0.0419205   0.212808  12.7642 	Dead: 0
13.075    0.0389697   0.197828  12.7642 	Dead: 0
13.1124   0.0433609   0.22012   12.7642 	Dead: 0
13.0731   0.0348839   0.177087  12.7577 	Dead: 0
13.0631   0.0390993   0.198486  12.7577 	Dead: 0
13.0737   0.0414454   0.210396  12.7275 	Dead: 0
13.0838   0.0407408   0.206819  12.7275 	Dead: 0
13.0828   0.042669    0.216608  12.7275 	Dead: 0
13.0848   0.0447525   0.227184  12.7275 	Dead: 0
13.1094   0.0450487   0.228688  12.6958 	Dead: 0
13.0883   0.0425454   0.21598   12.6958 	Dead: 0
13.0685   0.0404537   0.205362  12.6958 	Dead: 0
13.0711   0.0439658   0.223191  12.6505 	Dead: 0
13.0705   0.0407189   0.206708  12.6505 	Dead: 0
13.0464   0.0412789   0.209551  12.6505 	Dead: 0
13.0697   0.045576    0.231365  12.6505 	Dead: 0
13.1047   0.0470021   0.238605  12.6505 	Dead: 0
13.0847   0.0436854   0.221768  12.6505 	Dead: 0
13.0725   0.0434342   0.220492  12.6505 	Dead: 0
13.0658   0.0431818   0.219211  12.6505 	Dead: 0
13.0859   0.0437286   0.221987  12.6505 	Dead: 0
13.0649   0.0452887   0.229907  12.6505 	Dead: 0
13.0671   0.0418091   0.212242  12.6505 	Dead: 0
13.0836   0.044944    0.228157  12.6505 	Dead: 0
13.0578   0.0435624   0.221143  12.6505 	Dead: 0
13.0551   0.0420852   0.213644  12.6505 	Dead: 0
13.0539   0.0430029   0.218303  12.6505 	Dead: 0
13.0552   0.0448412   0.227635  12.6461 	Dead: 0
13.0442   0.0430204   0.218391  12.6461 	Dead: 0
13.0516   0.0435783   0.221224  12.6461 	Dead: 0
13.0472   0.0461802   0.234432  12.6461 	Dead: 0
13.0632   0.0469988   0.238588  12.6461 	Dead: 0
13.0483   0.0405622   0.205912  12.6461 	Dead: 0
13.0715   0.0522636   0.265314  12.6461 	Dead: 0
13.0436   0.0436137   0.221404  12.6461 	Dead: 0
13.0429   0.0428723   0.21764   12.6461 	Dead: 0
13.0234   0.042674    0.216633  12.6461 	Dead: 0
13.0299   0.0404662   0.205425  12.6461 	Dead: 0
13.0059   0.0362153   0.183846  12.6461 	Dead: 0
13.0455   0.0450359   0.228623  12.6461 	Dead: 0
13.0498   0.0448238   0.227546  12.6461 	Dead: 0
13.0402   0.0429472   0.21802   12.6461 	Dead: 0
13.0101   0.0409367   0.207814  12.6461 	Dead: 0
13.0436   0.0461153   0.234103  12.6461 	Dead: 0
13.023    0.042104    0.21374   12.6461 	Dead: 0
13.0637   0.0478562   0.24294   12.6461 	Dead: 0
13.0177   0.0403911   0.205044  12.6461 	Dead: 0
