14.8905   0.0672627   0.341457  14.0364 	Dead: 0
14.0623   0.0321516   0.163216  13.7325 	Dead: 0
13.9441   0.0339422   0.172307  13.5845 	Dead: 0
13.9212   0.0376656   0.191208  13.5845 	Dead: 0
13.9037   0.0380432   0.193125  13.5656 	Dead: 0
13.8761   0.033796    0.171564  13.5502 	Dead: 0
13.8591   0.038584    0.19587   13.5138 	Dead: 0
13.8418   0.0392467   0.199235  13.5138 	Dead: 0
13.8443   0.0393024   0.199517  13.5138 	Dead: 0
13.8332   0.0369659   0.187656  13.5138 	Dead: 0
13.8518   0.043261    0.219613  13.5138 	Dead: 0
13.7947   0.0361789   0.183661  13.5103 	Dead: 0
13.7654   0.0416666   0.211519  13.3338 	Dead: 0
13.7638   0.0450197   0.228541  13.3338 	Dead: 0
13.7137   0.0371966   0.188827  13.3338 	Dead: 0
13.6619   0.0383607   0.194737  13.3338 	Dead: 0
13.5877   0.0379779   0.192793  13.187  	Dead: 0
13.5177   0.0339078   0.172132  13.187  	Dead: 0
13.5069   0.0365762   0.185678  13.187  	Dead: 0
13.5143   0.0329397   0.167217  13.187  	Dead: 0
13.531    0.0437191   0.221938  13.0408 	Dead: 0
13.4871   0.0349778   0.177564  13.0408 	Dead: 0
13.5239   0.0407111   0.206669  13.0408 	Dead: 0
13.4898   0.0383314   0.194588  13.0408 	Dead: 0
13.5116   0.0470467   0.238831  13.0408 	Dead: 0
13.4732   0.0468686   0.237927  13.0408 	Dead: 0
13.4819   0.0431232   0.218913  13.0408 	Dead: 0
13.4531   0.0402452   0.204304  13.0408 	Dead: 0
13.4172   0.0397734   0.201908  13.0408 	Dead: 0
13.3991   0.0387993   0.196963  13.0408 	Dead: 0
13.3767   0.0426992   0.216761  13.0366 	Dead: 0
13.3808   0.0381829   0.193834  13.0366 	Dead: 0
13.3838   0.0445125   0.225966  13.0366 	Dead: 0
13.3412   0.0398946   0.202524  12.9992 	Dead: 0
13.3555   0.044126    0.224004  12.9992 	Dead: 0
13.3164   0.0440656   0.223698  12.9992 	Dead: 0
13.3141   0.0435011   0.220832  12.9918 	Dead: 0
13.3188   0.0452913   0.22992   12.8702 	Dead: 0
13.3028   0.0456575   0.231779  12.8702 	Dead: 0
13.267    0.0423624   0.215052  12.8702 	Dead: 0
13.2891   0.0420472   0.213451  12.8702 	Dead: 0
13.2803   0.0469016   0.238094  12.8702 	Dead: 0
13.288    0.0481733   0.24455   12.8702 	Dead: 0
13.286    0.0546643   0.277501  12.8702 	Dead: 0
13.2565   0.0439648   0.223186  12.8702 	Dead: 0
13.2641   0.0424667   0.215581  12.8702 	Dead: 0
13.2681   0.0481834   0.244602  12.8702 	Dead: 0
13.2652   0.0465235   0.236175  12.8387 	Dead: 0
13.2851   0.049671    0.252153  12.8387 	Dead: 0
13.2787   0.048454    0.245975  12.8387 	Dead: 0
13.2794   0.0523465   0.265735  12.8387 	Dead: 0
13.2572   0.0427667   0.217104  12.8387 	Dead: 0
13.2457   0.0467324   0.237235  12.8387 	Dead: 0
13.2456   0.042935    0.217958  12.8387 	Dead: 0
13.2601   0.0466154   0.236641  12.8387 	Dead: 0
13.2281   0.0424928   0.215713  12.8387 	Dead: 0
13.2518   0.0439985   0.223357  12.8387 	Dead: 0
13.2393   0.0429591   0.21808   12.8387 	Dead: 0
13.2713   0.0451992   0.229452  12.8387 	Dead: 0
13.2461   0.0455402   0.231183  12.8387 	Dead: 0
13.2613   0.047259    0.239909  12.8387 	Dead: 0
13.2881   0.0588782   0.298893  12.8387 	Dead: 0
13.251    0.0463721   0.235406  12.8387 	Dead: 0
13.178    0.0442833   0.224803  12.8387 	Dead: 0
13.0899   0.043641    0.221542  12.7119 	Dead: 0
13.0939   0.054203    0.27516   12.7119 	Dead: 0
13.0757   0.0490685   0.249094  12.7119 	Dead: 0
13.0627   0.0486999   0.247223  12.6969 	Dead: 0
13.0473   0.0425025   0.215762  12.6969 	Dead: 0
13.0667   0.054868    0.278536  12.6825 	Dead: 0
13.084    0.0532982   0.270567  12.6825 	Dead: 0
13.0645   0.0530812   0.269465  12.6793 	Dead: 0
13.0448   0.0439575   0.223149  12.668  	Dead: 0
13.0316   0.0441097   0.223922  12.668  	Dead: 0
13.0726   0.0511379   0.2596    12.668  	Dead: 0
13.0316   0.0451315   0.229109  12.668  	Dead: 0
13.0257   0.0451138   0.229019  12.668  	Dead: 0
13.0144   0.0427588   0.217064  12.668  	Dead: 0
13.007    0.0501081   0.254372  12.5221 	Dead: 0
13.0245   0.0478667   0.242993  12.5221 	Dead: 0
13.0354   0.0484449   0.245929  12.5221 	Dead: 0
13.0165   0.0492446   0.249989  12.5221 	Dead: 0
13.0604   0.0516741   0.262322  12.5221 	Dead: 0
13.0083   0.0414661   0.210501  12.5221 	Dead: 0
13.0703   0.0521989   0.264986  12.5221 	Dead: 0
13.0473   0.0500517   0.254086  12.5221 	Dead: 0
13.0467   0.0534823   0.271501  12.5221 	Dead: 0
13.0579   0.0542025   0.275157  12.5221 	Dead: 0
13.0259   0.0492512   0.250022  12.5221 	Dead: 0
13.0462   0.0513037   0.260441  12.5221 	Dead: 0
13.0313   0.0485883   0.246657  12.5221 	Dead: 0
13.0809   0.0580599   0.294739  12.5221 	Dead: 0
13.0777   0.0529166   0.26863   12.5221 	Dead: 0
13.0475   0.0521137   0.264553  12.5221 	Dead: 0
13.0218   0.0490146   0.248821  12.5221 	Dead: 0
13.0154   0.0447295   0.227068  12.5221 	Dead: 0
13.0434   0.0508093   0.257932  12.5221 	Dead: 0
13.0182   0.0470134   0.238662  12.5221 	Dead: 0
13.038    0.0539673   0.273963  12.5221 	Dead: 0
13.0708   0.0556172   0.282339  12.5221 	Dead: 0
13.0474   0.0513947   0.260904  12.5221 	Dead: 0
