14.8803   0.0804454   0.408378  14.1628 	Dead: 0
13.7166   0.0430115   0.218347  13.2914 	Dead: 0
13.3997   0.0435306   0.220981  13.0649 	Dead: 0
13.3193   0.0355896   0.180669  12.8874 	Dead: 0
13.3365   0.0540892   0.274582  12.8874 	Dead: 0
13.2776   0.0453316   0.230125  12.8268 	Dead: 0
13.2458   0.0456071   0.231523  12.8268 	Dead: 0
13.2096   0.0433481   0.220055  12.8268 	Dead: 0
13.2134   0.046108    0.234066  12.8268 	Dead: 0
13.1973   0.0459308   0.233166  12.8268 	Dead: 0
13.1885   0.0387994   0.196964  12.8268 	Dead: 0
13.2044   0.0445353   0.226082  12.8268 	Dead: 0
13.1681   0.0396724   0.201396  12.8268 	Dead: 0
13.1748   0.0449976   0.228429  12.8268 	Dead: 0
13.1823   0.0484144   0.245774  12.8194 	Dead: 0
13.1464   0.0409943   0.208106  12.8179 	Dead: 0
13.129    0.0415717   0.211037  12.8179 	Dead: 0
13.1615   0.0466715   0.236927  12.8179 	Dead: 0
13.127    0.0432378   0.219495  12.6726 	Dead: 0
13.1112   0.0420024   0.213224  12.6726 	Dead: 0
13.1211   0.0432817   0.219718  12.6726 	Dead: 0
13.1097   0.0405704   0.205954  12.6726 	Dead: 0
13.1034   0.050715    0.257453  12.6726 	Dead: 0
13.1247   0.0519901   0.263926  12.6726 	Dead: 0
13.0648   0.0447856   0.227353  12.6726 	Dead: 0
13.0709   0.0436465   0.22157   12.6726 	Dead: 0
13.0803   0.0431449   0.219024  12.6637 	Dead: 0
13.0804   0.043282    0.219719  12.6637 	Dead: 0
13.0802   0.0432472   0.219543  12.6637 	Dead: 0
13.0711   0.0433646   0.220139  12.6637 	Dead: 0
13.0618   0.0419851   0.213136  12.6637 	Dead: 0
13.0813   0.0482628   0.245005  12.6637 	Dead: 0
13.0977   0.0499301   0.253469  12.6637 	Dead: 0
13.0756   0.0460556   0.2338    12.6637 	Dead: 0
13.0765   0.0456729   0.231857  12.6637 	Dead: 0
13.0487   0.0378366   0.192076  12.6637 	Dead: 0
13.1106   0.0586575   0.297773  12.6637 	Dead: 0
13.0385   0.0428163   0.217355  12.6637 	Dead: 0
13.0692   0.0465438   0.236278  12.6637 	Dead: 0
13.0743   0.0470309   0.238751  12.6637 	Dead: 0
13.0683   0.0478259   0.242787  12.6637 	Dead: 0
13.0701   0.0443177   0.224978  12.6637 	Dead: 0
13.06     0.0442481   0.224624  12.6637 	Dead: 0
13.0629   0.047792    0.242615  12.6637 	Dead: 0
13.0493   0.0472358   0.239791  12.6637 	Dead: 0
13.0738   0.0499783   0.253713  12.6637 	Dead: 0
13.0845   0.0481774   0.244571  12.6637 	Dead: 0
13.0448   0.0460203   0.233621  12.6637 	Dead: 0
13.0405   0.0425368   0.215937  12.6637 	Dead: 0
13.0761   0.0514673   0.261272  12.6637 	Dead: 0
13.0558   0.0434618   0.220633  12.6637 	Dead: 0
13.0425   0.0430848   0.218719  12.6637 	Dead: 0
13.0469   0.0442666   0.224718  12.6637 	Dead: 0
13.0458   0.0425155   0.215828  12.6637 	Dead: 0
13.0345   0.0420153   0.213289  12.6637 	Dead: 0
13.0524   0.044618    0.226502  12.6637 	Dead: 0
13.0338   0.0438564   0.222636  12.6637 	Dead: 0
13.0486   0.0488984   0.248231  12.6637 	Dead: 0
13.0639   0.0517264   0.262587  12.6637 	Dead: 0
13.0349   0.0458788   0.232902  12.6637 	Dead: 0
13.0234   0.045126    0.229081  12.6637 	Dead: 0
13.0581   0.048248    0.24493   12.6637 	Dead: 0
13.0671   0.0539058   0.273651  12.6637 	Dead: 0
13.0485   0.0498829   0.253229  12.6637 	Dead: 0
13.0378   0.042765    0.217095  12.6637 	Dead: 0
13.0664   0.0504978   0.25635   12.6637 	Dead: 0
13.0318   0.0436712   0.221695  12.6637 	Dead: 0
13.0122   0.0451343   0.229123  12.6637 	Dead: 0
13.0356   0.046263    0.234853  12.6637 	Dead: 0
13.0385   0.047155    0.239381  12.641  	Dead: 0
13.0295   0.0417289   0.211835  12.641  	Dead: 0
13.0149   0.0451276   0.229089  12.641  	Dead: 0
13.0336   0.0478816   0.243069  12.641  	Dead: 0
13.0247   0.0484869   0.246142  12.641  	Dead: 0
13.025    0.0539253   0.27375   12.641  	Dead: 0
12.9998   0.0405012   0.205603  12.641  	Dead: 0
12.9897   0.0406327   0.206271  12.641  	Dead: 0
13.0414   0.0475146   0.241206  12.641  	Dead: 0
13.052    0.048646    0.24695   12.641  	Dead: 0
13.0297   0.0432014   0.219311  12.641  	Dead: 0
13.0156   0.0425405   0.215955  12.641  	Dead: 0
13.0573   0.0515146   0.261512  12.641  	Dead: 0
13.0593   0.0485953   0.246692  12.641  	Dead: 0
13.034    0.0430371   0.218476  12.641  	Dead: 0
13.0473   0.0534282   0.271227  12.641  	Dead: 0
12.9999   0.0437559   0.222125  12.641  	Dead: 0
13.0466   0.0498108   0.252863  12.641  	Dead: 0
13.0341   0.0461373   0.234214  12.641  	Dead: 0
13.0442   0.0472833   0.240032  12.641  	Dead: 0
13.0579   0.0540025   0.274142  12.641  	Dead: 0
13.0259   0.0441185   0.223966  12.641  	Dead: 0
13.0247   0.0455007   0.230983  12.641  	Dead: 0
13.0335   0.0458344   0.232677  12.641  	Dead: 0
13.041    0.0580683   0.294782  12.641  	Dead: 0
13.0404   0.0473085   0.24016   12.641  	Dead: 0
13.0487   0.0460175   0.233606  12.641  	Dead: 0
13.0424   0.0433935   0.220286  12.641  	Dead: 0
13.0575   0.0482915   0.24515   12.641  	Dead: 0
13.0355   0.0484118   0.245761  12.641  	Dead: 0
13.0299   0.0447555   0.2272    12.641  	Dead: 0
13.0152   0.0438814   0.222762  12.641  	Dead: 0
