6.34324   0.106601    0.541154  5.40634 	Dead: 0
4.96269   0.0606209   0.30774   4.5335  	Dead: 0
4.94766   0.0794063   0.403103  4.35087 	Dead: 0
4.57525   0.077133    0.391563  4.04166 	Dead: 0
4.34317   0.0700985   0.355852  3.83402 	Dead: 0
4.32149   0.0799662   0.405946  3.83402 	Dead: 0
4.24147   0.0671376   0.340822  3.82421 	Dead: 0
4.16958   0.0614279   0.311836  3.80485 	Dead: 0
4.14679   0.0566955   0.287813  3.73681 	Dead: 0
4.16194   0.0748907   0.38018   3.73681 	Dead: 0
4.18905   0.0766138   0.388928  3.72463 	Dead: 0
4.11882   0.0635856   0.32279   3.68607 	Dead: 0
4.18377   0.0820474   0.416511  3.68607 	Dead: 0
4.1229    0.0757172   0.384376  3.62581 	Dead: 0
4.11958   0.0670248   0.340249  3.62581 	Dead: 0
4.11072   0.0650531   0.33024   3.62581 	Dead: 0
4.08534   0.0625717   0.317643  3.62581 	Dead: 0
4.13006   0.0798866   0.405541  3.62581 	Dead: 0
4.10535   0.0699711   0.355206  3.62581 	Dead: 0
4.13909   0.089218    0.452912  3.62581 	Dead: 0
4.11911   0.0823482   0.418038  3.62581 	Dead: 0
4.07176   0.066839    0.339306  3.62581 	Dead: 0
4.03954   0.0663674   0.336912  3.62324 	Dead: 0
4.11384   0.085693    0.435017  3.62324 	Dead: 0
4.16417   0.100886    0.512146  3.62324 	Dead: 0
4.1181    0.0861544   0.43736   3.62324 	Dead: 0
4.08302   0.0797589   0.404893  3.62324 	Dead: 0
4.05533   0.0639694   0.324739  3.62324 	Dead: 0
4.09627   0.0757186   0.384383  3.60836 	Dead: 0
4.08522   0.0877537   0.445479  3.60836 	Dead: 0
4.15188   0.0837801   0.425307  3.60836 	Dead: 0
4.11316   0.083735    0.425078  3.60741 	Dead: 0
4.06175   0.0857776   0.435447  3.58313 	Dead: 0
4.09952   0.0824992   0.418804  3.58313 	Dead: 0
4.05212   0.0802761   0.407519  3.58313 	Dead: 0
4.02574   0.0698499   0.354591  3.56422 	Dead: 0
4.10225   0.0861969   0.437576  3.56422 	Dead: 0
4.09347   0.0861146   0.437158  3.56422 	Dead: 0
4.08944   0.0973702   0.494297  3.56422 	Dead: 0
4.07012   0.0800685   0.406465  3.56422 	Dead: 0
4.0591    0.0818427   0.415472  3.56422 	Dead: 0
4.08853   0.0817514   0.415008  3.53121 	Dead: 0
4.08558   0.101606    0.515802  3.53121 	Dead: 0
4.04797   0.0840271   0.426561  3.53121 	Dead: 0
4.06387   0.0821196   0.416877  3.53121 	Dead: 0
4.02991   0.0726387   0.368748  3.53121 	Dead: 0
3.98883   0.0662939   0.336539  3.53121 	Dead: 0
4.03099   0.069309    0.351845  3.53121 	Dead: 0
3.96719   0.0581799   0.295348  3.53121 	Dead: 0
4.02028   0.0683837   0.347148  3.53121 	Dead: 0
4.0506    0.0790723   0.401408  3.53121 	Dead: 0
4.04766   0.0825596   0.419111  3.53121 	Dead: 0
4.05706   0.0871364   0.442345  3.53121 	Dead: 0
4.0432    0.0839781   0.426312  3.4464  	Dead: 0
4.00026   0.0734486   0.37286   3.4464  	Dead: 0
4.01188   0.080177    0.407016  3.4464  	Dead: 0
3.99732   0.0712437   0.361666  3.4464  	Dead: 0
4.03051   0.0842064   0.427471  3.4464  	Dead: 0
4.02294   0.0802507   0.40739   3.4464  	Dead: 0
4.01691   0.090906    0.461481  3.4464  	Dead: 0
4.00554   0.0740742   0.376035  3.4464  	Dead: 0
3.99026   0.0798655   0.405435  3.4464  	Dead: 0
3.96444   0.06832     0.346824  3.4464  	Dead: 0
4.01523   0.084156    0.427215  3.4464  	Dead: 0
3.99337   0.0770675   0.391231  3.4464  	Dead: 0
3.98719   0.0873239   0.443297  3.4464  	Dead: 0
3.93611   0.065847    0.33427   3.4464  	Dead: 0
3.9809    0.0780823   0.396382  3.4464  	Dead: 0
3.94407   0.0632903   0.321291  3.4464  	Dead: 0
3.99284   0.0806154   0.409241  3.4464  	Dead: 0
3.93388   0.0710577   0.360722  3.4464  	Dead: 0
4.03119   0.0937717   0.476029  3.4464  	Dead: 0
4.00051   0.0814108   0.413279  3.4464  	Dead: 0
3.99567   0.0857432   0.435273  3.4464  	Dead: 0
3.9376    0.0617958   0.313705  3.4464  	Dead: 0
3.9518    0.0752217   0.381861  3.4464  	Dead: 0
3.99025   0.0804057   0.408177  3.4464  	Dead: 0
4.08252   0.100393    0.50964   3.4464  	Dead: 0
4.06537   0.0952475   0.483521  3.4464  	Dead: 0
3.97604   0.0693749   0.352179  3.4464  	Dead: 0
4.011     0.0798882   0.40555   3.4464  	Dead: 0
3.94731   0.0632899   0.321289  3.4464  	Dead: 0
3.95931   0.0761424   0.386535  3.4464  	Dead: 0
3.94203   0.0763503   0.38759   3.4464  	Dead: 0
3.98422   0.0764222   0.387955  3.4464  	Dead: 0
3.94739   0.0745988   0.378698  3.4464  	Dead: 0
3.95825   0.0733029   0.37212   3.4464  	Dead: 0
3.9788    0.073122    0.371201  3.4464  	Dead: 0
3.9613    0.0768811   0.390284  3.4464  	Dead: 0
3.94781   0.0607352   0.30832   3.4464  	Dead: 0
3.9892    0.0795611   0.403889  3.4464  	Dead: 0
3.96066   0.0691181   0.350876  3.4464  	Dead: 0
4.04274   0.0927748   0.470968  3.4464  	Dead: 0
4.0597    0.105205    0.53407   3.4464  	Dead: 0
4.03345   0.084321    0.428053  3.4464  	Dead: 0
3.97971   0.0689774   0.350161  3.4464  	Dead: 0
3.97222   0.0829627   0.421157  3.4464  	Dead: 0
3.97001   0.077587    0.393868  3.4464  	Dead: 0
4.00227   0.0872559   0.442952  3.4464  	Dead: 0
4.02733   0.083131    0.422012  3.4464  	Dead: 0
3.96589   0.0845961   0.429449  3.4464  	Dead: 0
