6.30245   0.105066    0.533366  5.13364 	Dead: 0
4.98793   0.042179    0.21412   4.63227 	Dead: 0
4.78813   0.0535725   0.271959  4.24764 	Dead: 0
4.70782   0.0568953   0.288827  4.17666 	Dead: 0
4.66934   0.0671841   0.341058  4.17666 	Dead: 0
4.64254   0.062951    0.319568  4.17666 	Dead: 0
4.63029   0.0582619   0.295764  4.15172 	Dead: 0
4.60879   0.0662765   0.33645   4.12205 	Dead: 0
4.5402    0.0649682   0.329809  4.07504 	Dead: 0
4.49561   0.069641    0.35353   3.94627 	Dead: 0
4.42481   0.0666089   0.338138  3.839   	Dead: 0
4.46393   0.0716757   0.363859  3.839   	Dead: 0
4.43672   0.0741879   0.376612  3.839   	Dead: 0
4.3953    0.0709489   0.36017   3.839   	Dead: 0
4.33605   0.0629632   0.31963   3.839   	Dead: 0
4.38396   0.074492    0.378156  3.82885 	Dead: 0
4.32981   0.0691976   0.351279  3.82885 	Dead: 0
4.37005   0.0705395   0.358092  3.77901 	Dead: 0
4.30062   0.0620766   0.31513   3.77901 	Dead: 0
4.3348    0.0708068   0.359448  3.77901 	Dead: 0
4.26773   0.0827975   0.420319  3.72324 	Dead: 0
4.14465   0.0754239   0.382887  3.70403 	Dead: 0
4.12699   0.0729114   0.370132  3.70403 	Dead: 0
4.11033   0.0739077   0.37519   3.70403 	Dead: 0
4.11617   0.0777254   0.39457   3.70403 	Dead: 0
4.08252   0.0706572   0.358689  3.70403 	Dead: 0
4.11758   0.079246    0.40229   3.6456  	Dead: 0
4.06111   0.0696269   0.353459  3.6456  	Dead: 0
4.10914   0.0768341   0.390046  3.62788 	Dead: 0
4.05309   0.0723963   0.367517  3.62788 	Dead: 0
4.09428   0.0720537   0.365778  3.62788 	Dead: 0
4.07725   0.0700339   0.355525  3.62788 	Dead: 0
4.09077   0.0687177   0.348843  3.62788 	Dead: 0
4.10147   0.078032    0.396127  3.62788 	Dead: 0
4.04774   0.0707011   0.358912  3.62788 	Dead: 0
4.07839   0.0756899   0.384237  3.59013 	Dead: 0
4.05048   0.0745773   0.378589  3.59013 	Dead: 0
4.0415    0.0734422   0.372827  3.59013 	Dead: 0
4.05628   0.071035    0.360607  3.59013 	Dead: 0
4.11909   0.0844546   0.428731  3.59013 	Dead: 0
4.0611    0.0765597   0.388653  3.59013 	Dead: 0
4.14732   0.0851543   0.432283  3.59013 	Dead: 0
4.08925   0.080614    0.409234  3.59013 	Dead: 0
4.04653   0.0748451   0.379949  3.59013 	Dead: 0
4.03545   0.073997    0.375643  3.59013 	Dead: 0
4.01679   0.0757042   0.38431   3.59013 	Dead: 0
4.02641   0.0821456   0.417009  3.59013 	Dead: 0
4.07723   0.0770616   0.3912    3.59013 	Dead: 0
3.95705   0.0640246   0.325019  3.59013 	Dead: 0
4.01591   0.0792524   0.402322  3.58736 	Dead: 0
4.00982   0.0828706   0.42069   3.54684 	Dead: 0
3.93979   0.067852    0.344448  3.54684 	Dead: 0
3.98428   0.0768545   0.390149  3.54684 	Dead: 0
4.03308   0.0809875   0.41113   3.54684 	Dead: 0
3.99475   0.0792924   0.402525  3.45876 	Dead: 0
4.0471    0.0864531   0.438876  3.45876 	Dead: 0
4.02391   0.0752411   0.381959  3.45876 	Dead: 0
4.01117   0.0769652   0.390711  3.45876 	Dead: 0
3.95448   0.0741039   0.376186  3.45876 	Dead: 0
4.01709   0.0852406   0.432721  3.45876 	Dead: 0
3.97172   0.0799502   0.405864  3.45876 	Dead: 0
4.03125   0.0827996   0.420329  3.45876 	Dead: 0
3.92447   0.0694916   0.352772  3.45876 	Dead: 0
4.01983   0.0860481   0.43682   3.45876 	Dead: 0
3.93176   0.0689849   0.350199  3.45876 	Dead: 0
3.98568   0.0834538   0.42365   3.45876 	Dead: 0
3.96708   0.0790666   0.401379  3.45073 	Dead: 0
3.93932   0.0745964   0.378686  3.45073 	Dead: 0
3.9095    0.0792817   0.402471  3.45073 	Dead: 0
3.92405   0.0788097   0.400075  3.45073 	Dead: 0
3.94614   0.0824949   0.418783  3.45073 	Dead: 0
3.89941   0.0700205   0.355457  3.45073 	Dead: 0
3.87787   0.0702887   0.356818  3.45073 	Dead: 0
3.89981   0.0712865   0.361883  3.45073 	Dead: 0
3.84139   0.054522    0.276779  3.45073 	Dead: 0
3.92552   0.0825069   0.418843  3.45073 	Dead: 0
3.93855   0.0801272   0.406763  3.37684 	Dead: 0
3.88039   0.0704671   0.357724  3.37684 	Dead: 0
3.97642   0.0916055   0.465032  3.37684 	Dead: 0
3.90579   0.0715933   0.363441  3.37684 	Dead: 0
3.85963   0.0631289   0.320472  3.37684 	Dead: 0
3.89124   0.0745047   0.378221  3.37684 	Dead: 0
3.89507   0.0743317   0.377343  3.37684 	Dead: 0
3.89084   0.0742152   0.376751  3.37684 	Dead: 0
3.885     0.0773325   0.392576  3.37684 	Dead: 0
3.81485   0.0499163   0.253398  3.37684 	Dead: 0
3.88607   0.0791942   0.402027  3.37684 	Dead: 0
3.88692   0.0673401   0.34185   3.37684 	Dead: 0
3.87791   0.0640729   0.325264  3.37684 	Dead: 0
3.87705   0.0757195   0.384388  3.37684 	Dead: 0
3.89096   0.0761449   0.386547  3.37684 	Dead: 0
3.84796   0.0654938   0.332477  3.37684 	Dead: 0
3.89803   0.067812    0.344245  3.37684 	Dead: 0
3.85234   0.0647232   0.328565  3.37684 	Dead: 0
3.83984   0.0604324   0.306783  3.37684 	Dead: 0
3.86066   0.0741426   0.376382  3.37684 	Dead: 0
3.85442   0.0702903   0.356826  3.37684 	Dead: 0
3.87572   0.0773981   0.392909  3.37684 	Dead: 0
3.8159    0.0624147   0.316846  3.37684 	Dead: 0
3.87075   0.0731214   0.371198  3.37684 	Dead: 0
3.8746    0.0714821   0.362876  3.37684 	Dead: 0
