16.1101   0.0679142   0.344764  15.2546 	Dead: 0
14.6476   0.0330677   0.167867  14.3145 	Dead: 0
14.3874   0.0382966   0.194411  14.141  	Dead: 0
14.2782   0.0318087   0.161476  13.9476 	Dead: 0
14.2063   0.03624     0.183971  13.9154 	Dead: 0
14.0995   0.0310385   0.157566  13.793  	Dead: 0
14.0481   0.0335415   0.170272  13.7351 	Dead: 0
14.0001   0.0411461   0.208877  13.7351 	Dead: 0
13.937    0.0334061   0.169585  13.5675 	Dead: 0
13.8892   0.0313159   0.158974  13.5675 	Dead: 0
13.8808   0.0367561   0.186591  13.5675 	Dead: 0
13.8675   0.0385156   0.195523  13.5613 	Dead: 0
13.7954   0.0388701   0.197323  13.4263 	Dead: 0
13.7666   0.043417    0.220405  13.4263 	Dead: 0
13.7111   0.0420582   0.213507  13.3173 	Dead: 0
13.6842   0.0380903   0.193364  13.3173 	Dead: 0
13.628    0.0376732   0.191247  13.2615 	Dead: 0
13.6095   0.0409124   0.207691  13.2615 	Dead: 0
13.6014   0.0378099   0.19194   13.2615 	Dead: 0
13.5978   0.0405576   0.205889  13.2615 	Dead: 0
13.5777   0.0365167   0.185376  13.2615 	Dead: 0
13.5648   0.0367345   0.186482  13.211  	Dead: 0
13.5753   0.0498834   0.253232  13.211  	Dead: 0
13.5901   0.0439754   0.22324   13.211  	Dead: 0
13.5511   0.0366768   0.186188  13.211  	Dead: 0
13.5637   0.040166    0.203902  13.211  	Dead: 0
13.5303   0.0359087   0.18229   13.1886 	Dead: 0
13.5402   0.0375774   0.19076   13.1886 	Dead: 0
13.5646   0.0451206   0.229053  13.1886 	Dead: 0
13.5451   0.0397471   0.201775  13.1886 	Dead: 0
13.5488   0.0422853   0.21466   13.1886 	Dead: 0
13.505    0.0390303   0.198136  13.1886 	Dead: 0
13.4666   0.0397709   0.201896  13.1557 	Dead: 0
13.4224   0.0436198   0.221435  13.1107 	Dead: 0
13.3938   0.040763    0.206932  13.091  	Dead: 0
13.4121   0.0456974   0.231982  13.0528 	Dead: 0
13.3762   0.0498019   0.252818  12.967  	Dead: 0
13.3384   0.0415134   0.210742  12.967  	Dead: 0
13.352    0.0479478   0.243405  12.9659 	Dead: 0
13.2955   0.0436737   0.221708  12.9659 	Dead: 0
13.34     0.050327    0.255483  12.9659 	Dead: 0
13.3354   0.0487765   0.247612  12.9659 	Dead: 0
13.3042   0.0486838   0.247142  12.843  	Dead: 0
13.3154   0.0491951   0.249737  12.843  	Dead: 0
13.289    0.0470436   0.238815  12.843  	Dead: 0
13.2908   0.0486562   0.247001  12.819  	Dead: 0
13.3035   0.047412    0.240685  12.819  	Dead: 0
13.3059   0.0495104   0.251338  12.819  	Dead: 0
13.3031   0.0491861   0.249691  12.819  	Dead: 0
13.2712   0.0491125   0.249318  12.819  	Dead: 0
13.29     0.0496135   0.251861  12.819  	Dead: 0
13.2915   0.0518428   0.263178  12.819  	Dead: 0
13.2717   0.0501104   0.254384  12.819  	Dead: 0
13.2628   0.0528551   0.268317  12.819  	Dead: 0
13.2631   0.046723    0.237188  12.819  	Dead: 0
13.2632   0.0491785   0.249653  12.819  	Dead: 0
13.2548   0.0483884   0.245642  12.819  	Dead: 0
13.2683   0.0593192   0.301132  12.819  	Dead: 0
13.2362   0.0458242   0.232625  12.819  	Dead: 0
13.2106   0.0504336   0.256024  12.819  	Dead: 0
13.2272   0.0472305   0.239764  12.819  	Dead: 0
13.1987   0.0453486   0.230211  12.8121 	Dead: 0
13.1742   0.048182    0.244594  12.8121 	Dead: 0
13.1291   0.0423407   0.214941  12.8121 	Dead: 0
13.1522   0.050467    0.256194  12.729  	Dead: 0
13.1274   0.0451989   0.229451  12.729  	Dead: 0
13.1556   0.049683    0.252214  12.729  	Dead: 0
13.1066   0.0425239   0.215871  12.729  	Dead: 0
13.1163   0.0485991   0.246712  12.729  	Dead: 0
13.1403   0.0508013   0.257891  12.729  	Dead: 0
12.9132   0.0361432   0.18348   12.6248 	Dead: 0
12.8567   0.0423192   0.214832  12.4872 	Dead: 0
12.8463   0.0503886   0.255796  12.3695 	Dead: 0
12.7931   0.0462455   0.234764  12.3695 	Dead: 0
12.8181   0.0510475   0.259141  12.3695 	Dead: 0
12.797    0.0500296   0.253973  12.322  	Dead: 0
12.7894   0.0577325   0.293077  12.322  	Dead: 0
12.7731   0.0469184   0.238179  12.322  	Dead: 0
12.7498   0.0446311   0.226568  12.322  	Dead: 0
12.742    0.0433022   0.219822  12.322  	Dead: 0
12.7894   0.0506988   0.257371  12.3094 	Dead: 0
12.75     0.0469973   0.23858   12.3094 	Dead: 0
12.7605   0.0486371   0.246905  12.3094 	Dead: 0
12.7602   0.048655    0.246995  12.3094 	Dead: 0
12.72     0.0441634   0.224194  12.3094 	Dead: 0
12.7722   0.0546886   0.277625  12.3094 	Dead: 0
12.7333   0.047913    0.243229  12.3094 	Dead: 0
12.7526   0.0532923   0.270537  12.3094 	Dead: 0
12.7649   0.0517265   0.262588  12.3094 	Dead: 0
12.729    0.0470928   0.239065  12.3094 	Dead: 0
12.706    0.0438584   0.222646  12.3094 	Dead: 0
12.7681   0.0558142   0.283339  12.3094 	Dead: 0
12.7409   0.0538132   0.273181  12.3094 	Dead: 0
12.4278   0.0457388   0.232191  12.0493 	Dead: 0
12.3492   0.0381026   0.193426  12.0493 	Dead: 0
12.3556   0.0428858   0.217708  12.0096 	Dead: 0
12.3418   0.0425916   0.216215  12.0096 	Dead: 0
12.3189   0.0415391   0.210872  12.0096 	Dead: 0
12.3139   0.0422343   0.214401  11.9953 	Dead: 0
12.31     0.0434053   0.220346  11.9953 	Dead: 0
12.3142   0.0488517   0.247994  11.9953 	Dead: 0
