10.8576   0.16833     0.854524  8.25497 	Dead: 0
6.52673   0.0624647   0.3171    5.77487 	Dead: 0
5.39282   0.0487239   0.247345  4.7975  	Dead: 0
4.85644   0.0573386   0.291077  4.40087 	Dead: 0
4.36872   0.064989    0.329914  3.91497 	Dead: 0
3.84032   0.0588743   0.298873  3.37535 	Dead: 0
3.45537   0.0655437   0.33273   3.02593 	Dead: 0
3.1652    0.0712446   0.361671  2.59209 	Dead: 0
2.8758    0.0723631   0.367349  2.43877 	Dead: 0
2.69375   0.0571045   0.289889  2.36176 	Dead: 0
2.55142   0.0470252   0.238722  2.27713 	Dead: 0
2.40932   0.0431362   0.218979  2.12693 	Dead: 0
2.32514   0.057202    0.290384  2.00842 	Dead: 0
2.3504    0.0823953   0.418277  1.99257 	Dead: 0
2.30328   0.098153    0.49827   1.79802 	Dead: 0
2.15511   0.0591201   0.300121  1.79802 	Dead: 0
2.17297   0.0830129   0.421412  1.76524 	Dead: 0
2.13274   0.0728516   0.369829  1.76524 	Dead: 0
2.02828   0.0513216   0.260532  1.71676 	Dead: 0
1.99811   0.0527893   0.267983  1.71676 	Dead: 0
2.03348   0.0600329   0.304755  1.71676 	Dead: 0
2.03025   0.079557    0.403868  1.70448 	Dead: 0
2.03561   0.0992599   0.503889  1.65635 	Dead: 0
1.97428   0.060684    0.308061  1.65635 	Dead: 0
1.99713   0.0730817   0.370997  1.65635 	Dead: 0
2.02451   0.100608    0.510733  1.65635 	Dead: 0
2.02108   0.104622    0.53111   1.65635 	Dead: 0
2.00193   0.0927605   0.470895  1.65343 	Dead: 0
1.94125   0.0785335   0.398673  1.60405 	Dead: 0
1.95604   0.0750003   0.380736  1.60405 	Dead: 0
1.92419   0.0887352   0.450461  1.60405 	Dead: 0
1.8655    0.0502515   0.2551    1.57053 	Dead: 0
1.88054   0.0688735   0.349634  1.57053 	Dead: 0
1.88607   0.0688462   0.349496  1.48093 	Dead: 0
1.8697    0.0653598   0.331797  1.48093 	Dead: 0
1.86128   0.0626826   0.318206  1.48093 	Dead: 0
1.87641   0.0803674   0.407982  1.48093 	Dead: 0
1.91422   0.0727231   0.369176  1.48093 	Dead: 0
1.87614   0.0769988   0.390882  1.48093 	Dead: 0
1.8621    0.0750342   0.380909  1.48093 	Dead: 0
1.86709   0.0800259   0.406249  1.48093 	Dead: 0
1.79574   0.0577421   0.293126  1.48093 	Dead: 0
1.80333   0.0616032   0.312727  1.44745 	Dead: 0
1.81794   0.0644757   0.327309  1.44745 	Dead: 0
1.87328   0.0668761   0.339494  1.44745 	Dead: 0
1.81271   0.0566032   0.287344  1.44745 	Dead: 0
1.86169   0.0916401   0.465208  1.44745 	Dead: 0
1.81245   0.0555681   0.282089  1.44745 	Dead: 0
1.79332   0.0642743   0.326287  1.44745 	Dead: 0
1.85943   0.0767133   0.389433  1.44745 	Dead: 0
1.7866    0.0616932   0.313183  1.44745 	Dead: 0
1.76648   0.0580013   0.294442  1.44745 	Dead: 0
1.79357   0.0571852   0.290299  1.44745 	Dead: 0
1.87472   0.0920074   0.467072  1.44745 	Dead: 0
1.80309   0.0683793   0.347125  1.44745 	Dead: 0
1.79116   0.0570967   0.28985   1.44745 	Dead: 0
1.76734   0.0520412   0.264185  1.44745 	Dead: 0
1.79272   0.0738872   0.375086  1.44745 	Dead: 0
1.81567   0.102223    0.51893   1.44745 	Dead: 0
1.70201   0.0376962   0.191364  1.44745 	Dead: 0
1.83748   0.0976622   0.495779  1.44745 	Dead: 0
1.79109   0.0773219   0.392522  1.44745 	Dead: 0
1.81247   0.0863671   0.43844   1.44745 	Dead: 0
1.7929    0.0919522   0.466792  1.44745 	Dead: 0
1.79974   0.0839127   0.42598   1.44745 	Dead: 0
1.76218   0.0826223   0.419429  1.44745 	Dead: 0
1.81152   0.113258    0.574949  1.44745 	Dead: 0
1.78026   0.0826406   0.419522  1.43538 	Dead: 0
1.76386   0.0665995   0.33809   1.43538 	Dead: 0
1.70226   0.0543894   0.276106  1.43033 	Dead: 0
1.71531   0.062252    0.31602   1.43033 	Dead: 0
1.73553   0.0759533   0.385574  1.43033 	Dead: 0
1.6971    0.054279    0.275545  1.43033 	Dead: 0
1.74928   0.0856095   0.434594  1.43033 	Dead: 0
1.71598   0.0680091   0.345246  1.43033 	Dead: 0
1.79362   0.0931531   0.472889  1.4254  	Dead: 0
1.74846   0.0835641   0.42421   1.4254  	Dead: 0
1.71044   0.0575531   0.292166  1.4254  	Dead: 0
1.70433   0.0618535   0.313997  1.4254  	Dead: 0
1.71122   0.0629438   0.319532  1.4254  	Dead: 0
1.68397   0.0541482   0.274882  1.4254  	Dead: 0
1.69804   0.066485    0.337509  1.4254  	Dead: 0
1.76587   0.0954385   0.484491  1.4254  	Dead: 0
1.68568   0.0497701   0.252656  1.4254  	Dead: 0
1.70648   0.0706326   0.358564  1.37843 	Dead: 0
1.67897   0.0914232   0.464107  1.37843 	Dead: 0
1.7192    0.0693921   0.352267  1.37843 	Dead: 0
1.69317   0.0850903   0.431958  1.37843 	Dead: 0
1.68853   0.0741201   0.376268  1.37843 	Dead: 0
1.75459   0.103885    0.52737   1.37843 	Dead: 0
1.68721   0.0803376   0.407831  1.36492 	Dead: 0
1.64778   0.0640679   0.325238  1.36492 	Dead: 0
1.71434   0.0924366   0.469251  1.34683 	Dead: 0
1.67851   0.0702539   0.356642  1.34683 	Dead: 0
1.638     0.0600902   0.305046  1.34683 	Dead: 0
1.6493    0.0683659   0.347057  1.34683 	Dead: 0
1.63361   0.0625327   0.317445  1.34683 	Dead: 0
1.65884   0.0733141   0.372176  1.34683 	Dead: 0
1.63974   0.0657432   0.333743  1.3221  	Dead: 0
1.6239    0.0726037   0.36857   1.3221  	Dead: 0
1.54572   0.0404834   0.205513  1.3221  	Dead: 0
