8.88368   0.0941303   0.47785   7.30799 	Dead: 0
6.95037   0.060223    0.30572   6.31782 	Dead: 0
6.41337   0.0501341   0.254504  5.94084 	Dead: 0
5.77006   0.0495706   0.251643  4.97938 	Dead: 0
5.36044   0.048953    0.248508  4.89441 	Dead: 0
5.2848    0.0535028   0.271605  4.6561  	Dead: 0
5.30569   0.0632201   0.320935  4.6561  	Dead: 0
5.25496   0.0661711   0.335915  4.6561  	Dead: 0
5.23845   0.0681488   0.345955  4.6561  	Dead: 0
5.23297   0.0702223   0.356481  4.6561  	Dead: 0
5.17827   0.0662652   0.336393  4.6561  	Dead: 0
5.15652   0.0741435   0.376387  4.6561  	Dead: 0
5.16443   0.0740564   0.375945  4.59848 	Dead: 0
5.14135   0.0738994   0.375148  4.59848 	Dead: 0
5.14416   0.0749705   0.380585  4.59848 	Dead: 0
5.12194   0.0680352   0.345378  4.59848 	Dead: 0
5.06422   0.061586    0.312639  4.52714 	Dead: 0
5.04795   0.0533483   0.270821  4.52714 	Dead: 0
5.02658   0.0603674   0.306453  4.52714 	Dead: 0
5.07078   0.0757831   0.38471   4.52714 	Dead: 0
5.04946   0.0768084   0.389915  4.52714 	Dead: 0
5.06959   0.080971    0.411047  4.52264 	Dead: 0
5.01201   0.0674223   0.342267  4.52264 	Dead: 0
5.04529   0.0794914   0.403536  4.52264 	Dead: 0
4.98756   0.0676668   0.343508  4.52264 	Dead: 0
4.98404   0.0619962   0.314722  4.52264 	Dead: 0
4.97418   0.0633996   0.321846  4.52264 	Dead: 0
5.00566   0.0752437   0.381972  4.47691 	Dead: 0
4.92689   0.0657701   0.33388   4.40767 	Dead: 0
4.93361   0.063205    0.320858  4.40767 	Dead: 0
4.93172   0.0721321   0.366176  4.40767 	Dead: 0
4.98138   0.0861587   0.437382  4.40767 	Dead: 0
4.94131   0.0676262   0.343302  4.40767 	Dead: 0
4.92781   0.0737338   0.374307  4.3529  	Dead: 0
4.88525   0.0727148   0.369134  4.3529  	Dead: 0
4.83841   0.0647247   0.328573  4.3529  	Dead: 0
4.89156   0.0919802   0.466934  4.34685 	Dead: 0
4.80687   0.0746025   0.378717  4.34685 	Dead: 0
4.88223   0.0890283   0.451949  4.34685 	Dead: 0
4.84133   0.0713059   0.361982  4.34685 	Dead: 0
4.86267   0.0692684   0.351638  4.34685 	Dead: 0
4.87135   0.0789894   0.400987  4.3276  	Dead: 0
4.82999   0.0765779   0.388745  4.3276  	Dead: 0
4.74107   0.0600742   0.304965  4.3276  	Dead: 0
4.73065   0.0716395   0.363676  4.27059 	Dead: 0
4.77967   0.0764499   0.388096  4.16237 	Dead: 0
4.79506   0.0794745   0.40345   4.16237 	Dead: 0
4.74126   0.0802152   0.40721   4.16237 	Dead: 0
4.70465   0.0649733   0.329835  4.16237 	Dead: 0
4.69763   0.0638016   0.323887  4.16237 	Dead: 0
4.67336   0.0625176   0.317369  4.16237 	Dead: 0
4.66257   0.0631835   0.320749  4.16237 	Dead: 0
4.64088   0.0580046   0.294458  4.16237 	Dead: 0
4.71883   0.0729794   0.370477  4.16237 	Dead: 0
4.68059   0.0756238   0.383902  4.16237 	Dead: 0
4.66455   0.0778643   0.395276  4.16237 	Dead: 0
4.69483   0.0680161   0.345282  4.16237 	Dead: 0
4.66787   0.0626107   0.317841  4.16237 	Dead: 0
4.66208   0.0677758   0.344061  4.16237 	Dead: 0
4.64849   0.0581442   0.295167  4.16237 	Dead: 0
4.68914   0.0683004   0.346725  4.16237 	Dead: 0
4.64162   0.0751293   0.381392  4.16237 	Dead: 0
4.70702   0.0854989   0.434032  4.16237 	Dead: 0
4.7443    0.098163    0.498321  4.16237 	Dead: 0
4.65254   0.0697879   0.354276  4.16237 	Dead: 0
4.64117   0.0758443   0.385021  4.16237 	Dead: 0
4.65712   0.0979821   0.497403  4.11137 	Dead: 0
4.64104   0.0754219   0.382877  4.11137 	Dead: 0
4.62923   0.0625265   0.317414  4.11137 	Dead: 0
4.67403   0.0883892   0.448705  4.11137 	Dead: 0
4.65277   0.0644662   0.32726   4.11137 	Dead: 0
4.68075   0.078328    0.397629  4.11137 	Dead: 0
4.67039   0.0935059   0.474679  4.11137 	Dead: 0
4.67687   0.0850284   0.431644  4.11137 	Dead: 0
4.67013   0.0772949   0.392385  4.11137 	Dead: 0
4.67258   0.085007    0.431535  4.11137 	Dead: 0
4.64747   0.0675257   0.342792  4.11137 	Dead: 0
4.65281   0.0771181   0.391488  4.11137 	Dead: 0
4.67393   0.0838265   0.425543  4.11137 	Dead: 0
4.63642   0.0929447   0.471831  4.11137 	Dead: 0
4.65243   0.0848419   0.430697  4.11137 	Dead: 0
4.6547    0.0774841   0.393345  4.10894 	Dead: 0
4.67199   0.0945402   0.47993   4.10894 	Dead: 0
4.64956   0.0862019   0.437601  4.10894 	Dead: 0
4.63265   0.0830989   0.421849  4.10894 	Dead: 0
4.60835   0.064425    0.327051  4.051   	Dead: 0
4.64459   0.0832653   0.422694  4.051   	Dead: 0
4.62289   0.0655248   0.332635  4.051   	Dead: 0
4.59211   0.065023    0.330087  4.051   	Dead: 0
4.60204   0.0795977   0.404075  4.051   	Dead: 0
4.5974    0.0876224   0.444812  4.051   	Dead: 0
4.65219   0.0764927   0.388313  4.051   	Dead: 0
4.68771   0.0956819   0.485726  4.051   	Dead: 0
4.62958   0.0754571   0.383055  4.051   	Dead: 0
4.65965   0.0958287   0.486471  4.051   	Dead: 0
4.6899    0.0812505   0.412465  4.051   	Dead: 0
4.63924   0.0739576   0.375443  4.051   	Dead: 0
4.62537   0.082544    0.419032  4.051   	Dead: 0
4.65464   0.0934683   0.474489  4.051   	Dead: 0
4.69387   0.10315     0.523639  4.051   	Dead: 0
4.65222   0.0799268   0.405746  4.051   	Dead: 0
