8.81627   0.0858029   0.435576  7.50844 	Dead: 0
6.99005   0.0809148   0.410761  6.31702 	Dead: 0
6.58534   0.067274    0.341514  5.98352 	Dead: 0
6.46103   0.0638115   0.323937  5.95338 	Dead: 0
6.29524   0.0622449   0.315984  5.85934 	Dead: 0
6.12167   0.0626234   0.317906  5.52447 	Dead: 0
5.92983   0.0674902   0.342612  5.31359 	Dead: 0
5.83625   0.0644988   0.327426  5.31095 	Dead: 0
5.78932   0.0669698   0.33997   5.31095 	Dead: 0
5.70269   0.0556716   0.282615  5.2217  	Dead: 0
5.72706   0.0662873   0.336505  5.17947 	Dead: 0
5.47637   0.0774018   0.392927  4.72706 	Dead: 0
5.36296   0.0605562   0.307411  4.72706 	Dead: 0
5.36584   0.0766666   0.389196  4.72706 	Dead: 0
5.26219   0.060698    0.308131  4.72706 	Dead: 0
5.27664   0.0743618   0.377495  4.72706 	Dead: 0
5.19842   0.0577552   0.293192  4.72706 	Dead: 0
5.23753   0.0668673   0.339449  4.72706 	Dead: 0
5.1651    0.0603717   0.306475  4.62492 	Dead: 0
5.14705   0.0625235   0.317398  4.62492 	Dead: 0
5.19108   0.0724401   0.36774   4.62492 	Dead: 0
5.16012   0.0687644   0.34908   4.62492 	Dead: 0
5.17865   0.0755929   0.383745  4.62492 	Dead: 0
5.13555   0.0670682   0.340469  4.62492 	Dead: 0
5.13492   0.0680994   0.345705  4.62492 	Dead: 0
5.11553   0.0653637   0.331817  4.52969 	Dead: 0
5.07579   0.0681026   0.345721  4.52969 	Dead: 0
5.10474   0.0632182   0.320925  4.52969 	Dead: 0
5.1281    0.0701897   0.356315  4.52969 	Dead: 0
5.10795   0.0695341   0.352987  4.52969 	Dead: 0
5.10555   0.0689309   0.349925  4.52969 	Dead: 0
5.09312   0.065691    0.333478  4.52969 	Dead: 0
5.11326   0.0652943   0.331464  4.52969 	Dead: 0
5.13552   0.0802769   0.407523  4.52969 	Dead: 0
5.11917   0.0696333   0.353491  4.52969 	Dead: 0
5.1428    0.0710924   0.360898  4.52969 	Dead: 0
5.08208   0.0648895   0.329409  4.52969 	Dead: 0
5.13646   0.0733292   0.372253  4.52969 	Dead: 0
5.12335   0.0744806   0.378098  4.52969 	Dead: 0
5.07297   0.0658424   0.334247  4.52969 	Dead: 0
5.10101   0.0663476   0.336811  4.52969 	Dead: 0
5.12329   0.0721272   0.366152  4.52969 	Dead: 0
5.14037   0.0728078   0.369606  4.52969 	Dead: 0
5.0892    0.0805567   0.408944  4.52969 	Dead: 0
5.11424   0.0773937   0.392887  4.52969 	Dead: 0
5.12488   0.0759706   0.385662  4.52969 	Dead: 0
5.08862   0.0634369   0.322036  4.52969 	Dead: 0
5.08118   0.0697117   0.353889  4.52969 	Dead: 0
5.09316   0.0717591   0.364283  4.52969 	Dead: 0
5.09422   0.0709834   0.360345  4.52969 	Dead: 0
5.127     0.0810564   0.41148   4.52969 	Dead: 0
5.18072   0.0947756   0.481125  4.52969 	Dead: 0
5.07023   0.0773726   0.392779  4.50118 	Dead: 0
5.0929    0.0934697   0.474496  4.26608 	Dead: 0
5.11205   0.0796463   0.404322  4.26608 	Dead: 0
5.09861   0.0938972   0.476666  4.26608 	Dead: 0
5.05378   0.0894823   0.454254  4.26608 	Dead: 0
5.06293   0.0946602   0.480539  4.26608 	Dead: 0
5.03788   0.101183    0.513652  4.26608 	Dead: 0
5.06683   0.11074     0.562167  4.26608 	Dead: 0
5.0833    0.105702    0.536594  4.26608 	Dead: 0
5.17058   0.118642    0.60228   4.26608 	Dead: 0
5.08091   0.104614    0.53107   4.26608 	Dead: 0
5.06279   0.102608    0.520885  4.26608 	Dead: 0
5.13155   0.115712    0.587408  4.26608 	Dead: 0
5.04211   0.103575    0.525793  4.26608 	Dead: 0
5.09025   0.106413    0.5402    4.26608 	Dead: 0
5.02186   0.10411     0.528512  4.26608 	Dead: 0
5.03063   0.106179    0.539015  4.26608 	Dead: 0
5.06088   0.110952    0.563244  4.26608 	Dead: 0
5.06226   0.11319     0.574605  4.26608 	Dead: 0
5.18243   0.129471    0.657254  4.26608 	Dead: 0
5.07527   0.107031    0.543339  4.26608 	Dead: 0
5.09447   0.11706     0.594253  4.26608 	Dead: 0
4.98645   0.0895092   0.45439   4.26608 	Dead: 0
4.97845   0.0951517   0.483035  4.26608 	Dead: 0
5.12101   0.119981    0.609077  4.26608 	Dead: 0
5.04964   0.111775    0.567423  4.26608 	Dead: 0
5.05612   0.114616    0.581846  4.26608 	Dead: 0
5.08772   0.117299    0.595462  4.26608 	Dead: 0
5.03826   0.114266    0.580067  4.26608 	Dead: 0
5.134     0.10881     0.55237   4.26608 	Dead: 0
5.05451   0.104229    0.529114  4.26608 	Dead: 0
5.10103   0.104178    0.528854  4.26608 	Dead: 0
5.09776   0.113612    0.576749  4.26608 	Dead: 0
5.07702   0.112622    0.571722  4.26608 	Dead: 0
5.04277   0.102469    0.520182  4.26608 	Dead: 0
5.04064   0.105449    0.535309  4.26608 	Dead: 0
5.01163   0.111884    0.567978  4.26608 	Dead: 0
5.03306   0.101227    0.513875  4.26608 	Dead: 0
4.96431   0.0908918   0.461409  4.26608 	Dead: 0
5.07776   0.112043    0.568784  4.26608 	Dead: 0
4.99695   0.104856    0.532296  4.26608 	Dead: 0
5.0023    0.0971891   0.493377  4.26608 	Dead: 0
5.0201    0.113703    0.577209  4.26608 	Dead: 0
4.997     0.0996054   0.505643  4.26608 	Dead: 0
5.02856   0.111638    0.566727  4.26608 	Dead: 0
5.0464    0.111772    0.567409  4.26608 	Dead: 0
5.03878   0.108772    0.552179  4.26608 	Dead: 0
5.0258    0.10843     0.55044   4.26608 	Dead: 0
4.91729   0.0932269   0.473263  4.26608 	Dead: 0
