12.5515   0.120289    0.610642  11.0986 	Dead: 0
8.83473   0.0516138   0.262016  8.2108  	Dead: 0
6.97583   0.0598064   0.303605  6.39192 	Dead: 0
5.32303   0.0749711   0.380588  4.52191 	Dead: 0
4.50192   0.0929234   0.471723  3.65188 	Dead: 0
3.43017   0.0778327   0.395115  2.81091 	Dead: 0
3.21827   0.0879681   0.446567  2.76948 	Dead: 0
3.09519   0.0738473   0.374884  2.73611 	Dead: 0
2.98338   0.064804    0.328975  2.5725  	Dead: 0
2.85309   0.0689034   0.349786  2.53021 	Dead: 0
2.76644   0.0569996   0.289356  2.44938 	Dead: 0
2.79082   0.0818172   0.415342  2.37071 	Dead: 0
2.74244   0.071374    0.362328  2.37056 	Dead: 0
2.68192   0.0750117   0.380794  2.32714 	Dead: 0
2.68388   0.0818868   0.415695  2.27083 	Dead: 0
2.66229   0.111909    0.568101  2.21579 	Dead: 0
2.55087   0.0832717   0.422726  2.20211 	Dead: 0
2.49102   0.0863189   0.438195  2.16572 	Dead: 0
2.49526   0.0699494   0.355096  2.16572 	Dead: 0
2.46049   0.0639917   0.324852  2.09134 	Dead: 0
2.52954   0.125135    0.635242  2.09134 	Dead: 0
2.44033   0.0685404   0.347943  2.09134 	Dead: 0
2.46016   0.0924347   0.469242  2.08306 	Dead: 0
2.38785   0.061688    0.313157  2.06357 	Dead: 0
2.41558   0.0835927   0.424355  2.06357 	Dead: 0
2.43473   0.079114    0.40162   2.06357 	Dead: 0
2.39911   0.0919764   0.466915  2.06117 	Dead: 0
2.37739   0.0698012   0.354344  2.05762 	Dead: 0
2.38651   0.0703288   0.357022  2.03692 	Dead: 0
2.35655   0.0855776   0.434432  2.03692 	Dead: 0
2.38356   0.0939982   0.477179  2.03692 	Dead: 0
2.34363   0.0887319   0.450444  2.0226  	Dead: 0
2.36513   0.112302    0.570096  1.93016 	Dead: 0
2.35945   0.0929866   0.472043  1.93016 	Dead: 0
2.40755   0.10749     0.545671  1.93016 	Dead: 0
2.3502    0.103507    0.525449  1.93016 	Dead: 0
2.28878   0.0789499   0.400786  1.93016 	Dead: 0
2.30622   0.0757488   0.384536  1.93016 	Dead: 0
2.37296   0.107985    0.548185  1.93016 	Dead: 0
2.29987   0.0869449   0.441373  1.93016 	Dead: 0
2.32372   0.0982219   0.49862   1.93016 	Dead: 0
2.27333   0.0908053   0.46097   1.93016 	Dead: 0
2.29039   0.104474    0.530359  1.85239 	Dead: 0
2.23146   0.0836308   0.424549  1.85239 	Dead: 0
2.22298   0.0615005   0.312205  1.85239 	Dead: 0
2.25929   0.0930867   0.472552  1.85239 	Dead: 0
2.27982   0.107086    0.543617  1.85239 	Dead: 0
2.25544   0.107649    0.546476  1.85239 	Dead: 0
2.29046   0.105493    0.535533  1.85239 	Dead: 0
2.2488    0.104779    0.531907  1.85239 	Dead: 0
2.17739   0.0783518   0.39775   1.85239 	Dead: 0
2.26152   0.0897191   0.455456  1.85239 	Dead: 0
2.2675    0.096635    0.490564  1.85239 	Dead: 0
2.30575   0.134311    0.681826  1.85239 	Dead: 0
2.27755   0.12657     0.64253   1.84418 	Dead: 0
2.23342   0.0949509   0.482015  1.84418 	Dead: 0
2.2245    0.104086    0.52839   1.83821 	Dead: 0
2.24693   0.116369    0.590745  1.81015 	Dead: 0
2.10344   0.0558649   0.283596  1.81015 	Dead: 0
2.14527   0.0865114   0.439172  1.81015 	Dead: 0
2.29155   0.128819    0.653944  1.81015 	Dead: 0
2.14225   0.0848211   0.430592  1.81015 	Dead: 0
2.20891   0.122236    0.620525  1.80824 	Dead: 0
2.08354   0.0630026   0.319831  1.80824 	Dead: 0
2.17806   0.101718    0.516366  1.80824 	Dead: 0
2.13138   0.0937703   0.476022  1.80824 	Dead: 0
2.15537   0.0923405   0.468763  1.80824 	Dead: 0
2.1902    0.115566    0.586669  1.80824 	Dead: 0
2.13546   0.0829728   0.421209  1.78084 	Dead: 0
2.17493   0.0992557   0.503868  1.78084 	Dead: 0
2.16716   0.0952396   0.483481  1.78084 	Dead: 0
2.10045   0.0764801   0.388249  1.78084 	Dead: 0
2.18715   0.112225    0.569708  1.78084 	Dead: 0
2.1762    0.109365    0.555187  1.78084 	Dead: 0
2.17501   0.0948708   0.481608  1.78084 	Dead: 0
2.10808   0.0774469   0.393157  1.78084 	Dead: 0
2.17924   0.0841133   0.426998  1.78084 	Dead: 0
2.10557   0.0853031   0.433038  1.78084 	Dead: 0
2.13521   0.0887659   0.450617  1.78084 	Dead: 0
2.12721   0.0911275   0.462606  1.78084 	Dead: 0
2.2276    0.116707    0.59246   1.78084 	Dead: 0
2.12982   0.0931849   0.47305   1.78084 	Dead: 0
2.1356    0.10289     0.522319  1.76814 	Dead: 0
2.10293   0.0743918   0.377647  1.76814 	Dead: 0
2.23977   0.131232    0.666197  1.76814 	Dead: 0
2.14118   0.0875581   0.444486  1.75539 	Dead: 0
2.12859   0.0805232   0.408773  1.75539 	Dead: 0
2.13232   0.0852504   0.432771  1.75539 	Dead: 0
2.10622   0.0864426   0.438823  1.75539 	Dead: 0
2.25108   0.132604    0.673161  1.75539 	Dead: 0
2.1588    0.116872    0.593299  1.75539 	Dead: 0
2.10712   0.0811928   0.412173  1.74991 	Dead: 0
2.15188   0.0988032   0.501571  1.74991 	Dead: 0
2.07287   0.084324    0.428068  1.74991 	Dead: 0
2.13534   0.101387    0.514688  1.74991 	Dead: 0
2.13614   0.100858    0.512005  1.74991 	Dead: 0
2.13665   0.0927741   0.470965  1.74991 	Dead: 0
2.25024   0.144716    0.734646  1.72764 	Dead: 0
2.12267   0.0951605   0.483079  1.72764 	Dead: 0
2.11394   0.0913844   0.46391   1.72764 	Dead: 0
2.10004   0.0809009   0.410691  1.72764 	Dead: 0
