9.0625    0.0878476   0.445955  8.21075 	Dead: 0
8.24345   0.0477083   0.24219   7.80795 	Dead: 0
8.13212   0.0747774   0.379605  7.44318 	Dead: 0
8.0231    0.0740206   0.375763  7.40487 	Dead: 0
7.91381   0.0830722   0.421713  7.20134 	Dead: 0
7.7045    0.103569    0.525765  7.05085 	Dead: 0
7.66493   0.132593    0.673105  7.01004 	Dead: 0
7.85849   0.165334    0.839311  6.95579 	Dead: 0
7.72285   0.164741    0.836301  6.89297 	Dead: 0
7.66327   0.161251    0.818585  6.89297 	Dead: 0
7.78699   0.187584    0.952263  6.81847 	Dead: 0
7.73497   0.158282    0.803512  6.81847 	Dead: 0
7.71529   0.172451    0.87544   6.81847 	Dead: 0
7.70227   0.169989    0.862942  6.78726 	Dead: 0
7.77633   0.185686    0.942627  6.78726 	Dead: 0
7.64289   0.163541    0.830209  6.78726 	Dead: 0
7.56614   0.141945    0.720578  6.78726 	Dead: 0
7.60901   0.153654    0.780019  6.78726 	Dead: 0
7.65612   0.164487    0.835014  6.76257 	Dead: 0
7.60254   0.151497    0.76907   6.76257 	Dead: 0
7.57929   0.155557    0.78968   6.76257 	Dead: 0
7.64692   0.156819    0.796085  6.76257 	Dead: 0
7.59512   0.15311     0.77726   6.76257 	Dead: 0
7.57003   0.149462    0.758738  6.76257 	Dead: 0
7.53444   0.14746     0.748576  6.76257 	Dead: 0
7.49532   0.147096    0.746728  6.76257 	Dead: 0
7.50799   0.149602    0.75945   6.76257 	Dead: 0
7.62601   0.168616    0.855972  6.76257 	Dead: 0
7.6282    0.167283    0.849207  6.76257 	Dead: 0
7.58552   0.162763    0.826259  6.74825 	Dead: 0
7.55035   0.154094    0.782254  6.74825 	Dead: 0
7.62147   0.165648    0.840906  6.74825 	Dead: 0
7.56545   0.15017     0.762331  6.74825 	Dead: 0
7.65467   0.178757    0.907456  6.74825 	Dead: 0
7.57963   0.154164    0.782607  6.72597 	Dead: 0
7.64598   0.18135     0.920617  6.72597 	Dead: 0
7.64085   0.16867     0.856248  6.72597 	Dead: 0
7.50595   0.142865    0.725251  6.72597 	Dead: 0
7.6091    0.159667    0.810546  6.72597 	Dead: 0
7.51462   0.144227    0.732164  6.72597 	Dead: 0
7.58549   0.158681    0.805541  6.72597 	Dead: 0
7.51482   0.156923    0.796613  6.72597 	Dead: 0
7.56713   0.150749    0.765274  6.72597 	Dead: 0
7.58333   0.154477    0.784198  6.72597 	Dead: 0
7.54749   0.151306    0.768099  6.72597 	Dead: 0
7.59445   0.165302    0.839149  6.72597 	Dead: 0
7.5851    0.166765    0.846576  6.72597 	Dead: 0
7.64027   0.178294    0.905104  6.72597 	Dead: 0
7.65738   0.17207     0.87351   6.72597 	Dead: 0
7.58628   0.169594    0.860937  6.72597 	Dead: 0
7.64763   0.178514    0.90622   6.72597 	Dead: 0
7.62191   0.163624    0.830632  6.72597 	Dead: 0
7.53679   0.161399    0.819337  6.72597 	Dead: 0
7.50582   0.149694    0.759918  6.72597 	Dead: 0
7.60815   0.156706    0.795513  6.72597 	Dead: 0
7.47985   0.140043    0.710921  6.72597 	Dead: 0
7.55488   0.162425    0.824543  6.72597 	Dead: 0
7.55915   0.154962    0.78666   6.72597 	Dead: 0
7.52109   0.153962    0.781583  6.72597 	Dead: 0
7.61411   0.168309    0.854415  6.72597 	Dead: 0
7.67102   0.185421    0.941285  6.72597 	Dead: 0
7.42483   0.142422    0.723002  6.72597 	Dead: 0
7.47686   0.156066    0.792266  6.72597 	Dead: 0
7.67114   0.190103    0.965052  6.72597 	Dead: 0
7.48008   0.149261    0.757718  6.72597 	Dead: 0
7.51703   0.159582    0.810112  6.72597 	Dead: 0
7.63499   0.171667    0.871464  6.72597 	Dead: 0
7.56482   0.168787    0.85684   6.72597 	Dead: 0
7.44337   0.142131    0.721522  6.72597 	Dead: 0
7.53382   0.155447    0.789123  6.72597 	Dead: 0
7.56466   0.155671    0.790257  6.72597 	Dead: 0
7.71444   0.18828     0.955795  6.72597 	Dead: 0
7.50041   0.155947    0.791658  6.72597 	Dead: 0
7.56649   0.167265    0.849117  6.7221  	Dead: 0
7.63301   0.179186    0.909634  6.7221  	Dead: 0
7.51157   0.143507    0.72851   6.68886 	Dead: 0
7.71594   0.180445    0.916023  6.68886 	Dead: 0
7.70938   0.184116    0.934658  6.68886 	Dead: 0
7.57142   0.170955    0.867847  6.68886 	Dead: 0
7.6133    0.176967    0.898369  6.68886 	Dead: 0
7.6717    0.188305    0.955926  6.68886 	Dead: 0
7.58102   0.166524    0.845353  6.68886 	Dead: 0
7.60286   0.171199    0.869087  6.68886 	Dead: 0
7.58208   0.169731    0.861632  6.68886 	Dead: 0
7.59181   0.168512    0.855443  6.68886 	Dead: 0
7.55546   0.162387    0.824351  6.68886 	Dead: 0
7.59015   0.172601    0.876201  6.68886 	Dead: 0
7.49795   0.150966    0.766374  6.68886 	Dead: 0
7.53351   0.164755    0.836374  6.68886 	Dead: 0
7.6336    0.181242    0.920067  6.68886 	Dead: 0
7.4198    0.13953     0.70832   6.68886 	Dead: 0
7.45086   0.143899    0.730499  6.68886 	Dead: 0
7.55836   0.163015    0.827543  6.68886 	Dead: 0
7.61876   0.173454    0.880534  6.68886 	Dead: 0
7.49825   0.166527    0.84537   6.68886 	Dead: 0
7.40045   0.137735    0.699208  6.68886 	Dead: 0
7.41012   0.139762    0.709499  6.68886 	Dead: 0
7.53055   0.167697    0.851307  6.68886 	Dead: 0
7.56698   0.17821     0.904676  6.68886 	Dead: 0
7.54495   0.169673    0.86134   6.68886 	Dead: 0
7.32794   0.126711    0.643245  6.68886 	Dead: 0
