0   10.0533   0.0744357   0.37787   9.14971 	Dead: 0
1   7.30021   0.0361111   0.183317  6.998   	Dead: 0
2   7.1872    0.037179    0.188738  6.82449 	Dead: 0
3   7.08895   0.030766    0.156183  6.82449 	Dead: 0
4   6.92017   0.0435005   0.220829  6.45737 	Dead: 0
5   6.77099   0.0452823   0.229874  6.39668 	Dead: 0
6   6.65486   0.0490853   0.24918   6.23195 	Dead: 0
7   6.56253   0.059817    0.303659  6.09167 	Dead: 0
8   6.52518   0.0649311   0.329621  6.06353 	Dead: 0
9   6.46499   0.0571024   0.289878  6.06353 	Dead: 0
10  6.49175   0.0659391   0.334738  6.06353 	Dead: 0
11  6.49526   0.0662201   0.336164  6.02093 	Dead: 0
12  6.46902   0.0613461   0.311421  6.02093 	Dead: 0
13  6.47567   0.0672057   0.341168  6.02093 	Dead: 0
14  6.45955   0.0652937   0.331461  5.95246 	Dead: 0
15  6.48581   0.0683388   0.34692   5.95246 	Dead: 0
16  6.50052   0.066661    0.338402  5.95246 	Dead: 0
17  6.47952   0.0684823   0.347648  5.95246 	Dead: 0
18  6.42572   0.0646838   0.328365  5.95246 	Dead: 0
19  6.43451   0.069775    0.35421   5.95246 	Dead: 0
20  6.41081   0.0641827   0.325822  5.95246 	Dead: 0
21  6.30362   0.0794126   0.403135  5.74836 	Dead: 0
22  6.26226   0.0872276   0.442808  5.69823 	Dead: 0
23  6.24474   0.0874589   0.443982  5.62796 	Dead: 0
24  6.22101   0.0861712   0.437445  5.62796 	Dead: 0
25  6.17349   0.0762332   0.386995  5.62796 	Dead: 0
26  6.26272   0.0983456   0.499248  5.62796 	Dead: 0
27  6.22784   0.0891576   0.452606  5.62796 	Dead: 0
28  6.19073   0.0820721   0.416636  5.62796 	Dead: 0
29  6.25575   0.0893722   0.453695  5.62796 	Dead: 0
30  6.28833   0.101392    0.514713  5.62796 	Dead: 0
31  6.23766   0.0900117   0.456941  5.62796 	Dead: 0
32  6.2362    0.0903513   0.458665  5.62796 	Dead: 0
33  6.19983   0.0864701   0.438963  5.62796 	Dead: 0
34  6.25091   0.0992957   0.504071  5.62796 	Dead: 0
35  6.17554   0.0791498   0.401801  5.62796 	Dead: 0
36  6.20064   0.0936875   0.475602  5.52289 	Dead: 0
37  6.22658   0.0916167   0.465089  5.52289 	Dead: 0
38  6.25318   0.0975761   0.495342  5.52289 	Dead: 0
39  6.20975   0.0968524   0.491668  5.52289 	Dead: 0
40  6.15959   0.0890582   0.452101  5.52289 	Dead: 0
41  6.24021   0.0965374   0.490069  5.52289 	Dead: 0
42  6.24229   0.0956824   0.485729  5.52289 	Dead: 0
43  6.18403   0.0929041   0.471625  5.52289 	Dead: 0
44  6.14738   0.0899292   0.456523  5.52113 	Dead: 0
45  6.24107   0.102858    0.522153  5.52113 	Dead: 0
46  6.20958   0.0964485   0.489618  5.52113 	Dead: 0
47  6.26284   0.104452    0.530249  5.52113 	Dead: 0
48  6.19441   0.0961339   0.48802   5.52113 	Dead: 0
49  6.2382    0.102906    0.522401  5.52113 	Dead: 0
50  6.17783   0.0918708   0.466379  5.52113 	Dead: 0
51  6.25742   0.0988432   0.501774  5.52113 	Dead: 0
52  6.23644   0.0948697   0.481603  5.52113 	Dead: 0
53  6.20011   0.0937109   0.47572   5.52113 	Dead: 0
54  6.25484   0.102649    0.521093  5.52113 	Dead: 0
55  6.30605   0.105295    0.534529  5.52113 	Dead: 0
56  6.29193   0.0994081   0.504642  5.52113 	Dead: 0
57  6.31422   0.101649    0.516019  5.52113 	Dead: 0
58  6.2168    0.0974671   0.494788  5.52113 	Dead: 0
59  6.22432   0.10146     0.515059  5.50611 	Dead: 0
60  6.25422   0.100037    0.507834  5.50611 	Dead: 0
61  6.23478   0.097745    0.496199  5.50611 	Dead: 0
62  6.1474    0.0832102   0.422414  5.50611 	Dead: 0
63  6.20465   0.0944752   0.4796    5.50611 	Dead: 0
64  6.21331   0.0977859   0.496407  5.50611 	Dead: 0
65  6.14455   0.08869     0.450232  5.50611 	Dead: 0
66  6.16209   0.103258    0.524188  5.50611 	Dead: 0
67  6.13238   0.0875132   0.444258  5.50611 	Dead: 0
68  6.20813   0.100019    0.507745  5.50611 	Dead: 0
69  6.21076   0.103293    0.524363  5.50611 	Dead: 0
70  6.20844   0.104552    0.530755  5.50611 	Dead: 0
71  6.07111   0.0827348   0.42      5.50611 	Dead: 0
72  6.23673   0.100771    0.511559  5.50611 	Dead: 0
73  6.23987   0.102949    0.522619  5.50611 	Dead: 0
74  6.17292   0.0936472   0.475397  5.46883 	Dead: 0
75  6.27207   0.108581    0.551208  5.46883 	Dead: 0
76  6.22817   0.101752    0.516541  5.46883 	Dead: 0
77  6.2325    0.0998207   0.506737  5.46883 	Dead: 0
78  6.19722   0.102174    0.518683  5.46883 	Dead: 0
79  6.24495   0.107591    0.546184  5.46883 	Dead: 0
80  6.21753   0.10242     0.519934  5.46883 	Dead: 0
81  6.156     0.0950237   0.482384  5.46883 	Dead: 0
82  6.18583   0.0956648   0.485639  5.46883 	Dead: 0
83  6.12279   0.0930028   0.472125  5.46883 	Dead: 0
84  6.10301   0.0889348   0.451475  5.46883 	Dead: 0
85  6.14831   0.0893294   0.453478  5.46883 	Dead: 0
86  6.15308   0.0934085   0.474185  5.46883 	Dead: 0
87  6.11105   0.0883445   0.448478  5.46883 	Dead: 0
88  6.1104    0.0939614   0.476992  5.46883 	Dead: 0
89  6.11653   0.0908615   0.461256  5.46883 	Dead: 0
90  6.18297   0.0992444   0.503811  5.46883 	Dead: 0
91  6.15486   0.0965874   0.490323  5.46883 	Dead: 0
92  6.13567   0.0944249   0.479345  5.45644 	Dead: 0
93  6.13476   0.0909462   0.461685  5.45644 	Dead: 0
94  6.15025   0.0948404   0.481454  5.45644 	Dead: 0
95  6.14172   0.0943236   0.47883   5.45644 	Dead: 0
96  6.19597   0.103919    0.52754   5.45644 	Dead: 0
97  6.13614   0.0900433   0.457102  5.45644 	Dead: 0
98  6.11959   0.0957069   0.485853  5.45644 	Dead: 0
99  6.11956   0.0923617   0.468871  5.45644 	Dead: 0
100 6.09154   0.0900485   0.457128  5.45644 	Dead: 0
