10.203    0.0958838   0.486751  9.16614 	Dead: 0
8.32719   0.0446368   0.226597  7.86162 	Dead: 0
8.10963   0.0650804   0.330379  7.52362 	Dead: 0
7.50896   0.140144    0.711437  6.31445 	Dead: 0
7.42756   0.161944    0.822102  5.90031 	Dead: 0
7.32515   0.160457    0.814556  5.90031 	Dead: 0
7.23852   0.166112    0.84326   5.90031 	Dead: 0
7.25088   0.15967     0.810561  5.90031 	Dead: 0
7.10167   0.138211    0.701622  5.90031 	Dead: 0
7.29687   0.177568    0.90142   5.90031 	Dead: 0
7.26734   0.162135    0.823072  5.90031 	Dead: 0
7.30071   0.17544     0.890617  5.90031 	Dead: 0
7.19876   0.157171    0.797873  5.90031 	Dead: 0
7.29234   0.16494     0.837313  5.90031 	Dead: 0
7.12148   0.158137    0.802778  5.90031 	Dead: 0
7.21179   0.169103    0.858447  5.90031 	Dead: 0
7.05824   0.146102    0.741682  5.90031 	Dead: 0
7.13474   0.168763    0.856722  5.90031 	Dead: 0
7.22946   0.171802    0.872147  5.90031 	Dead: 0
7.10588   0.170991    0.868031  5.90031 	Dead: 0
7.12798   0.16566     0.840969  5.90031 	Dead: 0
7.09657   0.167771    0.851683  5.90031 	Dead: 0
7.11905   0.158198    0.803085  5.90031 	Dead: 0
6.99975   0.156207    0.792978  5.90031 	Dead: 0
6.98668   0.155981    0.791834  5.90031 	Dead: 0
6.92653   0.157781    0.800971  5.90031 	Dead: 0
7.0277    0.177523    0.90119   5.90031 	Dead: 0
6.94012   0.165614    0.840732  5.90031 	Dead: 0
6.96063   0.151412    0.768636  5.90031 	Dead: 0
7.00061   0.165402    0.839658  5.90031 	Dead: 0
7.0375    0.193014    0.979828  5.90031 	Dead: 0
6.95908   0.166321    0.844321  5.90031 	Dead: 0
6.95255   0.1703      0.864524  5.90031 	Dead: 0
6.99562   0.171324    0.869719  5.90031 	Dead: 0
6.99002   0.170065    0.86333   5.90031 	Dead: 0
7.05119   0.180689    0.91726   5.90031 	Dead: 0
6.96968   0.171692    0.871586  5.90031 	Dead: 0
6.84965   0.144085    0.731441  5.90031 	Dead: 0
6.83472   0.158278    0.803491  5.90031 	Dead: 0
6.88639   0.157672    0.800417  5.90031 	Dead: 0
6.87376   0.155187    0.787804  5.80633 	Dead: 0
6.92335   0.164032    0.832702  5.80633 	Dead: 0
6.93739   0.172997    0.878216  5.80633 	Dead: 0
6.94336   0.16889     0.857362  5.80633 	Dead: 0
6.93019   0.170709    0.866599  5.80633 	Dead: 0
6.92563   0.185653    0.942462  5.80633 	Dead: 0
6.89811   0.172722    0.876815  5.80633 	Dead: 0
6.96616   0.171775    0.87201   5.80633 	Dead: 0
6.97158   0.170913    0.867634  5.80633 	Dead: 0
6.86081   0.169201    0.858944  5.80633 	Dead: 0
6.98865   0.180032    0.913928  5.6007  	Dead: 0
6.955     0.191762    0.973473  5.6007  	Dead: 0
6.90793   0.164784    0.836521  5.6007  	Dead: 0
7.0298    0.168318    0.854459  5.6007  	Dead: 0
6.91478   0.167091    0.848232  5.6007  	Dead: 0
6.87753   0.15067     0.764873  5.6007  	Dead: 0
6.87707   0.174415    0.885414  5.6007  	Dead: 0
6.8243    0.162436    0.824598  5.6007  	Dead: 0
6.92758   0.185452    0.941443  5.6007  	Dead: 0
6.94058   0.175069    0.888732  5.6007  	Dead: 0
6.95541   0.172714    0.876775  5.6007  	Dead: 0
6.81578   0.162358    0.824203  5.6007  	Dead: 0
6.77521   0.161247    0.818563  5.6007  	Dead: 0
6.74622   0.165576    0.840542  5.6007  	Dead: 0
6.77471   0.155009    0.786899  5.6007  	Dead: 0
6.69176   0.158965    0.80698   5.6007  	Dead: 0
6.65305   0.143951    0.730762  5.6007  	Dead: 0
6.66841   0.155307    0.788413  5.54301 	Dead: 0
6.63279   0.147116    0.746829  5.54301 	Dead: 0
6.75603   0.173114    0.878809  5.54301 	Dead: 0
6.67687   0.162837    0.826635  5.54301 	Dead: 0
6.736     0.155826    0.791048  5.54301 	Dead: 0
6.80189   0.163567    0.830343  5.54301 	Dead: 0
6.70961   0.14804     0.751523  5.54301 	Dead: 0
6.82602   0.16064     0.815485  5.54301 	Dead: 0
6.70165   0.158174    0.802964  5.54301 	Dead: 0
6.69036   0.148945    0.756115  5.54301 	Dead: 0
6.77909   0.162184    0.82332   5.54301 	Dead: 0
6.63105   0.146898    0.745724  5.54301 	Dead: 0
6.80658   0.168221    0.85397   5.54301 	Dead: 0
6.66826   0.150759    0.765325  5.54301 	Dead: 0
6.64064   0.151614    0.769664  5.54301 	Dead: 0
6.78444   0.1699      0.862492  5.54301 	Dead: 0
6.83309   0.172671    0.876558  5.54301 	Dead: 0
6.69018   0.159291    0.808635  5.54301 	Dead: 0
6.80939   0.184346    0.935826  5.54301 	Dead: 0
6.78      0.168       0.852845  5.54301 	Dead: 0
6.73236   0.174419    0.885431  5.54301 	Dead: 0
6.70094   0.153471    0.779088  5.54301 	Dead: 0
6.72484   0.174491    0.8858    5.54301 	Dead: 0
6.62401   0.153942    0.781481  5.54301 	Dead: 0
6.71375   0.166168    0.843547  5.54301 	Dead: 0
6.79594   0.18061     0.916863  5.54301 	Dead: 0
6.69365   0.155047    0.787091  5.54301 	Dead: 0
6.61539   0.158172    0.802957  5.54301 	Dead: 0
6.69942   0.155969    0.791773  5.54301 	Dead: 0
6.76322   0.180311    0.915341  5.54301 	Dead: 0
6.62299   0.153971    0.781628  5.54301 	Dead: 0
6.65055   0.154318    0.783391  5.54301 	Dead: 0
6.64284   0.161931    0.822036  5.54301 	Dead: 0
6.66125   0.159613    0.810268  5.54301 	Dead: 0
