8.42229   0.109881    0.557807  7.23535 	Dead: 0
7.11208   0.048664    0.247041  6.50255 	Dead: 0
6.92744   0.0502299   0.25499   6.41912 	Dead: 0
6.87461   0.0584496   0.296717  6.31668 	Dead: 0
6.83816   0.0673265   0.341781  6.27147 	Dead: 0
6.84174   0.073944    0.375374  6.26257 	Dead: 0
6.69396   0.0616325   0.312875  6.01416 	Dead: 0
6.66162   0.0691767   0.351173  6.01416 	Dead: 0
6.57437   0.0830622   0.421663  5.85408 	Dead: 0
6.59183   0.0790868   0.401482  5.85408 	Dead: 0
6.49041   0.0788328   0.400192  5.85408 	Dead: 0
6.43268   0.0783553   0.397768  5.7845  	Dead: 0
6.37518   0.0826643   0.419643  5.74404 	Dead: 0
6.39768   0.0781321   0.396635  5.74404 	Dead: 0
6.44504   0.0938007   0.476176  5.74404 	Dead: 0
6.40708   0.0913725   0.463849  5.74404 	Dead: 0
6.42951   0.103002    0.522888  5.74404 	Dead: 0
6.36363   0.0886264   0.449909  5.7229  	Dead: 0
6.36382   0.0785777   0.398897  5.7229  	Dead: 0
6.34657   0.0920133   0.467103  5.62246 	Dead: 0
6.35845   0.0841307   0.427087  5.62246 	Dead: 0
6.34065   0.0834476   0.423619  5.62246 	Dead: 0
6.39444   0.107381    0.545117  5.62246 	Dead: 0
6.37496   0.103359    0.524699  5.62246 	Dead: 0
6.34708   0.0921622   0.467858  5.62246 	Dead: 0
6.30823   0.0799122   0.405671  5.62246 	Dead: 0
6.28123   0.0931646   0.472947  5.62246 	Dead: 0
6.32884   0.0864869   0.439048  5.62246 	Dead: 0
6.29824   0.0878107   0.445768  5.62246 	Dead: 0
6.22354   0.0795139   0.40365   5.53667 	Dead: 0
6.27836   0.102505    0.520364  5.53667 	Dead: 0
6.25518   0.0920993   0.467539  5.53667 	Dead: 0
6.26302   0.0927298   0.47074   5.53667 	Dead: 0
6.20306   0.0788119   0.400086  5.53667 	Dead: 0
6.20496   0.0760637   0.386135  5.53667 	Dead: 0
6.21569   0.0895156   0.454423  5.53667 	Dead: 0
6.21497   0.0809624   0.411003  5.53667 	Dead: 0
6.2497    0.0937977   0.476161  5.4479  	Dead: 0
6.17901   0.0903136   0.458474  5.4479  	Dead: 0
6.16519   0.0753222   0.38237   5.4479  	Dead: 0
6.20222   0.0990873   0.503013  5.4479  	Dead: 0
6.2071    0.0876254   0.444827  5.4479  	Dead: 0
6.19017   0.0766013   0.388864  5.4479  	Dead: 0
6.19207   0.0974133   0.494515  5.4479  	Dead: 0
6.16677   0.0775591   0.393726  5.4479  	Dead: 0
6.26348   0.0963689   0.489213  5.4479  	Dead: 0
6.23814   0.108672    0.551668  5.4479  	Dead: 0
6.14734   0.0752616   0.382063  5.4479  	Dead: 0
6.1922    0.101494    0.515231  5.4479  	Dead: 0
6.2046    0.11081     0.562521  5.4479  	Dead: 0
6.17103   0.0896349   0.455028  5.4479  	Dead: 0
6.15037   0.0890659   0.45214   5.4479  	Dead: 0
6.16809   0.081468    0.41357   5.3996  	Dead: 0
6.06173   0.0716565   0.363762  5.3996  	Dead: 0
6.14101   0.0921656   0.467875  5.3996  	Dead: 0
6.14631   0.102439    0.520028  5.3996  	Dead: 0
6.07024   0.0768205   0.389977  5.3996  	Dead: 0
6.13543   0.0928288   0.471242  5.3996  	Dead: 0
6.12094   0.0811765   0.41209   5.3996  	Dead: 0
6.18139   0.100511    0.510243  5.3996  	Dead: 0
6.14296   0.107118    0.543778  5.3996  	Dead: 0
6.13794   0.0897273   0.455498  5.3996  	Dead: 0
6.20209   0.11574     0.587548  5.3996  	Dead: 0
6.13388   0.0995801   0.505515  5.3996  	Dead: 0
6.09672   0.0880125   0.446793  5.3996  	Dead: 0
6.12959   0.103216    0.523974  5.3996  	Dead: 0
6.06562   0.0876966   0.445189  5.3996  	Dead: 0
6.14585   0.0991963   0.503567  5.3996  	Dead: 0
6.11959   0.0861916   0.437549  5.3996  	Dead: 0
6.07576   0.0829499   0.421092  5.3996  	Dead: 0
6.10271   0.093329    0.473782  5.3996  	Dead: 0
6.10355   0.10028     0.509069  5.3996  	Dead: 0
6.09763   0.0838586   0.425705  5.3996  	Dead: 0
6.12568   0.0976953   0.495947  5.3996  	Dead: 0
6.11529   0.0865179   0.439205  5.3996  	Dead: 0
6.13896   0.111273    0.564874  5.3996  	Dead: 0
6.06005   0.0996753   0.505998  5.3996  	Dead: 0
6.05096   0.082522    0.41892   5.3996  	Dead: 0
6.06891   0.110998    0.563478  5.3996  	Dead: 0
6.07372   0.110595    0.561433  5.3996  	Dead: 0
5.93297   0.0659376   0.33473   5.39765 	Dead: 0
5.95428   0.0756439   0.384004  5.39765 	Dead: 0
6.01858   0.101988    0.517738  5.39765 	Dead: 0
5.95833   0.0870688   0.442002  5.37469 	Dead: 0
5.92971   0.0839036   0.425934  5.27721 	Dead: 0
5.93251   0.0720558   0.365789  5.27721 	Dead: 0
5.97057   0.0913939   0.463958  5.27721 	Dead: 0
5.91776   0.0730406   0.370788  5.27721 	Dead: 0
5.96831   0.0923343   0.468732  5.23755 	Dead: 0
5.95252   0.101227    0.513876  5.23755 	Dead: 0
5.94217   0.0895549   0.454622  5.23755 	Dead: 0
5.89801   0.103943    0.527661  5.23755 	Dead: 0
5.89969   0.0974246   0.494573  5.23755 	Dead: 0
5.95799   0.108537    0.550984  5.23755 	Dead: 0
5.89759   0.0827319   0.419986  5.23755 	Dead: 0
5.91083   0.093345    0.473863  5.23755 	Dead: 0
5.95029   0.100258    0.508956  5.23755 	Dead: 0
5.9411    0.0976511   0.495722  5.23755 	Dead: 0
5.9019    0.0801337   0.406796  5.23755 	Dead: 0
5.92441   0.0898213   0.455975  5.23755 	Dead: 0
5.90675   0.0797418   0.404807  5.23755 	Dead: 0
