8.33075   0.0987442   0.501271  7.18069 	Dead: 0
6.72414   0.0777392   0.394641  6.06986 	Dead: 0
6.44019   0.0614573   0.311986  5.9855  	Dead: 0
6.39496   0.066846    0.339342  5.86426 	Dead: 0
6.33347   0.0690579   0.35057   5.74934 	Dead: 0
6.24846   0.0631483   0.32057   5.62527 	Dead: 0
6.29093   0.0792652   0.402387  5.62527 	Dead: 0
6.22137   0.0690527   0.350544  5.62527 	Dead: 0
6.22904   0.0882296   0.447895  5.62527 	Dead: 0
6.19226   0.094083    0.477609  5.5701  	Dead: 0
6.19627   0.0734826   0.373032  5.5701  	Dead: 0
6.16732   0.0789119   0.400594  5.5701  	Dead: 0
6.1177    0.0776796   0.394338  5.5701  	Dead: 0
6.08268   0.0692624   0.351608  5.46655 	Dead: 0
6.11772   0.0659095   0.334587  5.46655 	Dead: 0
6.09555   0.0788458   0.400258  5.46655 	Dead: 0
6.11751   0.0761019   0.386329  5.46655 	Dead: 0
6.10802   0.0762211   0.386934  5.46655 	Dead: 0
6.04181   0.0742416   0.376885  5.46655 	Dead: 0
5.99933   0.0643458   0.326649  5.46655 	Dead: 0
6.05603   0.0683553   0.347004  5.46655 	Dead: 0
6.00783   0.0760483   0.386057  5.46655 	Dead: 0
6.05324   0.081947    0.416001  5.46655 	Dead: 0
6.03113   0.0799059   0.40564   5.46655 	Dead: 0
6.05661   0.0759402   0.385508  5.46655 	Dead: 0
6.01676   0.0807883   0.410119  5.46655 	Dead: 0
6.0007    0.0680184   0.345293  5.46655 	Dead: 0
6.02878   0.0864483   0.438852  5.46655 	Dead: 0
6.03172   0.0903007   0.458408  5.46655 	Dead: 0
6.01576   0.0699228   0.354961  5.46655 	Dead: 0
6.0208    0.081982    0.416179  5.46655 	Dead: 0
5.98104   0.0665442   0.33781   5.46655 	Dead: 0
6.0109    0.0820536   0.416542  5.46655 	Dead: 0
5.98426   0.0915687   0.464845  5.33312 	Dead: 0
5.97918   0.0777185   0.394535  5.33312 	Dead: 0
5.88488   0.0672027   0.341152  5.24114 	Dead: 0
5.82203   0.0688811   0.349673  5.19394 	Dead: 0
5.83301   0.0792959   0.402543  5.19394 	Dead: 0
5.83793   0.0787218   0.399629  5.19394 	Dead: 0
5.82838   0.083985    0.426347  5.19394 	Dead: 0
5.7543    0.0778855   0.395383  5.19394 	Dead: 0
5.80119   0.0792901   0.402513  5.19394 	Dead: 0
5.79053   0.0773363   0.392595  5.19394 	Dead: 0
5.80111   0.0931716   0.472982  5.19394 	Dead: 0
5.7518    0.0761628   0.386638  5.19394 	Dead: 0
5.75047   0.0819199   0.415863  5.19394 	Dead: 0
5.82767   0.101369    0.514597  5.19394 	Dead: 0
5.75157   0.0798332   0.40527   5.11544 	Dead: 0
5.72153   0.063894    0.324356  5.11544 	Dead: 0
5.79633   0.0951687   0.483121  5.11544 	Dead: 0
5.77446   0.090134    0.457562  5.07886 	Dead: 0
5.70104   0.0667955   0.339085  5.07886 	Dead: 0
5.7479    0.0806031   0.409179  5.07886 	Dead: 0
5.71625   0.0684855   0.347664  5.07886 	Dead: 0
5.78483   0.105992    0.538066  5.07886 	Dead: 0
5.76268   0.0819551   0.416042  5.07886 	Dead: 0
5.74878   0.0828842   0.420759  5.07886 	Dead: 0
5.74253   0.0828996   0.420837  5.07886 	Dead: 0
5.6671    0.0673899   0.342102  5.07886 	Dead: 0
5.72428   0.073516    0.373202  5.07886 	Dead: 0
5.69553   0.0851257   0.432138  5.07886 	Dead: 0
5.66799   0.0763103   0.387387  5.07886 	Dead: 0
5.70372   0.0815401   0.413936  5.07886 	Dead: 0
5.71092   0.0925032   0.469589  5.07886 	Dead: 0
5.7195    0.0731182   0.371182  5.07886 	Dead: 0
5.69772   0.0778213   0.395057  5.07886 	Dead: 0
5.71131   0.0758816   0.38521   5.07886 	Dead: 0
5.73003   0.083386    0.423306  5.07886 	Dead: 0
5.68445   0.0768495   0.390124  5.07886 	Dead: 0
5.69241   0.0750762   0.381122  5.07886 	Dead: 0
5.68535   0.0904513   0.459173  5.07886 	Dead: 0
5.68285   0.081444    0.413448  5.07886 	Dead: 0
5.64537   0.0882956   0.44823   4.99001 	Dead: 0
5.49899   0.0846193   0.429567  4.88746 	Dead: 0
5.45814   0.0874632   0.444004  4.75608 	Dead: 0
5.45835   0.112258    0.569873  4.70906 	Dead: 0
5.39274   0.104484    0.530407  4.70396 	Dead: 0
5.33175   0.0718354   0.36467   4.70396 	Dead: 0
5.34784   0.0921519   0.467806  4.70396 	Dead: 0
5.35347   0.0937125   0.475728  4.70396 	Dead: 0
5.3132    0.0794613   0.403383  4.70396 	Dead: 0
5.2981    0.0755775   0.383667  4.70396 	Dead: 0
5.4498    0.126481    0.642078  4.70396 	Dead: 0
5.35553   0.0859344   0.436243  4.70396 	Dead: 0
5.27637   0.0718457   0.364722  4.70396 	Dead: 0
5.31355   0.0767624   0.389682  4.70396 	Dead: 0
5.29706   0.0770482   0.391133  4.70396 	Dead: 0
5.32682   0.0897454   0.455589  4.70396 	Dead: 0
5.34936   0.103038    0.523067  4.70396 	Dead: 0
5.34613   0.0950592   0.482565  4.70396 	Dead: 0
5.30952   0.0902365   0.458083  4.70396 	Dead: 0
5.22493   0.0700158   0.355433  4.70396 	Dead: 0
5.26618   0.0789796   0.400937  4.70396 	Dead: 0
5.31289   0.101999    0.517793  4.70396 	Dead: 0
5.2556    0.102577    0.520729  4.63758 	Dead: 0
5.21249   0.080835    0.410356  4.63758 	Dead: 0
5.24813   0.113093    0.574114  4.63758 	Dead: 0
5.16477   0.0838031   0.425424  4.62682 	Dead: 0
5.21896   0.121936    0.619005  4.62682 	Dead: 0
5.14669   0.0866683   0.439969  4.62682 	Dead: 0
5.11598   0.0767097   0.389414  4.59877 	Dead: 0
