13.7757   0.0741139   0.376237  13.021  	Dead: 0
12.6019   0.0501961   0.254819  11.9312 	Dead: 0
12.1756   0.0471387   0.239298  11.6708 	Dead: 0
11.8889   0.060022    0.3047    11.2483 	Dead: 0
11.7551   0.0652526   0.331253  11.1147 	Dead: 0
11.7299   0.068884    0.349687  11.1147 	Dead: 0
11.6815   0.0720043   0.365527  11.1147 	Dead: 0
11.657    0.0732605   0.371905  11.0464 	Dead: 0
11.6641   0.0724787   0.367936  11.0464 	Dead: 0
11.6187   0.080251    0.407391  10.9611 	Dead: 0
11.633    0.0717832   0.364405  10.9611 	Dead: 0
11.6059   0.0697478   0.354072  10.9611 	Dead: 0
11.5338   0.0662197   0.336162  10.9611 	Dead: 0
11.5121   0.0723211   0.367136  10.9607 	Dead: 0
11.5012   0.0827351   0.420002  10.8485 	Dead: 0
11.4559   0.0747768   0.379602  10.8485 	Dead: 0
11.4847   0.0877386   0.445402  10.8485 	Dead: 0
11.516    0.0797033   0.404611  10.8485 	Dead: 0
11.4821   0.0793528   0.402832  10.6175 	Dead: 0
11.4816   0.0850459   0.431733  10.6175 	Dead: 0
11.4699   0.0828729   0.420702  10.6175 	Dead: 0
11.4636   0.0769629   0.390699  10.6175 	Dead: 0
11.4506   0.0785045   0.398525  10.6175 	Dead: 0
11.4329   0.0794817   0.403486  10.6175 	Dead: 0
11.3889   0.0708925   0.359883  10.6175 	Dead: 0
11.4435   0.0834606   0.423685  10.6175 	Dead: 0
11.4047   0.0768148   0.389948  10.6175 	Dead: 0
11.4199   0.0760827   0.386232  10.6175 	Dead: 0
11.4076   0.0771427   0.391612  10.6175 	Dead: 0
11.3768   0.0754714   0.383128  10.6175 	Dead: 0
11.3615   0.075225    0.381877  10.6175 	Dead: 0
11.3861   0.0791015   0.401556  10.6175 	Dead: 0
11.33     0.0786453   0.39924   10.6175 	Dead: 0
11.3339   0.0755436   0.383495  10.6175 	Dead: 0
11.3389   0.0817619   0.415061  10.6175 	Dead: 0
11.29     0.0809842   0.411113  10.617  	Dead: 0
11.3477   0.0903551   0.458685  10.6054 	Dead: 0
11.2237   0.0831523   0.42212   10.6054 	Dead: 0
11.2609   0.0798714   0.405465  10.6054 	Dead: 0
11.2722   0.0814024   0.413236  10.6054 	Dead: 0
11.2332   0.0821106   0.416832  10.6054 	Dead: 0
11.2434   0.0884559   0.449043  10.6054 	Dead: 0
11.2272   0.086963    0.441465  10.6054 	Dead: 0
11.2266   0.0885189   0.449363  10.3815 	Dead: 0
11.241    0.0852499   0.432768  10.3815 	Dead: 0
11.1935   0.077566    0.393761  10.3815 	Dead: 0
11.2693   0.0874458   0.443916  10.3815 	Dead: 0
11.2647   0.0842335   0.427608  10.3815 	Dead: 0
11.2403   0.0852648   0.432844  10.3815 	Dead: 0
11.2747   0.0895115   0.454402  10.3815 	Dead: 0
11.2545   0.0931433   0.472839  10.3815 	Dead: 0
11.2383   0.0965906   0.490339  10.3815 	Dead: 0
11.2344   0.0828613   0.420643  10.3815 	Dead: 0
11.211    0.0844247   0.428579  10.3815 	Dead: 0
11.2734   0.0921487   0.46779   10.3815 	Dead: 0
11.212    0.0858967   0.436052  10.3815 	Dead: 0
11.1556   0.0784041   0.398016  10.3815 	Dead: 0
11.2263   0.0862776   0.437985  10.3815 	Dead: 0
11.2442   0.0829357   0.42102   10.3815 	Dead: 0
11.2298   0.0822755   0.417669  10.3815 	Dead: 0
11.2281   0.0885667   0.449606  10.3815 	Dead: 0
11.2345   0.0830782   0.421744  10.3815 	Dead: 0
11.2182   0.087318    0.443267  10.3815 	Dead: 0
11.2362   0.0866082   0.439664  10.3815 	Dead: 0
11.2202   0.0863564   0.438385  10.3815 	Dead: 0
11.1924   0.0809633   0.411008  10.3815 	Dead: 0
11.1697   0.0770645   0.391215  10.3815 	Dead: 0
11.2179   0.0833826   0.423289  10.3815 	Dead: 0
11.1733   0.0817909   0.415209  10.3815 	Dead: 0
11.1851   0.0848869   0.430926  10.3815 	Dead: 0
11.23     0.0850512   0.43176   10.3815 	Dead: 0
11.1829   0.0829122   0.420901  10.3815 	Dead: 0
11.2151   0.0937957   0.476151  10.3815 	Dead: 0
11.2038   0.0873077   0.443214  10.3815 	Dead: 0
11.216    0.089474    0.454212  10.3815 	Dead: 0
11.2226   0.0820338   0.416442  10.3815 	Dead: 0
11.162    0.0790007   0.401044  10.3815 	Dead: 0
11.1734   0.0825702   0.419165  10.3815 	Dead: 0
11.165    0.0777433   0.394661  10.3815 	Dead: 0
11.1621   0.0828945   0.420811  10.3815 	Dead: 0
11.1445   0.0803089   0.407685  10.3815 	Dead: 0
11.197    0.0788032   0.400042  10.3815 	Dead: 0
11.1854   0.0842754   0.427821  10.3815 	Dead: 0
11.1218   0.0747314   0.379372  10.3815 	Dead: 0
11.1623   0.0853867   0.433463  10.3815 	Dead: 0
11.2026   0.0879341   0.446394  10.3815 	Dead: 0
11.194    0.0865929   0.439586  10.3815 	Dead: 0
11.1365   0.0829664   0.421176  10.3815 	Dead: 0
11.1304   0.0819203   0.415866  10.3087 	Dead: 0
11.188    0.0903321   0.458568  10.3087 	Dead: 0
11.1502   0.0841217   0.427041  10.3087 	Dead: 0
11.1475   0.0863446   0.438326  10.3087 	Dead: 0
11.2191   0.0902426   0.458114  10.3087 	Dead: 0
11.1338   0.0794063   0.403103  10.3087 	Dead: 0
11.1022   0.0778898   0.395405  10.3087 	Dead: 0
11.1437   0.0828931   0.420804  10.3087 	Dead: 0
11.1013   0.08299     0.421296  10.3087 	Dead: 0
11.1253   0.0821953   0.417262  10.3087 	Dead: 0
11.147    0.094062    0.477503  10.3087 	Dead: 0
11.1492   0.0879899   0.446678  10.3087 	Dead: 0
11.145    0.0885704   0.449625  10.3087 	Dead: 0
