9.89367   0.171222    0.869204  7.69983 	Dead: 0
5.36962   0.0844595   0.428756  4.75501 	Dead: 0
3.65746   0.0668792   0.33951   2.92528 	Dead: 0
2.95476   0.077605    0.393959  2.64392 	Dead: 0
2.77507   0.0463872   0.235483  2.44843 	Dead: 0
2.63805   0.0318481   0.161676  2.44843 	Dead: 0
2.56621   0.0397138   0.201606  2.35208 	Dead: 0
2.50091   0.0413748   0.210038  2.25484 	Dead: 0
2.50102   0.0648789   0.329355  2.25484 	Dead: 0
2.45119   0.038567    0.195784  2.25484 	Dead: 0
2.45559   0.0566357   0.287509  2.23484 	Dead: 0
2.43104   0.0704231   0.3575    2.18022 	Dead: 0
2.47171   0.0997894   0.506577  2.18022 	Dead: 0
2.37761   0.0447346   0.227094  2.18022 	Dead: 0
2.40656   0.0728769   0.369957  2.18022 	Dead: 0
2.39341   0.0630057   0.319847  2.18022 	Dead: 0
2.39954   0.0702863   0.356806  2.18022 	Dead: 0
2.33021   0.0389639   0.197799  2.18022 	Dead: 0
2.32431   0.0355106   0.180268  2.14321 	Dead: 0
2.36777   0.0816732   0.414611  2.14321 	Dead: 0
2.38764   0.102562    0.520654  2.13585 	Dead: 0
2.33815   0.0473937   0.240592  2.12218 	Dead: 0
2.32226   0.0700234   0.355471  2.12218 	Dead: 0
2.33735   0.0736485   0.373874  2.12218 	Dead: 0
2.2966    0.0483959   0.24568   2.07797 	Dead: 0
2.33606   0.0874936   0.444158  2.07797 	Dead: 0
2.25574   0.0422323   0.214391  2.07797 	Dead: 0
2.28866   0.0614419   0.311908  2.07797 	Dead: 0
2.29663   0.0746524   0.37897   2.06797 	Dead: 0
2.26624   0.0591938   0.300495  2.06388 	Dead: 0
2.27581   0.0533831   0.270998  2.06388 	Dead: 0
2.22093   0.0361591   0.18356   2.0465  	Dead: 0
2.21925   0.0320285   0.162592  2.0465  	Dead: 0
2.25635   0.052915    0.268621  2.0465  	Dead: 0
2.30875   0.0682622   0.346531  2.0465  	Dead: 0
2.31171   0.0760426   0.386028  2.0465  	Dead: 0
2.22501   0.034018    0.172691  2.0465  	Dead: 0
2.2027    0.0331041   0.168052  2.0465  	Dead: 0
2.26804   0.0508563   0.25817   2.0456  	Dead: 0
2.23432   0.050321    0.255453  2.04366 	Dead: 0
2.24318   0.0481187   0.244273  2.04366 	Dead: 0
2.25812   0.068968    0.350114  2.04366 	Dead: 0
2.20682   0.0447973   0.227412  2.04366 	Dead: 0
2.21146   0.041794    0.212166  2.04366 	Dead: 0
2.23828   0.0451887   0.229399  2.03845 	Dead: 0
2.21037   0.0492908   0.250223  2.03072 	Dead: 0
2.20079   0.0426632   0.216578  2.03072 	Dead: 0
2.20056   0.0368557   0.187097  2.03072 	Dead: 0
2.19612   0.0498019   0.252818  2.01507 	Dead: 0
2.20106   0.0490141   0.248818  2.01507 	Dead: 0
2.20553   0.0394336   0.200183  2.01507 	Dead: 0
2.22739   0.0582692   0.295802  2.01507 	Dead: 0
2.18213   0.0359509   0.182503  2.01507 	Dead: 0
2.19265   0.0436426   0.22155   2.01507 	Dead: 0
2.2662    0.079136    0.401731  2.01507 	Dead: 0
2.19592   0.0458553   0.232783  2.01507 	Dead: 0
2.22695   0.0506574   0.25716   2.01507 	Dead: 0
2.20037   0.0468492   0.237828  2.01507 	Dead: 0
2.21789   0.0814907   0.413685  2.01507 	Dead: 0
2.20992   0.0554209   0.281342  2.01507 	Dead: 0
2.25442   0.0676826   0.343588  2.01507 	Dead: 0
2.20057   0.0461139   0.234096  2.01507 	Dead: 0
2.21484   0.0620954   0.315225  2.01507 	Dead: 0
2.23041   0.0485634   0.246531  2.01507 	Dead: 0
2.18191   0.0462199   0.234634  2.01507 	Dead: 0
2.22124   0.0492818   0.250177  2.0141  	Dead: 0
2.19198   0.0426013   0.216264  2.0141  	Dead: 0
2.16511   0.0349926   0.177639  2.0141  	Dead: 0
2.24609   0.0829957   0.421325  1.99187 	Dead: 0
2.22345   0.0809611   0.410996  1.99187 	Dead: 0
2.14554   0.0365376   0.185482  1.99187 	Dead: 0
2.16409   0.0493375   0.25046   1.99187 	Dead: 0
2.18353   0.0668854   0.339542  1.99187 	Dead: 0
2.12466   0.0306259   0.155471  1.9712  	Dead: 0
2.15812   0.06044     0.306822  1.9712  	Dead: 0
2.18145   0.0703251   0.357003  1.9712  	Dead: 0
2.13371   0.047442    0.240838  1.95227 	Dead: 0
2.14573   0.0542077   0.275183  1.95227 	Dead: 0
2.17972   0.0743937   0.377657  1.95227 	Dead: 0
2.18261   0.0726659   0.368886  1.95227 	Dead: 0
2.13869   0.0426548   0.216536  1.95227 	Dead: 0
2.15009   0.0733192   0.372202  1.95227 	Dead: 0
2.09625   0.0284981   0.14467   1.95227 	Dead: 0
2.09901   0.0406602   0.20641   1.93117 	Dead: 0
2.11935   0.0416604   0.211488  1.93117 	Dead: 0
2.12088   0.0460699   0.233872  1.93117 	Dead: 0
2.12619   0.0390542   0.198257  1.93117 	Dead: 0
2.09049   0.0336896   0.171024  1.93117 	Dead: 0
2.12075   0.0445212   0.226011  1.93117 	Dead: 0
2.18992   0.0773282   0.392554  1.93117 	Dead: 0
2.10875   0.052915    0.268621  1.93117 	Dead: 0
2.13346   0.0480738   0.244045  1.93117 	Dead: 0
2.10889   0.0443484   0.225133  1.93117 	Dead: 0
2.12141   0.0401921   0.204034  1.92646 	Dead: 0
2.14888   0.0688432   0.34948   1.91297 	Dead: 0
2.14362   0.0630261   0.31995   1.91297 	Dead: 0
2.11594   0.0553937   0.281204  1.91297 	Dead: 0
2.10332   0.0352598   0.178995  1.91297 	Dead: 0
2.10553   0.0393111   0.199561  1.91297 	Dead: 0
2.16843   0.0675887   0.343112  1.91297 	Dead: 0
2.11372   0.0611523   0.310438  1.91297 	Dead: 0
