9.9698    0.164573    0.83545   8.1143  	Dead: 0
4.62951   0.0686973   0.348739  3.86765 	Dead: 0
3.59708   0.0507111   0.257433  3.27713 	Dead: 0
3.05957   0.0454634   0.230793  2.78363 	Dead: 0
2.84256   0.0508055   0.257912  2.59153 	Dead: 0
2.65214   0.0338001   0.171585  2.43933 	Dead: 0
2.55696   0.0364207   0.184888  2.35076 	Dead: 0
2.52005   0.0431701   0.219152  2.31912 	Dead: 0
2.45394   0.0420272   0.21335   2.24759 	Dead: 0
2.42447   0.0359832   0.182668  2.22982 	Dead: 0
2.4149    0.0484655   0.246033  2.20282 	Dead: 0
2.37149   0.0404824   0.205507  2.17638 	Dead: 0
2.3319    0.0560317   0.284443  2.17112 	Dead: 0
2.35949   0.0493802   0.250677  2.15775 	Dead: 0
2.35608   0.0539901   0.274079  2.15775 	Dead: 0
2.33479   0.0447393   0.227117  2.08713 	Dead: 0
2.33409   0.0486208   0.246822  2.08713 	Dead: 0
2.26844   0.0417342   0.211862  2.08074 	Dead: 0
2.28665   0.0496526   0.25206   2.08074 	Dead: 0
2.30195   0.0650045   0.329993  2.08074 	Dead: 0
2.25563   0.0406921   0.206572  2.08074 	Dead: 0
2.20676   0.0340938   0.173076  2.08074 	Dead: 0
2.23607   0.0398603   0.202349  2.05451 	Dead: 0
2.22367   0.0378379   0.192083  2.05451 	Dead: 0
2.20387   0.0372309   0.189002  2.04685 	Dead: 0
2.22417   0.0456249   0.231613  2.04685 	Dead: 0
2.22486   0.053238    0.270261  2.04187 	Dead: 0
2.2002    0.0399707   0.20291   2.04065 	Dead: 0
2.22103   0.0577932   0.293385  2.03634 	Dead: 0
2.15477   0.0348399   0.176863  2.02745 	Dead: 0
2.20401   0.058667    0.297821  2.01501 	Dead: 0
2.18459   0.0435467   0.221063  2.01501 	Dead: 0
2.20756   0.0559386   0.283971  1.97489 	Dead: 0
2.17185   0.0415476   0.210915  1.97489 	Dead: 0
2.1811    0.0448629   0.227745  1.97489 	Dead: 0
2.16185   0.0346242   0.175768  1.97489 	Dead: 0
2.20836   0.0491635   0.249577  1.97489 	Dead: 0
2.15497   0.0314856   0.159835  1.97489 	Dead: 0
2.14831   0.0340472   0.172839  1.97489 	Dead: 0
2.16356   0.0416145   0.211255  1.97489 	Dead: 0
2.155     0.0429778   0.218175  1.97489 	Dead: 0
2.14424   0.039155    0.198769  1.97489 	Dead: 0
2.16293   0.0445278   0.226044  1.97489 	Dead: 0
2.16273   0.0420126   0.213276  1.97489 	Dead: 0
2.15636   0.0332256   0.168669  1.97489 	Dead: 0
2.17329   0.0474128   0.240689  1.97489 	Dead: 0
2.18137   0.0456617   0.2318    1.97489 	Dead: 0
2.15121   0.0370727   0.188199  1.97489 	Dead: 0
2.16487   0.0362458   0.184001  1.97489 	Dead: 0
2.14355   0.0322117   0.163522  1.97489 	Dead: 0
2.18848   0.0502277   0.254979  1.97489 	Dead: 0
2.16207   0.0405851   0.206029  1.97489 	Dead: 0
2.14674   0.0355955   0.180699  1.97489 	Dead: 0
2.13135   0.0326556   0.165775  1.97489 	Dead: 0
2.18796   0.0541985   0.275137  1.97489 	Dead: 0
2.15047   0.0462343   0.234707  1.97489 	Dead: 0
2.14868   0.0494229   0.250894  1.97489 	Dead: 0
2.12981   0.0377209   0.191489  1.97489 	Dead: 0
2.2251    0.0742505   0.37693   1.97489 	Dead: 0
2.14376   0.0421302   0.213873  1.9738  	Dead: 0
2.13037   0.0282275   0.143296  1.9738  	Dead: 0
2.18219   0.0513946   0.260903  1.9738  	Dead: 0
2.16426   0.049925    0.253443  1.9738  	Dead: 0
2.15933   0.0530597   0.269356  1.9738  	Dead: 0
2.1532    0.0466982   0.237062  1.9738  	Dead: 0
2.14799   0.0408399   0.207322  1.9738  	Dead: 0
2.15037   0.0531637   0.269884  1.9738  	Dead: 0
2.13439   0.038246    0.194155  1.9738  	Dead: 0
2.15679   0.0566985   0.287828  1.9738  	Dead: 0
2.13716   0.0388521   0.197231  1.9738  	Dead: 0
2.14005   0.040617    0.206191  1.9738  	Dead: 0
2.12231   0.0315128   0.159973  1.9738  	Dead: 0
2.16329   0.0501695   0.254684  1.9738  	Dead: 0
2.15218   0.0499523   0.253581  1.9738  	Dead: 0
2.11832   0.035155    0.178463  1.9738  	Dead: 0
2.16875   0.0449689   0.228283  1.9738  	Dead: 0
2.13878   0.0372995   0.189349  1.9738  	Dead: 0
2.13033   0.0345454   0.175369  1.9738  	Dead: 0
2.12055   0.0314554   0.159682  1.9738  	Dead: 0
2.18475   0.0500965   0.254313  1.9738  	Dead: 0
2.12288   0.0382876   0.194366  1.9738  	Dead: 0
2.16045   0.04514     0.229152  1.9738  	Dead: 0
2.15654   0.055308    0.280769  1.9738  	Dead: 0
2.14438   0.0430119   0.218348  1.9738  	Dead: 0
2.20014   0.0633858   0.321776  1.9738  	Dead: 0
2.14723   0.0394232   0.200131  1.9738  	Dead: 0
2.15085   0.0442185   0.224474  1.9738  	Dead: 0
2.24513   0.0729854   0.370508  1.9738  	Dead: 0
2.15521   0.0499836   0.25374   1.9738  	Dead: 0
2.12576   0.0342299   0.173767  1.9738  	Dead: 0
2.11661   0.0309621   0.157178  1.9738  	Dead: 0
2.12645   0.0338955   0.172069  1.9738  	Dead: 0
2.14231   0.0498399   0.25301   1.9738  	Dead: 0
2.12122   0.0336862   0.171007  1.9738  	Dead: 0
2.13617   0.0368144   0.186887  1.9738  	Dead: 0
2.11899   0.0374737   0.190234  1.9738  	Dead: 0
2.1201    0.0312737   0.15876   1.96273 	Dead: 0
2.11814   0.0308888   0.156806  1.96273 	Dead: 0
2.1408    0.0366334   0.185968  1.96273 	Dead: 0
2.11775   0.0280708   0.142501  1.96273 	Dead: 0
2.0974    0.0266694   0.135386  1.96273 	Dead: 0
