5.8947    0.127888    0.649219  4.39049 	Dead: 0
3.90586   0.0398296   0.202194  3.50145 	Dead: 0
3.53395   0.0363194   0.184374  3.10811 	Dead: 0
3.39129   0.0409074   0.207665  3.0176  	Dead: 0
3.08213   0.0383275   0.194568  2.66885 	Dead: 0
2.87346   0.0334843   0.169982  2.55543 	Dead: 0
2.79469   0.0336315   0.170729  2.54281 	Dead: 0
2.77358   0.0386862   0.196389  2.43837 	Dead: 0
2.69911   0.0322485   0.163708  2.43837 	Dead: 0
2.68213   0.0426326   0.216423  2.42547 	Dead: 0
2.64915   0.0328056   0.166537  2.42547 	Dead: 0
2.66592   0.0407739   0.206987  2.42547 	Dead: 0
2.64848   0.034382    0.174539  2.39194 	Dead: 0
2.64425   0.0390378   0.198174  2.287   	Dead: 0
2.65596   0.0460926   0.233988  2.287   	Dead: 0
2.62194   0.0393394   0.199705  2.287   	Dead: 0
2.63269   0.0455807   0.231389  2.287   	Dead: 0
2.60358   0.0448299   0.227577  2.25311 	Dead: 0
2.58648   0.0446087   0.226455  2.25311 	Dead: 0
2.58938   0.0454843   0.2309    2.2387  	Dead: 0
2.55529   0.0422187   0.214322  2.2387  	Dead: 0
2.51062   0.0374208   0.189966  2.2387  	Dead: 0
2.49035   0.0407553   0.206893  2.2387  	Dead: 0
2.45127   0.0370353   0.188009  2.19026 	Dead: 0
2.40335   0.0344534   0.174901  2.15151 	Dead: 0
2.38354   0.0340264   0.172734  2.09733 	Dead: 0
2.36007   0.031295    0.158868  2.09733 	Dead: 0
2.33978   0.0304236   0.154444  2.09733 	Dead: 0
2.33413   0.0311724   0.158245  2.06959 	Dead: 0
2.31488   0.0326437   0.165715  2.06959 	Dead: 0
2.3399    0.0376652   0.191206  2.06769 	Dead: 0
2.33645   0.0377511   0.191642  2.06769 	Dead: 0
2.31788   0.0338035   0.171602  2.06769 	Dead: 0
2.32755   0.0377656   0.191716  2.06769 	Dead: 0
2.30797   0.0341734   0.17348   2.00148 	Dead: 0
2.32329   0.0401054   0.203594  2.00148 	Dead: 0
2.31135   0.0400158   0.203139  2.00148 	Dead: 0
2.31248   0.0371694   0.188689  2.00148 	Dead: 0
2.32014   0.0389572   0.197765  2.00148 	Dead: 0
2.31787   0.0394468   0.200251  2.00148 	Dead: 0
2.31955   0.0430068   0.218323  2.00005 	Dead: 0
2.28076   0.0343213   0.174231  2.00005 	Dead: 0
2.28955   0.0321112   0.163011  2.00005 	Dead: 0
2.29577   0.0354313   0.179866  2.00005 	Dead: 0
2.30622   0.0419605   0.213011  2.00005 	Dead: 0
2.28143   0.0342627   0.173933  2.00005 	Dead: 0
2.29695   0.0356849   0.181153  2.00005 	Dead: 0
2.3111    0.039735    0.201713  2.00005 	Dead: 0
2.28349   0.041113    0.208709  2.00005 	Dead: 0
2.27369   0.0350918   0.178142  2.00005 	Dead: 0
2.28257   0.0338092   0.171631  2.00005 	Dead: 0
2.2945    0.0358023   0.181749  2.00005 	Dead: 0
2.274     0.0376377   0.191066  2.00005 	Dead: 0
2.24762   0.0324887   0.164928  2.00005 	Dead: 0
2.26352   0.0369835   0.187745  2.00005 	Dead: 0
2.26884   0.0366907   0.186259  2.00005 	Dead: 0
2.2582    0.0303238   0.153938  2.00005 	Dead: 0
2.30055   0.0431173   0.218884  2.00005 	Dead: 0
2.27857   0.0374616   0.190173  2.00005 	Dead: 0
2.27335   0.0361834   0.183684  2.00005 	Dead: 0
2.25629   0.0345562   0.175423  2.00005 	Dead: 0
2.27447   0.0413981   0.210156  1.97348 	Dead: 0
2.28116   0.0386645   0.196279  1.97348 	Dead: 0
2.29649   0.0396774   0.201421  1.97348 	Dead: 0
2.28232   0.0394866   0.200452  1.97348 	Dead: 0
2.29906   0.04448     0.225801  1.97348 	Dead: 0
2.26712   0.037856    0.192175  1.97348 	Dead: 0
2.26858   0.0379151   0.192475  1.97348 	Dead: 0
2.23942   0.0354873   0.18015   1.97348 	Dead: 0
2.25021   0.0353658   0.179533  1.97348 	Dead: 0
2.22269   0.0350749   0.178056  1.95349 	Dead: 0
2.24171   0.0392705   0.199355  1.95349 	Dead: 0
2.2352    0.0360684   0.1831    1.95349 	Dead: 0
2.24586   0.0364682   0.18513   1.95349 	Dead: 0
2.23651   0.040735    0.20679   1.91982 	Dead: 0
2.23081   0.0371909   0.188799  1.91982 	Dead: 0
2.26069   0.0429771   0.218172  1.91982 	Dead: 0
2.22934   0.036399    0.184778  1.91982 	Dead: 0
2.23559   0.0375593   0.190669  1.91982 	Dead: 0
2.23547   0.0393591   0.199805  1.91982 	Dead: 0
2.24443   0.0399996   0.203057  1.91982 	Dead: 0
2.21715   0.0332552   0.168819  1.91982 	Dead: 0
2.2167    0.0369376   0.187513  1.91982 	Dead: 0
2.2245    0.0407769   0.207003  1.91982 	Dead: 0
2.20962   0.0360112   0.18281   1.91982 	Dead: 0
2.20582   0.037439    0.190058  1.91982 	Dead: 0
2.20697   0.0347333   0.176322  1.91982 	Dead: 0
2.23298   0.0439105   0.22291   1.91982 	Dead: 0
2.22761   0.0415373   0.210863  1.91982 	Dead: 0
2.19786   0.0355616   0.180527  1.91982 	Dead: 0
2.22148   0.041237    0.209338  1.91982 	Dead: 0
2.20743   0.0384036   0.194955  1.91439 	Dead: 0
2.23988   0.0436267   0.221469  1.91439 	Dead: 0
2.19434   0.0397485   0.201782  1.91439 	Dead: 0
2.18225   0.0329996   0.167521  1.91439 	Dead: 0
2.19919   0.0318604   0.161738  1.91439 	Dead: 0
2.17483   0.0331974   0.168525  1.89149 	Dead: 0
2.21343   0.0347845   0.176583  1.89149 	Dead: 0
2.19001   0.0360066   0.182786  1.89149 	Dead: 0
2.19786   0.0391602   0.198796  1.89149 	Dead: 0
2.21776   0.041       0.208135  1.89149 	Dead: 0
