15.2177   0.116334    0.590566  13.9552 	Dead: 0
12.8075   0.0534948   0.271565  12.1176 	Dead: 0
12.3985   0.0584276   0.296606  11.9684 	Dead: 0
12.2345   0.0629496   0.319561  11.6759 	Dead: 0
12.0703   0.062525    0.317406  11.5367 	Dead: 0
11.9542   0.0606432   0.307853  11.4144 	Dead: 0
11.794    0.0599356   0.304261  11.0953 	Dead: 0
11.7436   0.06679     0.339057  11.0953 	Dead: 0
11.6515   0.0673911   0.342109  11.0953 	Dead: 0
11.6368   0.0743317   0.377342  10.9932 	Dead: 0
11.6699   0.0918494   0.46627   10.9932 	Dead: 0
11.5939   0.0675419   0.342874  10.9114 	Dead: 0
11.6194   0.0742331   0.376842  10.9114 	Dead: 0
11.5815   0.0746521   0.378969  10.9114 	Dead: 0
11.5982   0.0854658   0.433865  10.9114 	Dead: 0
11.5877   0.0833686   0.423218  10.9114 	Dead: 0
11.5379   0.0720753   0.365888  10.9114 	Dead: 0
11.4857   0.0681117   0.345767  10.9114 	Dead: 0
11.4616   0.0765188   0.388445  10.8536 	Dead: 0
11.3794   0.0739387   0.375348  10.5527 	Dead: 0
11.3803   0.0835153   0.423963  10.5527 	Dead: 0
11.378    0.0849869   0.431433  10.5527 	Dead: 0
11.3915   0.0978355   0.496659  10.5505 	Dead: 0
11.3226   0.0800949   0.406599  10.5505 	Dead: 0
11.2234   0.0806508   0.409421  10.4208 	Dead: 0
11.2321   0.0829283   0.420983  10.4208 	Dead: 0
11.2984   0.0930304   0.472266  10.4208 	Dead: 0
11.2938   0.0901286   0.457535  10.4208 	Dead: 0
11.2767   0.0970452   0.492647  10.2068 	Dead: 0
11.1951   0.0832492   0.422612  10.2068 	Dead: 0
11.2737   0.0891252   0.452441  10.2068 	Dead: 0
11.2597   0.0951879   0.483218  10.2068 	Dead: 0
11.2803   0.0961835   0.488272  10.2068 	Dead: 0
11.2449   0.0867909   0.440591  10.2068 	Dead: 0
11.2399   0.0884186   0.448854  10.2068 	Dead: 0
11.2739   0.0904148   0.458988  10.2068 	Dead: 0
11.181    0.0861368   0.43727   10.2068 	Dead: 0
11.2204   0.0940281   0.47733   10.2068 	Dead: 0
11.2123   0.0887326   0.450448  10.2068 	Dead: 0
11.2259   0.0869317   0.441306  10.2068 	Dead: 0
11.2499   0.0917852   0.465945  10.2068 	Dead: 0
11.215    0.0896099   0.454902  10.2068 	Dead: 0
11.2328   0.0911451   0.462695  10.2068 	Dead: 0
11.2169   0.0922721   0.468416  10.2068 	Dead: 0
11.2312   0.0989179   0.502154  10.2068 	Dead: 0
11.2008   0.0925061   0.469604  10.2068 	Dead: 0
11.2499   0.0953407   0.483994  10.2068 	Dead: 0
11.1771   0.0909068   0.461485  10.2068 	Dead: 0
11.2238   0.0950985   0.482765  10.2068 	Dead: 0
11.1979   0.0909325   0.461616  10.2068 	Dead: 0
11.1281   0.0814486   0.413471  10.2068 	Dead: 0
11.1921   0.0934903   0.474601  10.2068 	Dead: 0
11.1626   0.092276    0.468436  10.2068 	Dead: 0
11.1965   0.0939328   0.476847  10.2068 	Dead: 0
11.1811   0.0908582   0.461238  10.2068 	Dead: 0
11.2427   0.104452    0.530245  10.2068 	Dead: 0
11.2168   0.100233    0.508828  10.2068 	Dead: 0
11.2461   0.106173    0.538985  10.2068 	Dead: 0
11.1661   0.0871678   0.442504  10.2068 	Dead: 0
11.1772   0.0954471   0.484534  10.2068 	Dead: 0
11.1983   0.0926234   0.4702    10.2068 	Dead: 0
11.2028   0.0960182   0.487433  10.2068 	Dead: 0
11.1547   0.0881278   0.447378  10.2068 	Dead: 0
11.1831   0.086243    0.43781   10.2068 	Dead: 0
11.2033   0.100822    0.511822  10.2068 	Dead: 0
11.1932   0.0961615   0.488161  10.2068 	Dead: 0
11.154    0.0956931   0.485783  10.2068 	Dead: 0
11.189    0.100681    0.511103  10.2068 	Dead: 0
11.1403   0.0919874   0.466971  10.2068 	Dead: 0
11.2109   0.105477    0.535449  10.2068 	Dead: 0
11.2172   0.107291    0.544661  10.2068 	Dead: 0
11.1858   0.100474    0.510053  10.2068 	Dead: 0
11.1345   0.0882571   0.448034  10.2068 	Dead: 0
11.1962   0.104816    0.532095  10.2068 	Dead: 0
11.1998   0.0973836   0.494365  10.2068 	Dead: 0
11.1859   0.0999016   0.507147  10.2068 	Dead: 0
11.1332   0.0976748   0.495843  10.2068 	Dead: 0
11.0824   0.0886517   0.450037  10.2068 	Dead: 0
11.1472   0.0922635   0.468372  10.2068 	Dead: 0
11.1287   0.0908955   0.461428  10.2068 	Dead: 0
11.1591   0.0980001   0.497494  10.2068 	Dead: 0
10.677    0.0777515   0.394703  10.0531 	Dead: 0
10.5469   0.0815401   0.413935  9.67668 	Dead: 0
10.4638   0.0831618   0.422168  9.67668 	Dead: 0
10.4493   0.0898527   0.456134  9.67668 	Dead: 0
10.4617   0.0908645   0.46127   9.67668 	Dead: 0
10.4444   0.0885831   0.449689  9.67668 	Dead: 0
10.3885   0.0780212   0.396072  9.55278 	Dead: 0
10.4519   0.0978299   0.49663   9.55278 	Dead: 0
10.4234   0.104546    0.530724  9.55278 	Dead: 0
10.418    0.104244    0.529189  9.55278 	Dead: 0
10.439    0.120186    0.610121  9.55278 	Dead: 0
10.392    0.104339    0.529674  9.55278 	Dead: 0
10.4395   0.128164    0.650623  9.50266 	Dead: 0
10.2645   0.0995913   0.505572  9.50266 	Dead: 0
10.2738   0.107623    0.546344  9.47753 	Dead: 0
10.2664   0.110312    0.559994  9.47753 	Dead: 0
10.314    0.12044     0.61141   9.47753 	Dead: 0
10.2095   0.112861    0.572936  9.44255 	Dead: 0
10.3348   0.138938    0.705313  9.44255 	Dead: 0
10.2158   0.109781    0.557301  9.44255 	Dead: 0
