7.88627   0.0829972   0.421333  7.05602 	Dead: 0
6.34934   0.0675064   0.342694  5.7317  	Dead: 0
6.09312   0.0653875   0.331937  5.37433 	Dead: 0
6.01668   0.0768841   0.390299  5.37433 	Dead: 0
5.8717    0.0705803   0.358299  5.15573 	Dead: 0
5.78449   0.0710252   0.360557  5.02056 	Dead: 0
5.64646   0.0760177   0.385901  4.91925 	Dead: 0
5.53627   0.0675569   0.34295   4.91925 	Dead: 0
5.49645   0.0680645   0.345527  4.89331 	Dead: 0
5.52891   0.0734617   0.372926  4.89331 	Dead: 0
5.46278   0.0739489   0.375399  4.86211 	Dead: 0
5.45141   0.0761452   0.386549  4.86211 	Dead: 0
5.43666   0.0726686   0.3689    4.86211 	Dead: 0
5.449     0.0782594   0.397281  4.86211 	Dead: 0
5.44352   0.0806568   0.409451  4.79457 	Dead: 0
5.44971   0.0882828   0.448165  4.79457 	Dead: 0
5.43933   0.0857905   0.435513  4.79457 	Dead: 0
5.40898   0.0813622   0.413033  4.7553  	Dead: 0
5.41722   0.0890797   0.45221   4.71009 	Dead: 0
5.36504   0.0852178   0.432605  4.71009 	Dead: 0
5.32537   0.0786363   0.399195  4.71009 	Dead: 0
5.32264   0.0788      0.400025  4.71009 	Dead: 0
5.32441   0.0822037   0.417304  4.71009 	Dead: 0
5.33715   0.0930301   0.472264  4.71009 	Dead: 0
5.32295   0.0939616   0.476993  4.56225 	Dead: 0
5.25229   0.0842385   0.427634  4.48881 	Dead: 0
5.33995   0.0888747   0.45117   4.48881 	Dead: 0
5.28829   0.0856246   0.43467   4.48881 	Dead: 0
5.28454   0.0942415   0.478414  4.48881 	Dead: 0
5.25173   0.0884887   0.44921   4.48881 	Dead: 0
5.25593   0.0813582   0.413012  4.48881 	Dead: 0
5.30098   0.0885724   0.449635  4.48881 	Dead: 0
5.26253   0.0829908   0.4213    4.48881 	Dead: 0
5.22978   0.0872911   0.44313   4.48881 	Dead: 0
5.23839   0.0814375   0.413415  4.48881 	Dead: 0
5.30554   0.102498    0.520328  4.48881 	Dead: 0
5.28552   0.089915    0.456451  4.48881 	Dead: 0
5.26477   0.0832926   0.422832  4.48881 	Dead: 0
5.2421    0.0746276   0.378844  4.48881 	Dead: 0
5.26311   0.0859032   0.436085  4.48881 	Dead: 0
5.28031   0.085675    0.434926  4.48881 	Dead: 0
5.24636   0.0879796   0.446625  4.48881 	Dead: 0
5.19506   0.0754613   0.383077  4.48881 	Dead: 0
5.27302   0.0919506   0.466784  4.48881 	Dead: 0
5.26177   0.0907282   0.460579  4.48881 	Dead: 0
5.21715   0.0783862   0.397925  4.33555 	Dead: 0
5.21412   0.0850128   0.431565  4.33555 	Dead: 0
5.24677   0.0923794   0.468961  4.33555 	Dead: 0
5.26579   0.0987589   0.501346  4.33555 	Dead: 0
5.18421   0.0921663   0.467879  4.33555 	Dead: 0
5.22262   0.0981057   0.49803   4.33555 	Dead: 0
5.18858   0.088124    0.447359  4.33555 	Dead: 0
5.23342   0.0905131   0.459487  4.33555 	Dead: 0
5.18498   0.0912587   0.463272  4.33555 	Dead: 0
5.22443   0.0936165   0.475241  4.33555 	Dead: 0
5.19556   0.0871527   0.442428  4.33555 	Dead: 0
5.18188   0.0863664   0.438436  4.33555 	Dead: 0
5.22943   0.100066    0.507981  4.33555 	Dead: 0
5.19405   0.0942282   0.478346  4.33555 	Dead: 0
5.18247   0.0836159   0.424473  4.33555 	Dead: 0
5.23957   0.0972839   0.493858  4.33555 	Dead: 0
5.21401   0.0951558   0.483055  4.33555 	Dead: 0
5.21878   0.0953887   0.484238  4.33555 	Dead: 0
5.19976   0.0977462   0.496205  4.33555 	Dead: 0
5.28322   0.110527    0.561086  4.33555 	Dead: 0
5.16853   0.0936097   0.475206  4.33555 	Dead: 0
5.16661   0.0838516   0.42567   4.33555 	Dead: 0
5.18057   0.0882923   0.448213  4.33555 	Dead: 0
5.25725   0.0964516   0.489633  4.33555 	Dead: 0
5.19942   0.101493    0.515228  4.33555 	Dead: 0
5.25037   0.0975992   0.495459  4.33555 	Dead: 0
5.11294   0.0796814   0.4045    4.33555 	Dead: 0
5.19027   0.0966053   0.490414  4.33555 	Dead: 0
5.15284   0.085137    0.432195  4.33555 	Dead: 0
5.19282   0.0952179   0.48337   4.33555 	Dead: 0
5.13161   0.089004    0.451826  4.33555 	Dead: 0
5.21997   0.0993945   0.504573  4.33555 	Dead: 0
5.23722   0.0998542   0.506907  4.33555 	Dead: 0
5.25415   0.102815    0.521938  4.33555 	Dead: 0
5.23921   0.0949338   0.481928  4.33555 	Dead: 0
5.20097   0.095291    0.483742  4.33555 	Dead: 0
5.17729   0.0836541   0.424667  4.33555 	Dead: 0
5.18415   0.0880387   0.446926  4.33555 	Dead: 0
5.15078   0.0891282   0.452456  4.33555 	Dead: 0
5.16934   0.088835    0.450968  4.33555 	Dead: 0
5.20811   0.103282    0.524308  4.33555 	Dead: 0
5.18541   0.0932362   0.473311  4.1231  	Dead: 0
5.26149   0.102749    0.521601  4.1231  	Dead: 0
5.19836   0.094795    0.481224  4.1231  	Dead: 0
5.21359   0.100168    0.5085    4.1231  	Dead: 0
5.18759   0.0902129   0.457963  4.1231  	Dead: 0
5.22305   0.0958095   0.486374  4.1231  	Dead: 0
5.21624   0.0979177   0.497076  4.1231  	Dead: 0
5.10587   0.0840068   0.426458  4.1231  	Dead: 0
5.17923   0.0942413   0.478413  4.1231  	Dead: 0
5.17675   0.0936381   0.475351  4.1231  	Dead: 0
5.18418   0.0941373   0.477885  4.1231  	Dead: 0
5.2048    0.102301    0.519327  4.1231  	Dead: 0
5.19146   0.101205    0.513764  4.1231  	Dead: 0
5.17222   0.109434    0.555538  4.1231  	Dead: 0
5.18567   0.10311     0.523433  4.1231  	Dead: 0
