16.8824   0.0584561   0.296751  16.201  	Dead: 0
15.6683   0.0326062   0.165524  15.2197 	Dead: 0
15.3519   0.0282317   0.143317  15.0971 	Dead: 0
15.2358   0.0324511   0.164737  14.891  	Dead: 0
15.0611   0.0404089   0.205134  14.733  	Dead: 0
14.9633   0.0354497   0.179959  14.5374 	Dead: 0
14.8918   0.035571    0.180575  14.5374 	Dead: 0
14.8046   0.0332397   0.16874   14.5108 	Dead: 0
14.7836   0.0389954   0.197959  14.4251 	Dead: 0
14.7454   0.0374774   0.190253  14.4251 	Dead: 0
14.7255   0.0390523   0.198248  14.4251 	Dead: 0
14.6926   0.0420121   0.213273  14.1351 	Dead: 0
14.6806   0.0474924   0.241094  14.1351 	Dead: 0
14.6612   0.0453905   0.230423  14.1351 	Dead: 0
14.63     0.039292    0.199465  14.1351 	Dead: 0
14.6389   0.0434439   0.220541  14.1351 	Dead: 0
14.6304   0.0451308   0.229105  14.1351 	Dead: 0
14.6204   0.0448873   0.227869  14.1351 	Dead: 0
14.6095   0.0445765   0.226291  14.1351 	Dead: 0
14.632    0.0448772   0.227818  14.1351 	Dead: 0
14.5919   0.0430352   0.218467  14.1351 	Dead: 0
14.5876   0.0445432   0.226122  14.1351 	Dead: 0
14.5634   0.044429    0.225542  14.1351 	Dead: 0
14.5494   0.043109    0.218842  14.1351 	Dead: 0
14.5423   0.0429506   0.218037  14.1351 	Dead: 0
14.5526   0.0425536   0.216022  14.1351 	Dead: 0
14.5568   0.045246    0.22969   14.1351 	Dead: 0
14.5739   0.0441676   0.224216  14.13   	Dead: 0
14.5531   0.0456328   0.231653  14.13   	Dead: 0
14.5248   0.0444178   0.225486  14.13   	Dead: 0
14.5402   0.0460715   0.23388   14.13   	Dead: 0
14.5285   0.0483482   0.245438  14.0276 	Dead: 0
14.5017   0.0436171   0.221421  14.0276 	Dead: 0
14.4916   0.0429848   0.218211  14.0276 	Dead: 0
14.5118   0.0461232   0.234143  14.0276 	Dead: 0
14.5531   0.0520628   0.264295  14.0276 	Dead: 0
14.5055   0.0460288   0.233663  14.0276 	Dead: 0
14.495    0.0442611   0.22469   14.0276 	Dead: 0
14.5086   0.0476815   0.242053  14.0276 	Dead: 0
14.4919   0.0499113   0.253373  14.0276 	Dead: 0
14.4946   0.0469435   0.238307  14.0276 	Dead: 0
14.543    0.0514361   0.261114  14.0276 	Dead: 0
14.5254   0.0519886   0.263919  14.0276 	Dead: 0
14.5193   0.0476551   0.24192   14.0276 	Dead: 0
14.5025   0.0466907   0.237024  14.0276 	Dead: 0
14.4888   0.0494723   0.251144  14.0276 	Dead: 0
14.5128   0.0516527   0.262213  14.0276 	Dead: 0
14.4586   0.0415427   0.21089   14.0276 	Dead: 0
14.4609   0.0446357   0.226592  14.0276 	Dead: 0
14.4295   0.0530227   0.269168  13.9474 	Dead: 0
14.3831   0.0472551   0.239889  13.9474 	Dead: 0
14.3545   0.0447478   0.227161  13.9474 	Dead: 0
14.3386   0.048709    0.24727   13.8596 	Dead: 0
14.3213   0.0460385   0.233713  13.8596 	Dead: 0
14.326    0.0476446   0.241866  13.8596 	Dead: 0
14.3057   0.0421184   0.213813  13.8596 	Dead: 0
14.2907   0.044989    0.228385  13.8596 	Dead: 0
14.291    0.0438716   0.222713  13.8596 	Dead: 0
14.2652   0.0422959   0.214714  13.8596 	Dead: 0
14.3059   0.0511563   0.259693  13.8596 	Dead: 0
14.2375   0.0435869   0.221267  13.8014 	Dead: 0
14.2262   0.0401778   0.203961  13.8014 	Dead: 0
14.2474   0.0516843   0.262374  13.8014 	Dead: 0
14.2382   0.0480154   0.243749  13.8014 	Dead: 0
14.2226   0.0461483   0.23427   13.8014 	Dead: 0
14.211    0.0494691   0.251128  13.8014 	Dead: 0
14.2021   0.0458989   0.233004  13.8014 	Dead: 0
14.187    0.0418943   0.212675  13.8014 	Dead: 0
14.1686   0.0396549   0.201307  13.8014 	Dead: 0
14.1969   0.0476916   0.242105  13.8014 	Dead: 0
14.1826   0.0455081   0.23102   13.8014 	Dead: 0
14.2112   0.0513455   0.260654  13.7854 	Dead: 0
14.1806   0.0458186   0.232597  13.7854 	Dead: 0
14.1697   0.0437951   0.222324  13.7854 	Dead: 0
14.1762   0.045089    0.228893  13.7854 	Dead: 0
14.1684   0.0466278   0.236704  13.7854 	Dead: 0
14.1547   0.0451274   0.229088  13.7854 	Dead: 0
14.1462   0.0470272   0.238732  13.7854 	Dead: 0
14.1101   0.0421184   0.213813  13.759  	Dead: 0
14.1154   0.0437856   0.222276  13.7111 	Dead: 0
14.108    0.0454707   0.230831  13.7111 	Dead: 0
14.0731   0.0477227   0.242263  13.5957 	Dead: 0
14.0653   0.0476271   0.241777  13.5957 	Dead: 0
14.0547   0.0457625   0.232312  13.5907 	Dead: 0
14.0397   0.0483867   0.245634  13.5907 	Dead: 0
14.0157   0.0467719   0.237436  13.5907 	Dead: 0
14.0303   0.0462116   0.234592  13.5907 	Dead: 0
14.0266   0.0479533   0.243434  13.5907 	Dead: 0
13.9973   0.0411224   0.208756  13.5907 	Dead: 0
14.0082   0.0492261   0.249895  13.5907 	Dead: 0
14.0085   0.0451856   0.229383  13.5907 	Dead: 0
14.0062   0.0458583   0.232798  13.5577 	Dead: 0
13.997    0.0466027   0.236577  13.5577 	Dead: 0
13.9774   0.0472102   0.239661  13.5577 	Dead: 0
13.9585   0.0457975   0.232489  13.4811 	Dead: 0
13.9302   0.0467967   0.237562  13.4811 	Dead: 0
13.9159   0.0508789   0.258285  13.476  	Dead: 0
13.8903   0.0463329   0.235208  13.476  	Dead: 0
13.8729   0.0439384   0.223052  13.476  	Dead: 0
13.8877   0.0545991   0.27717   13.476  	Dead: 0
13.8748   0.0419995   0.213209  13.476  	Dead: 0
