16.8739   0.0479993   0.243667  16.4049 	Dead: 0
15.8373   0.0332567   0.168826  15.5378 	Dead: 0
15.5582   0.0262776   0.133397  15.3219 	Dead: 0
15.4685   0.0368226   0.186929  14.9835 	Dead: 0
15.2431   0.0370424   0.188044  14.8754 	Dead: 0
15.0067   0.0360899   0.183209  14.6467 	Dead: 0
14.8973   0.0362301   0.183921  14.4917 	Dead: 0
14.8263   0.043553    0.221095  14.4578 	Dead: 0
14.7515   0.0414176   0.210255  14.3566 	Dead: 0
14.7103   0.0377195   0.191482  14.3566 	Dead: 0
14.6531   0.0386051   0.195978  14.1462 	Dead: 0
14.606    0.0437244   0.221966  14.1462 	Dead: 0
14.5709   0.0446649   0.22674   14.1462 	Dead: 0
14.5249   0.0387369   0.196646  14.1301 	Dead: 0
14.5037   0.0405487   0.205844  14.1301 	Dead: 0
14.479    0.0430573   0.218579  14.1301 	Dead: 0
14.4299   0.0422428   0.214444  14.0939 	Dead: 0
14.4558   0.042459    0.215542  14.0939 	Dead: 0
14.4366   0.0434142   0.220391  14.0939 	Dead: 0
14.4596   0.0443705   0.225245  14.0939 	Dead: 0
14.3968   0.041168    0.208988  14.0939 	Dead: 0
14.4152   0.0422156   0.214306  14.0512 	Dead: 0
14.4331   0.0430091   0.218334  14.0512 	Dead: 0
14.3792   0.040344    0.204805  14.0359 	Dead: 0
14.3704   0.0397579   0.20183   13.9969 	Dead: 0
14.3601   0.0422215   0.214336  13.9969 	Dead: 0
14.3528   0.0417611   0.211999  13.994  	Dead: 0
14.3265   0.0411337   0.208814  13.994  	Dead: 0
14.3321   0.0412188   0.209246  13.9896 	Dead: 0
14.3562   0.0439478   0.223099  13.9896 	Dead: 0
14.2855   0.041605    0.211206  13.8277 	Dead: 0
14.274    0.0440178   0.223455  13.8277 	Dead: 0
14.2316   0.0403719   0.204947  13.8277 	Dead: 0
14.2186   0.0408571   0.20741   13.8277 	Dead: 0
14.2127   0.0384894   0.19539   13.8277 	Dead: 0
14.1986   0.0392605   0.199305  13.8277 	Dead: 0
14.2214   0.041475    0.210547  13.8277 	Dead: 0
14.2221   0.0412101   0.209202  13.8277 	Dead: 0
14.2234   0.0446809   0.226821  13.8277 	Dead: 0
14.1959   0.0417306   0.211844  13.8277 	Dead: 0
14.2215   0.0424069   0.215277  13.8277 	Dead: 0
14.194    0.0408603   0.207426  13.8277 	Dead: 0
14.2078   0.0475597   0.241435  13.8277 	Dead: 0
14.2256   0.0473258   0.240248  13.8277 	Dead: 0
14.1783   0.0425329   0.215917  13.8277 	Dead: 0
14.1723   0.0411339   0.208815  13.8277 	Dead: 0
14.2      0.0473581   0.240412  13.8277 	Dead: 0
14.1797   0.0429807   0.21819   13.8277 	Dead: 0
14.1917   0.0458432   0.232721  13.8244 	Dead: 0
14.1678   0.0424313   0.215401  13.8244 	Dead: 0
14.1679   0.0420024   0.213224  13.8244 	Dead: 0
14.1735   0.0428684   0.21762   13.8244 	Dead: 0
14.1835   0.0434411   0.220527  13.8244 	Dead: 0
14.1448   0.0416018   0.21119   13.8244 	Dead: 0
14.1642   0.0437062   0.221873  13.8244 	Dead: 0
14.1775   0.0446167   0.226495  13.8244 	Dead: 0
14.168    0.042941    0.217989  13.8244 	Dead: 0
14.1674   0.0438298   0.222501  13.8244 	Dead: 0
14.1755   0.0483517   0.245456  13.8244 	Dead: 0
14.2028   0.0583595   0.29626   13.8138 	Dead: 0
14.1791   0.0470624   0.23891   13.7995 	Dead: 0
14.1356   0.044257    0.224669  13.7995 	Dead: 0
14.1398   0.0435369   0.221014  13.7995 	Dead: 0
14.1313   0.0428056   0.217301  13.7995 	Dead: 0
14.1248   0.0433758   0.220196  13.7995 	Dead: 0
14.0976   0.0422426   0.214443  13.7995 	Dead: 0
14.1191   0.044062    0.223679  13.7995 	Dead: 0
14.1284   0.0460118   0.233577  13.7995 	Dead: 0
14.1074   0.0414661   0.210501  13.7289 	Dead: 0
14.1221   0.0416648   0.21151   13.7289 	Dead: 0
14.1169   0.044682    0.226827  13.7289 	Dead: 0
14.1338   0.0465784   0.236454  13.7289 	Dead: 0
14.1372   0.047258    0.239903  13.7289 	Dead: 0
14.1282   0.0509409   0.2586    13.7289 	Dead: 0
14.1312   0.0515673   0.261779  13.7289 	Dead: 0
14.0764   0.0430864   0.218727  13.7289 	Dead: 0
14.0765   0.0428405   0.217479  13.7289 	Dead: 0
14.0877   0.0461727   0.234394  13.7289 	Dead: 0
14.0224   0.0394652   0.200344  13.6592 	Dead: 0
13.9521   0.0346031   0.175661  13.6498 	Dead: 0
13.9599   0.0492751   0.250144  13.5859 	Dead: 0
13.9717   0.0499598   0.253619  13.5859 	Dead: 0
13.9297   0.0416151   0.211258  13.5859 	Dead: 0
13.9307   0.0442843   0.224808  13.5859 	Dead: 0
13.8904   0.0390232   0.1981    13.5299 	Dead: 0
13.847    0.0405008   0.205601  13.5114 	Dead: 0
13.828    0.0463474   0.235281  13.4487 	Dead: 0
13.7917   0.0410547   0.208413  13.4487 	Dead: 0
13.7972   0.0555317   0.281905  13.3016 	Dead: 0
13.8013   0.051845    0.263189  13.3016 	Dead: 0
13.8301   0.0504239   0.255975  13.3016 	Dead: 0
13.7747   0.0441028   0.223886  13.3016 	Dead: 0
13.7693   0.0537536   0.272878  13.3016 	Dead: 0
13.7469   0.0442821   0.224796  13.3016 	Dead: 0
13.7764   0.0479846   0.243592  13.3016 	Dead: 0
13.7487   0.0436606   0.221642  13.3016 	Dead: 0
13.7527   0.0471285   0.239246  13.282  	Dead: 0
13.7501   0.0481374   0.244368  13.282  	Dead: 0
13.7401   0.0471613   0.239413  13.282  	Dead: 0
13.7347   0.0417706   0.212047  13.282  	Dead: 0
13.7481   0.0440358   0.223546  13.282  	Dead: 0
