12.2264   0.0720166   0.36559   11.3321 	Dead: 0
10.6335   0.0464374   0.235738  10.1473 	Dead: 0
9.85015   0.0445433   0.226122  9.40541 	Dead: 0
9.68511   0.0499989   0.253818  9.24578 	Dead: 0
9.48189   0.0560232   0.2844    8.80068 	Dead: 0
9.42308   0.0771653   0.391727  8.80068 	Dead: 0
9.37766   0.069698    0.35382   8.80068 	Dead: 0
9.30891   0.0735629   0.37344   8.76029 	Dead: 0
9.20862   0.0702985   0.356868  8.71009 	Dead: 0
9.06273   0.0622199   0.315857  8.49029 	Dead: 0
8.92962   0.0672851   0.341571  8.38821 	Dead: 0
8.78053   0.0595388   0.302247  8.20006 	Dead: 0
8.74371   0.0702885   0.356817  8.09243 	Dead: 0
8.68701   0.0783754   0.39787   8.09243 	Dead: 0
8.61293   0.0592147   0.300602  8.09243 	Dead: 0
8.6177    0.0539153   0.273699  8.09243 	Dead: 0
8.52378   0.0562993   0.285802  8.00812 	Dead: 0
8.50264   0.069094    0.350754  7.96614 	Dead: 0
8.42813   0.0575149   0.291972  7.96614 	Dead: 0
8.39884   0.0626687   0.318136  7.92196 	Dead: 0
8.41933   0.0708866   0.359854  7.89866 	Dead: 0
8.36603   0.067247    0.341377  7.77318 	Dead: 0
8.33013   0.0674231   0.342271  7.77318 	Dead: 0
8.30763   0.066599    0.338088  7.73143 	Dead: 0
8.34992   0.0735588   0.373419  7.73143 	Dead: 0
8.29061   0.0657868   0.333965  7.73143 	Dead: 0
8.35902   0.0824865   0.41874   7.73143 	Dead: 0
8.28787   0.0683017   0.346731  7.71859 	Dead: 0
8.31608   0.0742394   0.376874  7.71859 	Dead: 0
8.25966   0.0849362   0.431176  7.6904  	Dead: 0
8.21857   0.0675396   0.342863  7.6904  	Dead: 0
8.18739   0.0813826   0.413136  7.56451 	Dead: 0
7.7355    0.0451488   0.229196  7.42839 	Dead: 0
7.78671   0.0764053   0.387869  7.24827 	Dead: 0
7.76556   0.0677119   0.343737  7.24827 	Dead: 0
7.65671   0.0684793   0.347633  7.13015 	Dead: 0
7.57506   0.0556405   0.282457  7.08183 	Dead: 0
7.52444   0.0649844   0.329891  7.08183 	Dead: 0
7.50802   0.0952913   0.483743  7.05011 	Dead: 0
7.3768    0.0731554   0.371371  6.99124 	Dead: 0
7.29538   0.0834314   0.423537  6.83828 	Dead: 0
7.24172   0.0803838   0.408066  6.68665 	Dead: 0
7.25169   0.0854242   0.433653  6.68665 	Dead: 0
7.1534    0.0726682   0.368898  6.606   	Dead: 0
7.13265   0.0858131   0.435627  6.606   	Dead: 0
7.11804   0.0648209   0.329061  6.606   	Dead: 0
7.08417   0.0629721   0.319676  6.606   	Dead: 0
7.12157   0.0859755   0.436452  6.606   	Dead: 0
7.10548   0.0797297   0.404745  6.606   	Dead: 0
7.10377   0.075228    0.381892  6.606   	Dead: 0
7.11218   0.0773441   0.392635  6.606   	Dead: 0
7.04977   0.0738599   0.374947  6.606   	Dead: 0
7.10278   0.0819659   0.416097  6.51518 	Dead: 0
7.05358   0.0761656   0.386652  6.51518 	Dead: 0
7.01829   0.076301    0.38734   6.51518 	Dead: 0
7.02328   0.0838744   0.425786  6.51518 	Dead: 0
7.01843   0.0818423   0.41547   6.36944 	Dead: 0
6.97851   0.0712792   0.361846  6.36944 	Dead: 0
6.96923   0.0695655   0.353147  6.36944 	Dead: 0
6.98547   0.0787724   0.399886  6.36944 	Dead: 0
6.97092   0.0715714   0.36333   6.36944 	Dead: 0
6.94523   0.100356    0.509454  6.36944 	Dead: 0
6.90699   0.0917673   0.465854  6.36259 	Dead: 0
6.90487   0.0704622   0.357699  6.36259 	Dead: 0
6.87768   0.0638859   0.324314  6.36259 	Dead: 0
6.83153   0.0646248   0.328066  6.3185  	Dead: 0
6.84793   0.0794252   0.4032    6.3185  	Dead: 0
6.898     0.0915669   0.464836  6.3185  	Dead: 0
6.7781    0.0616362   0.312894  6.3185  	Dead: 0
6.79268   0.0691182   0.350876  6.3185  	Dead: 0
6.82356   0.0822052   0.417312  6.3185  	Dead: 0
6.82622   0.0862086   0.437635  6.17021 	Dead: 0
6.75189   0.06886     0.349566  6.17021 	Dead: 0
6.7975    0.0893572   0.453619  6.17021 	Dead: 0
6.81324   0.098201    0.498514  6.17021 	Dead: 0
6.75772   0.0813831   0.413139  6.17021 	Dead: 0
6.77612   0.0802604   0.407439  6.17021 	Dead: 0
6.76576   0.073745    0.374364  6.17021 	Dead: 0
6.73151   0.0717496   0.364235  6.17021 	Dead: 0
6.76841   0.0889415   0.451509  6.17021 	Dead: 0
6.77796   0.0868993   0.441141  6.17021 	Dead: 0
6.786     0.0901062   0.457421  6.17021 	Dead: 0
6.79808   0.0950402   0.482468  6.11254 	Dead: 0
6.75992   0.0842928   0.427909  6.11254 	Dead: 0
6.70217   0.0759415   0.385514  6.11254 	Dead: 0
6.76341   0.0983929   0.499488  5.93475 	Dead: 0
6.63923   0.0717756   0.364367  5.93475 	Dead: 0
6.66893   0.0863119   0.438159  5.93475 	Dead: 0
6.61034   0.0653199   0.331594  5.93475 	Dead: 0
6.61032   0.0972029   0.493447  5.93475 	Dead: 0
6.61818   0.0927938   0.471064  5.93475 	Dead: 0
6.56524   0.0837021   0.424911  5.93475 	Dead: 0
6.57454   0.073127    0.371227  5.93475 	Dead: 0
6.55893   0.0801594   0.406926  5.93475 	Dead: 0
6.63746   0.108438    0.550484  5.93475 	Dead: 0
6.58407   0.0780707   0.396323  5.93475 	Dead: 0
6.58954   0.0890797   0.45221   5.93475 	Dead: 0
6.5646    0.0874144   0.443756  5.93475 	Dead: 0
6.5167    0.0638542   0.324154  5.93475 	Dead: 0
6.5696    0.0775586   0.393723  5.93475 	Dead: 0
6.58295   0.0819947   0.416243  5.93475 	Dead: 0
