12.2106   0.0812552   0.412489  11.3166 	Dead: 0
10.8356   0.0531146   0.269634  10.2437 	Dead: 0
10.2364   0.0529481   0.268789  9.74052 	Dead: 0
9.79126   0.0451697   0.229303  9.33442 	Dead: 0
9.63678   0.049735    0.252478  9.15229 	Dead: 0
9.53164   0.0531018   0.26957   9.14305 	Dead: 0
9.45885   0.0591048   0.300043  9.05412 	Dead: 0
9.02235   0.0463841   0.235468  8.5314  	Dead: 0
8.87183   0.0483071   0.245229  8.37608 	Dead: 0
8.78686   0.0554455   0.281467  8.3651  	Dead: 0
8.39644   0.0725052   0.36807   7.95272 	Dead: 0
8.27603   0.0668508   0.339366  7.67203 	Dead: 0
8.22869   0.0798174   0.40519   7.67203 	Dead: 0
8.11391   0.0640014   0.324901  7.62704 	Dead: 0
8.05951   0.0526565   0.267309  7.56539 	Dead: 0
8.01454   0.0591961   0.300507  7.54149 	Dead: 0
7.98035   0.0592668   0.300866  7.54149 	Dead: 0
7.95995   0.0770334   0.391057  7.45406 	Dead: 0
7.9034    0.058741    0.298197  7.42841 	Dead: 0
7.84976   0.0718887   0.364941  7.24841 	Dead: 0
7.80215   0.0540254   0.274258  7.24841 	Dead: 0
7.81877   0.0621589   0.315548  7.24841 	Dead: 0
7.82172   0.0713946   0.362432  7.22695 	Dead: 0
7.76078   0.0741857   0.376601  7.22695 	Dead: 0
7.71427   0.0714796   0.362864  7.04293 	Dead: 0
7.68296   0.0607725   0.30851   7.04293 	Dead: 0
7.72671   0.079491    0.403533  7.04293 	Dead: 0
7.64448   0.0673007   0.34165   7.04293 	Dead: 0
7.62141   0.0755805   0.383682  7.04293 	Dead: 0
7.61184   0.0748654   0.380052  7.04293 	Dead: 0
7.59929   0.063788    0.323818  7.04293 	Dead: 0
7.6089    0.0850897   0.431955  7.04293 	Dead: 0
7.55122   0.0634637   0.322171  7.04214 	Dead: 0
7.53583   0.0710872   0.360872  7.04214 	Dead: 0
7.53329   0.082968    0.421184  7.04214 	Dead: 0
7.49848   0.0665044   0.337607  7.04214 	Dead: 0
7.46489   0.0702877   0.356813  6.99566 	Dead: 0
7.46849   0.0719987   0.365499  6.85358 	Dead: 0
7.49701   0.0904226   0.459027  6.85358 	Dead: 0
7.44964   0.0837113   0.424958  6.85358 	Dead: 0
7.41979   0.069052    0.35054   6.85358 	Dead: 0
7.40483   0.0758967   0.385287  6.85358 	Dead: 0
7.35678   0.0542487   0.275392  6.85358 	Dead: 0
7.34625   0.0624438   0.316994  6.73713 	Dead: 0
7.35361   0.0749903   0.380686  6.73713 	Dead: 0
7.34257   0.0662092   0.336109  6.73713 	Dead: 0
7.34366   0.0843852   0.428379  6.73713 	Dead: 0
7.28697   0.0709642   0.360248  6.73713 	Dead: 0
7.26441   0.0691072   0.350821  6.73713 	Dead: 0
7.23479   0.0681357   0.345888  6.72192 	Dead: 0
7.26028   0.0771044   0.391418  6.72192 	Dead: 0
7.23799   0.0651101   0.330529  6.72192 	Dead: 0
7.23012   0.0703628   0.357194  6.48565 	Dead: 0
7.20543   0.0699188   0.35494   6.48565 	Dead: 0
7.19538   0.0763695   0.387687  6.48565 	Dead: 0
7.14837   0.0674297   0.342305  6.48565 	Dead: 0
7.13034   0.0775099   0.393476  6.48565 	Dead: 0
7.14545   0.0791244   0.401672  6.48565 	Dead: 0
7.13274   0.0677752   0.344058  6.48565 	Dead: 0
7.09099   0.0696139   0.353393  6.48565 	Dead: 0
7.07752   0.0865887   0.439565  6.48565 	Dead: 0
7.10109   0.0760506   0.386068  6.48565 	Dead: 0
7.03658   0.0651023   0.33049   6.48565 	Dead: 0
7.03515   0.0730203   0.370685  6.41248 	Dead: 0
6.99812   0.0692401   0.351495  6.37221 	Dead: 0
7.00778   0.0816664   0.414577  6.37221 	Dead: 0
6.94984   0.0645372   0.327621  6.37221 	Dead: 0
6.95784   0.0698113   0.354395  6.37221 	Dead: 0
6.91137   0.0655374   0.332699  6.34598 	Dead: 0
6.9757    0.0841587   0.427229  6.34598 	Dead: 0
6.92577   0.0764589   0.388141  6.34598 	Dead: 0
6.93841   0.0678089   0.34423   6.34598 	Dead: 0
6.92344   0.0836632   0.424713  6.34598 	Dead: 0
6.90414   0.069141    0.350992  6.34598 	Dead: 0
6.9431    0.0770452   0.391117  6.30589 	Dead: 0
6.96563   0.0900475   0.457123  6.30589 	Dead: 0
6.9014    0.0748434   0.37994   6.30589 	Dead: 0
6.89757   0.0812076   0.412248  6.27129 	Dead: 0
6.93645   0.0853252   0.43315   6.27129 	Dead: 0
6.9476    0.0897341   0.455532  6.27129 	Dead: 0
6.87991   0.0808961   0.410667  6.27129 	Dead: 0
6.87625   0.0698111   0.354394  6.27129 	Dead: 0
6.89056   0.0868327   0.440803  6.27129 	Dead: 0
6.87234   0.0672487   0.341386  6.27129 	Dead: 0
6.86103   0.0754375   0.382956  6.20446 	Dead: 0
6.89013   0.0937277   0.475806  6.20446 	Dead: 0
6.79159   0.0644946   0.327405  6.20446 	Dead: 0
6.84898   0.0665163   0.337668  6.15018 	Dead: 0
6.87563   0.0971614   0.493236  6.15018 	Dead: 0
6.85729   0.0870558   0.441936  6.15018 	Dead: 0
6.80771   0.0748606   0.380028  6.09128 	Dead: 0
6.78717   0.0665156   0.337664  6.09128 	Dead: 0
6.76153   0.071417    0.362546  6.09128 	Dead: 0
6.70305   0.0677834   0.3441    6.04311 	Dead: 0
6.63891   0.0716424   0.36369   6.04311 	Dead: 0
6.7093    0.0777154   0.39452   6.04311 	Dead: 0
6.60667   0.0632343   0.321007  6.04248 	Dead: 0
6.58531   0.0725314   0.368203  6.04248 	Dead: 0
6.68479   0.0886109   0.44983   6.04248 	Dead: 0
6.65055   0.0769141   0.390452  6.04248 	Dead: 0
6.64967   0.0701151   0.355937  6.04248 	Dead: 0
