10.8337   0.0907995   0.460941  9.49072 	Dead: 0
9.6226    0.0795184   0.403672  8.70668 	Dead: 0
9.0706    0.0707755   0.359289  8.488   	Dead: 0
8.98889   0.0740711   0.37602   8.38272 	Dead: 0
8.94469   0.0713862   0.362389  8.38272 	Dead: 0
8.94874   0.0779693   0.395808  8.33737 	Dead: 0
8.98781   0.0928741   0.471472  8.33737 	Dead: 0
8.6896    0.086375    0.43848   7.90861 	Dead: 0
8.4943    0.0889173   0.451386  7.85638 	Dead: 0
8.46332   0.0887445   0.450509  7.65777 	Dead: 0
8.42057   0.0937522   0.47593   7.55788 	Dead: 0
8.34744   0.098167    0.498341  7.23701 	Dead: 0
8.21342   0.128467    0.652161  7.23701 	Dead: 0
8.09801   0.160631    0.815438  7.11322 	Dead: 0
7.99215   0.14617     0.742029  7.11322 	Dead: 0
7.99049   0.151086    0.766983  7.11322 	Dead: 0
7.9606    0.14278     0.724818  7.11322 	Dead: 0
7.97036   0.148368    0.753187  7.06782 	Dead: 0
7.89683   0.162286    0.823837  6.62944 	Dead: 0
7.48786   0.17698     0.898434  6.53267 	Dead: 0
7.45307   0.185065    0.939475  6.44303 	Dead: 0
7.53273   0.203805    1.03461   6.43564 	Dead: 0
7.54867   0.194761    0.988697  6.43564 	Dead: 0
7.60737   0.20939     1.06296   6.43564 	Dead: 0
7.47105   0.193255    0.981053  6.43564 	Dead: 0
7.37281   0.176284    0.894898  6.43564 	Dead: 0
7.49069   0.198196    1.00614   6.42164 	Dead: 0
7.5141    0.207307    1.05239   6.42164 	Dead: 0
7.47374   0.202135    1.02613   6.42164 	Dead: 0
7.36628   0.188515    0.956991  6.36204 	Dead: 0
7.58455   0.213674    1.08471   6.36204 	Dead: 0
7.41637   0.195477    0.99233   6.36204 	Dead: 0
7.23004   0.168967    0.857757  6.36204 	Dead: 0
7.42849   0.195084    0.990338  6.36204 	Dead: 0
7.45508   0.197116    1.00065   6.36204 	Dead: 0
7.53337   0.218974    1.11161   6.36204 	Dead: 0
7.48782   0.200032    1.01545   6.36204 	Dead: 0
7.51728   0.203976    1.03548   6.36204 	Dead: 0
7.19364   0.177099    0.899038  6.34778 	Dead: 0
7.24597   0.183866    0.93339   6.34778 	Dead: 0
7.29876   0.201457    1.02269   6.34778 	Dead: 0
7.37466   0.212367    1.07807   6.34778 	Dead: 0
7.19722   0.181438    0.921065  6.20412 	Dead: 0
7.35396   0.198617    1.00827   6.20412 	Dead: 0
7.25164   0.203614    1.03364   6.20412 	Dead: 0
7.18867   0.180171    0.914631  6.20412 	Dead: 0
7.3096    0.202415    1.02755   6.20412 	Dead: 0
7.41578   0.211578    1.07407   6.20412 	Dead: 0
7.25798   0.203032    1.03069   6.20412 	Dead: 0
7.27507   0.204917    1.04026   6.20412 	Dead: 0
7.23025   0.198497    1.00766   6.1907  	Dead: 0
7.22725   0.203756    1.03436   6.1907  	Dead: 0
7.31421   0.200772    1.01921   6.1907  	Dead: 0
7.47126   0.211097    1.07163   6.1907  	Dead: 0
7.28302   0.203406    1.03258   6.1907  	Dead: 0
7.40541   0.223317    1.13366   6.1907  	Dead: 0
7.4114    0.216076    1.0969    6.14518 	Dead: 0
7.37475   0.209839    1.06524   6.14518 	Dead: 0
7.25957   0.190237    0.965734  6.14518 	Dead: 0
7.26642   0.198602    1.0082    6.14518 	Dead: 0
7.23307   0.193543    0.982515  6.14518 	Dead: 0
7.13434   0.191778    0.973552  6.14518 	Dead: 0
7.30452   0.204888    1.04011   6.14518 	Dead: 0
7.31231   0.21018     1.06697   6.14518 	Dead: 0
7.27222   0.215824    1.09562   6.14518 	Dead: 0
7.32124   0.205856    1.04502   6.14518 	Dead: 0
7.30546   0.211938    1.0759    6.14518 	Dead: 0
7.2418    0.195869    0.99432   6.14518 	Dead: 0
7.37704   0.207256    1.05213   6.14518 	Dead: 0
7.28632   0.21451     1.08895   6.14518 	Dead: 0
7.31649   0.212618    1.07935   6.14518 	Dead: 0
7.22212   0.187939    0.954066  6.14518 	Dead: 0
7.2666    0.206975    1.0507    6.14518 	Dead: 0
7.20456   0.201046    1.0206    6.14518 	Dead: 0
7.17409   0.198295    1.00664   6.14518 	Dead: 0
7.33838   0.225907    1.14681   6.14518 	Dead: 0
7.28647   0.222463    1.12933   6.14518 	Dead: 0
7.36336   0.223347    1.13381   6.14518 	Dead: 0
7.36314   0.22506     1.14251   6.14518 	Dead: 0
7.26824   0.198808    1.00924   6.14518 	Dead: 0
7.3624    0.223093    1.13253   6.14518 	Dead: 0
7.30299   0.210695    1.06958   6.14518 	Dead: 0
7.36955   0.203941    1.0353    6.14518 	Dead: 0
7.33369   0.216484    1.09897   6.14518 	Dead: 0
7.34481   0.221327    1.12356   6.14518 	Dead: 0
7.39219   0.20782     1.05499   6.14518 	Dead: 0
7.30358   0.203827    1.03472   6.14518 	Dead: 0
7.21926   0.197597    1.0031    6.14518 	Dead: 0
7.13355   0.196461    0.997327  6.14518 	Dead: 0
7.30486   0.211984    1.07613   6.14518 	Dead: 0
7.27575   0.193994    0.984806  6.14518 	Dead: 0
7.2163    0.200724    1.01897   6.14518 	Dead: 0
7.3306    0.20827     1.05727   6.14518 	Dead: 0
7.20892   0.20789     1.05535   6.14518 	Dead: 0
7.21647   0.197149    1.00082   6.14518 	Dead: 0
7.38962   0.210682    1.06952   6.14518 	Dead: 0
7.34549   0.227891    1.15688   6.14518 	Dead: 0
7.33858   0.220872    1.12125   6.14518 	Dead: 0
7.30755   0.209587    1.06396   6.14518 	Dead: 0
7.37347   0.22635     1.14906   6.14518 	Dead: 0
7.25474   0.203698    1.03406   6.14518 	Dead: 0
