10.8873   0.105277    0.534434  9.73638 	Dead: 0
9.7932    0.0649818   0.329878  9.20703 	Dead: 0
9.57501   0.084758    0.430271  8.79605 	Dead: 0
9.45444   0.0910699   0.462313  8.77545 	Dead: 0
9.45004   0.104908    0.532564  8.63298 	Dead: 0
9.27422   0.104124    0.528584  8.50424 	Dead: 0
9.15749   0.126789    0.643639  8.14224 	Dead: 0
8.86825   0.142725    0.724538  8.00296 	Dead: 0
8.84347   0.161597    0.820342  7.88011 	Dead: 0
8.71047   0.153793    0.780724  7.75796 	Dead: 0
8.79081   0.160208    0.813291  7.75796 	Dead: 0
8.66153   0.155994    0.791897  7.75796 	Dead: 0
8.7239    0.157152    0.797779  7.75796 	Dead: 0
8.78554   0.178497    0.906135  7.75796 	Dead: 0
8.70378   0.160999    0.817305  7.75796 	Dead: 0
8.7424    0.169865    0.862315  7.58118 	Dead: 0
8.76445   0.17712     0.899144  7.58118 	Dead: 0
8.75684   0.1775      0.901072  7.58118 	Dead: 0
8.77865   0.181466    0.921205  7.58118 	Dead: 0
8.67593   0.18488     0.938535  7.58118 	Dead: 0
8.72698   0.17947     0.911073  7.58118 	Dead: 0
8.88373   0.193459    0.982089  7.58118 	Dead: 0
8.72319   0.18682     0.948384  7.58118 	Dead: 0
8.76851   0.177117    0.899131  7.58118 	Dead: 0
8.6269    0.174669    0.886703  7.58118 	Dead: 0
8.71044   0.177924    0.903225  7.58118 	Dead: 0
8.69402   0.17817     0.904473  7.58118 	Dead: 0
8.75534   0.191145    0.97034   7.58118 	Dead: 0
8.70321   0.195859    0.994274  7.43657 	Dead: 0
8.67504   0.176452    0.895755  7.43657 	Dead: 0
8.6545    0.180618    0.916901  7.43657 	Dead: 0
8.63366   0.182901    0.928489  7.43657 	Dead: 0
8.73705   0.184849    0.938378  7.43657 	Dead: 0
8.71888   0.187207    0.950353  7.43657 	Dead: 0
8.66569   0.186182    0.945147  7.36677 	Dead: 0
8.65317   0.185647    0.94243   7.36677 	Dead: 0
8.62871   0.196815    0.999125  7.36677 	Dead: 0
8.63134   0.191406    0.971667  7.20521 	Dead: 0
8.60813   0.189575    0.962371  7.20521 	Dead: 0
8.51744   0.185298    0.940659  7.20521 	Dead: 0
8.71159   0.204235    1.03679   7.20521 	Dead: 0
8.64759   0.20603     1.0459    7.20521 	Dead: 0
8.80765   0.204243    1.03684   7.20521 	Dead: 0
8.7746    0.203832    1.03475   7.20521 	Dead: 0
8.6275    0.20683     1.04997   7.20521 	Dead: 0
8.55305   0.200686    1.01877   7.20521 	Dead: 0
8.60491   0.203635    1.03375   7.20521 	Dead: 0
8.59765   0.195145    0.990646  7.20521 	Dead: 0
8.60647   0.202756    1.02928   7.20521 	Dead: 0
8.52302   0.193072    0.980123  7.20521 	Dead: 0
8.55437   0.203245    1.03176   7.20521 	Dead: 0
8.45456   0.200611    1.0184    7.20521 	Dead: 0
8.45442   0.181744    0.922615  7.20521 	Dead: 0
8.60697   0.200282    1.01672   7.20521 	Dead: 0
8.3848    0.18108     0.919245  7.20521 	Dead: 0
8.56399   0.212528    1.07889   7.20521 	Dead: 0
8.50693   0.205267    1.04203   7.20521 	Dead: 0
8.6152    0.206461    1.04809   7.20521 	Dead: 0
8.40687   0.202842    1.02972   7.20521 	Dead: 0
8.62764   0.209555    1.0638    7.20521 	Dead: 0
8.4562    0.185901    0.943722  7.20521 	Dead: 0
8.6246    0.206153    1.04653   7.20521 	Dead: 0
8.45601   0.199328    1.01188   7.20521 	Dead: 0
8.53833   0.197285    1.00151   7.20521 	Dead: 0
8.43257   0.207821    1.055     7.20521 	Dead: 0
8.57985   0.193742    0.983527  7.20521 	Dead: 0
8.50189   0.20131     1.02194   7.20521 	Dead: 0
8.63545   0.20818     1.05682   7.20521 	Dead: 0
8.5415    0.207552    1.05363   7.20521 	Dead: 0
8.63811   0.209067    1.06132   7.20521 	Dead: 0
8.48285   0.185087    0.93959   7.20521 	Dead: 0
8.60037   0.204222    1.03672   7.20521 	Dead: 0
8.71722   0.209004    1.061     7.20521 	Dead: 0
8.44688   0.19635     0.996764  7.20521 	Dead: 0
8.56762   0.205667    1.04406   7.20521 	Dead: 0
8.6893    0.205478    1.0431    7.20521 	Dead: 0
8.55545   0.215903    1.09603   7.20521 	Dead: 0
8.46768   0.197552    1.00287   7.20521 	Dead: 0
8.45087   0.199935    1.01496   7.20521 	Dead: 0
8.51505   0.198885    1.00963   7.20521 	Dead: 0
8.64832   0.20303     1.03067   7.20521 	Dead: 0
8.57399   0.210426    1.06822   7.20521 	Dead: 0
8.58971   0.204218    1.03671   7.20521 	Dead: 0
8.58389   0.216333    1.09821   7.20521 	Dead: 0
8.39088   0.195746    0.9937    7.20521 	Dead: 0
8.63084   0.191488    0.972084  7.20521 	Dead: 0
8.5251    0.198272    1.00652   7.20521 	Dead: 0
8.63065   0.20748     1.05327   7.20521 	Dead: 0
8.54035   0.200933    1.02003   7.20521 	Dead: 0
8.65409   0.210349    1.06783   7.20521 	Dead: 0
8.60912   0.20376     1.03438   7.20521 	Dead: 0
8.49313   0.202268    1.02681   7.20521 	Dead: 0
8.54172   0.206771    1.04967   7.20521 	Dead: 0
8.52897   0.210693    1.06958   7.20521 	Dead: 0
8.5902    0.204504    1.03816   7.20521 	Dead: 0
8.57993   0.20363     1.03372   7.20521 	Dead: 0
8.56392   0.202327    1.02711   7.20521 	Dead: 0
8.55307   0.201198    1.02138   7.20521 	Dead: 0
8.46087   0.198382    1.00708   7.20521 	Dead: 0
8.42981   0.196477    0.99741   7.20521 	Dead: 0
8.45836   0.210576    1.06898   7.20521 	Dead: 0
