10.9933   0.104336    0.52966   10.0745 	Dead: 0
9.80203   0.0653763   0.331881  9.22587 	Dead: 0
9.63528   0.0821662   0.417114  8.88897 	Dead: 0
9.27604   0.118008    0.599065  8.48544 	Dead: 0
9.21864   0.123846    0.628701  8.3563  	Dead: 0
9.00217   0.110729    0.562111  8.32554 	Dead: 0
9.06477   0.13305     0.675423  8.22381 	Dead: 0
8.95797   0.129471    0.657257  8.08486 	Dead: 0
8.91127   0.137899    0.700042  8.08486 	Dead: 0
8.84921   0.137854    0.699811  8.08486 	Dead: 0
8.86773   0.135852    0.689649  8.08486 	Dead: 0
8.9142    0.1507      0.765026  8.07755 	Dead: 0
8.87477   0.130389    0.661916  7.99646 	Dead: 0
8.82659   0.13567     0.688726  7.99646 	Dead: 0
8.88608   0.146042    0.741375  7.99646 	Dead: 0
8.8428    0.138376    0.70246   7.99646 	Dead: 0
8.90653   0.15032     0.763096  7.99646 	Dead: 0
8.83037   0.129616    0.657993  7.99646 	Dead: 0
8.80366   0.143022    0.726045  7.98723 	Dead: 0
8.86938   0.145466    0.738453  7.96562 	Dead: 0
8.80407   0.136682    0.693864  7.96562 	Dead: 0
8.75012   0.1345      0.682785  7.96562 	Dead: 0
8.69587   0.138344    0.702296  7.91736 	Dead: 0
8.79132   0.141861    0.720155  7.91736 	Dead: 0
8.72724   0.14071     0.714309  7.91736 	Dead: 0
8.77914   0.138882    0.705027  7.91736 	Dead: 0
8.86102   0.150556    0.764293  7.91736 	Dead: 0
8.7701    0.148677    0.754755  7.91736 	Dead: 0
8.77019   0.134592    0.683252  7.91736 	Dead: 0
8.80587   0.146644    0.744434  7.91736 	Dead: 0
8.669     0.129618    0.658     7.91736 	Dead: 0
8.72169   0.139262    0.70696   7.91736 	Dead: 0
8.68886   0.131121    0.665629  7.91736 	Dead: 0
8.69185   0.130577    0.662872  7.91736 	Dead: 0
8.68355   0.13098     0.664913  7.86325 	Dead: 0
8.72735   0.151007    0.766583  7.84932 	Dead: 0
8.70022   0.139221    0.706752  7.84932 	Dead: 0
8.76791   0.160027    0.812371  7.84932 	Dead: 0
8.71222   0.14211     0.721417  7.84932 	Dead: 0
8.63708   0.13076     0.663798  7.84932 	Dead: 0
8.72506   0.138908    0.70516   7.84932 	Dead: 0
8.62458   0.128727    0.653477  7.84932 	Dead: 0
8.65761   0.142062    0.721174  7.84443 	Dead: 0
8.5922    0.126758    0.643483  7.84443 	Dead: 0
8.72266   0.144375    0.732916  7.84443 	Dead: 0
8.68971   0.135534    0.688033  7.83021 	Dead: 0
8.65916   0.139376    0.707538  7.83021 	Dead: 0
8.61526   0.143805    0.730023  7.69986 	Dead: 0
8.50045   0.123632    0.627613  7.69986 	Dead: 0
8.54758   0.137856    0.699819  7.69986 	Dead: 0
8.60324   0.147844    0.750528  7.69986 	Dead: 0
8.54065   0.13163     0.668214  7.69986 	Dead: 0
8.44431   0.131481    0.667457  7.6535  	Dead: 0
8.50242   0.140316    0.712311  7.6535  	Dead: 0
8.57645   0.149665    0.75977   7.6535  	Dead: 0
8.47947   0.13882     0.704716  7.6535  	Dead: 0
8.5466    0.155749    0.790654  7.6535  	Dead: 0
8.51326   0.14593     0.740809  7.6535  	Dead: 0
8.53694   0.145376    0.737998  7.6535  	Dead: 0
8.55162   0.144461    0.733349  7.64529 	Dead: 0
8.5608    0.147131    0.746905  7.64529 	Dead: 0
8.45473   0.139095    0.706111  7.64529 	Dead: 0
8.45228   0.139315    0.70723   7.64529 	Dead: 0
8.43806   0.139928    0.71034   7.64529 	Dead: 0
8.40317   0.121929    0.618967  7.64529 	Dead: 0
8.38926   0.137921    0.700149  7.64529 	Dead: 0
8.42754   0.139742    0.709393  7.64529 	Dead: 0
8.34474   0.130678    0.663383  7.64529 	Dead: 0
8.52723   0.157871    0.801425  7.64529 	Dead: 0
8.34273   0.13535     0.6871    7.56668 	Dead: 0
8.40552   0.134236    0.681443  7.54735 	Dead: 0
8.49347   0.155554    0.789664  7.54735 	Dead: 0
8.40365   0.135116    0.685914  7.54735 	Dead: 0
8.35358   0.131345    0.666768  7.54735 	Dead: 0
8.24577   0.119177    0.604998  7.54735 	Dead: 0
8.32783   0.132222    0.671219  7.54735 	Dead: 0
8.39998   0.141167    0.716629  7.54735 	Dead: 0
8.36355   0.138878    0.705009  7.54735 	Dead: 0
8.25353   0.123158    0.625208  7.54735 	Dead: 0
8.39071   0.145348    0.737852  7.54735 	Dead: 0
8.43881   0.155377    0.788764  7.54735 	Dead: 0
8.44781   0.14202     0.720958  7.54735 	Dead: 0
8.41117   0.152979    0.776593  7.54735 	Dead: 0
8.34103   0.140146    0.711446  7.54735 	Dead: 0
8.31778   0.131839    0.669276  7.54735 	Dead: 0
8.33701   0.144787    0.735006  7.54735 	Dead: 0
8.24448   0.135273    0.68671   7.54735 	Dead: 0
8.31767   0.145694    0.739613  7.54735 	Dead: 0
8.3007    0.147799    0.750297  7.47785 	Dead: 0
8.12537   0.118487    0.601493  7.47785 	Dead: 0
8.223     0.141211    0.716854  7.47785 	Dead: 0
8.25279   0.148854    0.755652  7.40717 	Dead: 0
8.1631    0.120221    0.610299  7.40717 	Dead: 0
8.12965   0.124112    0.63005   7.40327 	Dead: 0
8.21851   0.144039    0.731212  7.40327 	Dead: 0
8.19892   0.131097    0.665508  7.40327 	Dead: 0
8.20251   0.145221    0.737208  7.40327 	Dead: 0
8.09439   0.119135    0.604786  7.40327 	Dead: 0
8.15295   0.143826    0.730129  7.40327 	Dead: 0
8.14707   0.131363    0.666861  7.40327 	Dead: 0
8.25827   0.159523    0.809815  7.19117 	Dead: 0
