13.2582   0.0838208   0.425514  11.9774 	Dead: 0
11.1136   0.0729214   0.370183  10.501  	Dead: 0
10.8367   0.0810176   0.411283  10.1601 	Dead: 0
10.6506   0.0805175   0.408744  9.87948 	Dead: 0
10.5718   0.0787019   0.399527  9.65691 	Dead: 0
10.5642   0.0926425   0.470297  9.65691 	Dead: 0
10.4164   0.102966    0.522704  9.58198 	Dead: 0
10.171    0.150242    0.762697  8.16965 	Dead: 0
9.86808   0.206435    1.04796   8.16965 	Dead: 0
9.25352   0.222002    1.12698   8.16965 	Dead: 0
9.20175   0.228036    1.15762   8.04615 	Dead: 0
9.11015   0.209712    1.06459   7.8704  	Dead: 0
9.30417   0.238923    1.21289   7.8704  	Dead: 0
9.22895   0.241104    1.22396   7.83647 	Dead: 0
9.08546   0.240766    1.22224   7.83647 	Dead: 0
9.14204   0.236282    1.19948   7.83647 	Dead: 0
9.15744   0.243239    1.2348    7.75881 	Dead: 0
9.07514   0.244194    1.23964   7.75881 	Dead: 0
8.95706   0.221347    1.12366   7.75881 	Dead: 0
9.09352   0.242217    1.22961   7.75881 	Dead: 0
9.07454   0.261284    1.3264    7.68579 	Dead: 0
9.14549   0.257491    1.30714   7.68579 	Dead: 0
8.95618   0.250126    1.26976   7.56156 	Dead: 0
9.11273   0.262753    1.33386   7.56156 	Dead: 0
9.01365   0.241537    1.22616   7.56156 	Dead: 0
8.99557   0.257339    1.30637   7.56156 	Dead: 0
8.94975   0.246948    1.25362   7.56156 	Dead: 0
8.83924   0.240323    1.21999   7.56156 	Dead: 0
8.89852   0.24706     1.25419   7.56156 	Dead: 0
8.90215   0.24348     1.23602   7.56156 	Dead: 0
8.82727   0.245653    1.24705   7.56156 	Dead: 0
8.9708    0.249571    1.26694   7.56156 	Dead: 0
8.81363   0.239932    1.21801   7.56156 	Dead: 0
8.88928   0.241009    1.22348   7.56156 	Dead: 0
8.88314   0.248354    1.26076   7.56156 	Dead: 0
8.92585   0.253703    1.28791   7.56156 	Dead: 0
8.98819   0.25948     1.31724   7.56156 	Dead: 0
8.92929   0.271182    1.37664   7.34422 	Dead: 0
8.81691   0.259781    1.31877   7.34422 	Dead: 0
8.72262   0.24018     1.21927   7.34422 	Dead: 0
8.83412   0.270591    1.37365   7.31733 	Dead: 0
8.83722   0.258356    1.31153   7.31733 	Dead: 0
8.73044   0.252671    1.28267   7.31733 	Dead: 0
8.78268   0.246848    1.25312   7.31733 	Dead: 0
8.79044   0.259736    1.31854   7.31733 	Dead: 0
8.75489   0.244457    1.24098   7.31733 	Dead: 0
8.77608   0.247327    1.25555   7.31733 	Dead: 0
8.71661   0.249894    1.26858   7.31733 	Dead: 0
8.76529   0.254976    1.29438   7.31733 	Dead: 0
8.6735    0.251253    1.27548   7.31733 	Dead: 0
8.81071   0.255268    1.29586   7.31733 	Dead: 0
8.83424   0.265755    1.3491    7.31733 	Dead: 0
8.57954   0.218927    1.11137   7.31733 	Dead: 0
8.63449   0.243633    1.2368    7.31733 	Dead: 0
8.45603   0.218912    1.1113    7.31733 	Dead: 0
8.56037   0.253174    1.28523   7.31733 	Dead: 0
8.71493   0.257659    1.308     7.31733 	Dead: 0
8.57953   0.238732    1.21192   7.31733 	Dead: 0
8.2879    0.207469    1.05321   7.31733 	Dead: 0
8.43939   0.241964    1.22832   7.31733 	Dead: 0
8.51378   0.246776    1.25275   7.30084 	Dead: 0
8.26346   0.208171    1.05677   7.30084 	Dead: 0
8.21925   0.218464    1.10903   7.07144 	Dead: 0
8.4245    0.232463    1.18009   7.07144 	Dead: 0
8.21992   0.204253    1.03689   7.07144 	Dead: 0
8.50212   0.242198    1.22951   7.07144 	Dead: 0
8.23181   0.210019    1.06615   7.07144 	Dead: 0
8.36377   0.256762    1.30345   7.07144 	Dead: 0
8.22132   0.195105    0.990444  7.07144 	Dead: 0
8.29067   0.210801    1.07012   7.07144 	Dead: 0
8.17374   0.20504     1.04088   7.07144 	Dead: 0
8.42896   0.248106    1.2595    7.07144 	Dead: 0
8.26      0.228732    1.16115   7.07144 	Dead: 0
8.25032   0.213503    1.08384   7.07144 	Dead: 0
8.36367   0.233984    1.18781   7.07144 	Dead: 0
8.25019   0.225045    1.14243   7.07144 	Dead: 0
8.30163   0.226394    1.14928   7.07144 	Dead: 0
8.20036   0.201254    1.02166   7.07144 	Dead: 0
8.08208   0.173773    0.882152  7.07144 	Dead: 0
8.20289   0.209786    1.06497   7.07144 	Dead: 0
7.99554   0.185196    0.940139  7.07144 	Dead: 0
8.26661   0.216767    1.10041   7.07144 	Dead: 0
8.23017   0.229577    1.16544   7.07144 	Dead: 0
8.2288    0.212796    1.08025   7.07144 	Dead: 0
8.28507   0.227073    1.15273   7.07144 	Dead: 0
8.42482   0.250037    1.2693    7.07144 	Dead: 0
8.50081   0.244915    1.24331   7.07144 	Dead: 0
8.31865   0.231222    1.17379   7.07144 	Dead: 0
8.20806   0.200939    1.02006   7.07144 	Dead: 0
8.22546   0.215426    1.0936    7.07144 	Dead: 0
8.10015   0.21332     1.08291   7.07144 	Dead: 0
8.28381   0.23146     1.175     7.07144 	Dead: 0
8.09795   0.201529    1.02306   7.07144 	Dead: 0
8.30432   0.234439    1.19012   7.01525 	Dead: 0
8.15017   0.207253    1.05211   7.01525 	Dead: 0
8.04476   0.286831    1.45609   6.72176 	Dead: 0
7.86735   0.279177    1.41723   6.57597 	Dead: 0
7.8475    0.262838    1.33429   6.57597 	Dead: 0
7.83728   0.268074    1.36087   6.57597 	Dead: 0
7.65644   0.244093    1.23913   6.57597 	Dead: 0
7.83065   0.291296    1.47875   6.57597 	Dead: 0
