6.62691   0.0371665   0.188675  6.11969 	Dead: 0
6.26653   0.0386956   0.196437  5.86998 	Dead: 0
6.15672   0.0424285   0.215387  5.83206 	Dead: 0
6.09757   0.0365637   0.185614  5.83116 	Dead: 0
6.08588   0.0400043   0.20308   5.69461 	Dead: 0
6.03501   0.0351319   0.178346  5.69461 	Dead: 0
6.05836   0.0403308   0.204738  5.69461 	Dead: 0
6.04531   0.0405042   0.205618  5.69461 	Dead: 0
6.01459   0.0396546   0.201305  5.69461 	Dead: 0
6.05983   0.0469167   0.238171  5.69461 	Dead: 0
6.01376   0.0393427   0.199722  5.69453 	Dead: 0
6.02674   0.0436177   0.221424  5.67667 	Dead: 0
6.03784   0.0440684   0.223712  5.67667 	Dead: 0
6.00707   0.0419597   0.213007  5.67667 	Dead: 0
5.98977   0.0382201   0.194023  5.67667 	Dead: 0
5.99688   0.0414814   0.210579  5.53665 	Dead: 0
6.02798   0.0468058   0.237608  5.53665 	Dead: 0
6.00915   0.0432659   0.219638  5.53665 	Dead: 0
6.01458   0.0446112   0.226467  5.53665 	Dead: 0
6.02088   0.0428457   0.217505  5.53665 	Dead: 0
6.00778   0.0438467   0.222587  5.53665 	Dead: 0
6.00198   0.0455118   0.231039  5.53665 	Dead: 0
6.00385   0.0434521   0.220583  5.53665 	Dead: 0
6.01301   0.044947    0.228172  5.53665 	Dead: 0
6.02165   0.0443916   0.225353  5.53665 	Dead: 0
6.00284   0.0458437   0.232724  5.53665 	Dead: 0
5.97135   0.0427838   0.217191  5.53665 	Dead: 0
5.99016   0.0432293   0.219452  5.53665 	Dead: 0
5.95367   0.0408426   0.207336  5.53665 	Dead: 0
5.97545   0.0401584   0.203863  5.53665 	Dead: 0
5.92975   0.0423552   0.215015  5.53665 	Dead: 0
5.98521   0.0526303   0.267176  5.5149  	Dead: 0
5.92803   0.0440789   0.223765  5.5149  	Dead: 0
5.96327   0.04811     0.244229  5.5149  	Dead: 0
5.93451   0.0440732   0.223736  5.5149  	Dead: 0
5.95035   0.0481043   0.2442    5.5149  	Dead: 0
5.91694   0.044557    0.226192  5.5149  	Dead: 0
5.95129   0.0514765   0.261319  5.5149  	Dead: 0
5.93188   0.0497939   0.252777  5.5149  	Dead: 0
5.93524   0.0507499   0.25763   5.5149  	Dead: 0
5.91527   0.0445861   0.22634   5.5149  	Dead: 0
5.90598   0.0431245   0.21892   5.5149  	Dead: 0
5.88793   0.0406185   0.206199  5.5149  	Dead: 0
5.89867   0.0451478   0.229191  5.5149  	Dead: 0
5.89564   0.0434654   0.220651  5.5149  	Dead: 0
5.94632   0.0492255   0.249891  5.5149  	Dead: 0
5.91041   0.050873    0.258255  5.5149  	Dead: 0
5.90137   0.0426064   0.21629   5.5149  	Dead: 0
5.88535   0.0443842   0.225315  5.5149  	Dead: 0
5.90951   0.044329    0.225035  5.5149  	Dead: 0
5.93678   0.0496364   0.251977  5.5149  	Dead: 0
5.90594   0.0456683   0.231834  5.5149  	Dead: 0
5.90957   0.0499888   0.253767  5.5149  	Dead: 0
5.90013   0.0484509   0.245959  5.50863 	Dead: 0
5.8794    0.0407124   0.206675  5.50863 	Dead: 0
5.89517   0.0489452   0.248469  5.47223 	Dead: 0
5.89128   0.0455981   0.231477  5.47223 	Dead: 0
5.9119    0.0488784   0.248129  5.47223 	Dead: 0
5.89113   0.0437104   0.221894  5.47223 	Dead: 0
5.90579   0.0461902   0.234483  5.47223 	Dead: 0
5.92317   0.0487432   0.247443  5.47223 	Dead: 0
5.91262   0.0473805   0.240525  5.47223 	Dead: 0
5.90379   0.048317    0.24528   5.47223 	Dead: 0
5.90844   0.0468682   0.237925  5.47223 	Dead: 0
5.91063   0.0491021   0.249265  5.47223 	Dead: 0
5.93966   0.0519045   0.263491  5.47223 	Dead: 0
5.90228   0.0459816   0.233424  5.47223 	Dead: 0
5.90998   0.0503167   0.255431  5.47223 	Dead: 0
5.90887   0.0460601   0.233823  5.47223 	Dead: 0
5.90239   0.0465654   0.236387  5.47223 	Dead: 0
5.92694   0.0500979   0.25432   5.47223 	Dead: 0
5.90496   0.0470486   0.238841  5.47223 	Dead: 0
5.91587   0.04745     0.240878  5.47223 	Dead: 0
5.90337   0.0479797   0.243567  5.47223 	Dead: 0
5.90133   0.0475094   0.24118   5.47223 	Dead: 0
5.93043   0.0465194   0.236154  5.47223 	Dead: 0
5.90716   0.0427841   0.217192  5.47223 	Dead: 0
5.90892   0.0437273   0.22198   5.47223 	Dead: 0
5.91467   0.0489639   0.248563  5.47223 	Dead: 0
5.93166   0.0471928   0.239573  5.47223 	Dead: 0
5.90997   0.0462107   0.234587  5.47223 	Dead: 0
5.93047   0.04775     0.242401  5.47223 	Dead: 0
5.91425   0.0480735   0.244044  5.47223 	Dead: 0
5.90991   0.0435288   0.220972  5.47223 	Dead: 0
5.91429   0.0517833   0.262876  5.47223 	Dead: 0
5.91103   0.0460466   0.233754  5.47223 	Dead: 0
5.90676   0.0468645   0.237906  5.47223 	Dead: 0
5.89998   0.0472431   0.239828  5.47223 	Dead: 0
5.88343   0.0440051   0.22339   5.47223 	Dead: 0
5.92533   0.0499782   0.253712  5.47223 	Dead: 0
5.90259   0.0469868   0.238527  5.47223 	Dead: 0
5.90638   0.0459013   0.233016  5.47223 	Dead: 0
5.90622   0.0479153   0.24324   5.47223 	Dead: 0
5.89343   0.0489302   0.248393  5.47223 	Dead: 0
5.89629   0.0498524   0.253074  5.47223 	Dead: 0
5.91072   0.0503778   0.255741  5.47223 	Dead: 0
5.91586   0.0492366   0.249948  5.47223 	Dead: 0
5.90334   0.0491275   0.249394  5.47223 	Dead: 0
5.89169   0.0455856   0.231414  5.47223 	Dead: 0
5.89652   0.0437419   0.222054  5.47223 	Dead: 0
5.92723   0.0493592   0.25057   5.47223 	Dead: 0
