8.21691   0.0319667   0.162278  7.76193 	Dead: 0
7.08785   0.0265346   0.134702  6.76914 	Dead: 0
6.94621   0.0292715   0.148596  6.675   	Dead: 0
6.85454   0.0330849   0.167955  6.55916 	Dead: 0
6.8085    0.0356484   0.180968  6.53045 	Dead: 0
6.76699   0.03114     0.158081  6.52167 	Dead: 0
6.73411   0.034085    0.173031  6.43853 	Dead: 0
6.7       0.0320563   0.162733  6.43853 	Dead: 0
6.70713   0.034891    0.177123  6.43853 	Dead: 0
6.67575   0.0367985   0.186806  6.43573 	Dead: 0
6.67407   0.0338574   0.171876  6.37751 	Dead: 0
6.64403   0.031379    0.159294  6.37751 	Dead: 0
6.61513   0.0274383   0.139289  6.37378 	Dead: 0
6.60777   0.0332207   0.168644  6.34271 	Dead: 0
6.57195   0.0283549   0.143943  6.33535 	Dead: 0
6.57403   0.0327824   0.166419  6.33535 	Dead: 0
6.56293   0.0302358   0.153491  6.33194 	Dead: 0
6.55521   0.0319613   0.162251  6.32348 	Dead: 0
6.55097   0.0327316   0.166161  6.26962 	Dead: 0
6.54574   0.036049    0.183002  6.26962 	Dead: 0
6.55061   0.0362637   0.184091  6.26962 	Dead: 0
6.4977    0.0339111   0.172148  6.14487 	Dead: 0
6.47829   0.0342077   0.173654  6.14487 	Dead: 0
6.48167   0.0394001   0.200013  6.13107 	Dead: 0
6.46678   0.0366368   0.185985  6.13107 	Dead: 0
6.46713   0.0370306   0.187985  6.13107 	Dead: 0
6.47258   0.0376151   0.190952  6.13107 	Dead: 0
6.4505    0.0342658   0.173949  6.13107 	Dead: 0
6.45012   0.0357285   0.181375  6.13107 	Dead: 0
6.44663   0.0367297   0.186457  6.13107 	Dead: 0
6.46018   0.0368633   0.187135  6.13107 	Dead: 0
6.45107   0.0397047   0.20156   6.13107 	Dead: 0
6.48487   0.0397816   0.20195   6.13107 	Dead: 0
6.45224   0.0361687   0.183609  6.13107 	Dead: 0
6.46015   0.0427762   0.217152  6.13107 	Dead: 0
6.46396   0.0352074   0.178729  6.13107 	Dead: 0
6.44422   0.0351239   0.178306  6.13107 	Dead: 0
6.46852   0.0399737   0.202925  6.13107 	Dead: 0
6.43796   0.0390624   0.198299  6.13107 	Dead: 0
6.40907   0.0348766   0.17705   6.13107 	Dead: 0
6.43778   0.0397182   0.201628  6.13107 	Dead: 0
6.40244   0.0332093   0.168586  6.13107 	Dead: 0
6.39795   0.0337274   0.171216  6.11299 	Dead: 0
6.3894    0.0350393   0.177876  6.11299 	Dead: 0
6.41861   0.0399938   0.203027  6.1033  	Dead: 0
6.37335   0.035575    0.180595  6.1033  	Dead: 0
6.38011   0.0369988   0.187823  5.99896 	Dead: 0
6.36542   0.0347747   0.176532  5.99896 	Dead: 0
6.37077   0.0387774   0.196852  5.99896 	Dead: 0
6.36305   0.0382373   0.194111  5.99896 	Dead: 0
6.34384   0.0359132   0.182312  5.96798 	Dead: 0
6.33798   0.0351136   0.178253  5.96798 	Dead: 0
6.35674   0.0412242   0.209273  5.96798 	Dead: 0
6.3343    0.0391194   0.198588  5.96798 	Dead: 0
6.31919   0.038202    0.193931  5.96798 	Dead: 0
6.27753   0.0331246   0.168156  5.96798 	Dead: 0
6.2862    0.0356108   0.180777  5.96798 	Dead: 0
6.3071    0.0397187   0.201631  5.96696 	Dead: 0
6.27299   0.0360654   0.183085  5.96696 	Dead: 0
6.27479   0.0409307   0.207783  5.90328 	Dead: 0
6.2666    0.037306    0.189383  5.90328 	Dead: 0
6.28054   0.0403134   0.204649  5.90328 	Dead: 0
6.28071   0.0366751   0.18618   5.90328 	Dead: 0
6.27407   0.0370361   0.188013  5.90328 	Dead: 0
6.29183   0.0408033   0.207136  5.90328 	Dead: 0
6.28223   0.0406551   0.206384  5.90328 	Dead: 0
6.28428   0.0400431   0.203277  5.90328 	Dead: 0
6.28219   0.0390197   0.198082  5.90328 	Dead: 0
6.2685    0.0405415   0.205807  5.90328 	Dead: 0
6.29815   0.0405868   0.206038  5.90328 	Dead: 0
6.264     0.0388002   0.196968  5.90328 	Dead: 0
6.27926   0.0395763   0.200908  5.90328 	Dead: 0
6.24791   0.033782    0.171493  5.90328 	Dead: 0
6.27728   0.0414906   0.210626  5.90328 	Dead: 0
6.28084   0.0418827   0.212616  5.90328 	Dead: 0
6.28295   0.0446997   0.226916  5.90328 	Dead: 0
6.27751   0.0411783   0.20904   5.90328 	Dead: 0
6.2504    0.0416377   0.211372  5.90328 	Dead: 0
6.25466   0.0432126   0.219367  5.90328 	Dead: 0
6.232     0.0388389   0.197164  5.90328 	Dead: 0
6.23719   0.039885    0.202475  5.90328 	Dead: 0
6.24967   0.0434589   0.220617  5.83645 	Dead: 0
6.24988   0.0396926   0.201498  5.83645 	Dead: 0
6.23499   0.0398121   0.202105  5.83645 	Dead: 0
6.26592   0.0445318   0.226064  5.83645 	Dead: 0
6.20556   0.0380737   0.19328   5.83645 	Dead: 0
6.22264   0.0388507   0.197224  5.83645 	Dead: 0
6.2068    0.0435077   0.220865  5.83645 	Dead: 0
6.20578   0.0410035   0.208153  5.83645 	Dead: 0
6.23304   0.0443163   0.22497   5.83645 	Dead: 0
6.20511   0.0419403   0.212909  5.83645 	Dead: 0
6.22547   0.0423609   0.215044  5.83645 	Dead: 0
6.21151   0.0419595   0.213006  5.83645 	Dead: 0
6.20595   0.0418313   0.212355  5.83645 	Dead: 0
6.20346   0.0416082   0.211223  5.83645 	Dead: 0
6.19208   0.0388646   0.197295  5.83645 	Dead: 0
6.20921   0.0399809   0.202961  5.83645 	Dead: 0
6.20894   0.0412963   0.20964   5.83645 	Dead: 0
6.1837    0.0380885   0.193355  5.83645 	Dead: 0
6.20411   0.041449    0.210414  5.83645 	Dead: 0
6.23394   0.0457579   0.232288  5.83645 	Dead: 0
