13.9299   0.0793452   0.402793  12.8499 	Dead: 0
12.5209   0.0497652   0.252632  11.9974 	Dead: 0
12.353    0.0528116   0.268096  11.9855 	Dead: 0
12.2576   0.050694    0.257346  11.8873 	Dead: 0
12.1853   0.0616837   0.313135  11.6263 	Dead: 0
12.0312   0.0618871   0.314168  11.4911 	Dead: 0
11.9027   0.0835895   0.424339  11.0963 	Dead: 0
11.6925   0.104978    0.532916  10.7997 	Dead: 0
11.583    0.105757    0.536872  10.7997 	Dead: 0
11.5024   0.115847    0.588091  10.7501 	Dead: 0
11.4798   0.112417    0.570681  10.7501 	Dead: 0
11.5182   0.129246    0.656115  10.6408 	Dead: 0
11.4071   0.12188     0.618719  10.4914 	Dead: 0
11.3397   0.10746     0.545519  10.4914 	Dead: 0
11.356    0.115516    0.586413  10.4914 	Dead: 0
11.3497   0.124157    0.630277  10.4914 	Dead: 0
11.3136   0.114085    0.579151  10.4914 	Dead: 0
11.2028   0.109321    0.554965  10.3122 	Dead: 0
11.1853   0.109406    0.555394  10.3122 	Dead: 0
11.1334   0.116884    0.593359  10.3122 	Dead: 0
11.0169   0.108527    0.550934  10.3122 	Dead: 0
10.9721   0.112494    0.571073  10.0005 	Dead: 0
10.7848   0.0928706   0.471455  10.0005 	Dead: 0
10.9026   0.11152     0.566129  10.0005 	Dead: 0
10.9057   0.117951    0.598777  10.0005 	Dead: 0
10.8721   0.125725    0.638237  10.0005 	Dead: 0
10.8071   0.114411    0.580803  10.0005 	Dead: 0
10.8732   0.114484    0.581173  10.0005 	Dead: 0
10.8729   0.109392    0.555323  10.0005 	Dead: 0
10.8998   0.120375    0.611081  10.0005 	Dead: 0
10.7601   0.0947588   0.48104   10.0005 	Dead: 0
10.8257   0.108656    0.551587  10.0005 	Dead: 0
10.8969   0.130431    0.66213   10.0005 	Dead: 0
10.7031   0.0918546   0.466297  10.0005 	Dead: 0
10.8808   0.124885    0.633976  10.0005 	Dead: 0
10.8657   0.125312    0.636144  10.0005 	Dead: 0
10.8241   0.113287    0.575097  10.0005 	Dead: 0
10.7623   0.111007    0.563523  10.0005 	Dead: 0
10.7958   0.105407    0.535094  10.0005 	Dead: 0
10.7818   0.115396    0.585806  10.0005 	Dead: 0
10.7863   0.111156    0.564281  10.0005 	Dead: 0
10.7745   0.113076    0.574028  10.0005 	Dead: 0
10.8755   0.130324    0.661586  10.0005 	Dead: 0
10.8117   0.132643    0.673358  9.90822 	Dead: 0
10.827    0.128464    0.652141  9.90822 	Dead: 0
10.8453   0.137678    0.698916  9.90822 	Dead: 0
10.7355   0.121234    0.615441  9.86726 	Dead: 0
10.7348   0.110138    0.559114  9.86726 	Dead: 0
10.8359   0.135873    0.689754  9.86726 	Dead: 0
10.9178   0.139075    0.70601   9.86726 	Dead: 0
10.7339   0.126249    0.640898  9.86726 	Dead: 0
10.7796   0.131215    0.666108  9.86726 	Dead: 0
10.7136   0.112352    0.570349  9.86726 	Dead: 0
10.7636   0.126382    0.641576  9.86726 	Dead: 0
10.7548   0.123994    0.629451  9.86726 	Dead: 0
10.7532   0.135624    0.688492  9.86726 	Dead: 0
10.7506   0.119373    0.605991  9.86726 	Dead: 0
10.8024   0.139195    0.70662   9.86726 	Dead: 0
10.7214   0.120281    0.610602  9.86726 	Dead: 0
10.7862   0.134278    0.681658  9.86726 	Dead: 0
10.7708   0.141827    0.71998   9.71494 	Dead: 0
10.7443   0.119548    0.606883  9.71494 	Dead: 0
10.7115   0.121066    0.614586  9.71494 	Dead: 0
10.8102   0.139531    0.708326  9.71494 	Dead: 0
10.7567   0.134119    0.680849  9.71494 	Dead: 0
10.6378   0.106572    0.541009  9.71494 	Dead: 0
10.7631   0.135067    0.685663  9.71494 	Dead: 0
10.6865   0.126503    0.64219   9.71494 	Dead: 0
10.7693   0.129959    0.659731  9.71494 	Dead: 0
10.8471   0.142388    0.722828  9.71494 	Dead: 0
10.7098   0.120186    0.610122  9.61716 	Dead: 0
10.6927   0.117804    0.598029  9.61716 	Dead: 0
10.7058   0.115299    0.585312  9.61716 	Dead: 0
10.6975   0.126037    0.639823  9.61716 	Dead: 0
10.2264   0.104964    0.532847  9.61716 	Dead: 0
10.1923   0.109183    0.554262  9.5868  	Dead: 0
10.2384   0.126703    0.643205  9.51357 	Dead: 0
10.3762   0.153437    0.778917  9.51357 	Dead: 0
10.1863   0.138228    0.701708  9.51357 	Dead: 0
10.2764   0.151705    0.770127  9.49678 	Dead: 0
10.1696   0.125741    0.638318  9.49678 	Dead: 0
10.2619   0.149884    0.760883  9.49678 	Dead: 0
10.1798   0.126373    0.641531  9.49678 	Dead: 0
10.1644   0.124751    0.633293  9.49678 	Dead: 0
10.2702   0.150764    0.765347  9.49678 	Dead: 0
10.1948   0.128757    0.653632  9.39016 	Dead: 0
10.1818   0.133813    0.679295  9.39016 	Dead: 0
10.1905   0.140929    0.715424  9.39016 	Dead: 0
10.1232   0.119113    0.604672  9.39016 	Dead: 0
10.2385   0.143043    0.726151  9.39016 	Dead: 0
10.2453   0.146803    0.745242  9.39016 	Dead: 0
10.1624   0.139171    0.706498  9.39016 	Dead: 0
10.2292   0.138357    0.702365  9.39016 	Dead: 0
10.2115   0.150189    0.76243   9.39016 	Dead: 0
10.1521   0.128344    0.651534  9.39016 	Dead: 0
10.148    0.142673    0.724277  9.39016 	Dead: 0
10.1306   0.135161    0.686141  9.39016 	Dead: 0
10.1044   0.131933    0.669752  9.23661 	Dead: 0
10.1643   0.137779    0.699431  9.23661 	Dead: 0
10.1011   0.117941    0.598725  9.23661 	Dead: 0
10.0485   0.123495    0.626919  9.23661 	Dead: 0
