14.0176   0.0811182   0.411794  13.1407 	Dead: 0
12.6699   0.0458345   0.232678  12.0516 	Dead: 0
12.4067   0.0491667   0.249593  11.9503 	Dead: 0
12.2532   0.0556458   0.282484  11.7742 	Dead: 0
12.0765   0.0501142   0.254403  11.6494 	Dead: 0
11.8497   0.0497008   0.252305  11.4135 	Dead: 0
11.5817   0.0725385   0.368239  10.959  	Dead: 0
11.4669   0.0611767   0.310562  10.959  	Dead: 0
11.4852   0.0679145   0.344766  10.9283 	Dead: 0
11.4366   0.0603166   0.306195  10.9283 	Dead: 0
11.4561   0.0734561   0.372897  10.6878 	Dead: 0
11.2735   0.0776901   0.394391  10.5143 	Dead: 0
11.1122   0.058984    0.29943   10.3989 	Dead: 0
11.0581   0.0636101   0.322915  10.3989 	Dead: 0
11.0381   0.0699188   0.354941  10.3989 	Dead: 0
11.0659   0.0821557   0.417061  10.2792 	Dead: 0
10.9985   0.0860121   0.436638  10.1878 	Dead: 0
10.8507   0.0855391   0.434236  10.1878 	Dead: 0
10.5851   0.111875    0.56793   9.95183 	Dead: 0
10.1037   0.106145    0.538841  9.551   	Dead: 0
10.0133   0.0990629   0.502889  9.51693 	Dead: 0
9.91625   0.121389    0.616229  9.32084 	Dead: 0
9.66246   0.104058    0.528245  9.06641 	Dead: 0
9.68535   0.125333    0.636248  9.02207 	Dead: 0
9.63376   0.107638    0.546421  9.02207 	Dead: 0
9.56464   0.105652    0.536341  8.99359 	Dead: 0
9.57729   0.115508    0.586371  8.99359 	Dead: 0
9.55771   0.0958572   0.486616  8.99359 	Dead: 0
9.63591   0.141915    0.720429  8.96987 	Dead: 0
9.60379   0.134938    0.685008  8.96987 	Dead: 0
9.54438   0.12723     0.645881  8.69255 	Dead: 0
9.63685   0.143253    0.727217  8.69255 	Dead: 0
9.54561   0.124378    0.6314    8.69255 	Dead: 0
9.61827   0.138301    0.702078  8.69255 	Dead: 0
9.58172   0.140921    0.715378  8.5258  	Dead: 0
9.46408   0.118279    0.600439  8.5258  	Dead: 0
9.59603   0.153715    0.780329  8.5258  	Dead: 0
9.50096   0.138823    0.704731  8.5258  	Dead: 0
9.47362   0.112792    0.572584  8.5258  	Dead: 0
9.54317   0.13371     0.678776  8.5258  	Dead: 0
9.56367   0.153383    0.778644  8.5258  	Dead: 0
9.51322   0.13908     0.706034  8.5258  	Dead: 0
9.57273   0.155612    0.789958  8.5258  	Dead: 0
9.47456   0.133143    0.675895  8.5258  	Dead: 0
9.48053   0.129046    0.655096  8.5258  	Dead: 0
9.58048   0.158917    0.806736  8.5258  	Dead: 0
9.44657   0.115121    0.584407  8.5258  	Dead: 0
9.44355   0.128933    0.654523  8.5258  	Dead: 0
9.46049   0.12403     0.629636  8.5258  	Dead: 0
9.39317   0.104413    0.530049  8.5258  	Dead: 0
9.41671   0.127253    0.645994  8.5258  	Dead: 0
9.33782   0.101954    0.517564  8.5258  	Dead: 0
9.41953   0.128025    0.649915  8.4988  	Dead: 0
9.52012   0.147968    0.751156  8.4988  	Dead: 0
9.48469   0.147474    0.748647  8.4988  	Dead: 0
9.48524   0.164914    0.837182  8.4988  	Dead: 0
9.5406    0.174197    0.884307  8.4988  	Dead: 0
9.50226   0.162044    0.822612  8.4988  	Dead: 0
9.35065   0.11304     0.573845  8.4988  	Dead: 0
9.49883   0.166778    0.846644  8.4988  	Dead: 0
9.52655   0.176682    0.896918  8.4988  	Dead: 0
9.46139   0.156698    0.795473  8.4988  	Dead: 0
9.41201   0.126654    0.642957  8.4988  	Dead: 0
9.54225   0.16504     0.837818  8.4988  	Dead: 0
9.40548   0.141121    0.716397  8.4988  	Dead: 0
9.41131   0.15019     0.762433  8.4988  	Dead: 0
9.47298   0.150817    0.765618  8.4988  	Dead: 0
9.46753   0.150652    0.764779  8.4988  	Dead: 0
9.36059   0.131994    0.670063  8.4988  	Dead: 0
9.44379   0.152843    0.775902  8.4988  	Dead: 0
9.34978   0.115178    0.584697  8.4988  	Dead: 0
9.43119   0.147945    0.751035  8.4988  	Dead: 0
9.41119   0.144184    0.731945  8.4988  	Dead: 0
9.36458   0.13686     0.694767  8.4988  	Dead: 0
9.38      0.13891     0.705172  8.4988  	Dead: 0
9.4424    0.141607    0.718863  8.4988  	Dead: 0
9.46687   0.162569    0.825274  8.4988  	Dead: 0
9.50282   0.16473     0.836245  8.4988  	Dead: 0
9.23713   0.0947356   0.480922  8.4988  	Dead: 0
9.37896   0.133226    0.676318  8.4988  	Dead: 0
9.43578   0.134191    0.681217  8.4988  	Dead: 0
9.33626   0.118731    0.602734  8.4988  	Dead: 0
9.36522   0.140252    0.711982  8.4988  	Dead: 0
9.36539   0.130394    0.66194   8.4988  	Dead: 0
9.37874   0.16345     0.829746  8.4988  	Dead: 0
9.38687   0.138606    0.70363   8.4988  	Dead: 0
9.4217    0.152175    0.772511  8.4988  	Dead: 0
9.47331   0.157227    0.798156  8.4988  	Dead: 0
9.35326   0.128445    0.652045  8.4988  	Dead: 0
9.37915   0.14521     0.737153  8.4988  	Dead: 0
9.35436   0.122987    0.624342  8.4988  	Dead: 0
9.36062   0.141209    0.716842  8.4988  	Dead: 0
9.46137   0.16619     0.843656  8.4988  	Dead: 0
9.34764   0.148335    0.753015  8.4988  	Dead: 0
9.32663   0.122988    0.624344  8.4988  	Dead: 0
9.4833    0.167898    0.85233   8.4988  	Dead: 0
9.36067   0.137919    0.700139  8.4988  	Dead: 0
9.41983   0.164119    0.833145  8.4988  	Dead: 0
9.31597   0.133734    0.678897  8.4988  	Dead: 0
9.29333   0.121425    0.616409  8.4988  	Dead: 0
9.38413   0.167829    0.851977  8.4988  	Dead: 0
