6.96168   0.117531    0.596644  5.5622  	Dead: 0
4.4743    0.0391965   0.19898   4.09701 	Dead: 0
4.29697   0.037457    0.190149  4.03725 	Dead: 0
4.2013    0.0359088   0.18229   3.88796 	Dead: 0
4.13756   0.0366651   0.186129  3.80558 	Dead: 0
4.14791   0.0382953   0.194405  3.80558 	Dead: 0
4.15085   0.0402247   0.204199  3.80558 	Dead: 0
4.09757   0.0336803   0.170977  3.80558 	Dead: 0
4.10756   0.0365662   0.185627  3.80558 	Dead: 0
4.12697   0.0421958   0.214206  3.80558 	Dead: 0
4.09787   0.0378051   0.191916  3.80558 	Dead: 0
4.10125   0.0383802   0.194836  3.80558 	Dead: 0
4.10931   0.045623    0.231604  3.68405 	Dead: 0
4.10204   0.0404252   0.205217  3.68405 	Dead: 0
4.07045   0.0420751   0.213593  3.68405 	Dead: 0
4.08346   0.0446699   0.226765  3.68405 	Dead: 0
4.03248   0.0392494   0.199249  3.68405 	Dead: 0
4.0273    0.0392002   0.198999  3.67005 	Dead: 0
4.03631   0.0453326   0.230129  3.67005 	Dead: 0
4.00477   0.0399034   0.202568  3.67005 	Dead: 0
4.00389   0.0393133   0.199573  3.67005 	Dead: 0
3.9981    0.0405909   0.206058  3.67005 	Dead: 0
3.99923   0.040275    0.204455  3.67005 	Dead: 0
3.97043   0.0444353   0.225574  3.58937 	Dead: 0
3.94443   0.045115    0.229025  3.57527 	Dead: 0
3.86947   0.0355443   0.180439  3.57527 	Dead: 0
3.887     0.0402054   0.204101  3.57527 	Dead: 0
3.84364   0.0384158   0.195016  3.50499 	Dead: 0
3.8708    0.0424427   0.215459  3.50499 	Dead: 0
3.87633   0.0513141   0.260494  3.50499 	Dead: 0
3.81744   0.0389867   0.197914  3.4781  	Dead: 0
3.83318   0.0425358   0.215932  3.4781  	Dead: 0
3.80466   0.0436496   0.221585  3.4781  	Dead: 0
3.77839   0.0381264   0.193547  3.4781  	Dead: 0
3.7767    0.0421235   0.213838  3.35864 	Dead: 0
3.77648   0.0393488   0.199753  3.35864 	Dead: 0
3.76215   0.0432793   0.219706  3.35864 	Dead: 0
3.77588   0.044171    0.224233  3.35864 	Dead: 0
3.75489   0.0483339   0.245366  3.35864 	Dead: 0
3.73424   0.0395223   0.200634  3.35864 	Dead: 0
3.72729   0.0429365   0.217966  3.35864 	Dead: 0
3.71114   0.0383215   0.194538  3.35864 	Dead: 0
3.71843   0.0434253   0.220447  3.35864 	Dead: 0
3.72869   0.0492281   0.249905  3.35864 	Dead: 0
3.70416   0.0432455   0.219534  3.35864 	Dead: 0
3.66805   0.0419226   0.212819  3.30662 	Dead: 0
3.66926   0.0437356   0.222022  3.30662 	Dead: 0
3.64591   0.0400007   0.203062  3.30662 	Dead: 0
3.67381   0.0460057   0.233546  3.30662 	Dead: 0
3.64765   0.0488881   0.248179  3.30662 	Dead: 0
3.64065   0.0407463   0.206847  3.30662 	Dead: 0
3.62222   0.0392397   0.199199  3.30662 	Dead: 0
3.62362   0.0412055   0.209178  3.30662 	Dead: 0
3.63204   0.0495588   0.251583  3.26001 	Dead: 0
3.60768   0.0420143   0.213284  3.26001 	Dead: 0
3.61454   0.0414854   0.210599  3.26001 	Dead: 0
3.62428   0.0466489   0.236812  3.26001 	Dead: 0
3.64196   0.0531761   0.269947  3.26001 	Dead: 0
3.60569   0.050672    0.257235  3.26001 	Dead: 0
3.58254   0.0441369   0.224059  3.26001 	Dead: 0
3.60924   0.0429105   0.217834  3.26001 	Dead: 0
3.63233   0.0513454   0.260653  3.13627 	Dead: 0
3.55984   0.0412626   0.209468  3.13627 	Dead: 0
3.592     0.0477532   0.242418  3.13627 	Dead: 0
3.56826   0.0445972   0.226396  3.13627 	Dead: 0
3.56482   0.0415673   0.211015  3.13627 	Dead: 0
3.57198   0.047461    0.240934  3.13627 	Dead: 0
3.55633   0.0439139   0.222927  3.13627 	Dead: 0
3.58048   0.0443708   0.225247  3.13627 	Dead: 0
3.58893   0.0480402   0.243875  3.13627 	Dead: 0
3.6077    0.0496043   0.251815  3.13627 	Dead: 0
3.57314   0.0464609   0.235857  3.13627 	Dead: 0
3.55621   0.0430343   0.218462  3.13627 	Dead: 0
3.57849   0.0499579   0.25361   3.13627 	Dead: 0
3.56241   0.0505701   0.256717  3.13627 	Dead: 0
3.56059   0.0460927   0.233988  3.13627 	Dead: 0
3.54994   0.0448487   0.227673  3.13627 	Dead: 0
3.55321   0.0473489   0.240365  3.13627 	Dead: 0
3.54342   0.0461864   0.234464  3.13627 	Dead: 0
3.54066   0.0445142   0.225975  3.13627 	Dead: 0
3.56686   0.0490377   0.248938  3.13627 	Dead: 0
3.57715   0.0458792   0.232904  3.13627 	Dead: 0
3.55787   0.0500114   0.253881  3.13627 	Dead: 0
3.5429    0.0535144   0.271664  3.13627 	Dead: 0
3.56088   0.048305    0.245219  3.13627 	Dead: 0
3.55241   0.0467652   0.237402  3.13627 	Dead: 0
3.58021   0.0532899   0.270524  3.13627 	Dead: 0
3.55513   0.0470112   0.238651  3.13627 	Dead: 0
3.55764   0.0462383   0.234727  3.13627 	Dead: 0
3.56599   0.0481845   0.244607  3.13627 	Dead: 0
3.54879   0.0460997   0.234024  3.13627 	Dead: 0
3.56109   0.0451491   0.229198  3.13627 	Dead: 0
3.54131   0.0442143   0.224452  3.13627 	Dead: 0
3.53548   0.0462891   0.234985  3.13627 	Dead: 0
3.54712   0.0457885   0.232444  3.13627 	Dead: 0
3.55007   0.0494068   0.250812  3.13627 	Dead: 0
3.55124   0.0490273   0.248885  3.13627 	Dead: 0
3.55535   0.0460461   0.233752  3.13627 	Dead: 0
3.5502    0.0480295   0.24382   3.13627 	Dead: 0
3.51676   0.0453156   0.230043  3.13627 	Dead: 0
3.57332   0.0465909   0.236517  3.13627 	Dead: 0
