5.32043   0.125674    0.63798   3.77842 	Dead: 0
3.45292   0.0754508   0.383023  2.92292 	Dead: 0
2.9504    0.0371122   0.188399  2.67193 	Dead: 0
2.87455   0.0429072   0.217817  2.45342 	Dead: 0
2.83305   0.0488216   0.247841  2.45342 	Dead: 0
2.76223   0.0394143   0.200085  2.45342 	Dead: 0
2.75905   0.0512029   0.25993   2.38712 	Dead: 0
2.73249   0.0505471   0.2566    2.38712 	Dead: 0
2.68698   0.0424985   0.215742  2.38308 	Dead: 0
2.68783   0.0407631   0.206933  2.38308 	Dead: 0
2.69397   0.0461209   0.234131  2.31913 	Dead: 0
2.73653   0.0579348   0.294104  2.31913 	Dead: 0
2.65195   0.0410265   0.208269  2.31913 	Dead: 0
2.64437   0.0431544   0.219072  2.31913 	Dead: 0
2.64725   0.0552365   0.280406  2.31898 	Dead: 0
2.59979   0.0455545   0.231256  2.28858 	Dead: 0
2.57045   0.0433981   0.220309  2.25659 	Dead: 0
2.60441   0.0522249   0.265118  2.25659 	Dead: 0
2.56126   0.0431609   0.219105  2.25659 	Dead: 0
2.53002   0.0367936   0.186781  2.25659 	Dead: 0
2.52166   0.0386458   0.196184  2.23545 	Dead: 0
2.4855    0.0336769   0.17096   2.23545 	Dead: 0
2.49473   0.0497447   0.252527  2.15408 	Dead: 0
2.48708   0.0444967   0.225886  2.15408 	Dead: 0
2.45584   0.0429571   0.218071  2.15031 	Dead: 0
2.48654   0.0482451   0.244915  2.15031 	Dead: 0
2.47824   0.0514191   0.261027  2.15031 	Dead: 0
2.46127   0.0433909   0.220272  2.15031 	Dead: 0
2.50598   0.0586564   0.297767  2.15031 	Dead: 0
2.45645   0.0473974   0.240611  2.15031 	Dead: 0
2.45091   0.0426695   0.21661   2.15031 	Dead: 0
2.43266   0.0398508   0.202301  2.15031 	Dead: 0
2.47102   0.0404297   0.20524   2.15031 	Dead: 0
2.44423   0.0470346   0.238769  2.11777 	Dead: 0
2.42769   0.0409595   0.207929  2.11777 	Dead: 0
2.43348   0.0455769   0.23137   2.11777 	Dead: 0
2.44487   0.049231    0.24992   2.11777 	Dead: 0
2.42554   0.0439283   0.223     2.11777 	Dead: 0
2.46115   0.0629275   0.319449  2.11777 	Dead: 0
2.42722   0.0435807   0.221236  2.11777 	Dead: 0
2.44535   0.0503637   0.255669  2.11777 	Dead: 0
2.42977   0.0446679   0.226755  2.0779  	Dead: 0
2.43163   0.0461581   0.23432   2.0779  	Dead: 0
2.36733   0.0348829   0.177082  2.0779  	Dead: 0
2.40003   0.0505573   0.256652  2.0779  	Dead: 0
2.40086   0.0467331   0.237239  2.0779  	Dead: 0
2.35214   0.0408299   0.207272  2.0779  	Dead: 0
2.38292   0.043871    0.222709  2.0779  	Dead: 0
2.34654   0.0429759   0.218166  2.03547 	Dead: 0
2.34193   0.0454011   0.230477  2.01086 	Dead: 0
2.35127   0.042759    0.217065  2.01086 	Dead: 0
2.32825   0.0421206   0.213824  2.01086 	Dead: 0
2.33746   0.045101    0.228954  2.01086 	Dead: 0
2.32508   0.0400449   0.203286  2.01086 	Dead: 0
2.34336   0.0426968   0.216749  2.01086 	Dead: 0
2.3501    0.0453215   0.230073  2.01086 	Dead: 0
2.34863   0.0460446   0.233744  2.01086 	Dead: 0
2.31052   0.040146    0.2038    2.01086 	Dead: 0
2.30346   0.0423971   0.215228  2.01086 	Dead: 0
2.2967    0.0393316   0.199666  2.01086 	Dead: 0
2.30846   0.0441347   0.224048  1.9636  	Dead: 0
2.31298   0.0471933   0.239575  1.9636  	Dead: 0
2.27899   0.0362132   0.183835  1.9636  	Dead: 0
2.28303   0.0425211   0.215857  1.9636  	Dead: 0
2.2853    0.0458507   0.232759  1.9636  	Dead: 0
2.2839    0.0393713   0.199867  1.9636  	Dead: 0
2.28132   0.0385655   0.195777  1.9636  	Dead: 0
2.25788   0.037913    0.192464  1.9636  	Dead: 0
2.2844    0.0370953   0.188313  1.9636  	Dead: 0
2.27951   0.044619    0.226507  1.9636  	Dead: 0
2.24862   0.0402895   0.204528  1.9636  	Dead: 0
2.28416   0.0428509   0.217531  1.9636  	Dead: 0
2.24502   0.0385119   0.195505  1.9636  	Dead: 0
2.28544   0.0462593   0.234834  1.9636  	Dead: 0
2.27644   0.0522811   0.265403  1.9636  	Dead: 0
2.2364    0.0404432   0.205308  1.9636  	Dead: 0
2.25862   0.0416539   0.211455  1.9636  	Dead: 0
2.25559   0.0473259   0.240249  1.9636  	Dead: 0
2.25519   0.039165    0.19882   1.9636  	Dead: 0
2.2405    0.0377298   0.191534  1.9636  	Dead: 0
2.24921   0.0502003   0.25484   1.9636  	Dead: 0
2.25621   0.0425825   0.216168  1.9636  	Dead: 0
2.25671   0.0421479   0.213962  1.9636  	Dead: 0
2.23301   0.0359488   0.182493  1.95107 	Dead: 0
2.23294   0.0398711   0.202404  1.95107 	Dead: 0
2.25163   0.0457087   0.232038  1.94228 	Dead: 0
2.27522   0.0557055   0.282787  1.94228 	Dead: 0
2.24572   0.0490558   0.24903   1.94228 	Dead: 0
2.21413   0.0384726   0.195305  1.94228 	Dead: 0
2.24087   0.0436412   0.221543  1.87611 	Dead: 0
2.19419   0.0376466   0.191112  1.87611 	Dead: 0
2.19286   0.0392619   0.199312  1.87611 	Dead: 0
2.19761   0.0425484   0.215996  1.87611 	Dead: 0
2.23526   0.0455397   0.231181  1.87611 	Dead: 0
2.2005    0.0423847   0.215164  1.87611 	Dead: 0
2.21258   0.049335    0.250448  1.87611 	Dead: 0
2.18197   0.0427384   0.21696   1.87611 	Dead: 0
2.17131   0.0453022   0.229975  1.87611 	Dead: 0
2.16202   0.0414292   0.210314  1.87611 	Dead: 0
2.15565   0.0423631   0.215055  1.87611 	Dead: 0
2.1637    0.0417437   0.211911  1.8198  	Dead: 0
