5.37573   0.125989    0.639581  3.85662 	Dead: 0
3.23447   0.0444417   0.225607  2.7746  	Dead: 0
2.84251   0.0415764   0.211061  2.44097 	Dead: 0
2.61002   0.0380851   0.193338  2.23051 	Dead: 0
2.52476   0.0355115   0.180273  2.23051 	Dead: 0
2.52849   0.0424141   0.215314  2.20392 	Dead: 0
2.52433   0.0412007   0.209154  2.20392 	Dead: 0
2.50181   0.0379898   0.192854  2.20392 	Dead: 0
2.49402   0.0376432   0.191094  2.19162 	Dead: 0
2.49379   0.0401505   0.203823  2.18543 	Dead: 0
2.47565   0.0469135   0.238155  2.18543 	Dead: 0
2.44255   0.0414707   0.210525  2.17723 	Dead: 0
2.44805   0.0453881   0.230411  2.17723 	Dead: 0
2.46341   0.040122    0.203678  2.116   	Dead: 0
2.46706   0.04094     0.20783   2.116   	Dead: 0
2.45456   0.0463185   0.235134  2.1112  	Dead: 0
2.45894   0.0463017   0.235049  2.1112  	Dead: 0
2.44261   0.0472639   0.239934  2.1112  	Dead: 0
2.426     0.0444666   0.225733  2.09698 	Dead: 0
2.42366   0.0440555   0.223646  2.09698 	Dead: 0
2.40348   0.0399836   0.202976  2.09698 	Dead: 0
2.40604   0.0422609   0.214536  2.09698 	Dead: 0
2.40198   0.0414917   0.210631  2.09698 	Dead: 0
2.37574   0.0436392   0.221533  2.09698 	Dead: 0
2.35011   0.0365677   0.185634  2.07894 	Dead: 0
2.38114   0.0459351   0.233188  2.07894 	Dead: 0
2.36314   0.0397983   0.202035  1.99912 	Dead: 0
2.32792   0.0387046   0.196483  1.99912 	Dead: 0
2.33191   0.0352659   0.179026  1.99912 	Dead: 0
2.33794   0.0393947   0.199986  1.99912 	Dead: 0
2.31169   0.0341636   0.17343   1.99912 	Dead: 0
2.30965   0.0355419   0.180427  1.99912 	Dead: 0
2.32028   0.0366127   0.185863  1.99912 	Dead: 0
2.30793   0.0441823   0.22429   1.99912 	Dead: 0
2.30107   0.0378192   0.191988  1.99912 	Dead: 0
2.33447   0.0447416   0.227129  1.92184 	Dead: 0
2.28287   0.0380944   0.193385  1.92184 	Dead: 0
2.2901    0.0397819   0.201952  1.92184 	Dead: 0
2.29433   0.0426814   0.216671  1.92184 	Dead: 0
2.28094   0.0387681   0.196805  1.92184 	Dead: 0
2.26549   0.0359646   0.182573  1.92184 	Dead: 0
2.27343   0.03811     0.193464  1.92184 	Dead: 0
2.27698   0.0390875   0.198426  1.92184 	Dead: 0
2.30233   0.0445624   0.22622   1.92184 	Dead: 0
2.29934   0.0439967   0.223348  1.92184 	Dead: 0
2.25305   0.0382671   0.194262  1.92184 	Dead: 0
2.26397   0.0440508   0.223623  1.92184 	Dead: 0
2.26113   0.0418552   0.212477  1.92184 	Dead: 0
2.24861   0.0393224   0.199619  1.92184 	Dead: 0
2.28109   0.0443575   0.22518   1.92184 	Dead: 0
2.25391   0.0416047   0.211205  1.92184 	Dead: 0
2.2535    0.040209    0.204119  1.92184 	Dead: 0
2.25581   0.039369    0.199855  1.92184 	Dead: 0
2.24209   0.0383509   0.194687  1.92184 	Dead: 0
2.25391   0.0451193   0.229046  1.92184 	Dead: 0
2.22645   0.0384883   0.195384  1.92184 	Dead: 0
2.2588    0.0454653   0.230803  1.92184 	Dead: 0
2.23533   0.0404735   0.205462  1.92184 	Dead: 0
2.20975   0.0394487   0.20026   1.92184 	Dead: 0
2.24339   0.043657    0.221623  1.92184 	Dead: 0
2.22908   0.0407906   0.207072  1.92184 	Dead: 0
2.22083   0.0431073   0.218833  1.89587 	Dead: 0
2.23899   0.04527     0.229811  1.89587 	Dead: 0
2.22647   0.040624    0.206227  1.89587 	Dead: 0
2.25545   0.0476416   0.241851  1.89587 	Dead: 0
2.25285   0.0485392   0.246407  1.89587 	Dead: 0
2.19408   0.0370868   0.18827   1.89587 	Dead: 0
2.215     0.0398173   0.202131  1.89587 	Dead: 0
2.24153   0.0447533   0.227189  1.89587 	Dead: 0
2.22866   0.0521784   0.264882  1.89587 	Dead: 0
2.18931   0.0387136   0.196528  1.89587 	Dead: 0
2.23521   0.0528731   0.268409  1.89587 	Dead: 0
2.20437   0.0417351   0.211867  1.89587 	Dead: 0
2.19039   0.0383006   0.194432  1.89587 	Dead: 0
2.19869   0.0463896   0.235495  1.88116 	Dead: 0
2.15556   0.0394746   0.200392  1.88116 	Dead: 0
2.18438   0.0424995   0.215747  1.88116 	Dead: 0
2.19045   0.0528642   0.268363  1.88116 	Dead: 0
2.17427   0.044607    0.226446  1.87406 	Dead: 0
2.13177   0.0357411   0.181438  1.86963 	Dead: 0
2.1533    0.0416681   0.211527  1.86963 	Dead: 0
2.16809   0.0462365   0.234718  1.86963 	Dead: 0
2.14324   0.0457174   0.232083  1.86963 	Dead: 0
2.16914   0.0438317   0.22251   1.86963 	Dead: 0
2.13625   0.0367891   0.186759  1.86963 	Dead: 0
2.14832   0.045384    0.23039   1.86963 	Dead: 0
2.13406   0.0414111   0.210222  1.86963 	Dead: 0
2.1581    0.05092     0.258494  1.86963 	Dead: 0
2.16529   0.0449894   0.228387  1.86371 	Dead: 0
2.13382   0.037879    0.192291  1.77134 	Dead: 0
2.1154    0.0371689   0.188686  1.77134 	Dead: 0
2.1532    0.0431891   0.219248  1.77134 	Dead: 0
2.16819   0.0507172   0.257464  1.77134 	Dead: 0
2.14316   0.050985    0.258824  1.77134 	Dead: 0
2.13284   0.0404471   0.205328  1.77134 	Dead: 0
2.16636   0.0510498   0.259152  1.77134 	Dead: 0
2.14009   0.0438559   0.222633  1.77134 	Dead: 0
2.13784   0.0438258   0.22248   1.77134 	Dead: 0
2.15447   0.0562051   0.285323  1.77134 	Dead: 0
2.09895   0.03879     0.196916  1.77134 	Dead: 0
2.11802   0.0452314   0.229616  1.77134 	Dead: 0
