5.21791   0.137699    0.699027  3.76761 	Dead: 0
3.12756   0.0431501   0.21905   2.71938 	Dead: 0
2.99605   0.0402852   0.204506  2.63533 	Dead: 0
2.94771   0.0400208   0.203164  2.62826 	Dead: 0
2.91424   0.0369005   0.187324  2.62487 	Dead: 0
2.8924    0.0400767   0.203448  2.59226 	Dead: 0
2.89156   0.0458016   0.23251   2.59226 	Dead: 0
2.85981   0.0406533   0.206375  2.57789 	Dead: 0
2.81011   0.0387494   0.19671   2.48135 	Dead: 0
2.76793   0.0413294   0.209808  2.47261 	Dead: 0
2.72949   0.038913    0.19754   2.41909 	Dead: 0
2.70941   0.0411289   0.208789  2.40645 	Dead: 0
2.68552   0.0398746   0.202422  2.3886  	Dead: 0
2.60195   0.0323392   0.164169  2.33117 	Dead: 0
2.61017   0.0422588   0.214525  2.33117 	Dead: 0
2.55153   0.032347    0.164208  2.25851 	Dead: 0
2.55022   0.0344795   0.175034  2.25851 	Dead: 0
2.55049   0.0418206   0.212301  2.25851 	Dead: 0
2.53409   0.0399667   0.20289   2.18668 	Dead: 0
2.53108   0.0383604   0.194735  2.18668 	Dead: 0
2.48249   0.0303667   0.154156  2.18668 	Dead: 0
2.50255   0.0371361   0.18852   2.18668 	Dead: 0
2.49556   0.039388    0.199952  2.17423 	Dead: 0
2.48338   0.038809    0.197012  2.17423 	Dead: 0
2.47321   0.0402086   0.204117  2.17423 	Dead: 0
2.44981   0.0335608   0.17037   2.17423 	Dead: 0
2.48577   0.0401358   0.203748  2.17423 	Dead: 0
2.48761   0.0494868   0.251218  2.17423 	Dead: 0
2.41105   0.0315228   0.160025  2.17423 	Dead: 0
2.42084   0.0381497   0.193666  2.17423 	Dead: 0
2.42948   0.0398478   0.202286  2.17423 	Dead: 0
2.40431   0.0354189   0.179803  2.17423 	Dead: 0
2.39681   0.0388259   0.197099  2.15601 	Dead: 0
2.37204   0.0306109   0.155395  2.11075 	Dead: 0
2.34657   0.0338327   0.17175   2.02981 	Dead: 0
2.35601   0.0375781   0.190764  2.02981 	Dead: 0
2.36349   0.0390134   0.19805   2.02981 	Dead: 0
2.331     0.0351247   0.178309  2.02981 	Dead: 0
2.31517   0.0367925   0.186776  2.02981 	Dead: 0
2.31689   0.0348203   0.176764  2.02981 	Dead: 0
2.31887   0.036694    0.186276  2.02981 	Dead: 0
2.2871    0.0342204   0.173719  2.02981 	Dead: 0
2.32931   0.0383862   0.194866  2.02981 	Dead: 0
2.29315   0.0312398   0.158588  2.02981 	Dead: 0
2.28988   0.0343843   0.174551  1.99762 	Dead: 0
2.28191   0.0386571   0.196242  1.99762 	Dead: 0
2.28611   0.0346558   0.175929  1.99762 	Dead: 0
2.28169   0.0321819   0.16337   1.99762 	Dead: 0
2.28653   0.0381948   0.193895  1.99762 	Dead: 0
2.26922   0.0321182   0.163047  1.99762 	Dead: 0
2.2515    0.0336996   0.171075  1.99762 	Dead: 0
2.24621   0.0301018   0.152811  1.99762 	Dead: 0
2.2499    0.0346471   0.175885  1.99762 	Dead: 0
2.24004   0.0285115   0.144738  1.99762 	Dead: 0
2.24621   0.0373335   0.189522  1.99762 	Dead: 0
2.24535   0.0308817   0.15677   1.99762 	Dead: 0
2.25887   0.0352088   0.178736  1.99762 	Dead: 0
2.25141   0.0360767   0.183142  1.99762 	Dead: 0
2.25009   0.0359375   0.182435  1.99762 	Dead: 0
2.25234   0.0314141   0.159473  1.99762 	Dead: 0
2.2666    0.0392772   0.19939   1.99762 	Dead: 0
2.27556   0.0350952   0.17816   1.99762 	Dead: 0
2.26407   0.0343671   0.174463  1.99762 	Dead: 0
2.23783   0.0302124   0.153372  1.99762 	Dead: 0
2.24451   0.0355122   0.180277  1.99762 	Dead: 0
2.22184   0.0310066   0.157404  1.99762 	Dead: 0
2.22464   0.0310167   0.157455  1.99762 	Dead: 0
2.26489   0.0351136   0.178253  1.99762 	Dead: 0
2.25394   0.0371861   0.188774  1.99762 	Dead: 0
2.23861   0.0365481   0.185535  1.99762 	Dead: 0
2.24081   0.0331768   0.168421  1.99762 	Dead: 0
2.26049   0.0376922   0.191343  1.99762 	Dead: 0
2.22224   0.0299318   0.151948  1.99762 	Dead: 0
2.25175   0.0379273   0.192537  1.99762 	Dead: 0
2.24069   0.0344944   0.17511   1.99762 	Dead: 0
2.24308   0.0337688   0.171426  1.99762 	Dead: 0
2.24995   0.0359844   0.182674  1.97946 	Dead: 0
2.23325   0.0319813   0.162352  1.97946 	Dead: 0
2.24088   0.0340798   0.173005  1.97946 	Dead: 0
2.233     0.0312463   0.158621  1.97946 	Dead: 0
2.25443   0.0434881   0.220766  1.97946 	Dead: 0
2.24008   0.0349982   0.177667  1.97946 	Dead: 0
2.23701   0.0329175   0.167104  1.97946 	Dead: 0
2.23587   0.0354799   0.180112  1.97946 	Dead: 0
2.25645   0.0403973   0.205075  1.97946 	Dead: 0
2.23234   0.0340824   0.173018  1.97946 	Dead: 0
2.24571   0.0334783   0.169951  1.97946 	Dead: 0
2.23268   0.0312673   0.158727  1.97946 	Dead: 0
2.23641   0.0322579   0.163756  1.97946 	Dead: 0
2.23429   0.0306246   0.155465  1.97946 	Dead: 0
2.22131   0.0315959   0.160396  1.97946 	Dead: 0
2.22173   0.0300505   0.15255   1.97946 	Dead: 0
2.22873   0.032883    0.166929  1.97946 	Dead: 0
2.2313    0.0334309   0.169711  1.97946 	Dead: 0
2.22043   0.0332254   0.168668  1.97946 	Dead: 0
2.21247   0.0327858   0.166436  1.97946 	Dead: 0
2.22773   0.0309832   0.157285  1.97946 	Dead: 0
2.21463   0.0293844   0.149169  1.97946 	Dead: 0
2.2383    0.0316489   0.160665  1.97946 	Dead: 0
2.22639   0.0322026   0.163475  1.97946 	Dead: 0
2.21333   0.0297928   0.151242  1.97946 	Dead: 0
