7.06912   0.144475    0.733423  5.04445 	Dead: 0
4.19334   0.0568787   0.288743  3.63071 	Dead: 0
3.86638   0.0600027   0.304602  3.26217 	Dead: 0
3.73453   0.0478848   0.243086  3.26217 	Dead: 0
3.78339   0.0586044   0.297503  3.26217 	Dead: 0
3.74792   0.0573327   0.291048  3.26217 	Dead: 0
3.75772   0.061871    0.314086  3.26217 	Dead: 0
3.71766   0.0542806   0.275554  3.26217 	Dead: 0
3.73718   0.0602728   0.305973  3.26217 	Dead: 0
3.75501   0.0597276   0.303205  3.26217 	Dead: 0
3.71442   0.0527836   0.267954  3.26217 	Dead: 0
3.70967   0.0603666   0.306449  3.26217 	Dead: 0
3.69043   0.0559653   0.284106  3.26217 	Dead: 0
3.68983   0.057355    0.291161  3.26217 	Dead: 0
3.66606   0.0527824   0.267948  3.25561 	Dead: 0
3.6932    0.0613039   0.311207  3.25561 	Dead: 0
3.70343   0.0644406   0.32713   3.25561 	Dead: 0
3.6484    0.0543427   0.275869  3.25561 	Dead: 0
3.66427   0.0590263   0.299645  3.25561 	Dead: 0
3.63658   0.0583959   0.296445  3.15492 	Dead: 0
3.61436   0.0514848   0.261361  3.15492 	Dead: 0
3.63154   0.0559398   0.283977  3.15492 	Dead: 0
3.63192   0.0589562   0.299289  3.15492 	Dead: 0
3.64945   0.0561523   0.285055  3.15492 	Dead: 0
3.59825   0.0520624   0.264293  3.15492 	Dead: 0
3.63769   0.0574509   0.291648  3.15492 	Dead: 0
3.62972   0.0564948   0.286794  3.15492 	Dead: 0
3.60861   0.0516452   0.262175  3.15492 	Dead: 0
3.64884   0.0612416   0.310891  3.15492 	Dead: 0
3.65668   0.0619216   0.314343  3.15492 	Dead: 0
3.64158   0.0571973   0.29036   3.15492 	Dead: 0
3.63113   0.0583895   0.296412  3.15492 	Dead: 0
3.65843   0.0604239   0.30674   3.15492 	Dead: 0
3.62457   0.0600872   0.305031  3.15492 	Dead: 0
3.6088    0.0546392   0.277374  3.15492 	Dead: 0
3.64475   0.0619936   0.314708  3.15492 	Dead: 0
3.60072   0.0506178   0.256959  3.15492 	Dead: 0
3.64      0.0587654   0.29832   3.15492 	Dead: 0
3.64038   0.0622677   0.3161    3.15492 	Dead: 0
3.62657   0.0574635   0.291712  3.15492 	Dead: 0
3.58924   0.0482229   0.244802  3.15492 	Dead: 0
3.60068   0.0493287   0.250416  3.15492 	Dead: 0
3.63343   0.0600635   0.30491   3.15492 	Dead: 0
3.56675   0.0510106   0.258954  3.15492 	Dead: 0
3.62026   0.055075    0.279587  3.15492 	Dead: 0
3.64765   0.0634649   0.322177  3.15492 	Dead: 0
3.5737    0.0531192   0.269658  3.15492 	Dead: 0
3.57646   0.0483982   0.245692  3.15492 	Dead: 0
3.59002   0.0564647   0.286641  3.15492 	Dead: 0
3.58674   0.0520985   0.264476  3.15492 	Dead: 0
3.56061   0.0492375   0.249953  3.15492 	Dead: 0
3.58217   0.0586652   0.297812  3.14921 	Dead: 0
3.59445   0.0543721   0.276018  3.14921 	Dead: 0
3.57204   0.0483195   0.245292  3.14921 	Dead: 0
3.55094   0.0452957   0.229942  3.14921 	Dead: 0
3.56162   0.0509732   0.258764  3.14921 	Dead: 0
3.59612   0.0569286   0.288996  3.14397 	Dead: 0
3.60856   0.0592893   0.30098   3.14397 	Dead: 0
3.56037   0.0505708   0.256721  3.13492 	Dead: 0
3.5772    0.056123    0.284907  3.12469 	Dead: 0
3.56318   0.056006    0.284312  3.12469 	Dead: 0
3.55591   0.0592648   0.300856  3.12469 	Dead: 0
3.53483   0.0540845   0.274558  3.12469 	Dead: 0
3.56095   0.0537079   0.272646  3.12469 	Dead: 0
3.57413   0.0564454   0.286543  3.12469 	Dead: 0
3.52512   0.0484363   0.245885  3.12469 	Dead: 0
3.56604   0.0545557   0.27695   3.12469 	Dead: 0
3.52241   0.0475617   0.241446  3.12469 	Dead: 0
3.57215   0.0541771   0.275028  3.12469 	Dead: 0
3.54736   0.0541795   0.27504   3.12469 	Dead: 0
3.56166   0.0549783   0.279096  3.12469 	Dead: 0
3.54626   0.0535512   0.271851  3.12469 	Dead: 0
3.55385   0.0546427   0.277392  3.12469 	Dead: 0
3.56351   0.0544606   0.276467  3.12469 	Dead: 0
3.5546    0.0566634   0.28765   3.09381 	Dead: 0
3.51567   0.0506327   0.257035  3.09381 	Dead: 0
3.52908   0.0505015   0.256369  3.09381 	Dead: 0
3.52974   0.049595    0.251767  3.09381 	Dead: 0
3.569     0.0613264   0.311322  3.09381 	Dead: 0
3.5257    0.0503772   0.255738  3.09381 	Dead: 0
3.53597   0.0568053   0.28837   3.09381 	Dead: 0
3.53242   0.0558456   0.283498  3.09381 	Dead: 0
3.57079   0.0602487   0.30585   3.09381 	Dead: 0
3.54475   0.0537229   0.272723  3.09381 	Dead: 0
3.54146   0.0504403   0.256058  3.09381 	Dead: 0
3.56165   0.0521173   0.264572  3.09381 	Dead: 0
3.55118   0.0573308   0.291038  3.09381 	Dead: 0
3.57572   0.0540672   0.27447   3.09381 	Dead: 0
3.56934   0.055149    0.279962  3.09381 	Dead: 0
3.54272   0.0552856   0.280656  3.09381 	Dead: 0
3.52189   0.0537412   0.272815  3.09381 	Dead: 0
3.54605   0.0516768   0.262336  3.09381 	Dead: 0
3.55054   0.0541266   0.274772  3.09381 	Dead: 0
3.54014   0.0557378   0.282951  3.09381 	Dead: 0
3.52784   0.0539732   0.273993  3.09381 	Dead: 0
3.50368   0.0531665   0.269898  3.09381 	Dead: 0
3.48689   0.0451801   0.229355  3.09381 	Dead: 0
3.50357   0.0522691   0.265342  3.09381 	Dead: 0
3.49264   0.0509655   0.258725  3.09381 	Dead: 0
3.51083   0.0536561   0.272383  3.09381 	Dead: 0
3.5386    0.057755    0.293192  3.09381 	Dead: 0
