7.00415   0.134232    0.681424  5.54725 	Dead: 0
3.97682   0.0529109   0.2686    3.49486 	Dead: 0
3.84687   0.049763    0.25262   3.3107  	Dead: 0
3.80372   0.0518939   0.263438  3.3107  	Dead: 0
3.79731   0.0515895   0.261893  3.29923 	Dead: 0
3.79071   0.0569869   0.289292  3.29923 	Dead: 0
3.78081   0.0542436   0.275366  3.29923 	Dead: 0
3.74675   0.0475859   0.241568  3.29923 	Dead: 0
3.74122   0.0562916   0.285763  3.29923 	Dead: 0
3.76007   0.0550973   0.2797    3.29923 	Dead: 0
3.76275   0.0572145   0.290448  3.29923 	Dead: 0
3.75245   0.0591143   0.300092  3.29923 	Dead: 0
3.71193   0.0553929   0.2812    3.29923 	Dead: 0
3.71608   0.0517665   0.262791  3.29923 	Dead: 0
3.73109   0.0574126   0.291453  3.29923 	Dead: 0
3.74195   0.0629348   0.319486  3.29923 	Dead: 0
3.72709   0.0566646   0.287656  3.29923 	Dead: 0
3.72146   0.0586621   0.297796  3.29923 	Dead: 0
3.66703   0.0516206   0.26205   3.29543 	Dead: 0
3.71595   0.0620401   0.314944  3.29543 	Dead: 0
3.73966   0.0602616   0.305916  3.29543 	Dead: 0
3.72528   0.0607655   0.308474  3.29543 	Dead: 0
3.68307   0.0516924   0.262415  3.29543 	Dead: 0
3.73125   0.0629443   0.319535  3.29543 	Dead: 0
3.74631   0.0635237   0.322476  3.29543 	Dead: 0
3.70482   0.0558446   0.283493  3.29543 	Dead: 0
3.67095   0.0492827   0.250182  3.29543 	Dead: 0
3.6859    0.05712     0.289968  3.29543 	Dead: 0
3.72841   0.0630986   0.320318  3.29543 	Dead: 0
3.6865    0.0574086   0.291433  3.29543 	Dead: 0
3.64475   0.055827    0.283404  3.28369 	Dead: 0
3.67125   0.0533801   0.270982  3.28369 	Dead: 0
3.69445   0.0603144   0.306184  3.22462 	Dead: 0
3.70355   0.0608508   0.308907  3.22462 	Dead: 0
3.68882   0.0529856   0.26898   3.22462 	Dead: 0
3.64092   0.0527189   0.267626  3.22462 	Dead: 0
3.7099    0.0578236   0.29354   3.22462 	Dead: 0
3.66682   0.0567371   0.288024  3.22462 	Dead: 0
3.69755   0.0606204   0.307737  3.22462 	Dead: 0
3.67573   0.0550932   0.279679  3.22462 	Dead: 0
3.68637   0.0590305   0.299666  3.22462 	Dead: 0
3.65825   0.0574517   0.291652  3.07911 	Dead: 0
3.66096   0.0603959   0.306598  3.07911 	Dead: 0
3.64236   0.0598633   0.303894  3.07911 	Dead: 0
3.6768    0.0599407   0.304287  3.07911 	Dead: 0
3.66306   0.0574419   0.291602  3.07911 	Dead: 0
3.67727   0.0644968   0.327416  3.07911 	Dead: 0
3.65247   0.0565191   0.286917  3.07911 	Dead: 0
3.65696   0.0532355   0.270248  3.07911 	Dead: 0
3.65173   0.0487594   0.247526  3.07911 	Dead: 0
3.66015   0.05359     0.272048  3.07911 	Dead: 0
3.63092   0.0493855   0.250704  3.07911 	Dead: 0
3.61869   0.0529708   0.268904  3.07911 	Dead: 0
3.64824   0.0575713   0.292259  3.07911 	Dead: 0
3.62959   0.0525368   0.266701  3.07911 	Dead: 0
3.60323   0.0502453   0.255069  3.07911 	Dead: 0
3.62751   0.0556247   0.282377  3.07911 	Dead: 0
3.62962   0.0533675   0.270918  3.07911 	Dead: 0
3.63046   0.0560102   0.284334  3.07911 	Dead: 0
3.65502   0.0609433   0.309376  3.07911 	Dead: 0
3.61857   0.0530149   0.269128  3.07911 	Dead: 0
3.61273   0.0560077   0.284321  3.07911 	Dead: 0
3.67464   0.0626147   0.317861  3.07911 	Dead: 0
3.60963   0.0481617   0.244491  3.07911 	Dead: 0
3.63349   0.0534215   0.271193  3.07911 	Dead: 0
3.63513   0.0571383   0.290061  3.07911 	Dead: 0
3.61877   0.0580953   0.294919  3.07911 	Dead: 0
3.62038   0.0564117   0.286372  3.07911 	Dead: 0
3.63495   0.0570569   0.289647  3.07911 	Dead: 0
3.59033   0.0522406   0.265198  3.07911 	Dead: 0
3.62653   0.0572752   0.290756  3.07911 	Dead: 0
3.58333   0.0521507   0.264742  3.07911 	Dead: 0
3.6333    0.057824    0.293542  3.07911 	Dead: 0
3.61634   0.0577457   0.293144  3.07911 	Dead: 0
3.63872   0.055972    0.28414   3.07911 	Dead: 0
3.65016   0.0597419   0.303278  3.07911 	Dead: 0
3.62006   0.0549386   0.278894  3.07911 	Dead: 0
3.60573   0.0532399   0.27027   3.07911 	Dead: 0
3.60453   0.0525324   0.266679  3.07911 	Dead: 0
3.61579   0.0562869   0.285739  3.07911 	Dead: 0
3.59389   0.0498458   0.253041  3.07911 	Dead: 0
3.61823   0.0522454   0.265222  3.07911 	Dead: 0
3.61094   0.0570919   0.289825  3.07911 	Dead: 0
3.58376   0.0515995   0.261943  3.07911 	Dead: 0
3.61642   0.0555223   0.281857  3.07911 	Dead: 0
3.62841   0.0597017   0.303074  3.07911 	Dead: 0
3.60515   0.052625    0.267149  3.07911 	Dead: 0
3.60962   0.0552849   0.280652  3.07911 	Dead: 0
3.63666   0.0572467   0.290611  3.07911 	Dead: 0
3.61882   0.0594688   0.301892  3.07911 	Dead: 0
3.61133   0.0542185   0.275238  3.07911 	Dead: 0
3.64847   0.0597165   0.303149  3.07911 	Dead: 0
3.58649   0.0495008   0.251289  3.07911 	Dead: 0
3.63708   0.0569612   0.289162  3.07911 	Dead: 0
3.6226    0.0556623   0.282568  3.07911 	Dead: 0
3.61121   0.0513115   0.260481  3.07911 	Dead: 0
3.61391   0.0536455   0.272329  3.07911 	Dead: 0
3.60374   0.0541612   0.274948  3.07911 	Dead: 0
3.63337   0.0572716   0.290738  3.07911 	Dead: 0
3.60665   0.0545863   0.277105  3.07911 	Dead: 0
3.64462   0.0588011   0.298502  3.07911 	Dead: 0
