7.74047   0.133844    0.679455  5.8579  	Dead: 0
3.6001    0.050485    0.256285  3.05992 	Dead: 0
3.42029   0.0475197   0.241232  3.00837 	Dead: 0
3.42049   0.0690666   0.350614  2.9404  	Dead: 0
3.40075   0.0685296   0.347888  2.9404  	Dead: 0
3.34929   0.0678409   0.344392  2.84561 	Dead: 0
3.39053   0.0745103   0.378249  2.84561 	Dead: 0
3.39172   0.0730954   0.371066  2.84561 	Dead: 0
3.42492   0.0856835   0.434969  2.84561 	Dead: 0
3.36382   0.0646631   0.32826   2.84561 	Dead: 0
3.32373   0.0525482   0.266759  2.84561 	Dead: 0
3.42529   0.0958482   0.48657   2.84561 	Dead: 0
3.38941   0.0762932   0.3873    2.84561 	Dead: 0
3.39305   0.0655532   0.332778  2.84561 	Dead: 0
3.37136   0.0707627   0.359225  2.84561 	Dead: 0
3.37684   0.087013    0.441719  2.84561 	Dead: 0
3.40203   0.0753643   0.382584  2.84561 	Dead: 0
3.39338   0.0792146   0.40213   2.84561 	Dead: 0
3.39409   0.0755826   0.383693  2.84561 	Dead: 0
3.3797    0.0788051   0.400052  2.84561 	Dead: 0
3.38233   0.0746334   0.378874  2.84561 	Dead: 0
3.41248   0.0797524   0.40486   2.84561 	Dead: 0
3.39204   0.0721894   0.366467  2.84561 	Dead: 0
3.34842   0.0645193   0.32753   2.84561 	Dead: 0
3.37318   0.068082    0.345616  2.84561 	Dead: 0
3.36936   0.0797013   0.404601  2.84561 	Dead: 0
3.35824   0.073556    0.373404  2.84561 	Dead: 0
3.35224   0.0749123   0.38029   2.84561 	Dead: 0
3.34831   0.0666239   0.338214  2.84561 	Dead: 0
3.35845   0.0929255   0.471733  2.84561 	Dead: 0
3.30808   0.0635488   0.322604  2.84561 	Dead: 0
3.29573   0.0557736   0.283133  2.84561 	Dead: 0
3.33667   0.0758361   0.384979  2.84561 	Dead: 0
3.34417   0.0673613   0.341958  2.84561 	Dead: 0
3.36588   0.0821374   0.416968  2.84561 	Dead: 0
3.31191   0.0611586   0.310469  2.84561 	Dead: 0
3.33214   0.0668293   0.339257  2.84561 	Dead: 0
3.31961   0.0703898   0.357331  2.84561 	Dead: 0
3.33737   0.0777492   0.394691  2.84561 	Dead: 0
3.33057   0.0758777   0.385191  2.84561 	Dead: 0
3.32483   0.0711801   0.361343  2.84561 	Dead: 0
3.36582   0.0805431   0.408874  2.84561 	Dead: 0
3.32694   0.0727326   0.369225  2.84561 	Dead: 0
3.36224   0.0723831   0.36745   2.84561 	Dead: 0
3.31886   0.0758827   0.385216  2.84561 	Dead: 0
3.3532    0.0948532   0.481519  2.84561 	Dead: 0
3.34665   0.0851964   0.432496  2.84561 	Dead: 0
3.36184   0.0931956   0.473104  2.84561 	Dead: 0
3.3329    0.0637178   0.323462  2.84561 	Dead: 0
3.30003   0.0563803   0.286213  2.84561 	Dead: 0
3.32375   0.0686867   0.348686  2.84561 	Dead: 0
3.40404   0.0897988   0.455861  2.84561 	Dead: 0
3.35984   0.0797289   0.404741  2.84561 	Dead: 0
3.33757   0.0756372   0.38397   2.84561 	Dead: 0
3.30991   0.0703338   0.357047  2.84561 	Dead: 0
3.35408   0.0729956   0.37056   2.84561 	Dead: 0
3.36782   0.0792501   0.402311  2.84561 	Dead: 0
3.30043   0.0579868   0.294368  2.84561 	Dead: 0
3.33412   0.0720646   0.365834  2.84561 	Dead: 0
3.33991   0.0903188   0.4585    2.84561 	Dead: 0
3.31574   0.0657188   0.33362   2.84561 	Dead: 0
3.38515   0.0995234   0.505227  2.84561 	Dead: 0
3.36758   0.080937    0.410874  2.84561 	Dead: 0
3.30331   0.061986    0.31467   2.84561 	Dead: 0
3.33698   0.0813916   0.413182  2.84561 	Dead: 0
3.30585   0.0624952   0.317255  2.84561 	Dead: 0
3.36488   0.0921194   0.467641  2.84561 	Dead: 0
3.41558   0.112404    0.570616  2.84561 	Dead: 0
3.28287   0.0587675   0.298331  2.84561 	Dead: 0
3.30521   0.0667425   0.338816  2.84561 	Dead: 0
3.27556   0.0504478   0.256097  2.84561 	Dead: 0
3.33301   0.0643006   0.32642   2.84561 	Dead: 0
3.38161   0.0959697   0.487187  2.84561 	Dead: 0
3.35005   0.0668875   0.339552  2.84561 	Dead: 0
3.33426   0.0664452   0.337307  2.84561 	Dead: 0
3.32157   0.0684166   0.347315  2.84561 	Dead: 0
3.29505   0.0558839   0.283693  2.84561 	Dead: 0
3.33913   0.0844566   0.428741  2.84507 	Dead: 0
3.27346   0.0601922   0.305564  2.84507 	Dead: 0
3.31972   0.0703246   0.357     2.84507 	Dead: 0
3.34603   0.0662289   0.336209  2.84507 	Dead: 0
3.35052   0.0799834   0.406033  2.84507 	Dead: 0
3.3344    0.0724756   0.36792   2.84507 	Dead: 0
3.31679   0.0689015   0.349776  2.84507 	Dead: 0
3.31226   0.0695554   0.353096  2.84507 	Dead: 0
3.27147   0.0603183   0.306204  2.84507 	Dead: 0
3.30815   0.0727642   0.369385  2.84507 	Dead: 0
3.30345   0.0659975   0.335034  2.84507 	Dead: 0
3.33225   0.0874799   0.444089  2.84507 	Dead: 0
3.2969    0.0637673   0.323712  2.84507 	Dead: 0
3.28087   0.0634252   0.321976  2.84507 	Dead: 0
3.33827   0.0846631   0.429789  2.84507 	Dead: 0
3.31149   0.0715934   0.363442  2.84507 	Dead: 0
3.37338   0.0892488   0.453069  2.84507 	Dead: 0
3.36591   0.0809323   0.41085   2.84507 	Dead: 0
3.30885   0.0580084   0.294477  2.84507 	Dead: 0
3.31347   0.0731561   0.371375  2.84507 	Dead: 0
3.36446   0.0976817   0.495878  2.84507 	Dead: 0
3.26706   0.0582508   0.295708  2.84507 	Dead: 0
3.27034   0.0553344   0.280903  2.84507 	Dead: 0
3.23821   0.0509956   0.258878  2.84507 	Dead: 0
