12.8885   0.126487    0.642106  11.5865 	Dead: 0
10.617    0.0693813   0.352212  10.0441 	Dead: 0
10.1949   0.080999    0.411189  9.64336 	Dead: 0
9.89286   0.0617408   0.313425  9.23982 	Dead: 0
9.64687   0.0604761   0.307005  9.14668 	Dead: 0
9.39825   0.071418    0.362551  8.66554 	Dead: 0
9.20078   0.0658338   0.334203  8.48342 	Dead: 0
9.16591   0.0672589   0.341437  8.48342 	Dead: 0
9.01526   0.0591879   0.300465  8.47246 	Dead: 0
8.96709   0.0641006   0.325405  8.47246 	Dead: 0
8.83583   0.0631313   0.320484  8.24931 	Dead: 0
8.82811   0.0750619   0.381049  8.18197 	Dead: 0
8.78171   0.0773874   0.392855  8.18197 	Dead: 0
8.64535   0.0654144   0.332074  8.14203 	Dead: 0
8.71761   0.0804087   0.408192  7.91482 	Dead: 0
8.55262   0.0676916   0.343634  7.8493  	Dead: 0
8.37751   0.0699554   0.355126  7.80913 	Dead: 0
8.03501   0.0693772   0.352191  7.28445 	Dead: 0
7.80657   0.0889579   0.451592  6.96696 	Dead: 0
7.68109   0.109808    0.557435  6.55395 	Dead: 0
6.72611   0.0872264   0.442802  6.09853 	Dead: 0
6.66211   0.0799727   0.405979  5.90056 	Dead: 0
5.17303   0.101969    0.51764   4.81371 	Dead: 0
4.84124   0.0575309   0.292054  4.51623 	Dead: 0
4.68543   0.0309711   0.157224  4.37622 	Dead: 0
4.74742   0.0969369   0.492097  4.37622 	Dead: 0
4.65414   0.0517197   0.262553  4.359   	Dead: 0
4.66603   0.0817634   0.415069  4.32419 	Dead: 0
4.64696   0.105868    0.537435  4.28359 	Dead: 0
4.60949   0.0919641   0.466853  4.28359 	Dead: 0
4.59792   0.077947    0.395695  4.21214 	Dead: 0
4.60251   0.11473     0.582423  4.21214 	Dead: 0
4.53135   0.0721566   0.366301  4.21103 	Dead: 0
4.47576   0.0683109   0.346778  4.08651 	Dead: 0
4.49548   0.078976    0.400919  4.08651 	Dead: 0
4.42305   0.0628133   0.31887   4.08601 	Dead: 0
4.39363   0.05782     0.293522  4.08546 	Dead: 0
4.45952   0.0836118   0.424453  4.08546 	Dead: 0
4.44736   0.0949297   0.481907  4.04998 	Dead: 0
4.40665   0.0642741   0.326285  4.04998 	Dead: 0
4.39591   0.0690572   0.350566  4.04998 	Dead: 0
4.37777   0.0456935   0.231962  4.04998 	Dead: 0
4.50018   0.109197    0.554334  4.04998 	Dead: 0
4.42794   0.0707718   0.35927   4.04998 	Dead: 0
4.37107   0.0402995   0.204579  4.04998 	Dead: 0
4.4115    0.0521842   0.264911  4.04998 	Dead: 0
4.37814   0.0518505   0.263217  4.04998 	Dead: 0
4.43559   0.0890225   0.45192   3.92582 	Dead: 0
4.43551   0.0956277   0.485451  3.92582 	Dead: 0
4.38571   0.0782618   0.397293  3.92582 	Dead: 0
4.31589   0.0592201   0.300629  3.92582 	Dead: 0
4.33454   0.0998432   0.506851  3.92582 	Dead: 0
4.30411   0.103679    0.526324  3.90585 	Dead: 0
4.34666   0.0929948   0.472085  3.90585 	Dead: 0
4.32882   0.0823248   0.417919  3.90585 	Dead: 0
4.33488   0.11381     0.577753  3.90585 	Dead: 0
4.30998   0.0851427   0.432224  3.90585 	Dead: 0
4.39457   0.127733    0.648434  3.90585 	Dead: 0
4.30259   0.0807434   0.409891  3.90585 	Dead: 0
4.27198   0.0584151   0.296543  3.88723 	Dead: 0
4.30017   0.0838932   0.425881  3.88723 	Dead: 0
4.36733   0.109436    0.555547  3.88723 	Dead: 0
4.31267   0.0906305   0.460083  3.88723 	Dead: 0
4.31246   0.0856227   0.434661  3.88723 	Dead: 0
4.21014   0.0388079   0.197007  3.88723 	Dead: 0
4.33932   0.0958687   0.486674  3.88723 	Dead: 0
4.28436   0.0746608   0.379013  3.88723 	Dead: 0
4.29965   0.0755199   0.383374  3.88723 	Dead: 0
4.31773   0.0953822   0.484204  3.88723 	Dead: 0
4.26758   0.0716067   0.363509  3.88723 	Dead: 0
4.35431   0.101902    0.5173    3.88723 	Dead: 0
4.28962   0.0771592   0.391696  3.88723 	Dead: 0
4.24064   0.0496947   0.252273  3.88723 	Dead: 0
4.32337   0.106042    0.538317  3.85392 	Dead: 0
4.27433   0.0778654   0.395281  3.85392 	Dead: 0
4.31471   0.123072    0.624772  3.85392 	Dead: 0
4.3506    0.108399    0.550285  3.85392 	Dead: 0
4.36744   0.107587    0.546164  3.85392 	Dead: 0
4.29867   0.101411    0.51481   3.85392 	Dead: 0
4.31365   0.0905843   0.459848  3.85392 	Dead: 0
4.32178   0.0934242   0.474265  3.85392 	Dead: 0
4.26479   0.0723933   0.367502  3.85392 	Dead: 0
4.23787   0.0770342   0.391061  3.85392 	Dead: 0
4.24661   0.0720329   0.365673  3.85392 	Dead: 0
4.34936   0.115707    0.587382  3.85392 	Dead: 0
4.29795   0.100132    0.508315  3.85392 	Dead: 0
4.33437   0.10433     0.529628  3.85392 	Dead: 0
4.2705    0.0750406   0.380941  3.85392 	Dead: 0
4.22882   0.0653324   0.331658  3.85392 	Dead: 0
4.33591   0.127002    0.644721  3.85392 	Dead: 0
4.29171   0.0934834   0.474565  3.85392 	Dead: 0
4.24946   0.087338    0.443369  3.85392 	Dead: 0
4.24905   0.0734566   0.3729    3.85392 	Dead: 0
4.23854   0.0722079   0.366561  3.85392 	Dead: 0
4.33203   0.102792    0.521819  3.85392 	Dead: 0
4.2368    0.0621387   0.315445  3.85392 	Dead: 0
4.25318   0.0747018   0.379221  3.85392 	Dead: 0
4.2866    0.112942    0.573346  3.85392 	Dead: 0
4.25721   0.077176    0.391781  3.78596 	Dead: 0
4.27326   0.0765773   0.388742  3.78596 	Dead: 0
4.23948   0.0858618   0.435875  3.69414 	Dead: 0
