12.9369   0.13298     0.675068  11.5698 	Dead: 0
10.4092   0.0622035   0.315774  9.79281 	Dead: 0
9.76457   0.0618335   0.313896  8.90425 	Dead: 0
9.2507    0.0562606   0.285605  8.68246 	Dead: 0
9.08812   0.0665796   0.337989  8.30971 	Dead: 0
8.92462   0.0689734   0.350141  8.30971 	Dead: 0
8.86326   0.0710038   0.360449  8.30971 	Dead: 0
8.83658   0.0840217   0.426533  8.14302 	Dead: 0
8.79152   0.0766718   0.389222  8.13841 	Dead: 0
8.7592    0.0972798   0.493838  8.03475 	Dead: 0
8.68963   0.080313    0.407706  8.00292 	Dead: 0
8.5912    0.0849081   0.431033  8.00292 	Dead: 0
8.57297   0.0753831   0.38268   7.91588 	Dead: 0
8.46346   0.0826756   0.4197    7.76507 	Dead: 0
8.34236   0.0702876   0.356813  7.76507 	Dead: 0
8.24732   0.0712093   0.361492  7.57235 	Dead: 0
8.2668    0.0781473   0.396712  7.57235 	Dead: 0
8.21109   0.0784592   0.398296  7.57235 	Dead: 0
8.18407   0.080339    0.407838  7.38234 	Dead: 0
8.166     0.0935512   0.47491   7.3435  	Dead: 0
8.11912   0.0818836   0.415679  7.3435  	Dead: 0
8.12502   0.0894189   0.453932  7.27656 	Dead: 0
8.14878   0.0989598   0.502366  7.27656 	Dead: 0
8.06518   0.084283    0.42786   7.27656 	Dead: 0
8.02108   0.081148    0.411945  7.27656 	Dead: 0
8.02384   0.0920888   0.467486  7.27656 	Dead: 0
7.57133   0.0852129   0.432581  6.69023 	Dead: 0
7.44073   0.0845165   0.429045  6.69023 	Dead: 0
7.44809   0.0914093   0.464036  6.69023 	Dead: 0
7.36021   0.0953249   0.483914  6.57535 	Dead: 0
7.40365   0.0946527   0.480501  6.57535 	Dead: 0
7.31783   0.0905989   0.459922  6.57535 	Dead: 0
7.34799   0.0918179   0.46611   6.57535 	Dead: 0
7.36037   0.094638    0.480427  6.57535 	Dead: 0
7.40123   0.101299    0.514241  6.57535 	Dead: 0
7.36674   0.0946125   0.480297  6.57535 	Dead: 0
7.31816   0.0883822   0.448669  6.57535 	Dead: 0
7.30865   0.0878002   0.445715  6.57535 	Dead: 0
7.36637   0.0983158   0.499097  6.57535 	Dead: 0
7.35017   0.11422     0.579833  6.57535 	Dead: 0
7.32768   0.0956433   0.48553   6.3724  	Dead: 0
7.31131   0.0956495   0.485561  6.3724  	Dead: 0
7.30844   0.0922436   0.468271  6.3724  	Dead: 0
7.36148   0.103532    0.525575  6.3724  	Dead: 0
7.37484   0.112537    0.57129   6.3724  	Dead: 0
7.27915   0.100131    0.508312  6.3724  	Dead: 0
7.25464   0.0877445   0.445432  6.3724  	Dead: 0
7.31725   0.0984626   0.499842  6.3724  	Dead: 0
7.28262   0.0962694   0.488709  6.3724  	Dead: 0
7.30466   0.0996733   0.505988  6.3724  	Dead: 0
7.31643   0.105042    0.533244  6.3724  	Dead: 0
7.28543   0.0972963   0.493922  6.3724  	Dead: 0
7.28869   0.105021    0.533136  6.31846 	Dead: 0
7.28077   0.103914    0.527514  6.31846 	Dead: 0
7.25969   0.103477    0.525297  6.31846 	Dead: 0
6.4342    0.0897667   0.455698  5.57035 	Dead: 0
6.44985   0.108658    0.551597  5.57035 	Dead: 0
6.39491   0.0899402   0.456579  5.57035 	Dead: 0
6.33173   0.0945256   0.479856  5.57035 	Dead: 0
6.37806   0.0977135   0.496039  5.42488 	Dead: 0
6.37252   0.102019    0.517898  5.42488 	Dead: 0
6.29772   0.0961125   0.487912  5.42488 	Dead: 0
5.10644   0.0912444   0.463199  4.66428 	Dead: 0
4.81382   0.113519    0.576274  4.44476 	Dead: 0
4.7383    0.0920236   0.467155  4.36503 	Dead: 0
4.63058   0.0558264   0.283401  4.34805 	Dead: 0
4.64749   0.0986468   0.500777  4.31771 	Dead: 0
4.67779   0.113029    0.573787  4.31771 	Dead: 0
4.56139   0.0695134   0.352883  4.22785 	Dead: 0
4.54566   0.0527236   0.26765   4.22785 	Dead: 0
4.51408   0.0589959   0.29949   4.13123 	Dead: 0
4.59343   0.0952871   0.483722  4.13123 	Dead: 0
4.52456   0.0815065   0.413765  4.13123 	Dead: 0
4.50136   0.0690866   0.350716  4.13123 	Dead: 0
4.54683   0.0840631   0.426744  4.13123 	Dead: 0
4.46174   0.0620161   0.314823  4.13123 	Dead: 0
4.56223   0.099035    0.502748  4.13123 	Dead: 0
4.52338   0.0759578   0.385597  4.13123 	Dead: 0
4.52518   0.0984467   0.499761  4.13123 	Dead: 0
4.54672   0.0986141   0.500611  4.13123 	Dead: 0
4.47282   0.0908416   0.461154  4.13123 	Dead: 0
4.47879   0.0810425   0.411409  3.98582 	Dead: 0
4.43591   0.0681912   0.34617   3.98582 	Dead: 0
4.41813   0.0660114   0.335105  3.98582 	Dead: 0
4.47617   0.0974783   0.494845  3.94468 	Dead: 0
4.54423   0.159958    0.812021  3.94468 	Dead: 0
4.50156   0.127542    0.647464  3.94468 	Dead: 0
4.38071   0.0802316   0.407293  3.94468 	Dead: 0
4.38866   0.0512599   0.260219  3.94468 	Dead: 0
4.52747   0.119367    0.605965  3.94468 	Dead: 0
4.4402    0.11794     0.598719  3.94468 	Dead: 0
4.35977   0.0693864   0.352238  3.94468 	Dead: 0
4.36676   0.0567849   0.288267  3.94468 	Dead: 0
4.45493   0.110854    0.562745  3.94468 	Dead: 0
4.36092   0.0628449   0.31903   3.94468 	Dead: 0
4.47279   0.129725    0.658547  3.94468 	Dead: 0
4.39548   0.0852764   0.432903  3.94468 	Dead: 0
4.37376   0.0826595   0.419618  3.94468 	Dead: 0
4.40396   0.0750945   0.381215  3.94468 	Dead: 0
4.35424   0.0521915   0.264948  3.94468 	Dead: 0
4.3837    0.0765996   0.388855  3.94468 	Dead: 0
