10.5951   0.124983    0.634474  9.48527 	Dead: 0
8.49865   0.0320335   0.162617  8.16375 	Dead: 0
8.1243    0.0343573   0.174414  7.8972  	Dead: 0
7.95985   0.0274579   0.139389  7.67773 	Dead: 0
7.78977   0.0280412   0.14235   7.52518 	Dead: 0
7.63264   0.0235972   0.11979   7.39517 	Dead: 0
7.55241   0.0280125   0.142204  7.32374 	Dead: 0
7.52662   0.0279549   0.141912  7.29824 	Dead: 0
7.47214   0.028491    0.144634  7.18912 	Dead: 0
7.47231   0.0366595   0.186101  7.18912 	Dead: 0
7.43115   0.0298338   0.15145   7.18912 	Dead: 0
7.43304   0.0326663   0.16583   7.18912 	Dead: 0
7.42494   0.031802    0.161442  7.18912 	Dead: 0
7.41712   0.0367069   0.186342  7.18661 	Dead: 0
7.37774   0.0297074   0.150809  7.153   	Dead: 0
7.35298   0.0315309   0.160066  7.153   	Dead: 0
7.35318   0.0316966   0.160907  7.09921 	Dead: 0
7.34824   0.0315728   0.160278  7.09579 	Dead: 0
7.31088   0.0274633   0.139417  7.03599 	Dead: 0
7.32654   0.0333656   0.169379  7.03599 	Dead: 0
7.31495   0.0324755   0.164861  7.03599 	Dead: 0
7.31167   0.0345881   0.175585  7.03599 	Dead: 0
7.30971   0.034583    0.175559  7.03599 	Dead: 0
7.30268   0.03509     0.178133  7.03369 	Dead: 0
7.30364   0.0329987   0.167517  7.03369 	Dead: 0
7.2733    0.0288523   0.146468  7.03369 	Dead: 0
7.29663   0.0353721   0.179565  7.03369 	Dead: 0
7.31023   0.0347911   0.176616  7.03369 	Dead: 0
7.31455   0.0419005   0.212706  7.03369 	Dead: 0
7.25788   0.0300597   0.152597  7.03369 	Dead: 0
7.25503   0.0313168   0.158979  7.01495 	Dead: 0
7.24028   0.031323    0.15901   7.00856 	Dead: 0
7.23435   0.0336835   0.170993  6.98229 	Dead: 0
7.2456    0.0437863   0.22228   6.9712  	Dead: 0
7.21073   0.031165    0.158208  6.9712  	Dead: 0
7.22556   0.0363042   0.184297  6.9712  	Dead: 0
7.2127    0.0336738   0.170944  6.9712  	Dead: 0
7.19297   0.0293628   0.149059  6.9712  	Dead: 0
7.19463   0.0335407   0.170268  6.9712  	Dead: 0
7.21794   0.0344663   0.174967  6.9712  	Dead: 0
7.19329   0.0303639   0.154142  6.96216 	Dead: 0
7.19958   0.0333704   0.169404  6.96216 	Dead: 0
7.20723   0.0340384   0.172795  6.96216 	Dead: 0
7.22616   0.0529617   0.268858  6.96216 	Dead: 0
7.18307   0.0313337   0.159065  6.96216 	Dead: 0
7.17242   0.0304391   0.154523  6.94753 	Dead: 0
7.17851   0.0312518   0.158649  6.93625 	Dead: 0
7.20274   0.0351646   0.178512  6.93625 	Dead: 0
7.19155   0.036262    0.184083  6.93625 	Dead: 0
7.17834   0.0323265   0.164105  6.93625 	Dead: 0
7.17011   0.0298154   0.151357  6.93625 	Dead: 0
7.16528   0.0277477   0.140861  6.93625 	Dead: 0
7.17536   0.0312422   0.1586    6.93625 	Dead: 0
7.17786   0.0322206   0.163567  6.89783 	Dead: 0
7.18254   0.0385914   0.195908  6.89783 	Dead: 0
7.1804    0.031831    0.161589  6.89783 	Dead: 0
7.17072   0.0331052   0.168057  6.89783 	Dead: 0
7.19647   0.0366745   0.186177  6.89783 	Dead: 0
7.1847    0.037282    0.189261  6.89783 	Dead: 0
7.17699   0.0358385   0.181933  6.89783 	Dead: 0
7.16977   0.0309401   0.157066  6.89783 	Dead: 0
7.14767   0.0266487   0.135281  6.89783 	Dead: 0
7.17074   0.036465    0.185113  6.89783 	Dead: 0
7.18031   0.0485603   0.246515  6.89783 	Dead: 0
7.18841   0.0366947   0.186279  6.89783 	Dead: 0
7.17807   0.0303674   0.154159  6.89783 	Dead: 0
7.18081   0.0356979   0.181219  6.89783 	Dead: 0
7.16973   0.0363577   0.184569  6.89783 	Dead: 0
7.15938   0.0294688   0.149597  6.89783 	Dead: 0
7.14766   0.0311411   0.158087  6.89783 	Dead: 0
7.15892   0.0331281   0.168174  6.89783 	Dead: 0
7.16133   0.0291135   0.147794  6.89783 	Dead: 0
7.16109   0.0303827   0.154237  6.89783 	Dead: 0
7.17901   0.0367825   0.186725  6.89783 	Dead: 0
7.16489   0.0329456   0.167247  6.89783 	Dead: 0
7.16335   0.0325826   0.165405  6.89783 	Dead: 0
7.20754   0.0688516   0.349523  6.89783 	Dead: 0
7.17914   0.0341789   0.173508  6.89783 	Dead: 0
7.14063   0.0272746   0.138458  6.89783 	Dead: 0
7.13734   0.0289338   0.146882  6.89783 	Dead: 0
7.16628   0.0415037   0.210692  6.89783 	Dead: 0
7.13769   0.0287107   0.145749  6.89783 	Dead: 0
7.15667   0.0306789   0.155741  6.89783 	Dead: 0
7.14913   0.03146     0.159706  6.89783 	Dead: 0
7.13558   0.0321887   0.163405  6.89783 	Dead: 0
7.13021   0.0310355   0.157551  6.89783 	Dead: 0
7.14246   0.0346402   0.17585   6.89783 	Dead: 0
7.13876   0.0352827   0.179112  6.89783 	Dead: 0
7.15021   0.0314842   0.159829  6.89783 	Dead: 0
7.12408   0.0292352   0.148412  6.89783 	Dead: 0
7.13533   0.0324675   0.16482   6.89783 	Dead: 0
7.14977   0.0351423   0.178399  6.89783 	Dead: 0
7.15009   0.0323365   0.164155  6.89783 	Dead: 0
7.1457    0.036987    0.187763  6.89783 	Dead: 0
7.15137   0.0358195   0.181836  6.89783 	Dead: 0
7.13043   0.0331238   0.168152  6.89783 	Dead: 0
7.12926   0.0298562   0.151564  6.89783 	Dead: 0
7.15434   0.0358905   0.182197  6.89783 	Dead: 0
7.12402   0.0281752   0.14303   6.89783 	Dead: 0
7.14574   0.0316427   0.160633  6.89783 	Dead: 0
7.12777   0.031769    0.161274  6.89783 	Dead: 0
