0   8.20155   0.128665    0.653162  6.95927 	Dead: 0
1   6.94673   0.0727459   0.369292  6.37768 	Dead: 0
2   6.53719   0.06517     0.330833  5.97233 	Dead: 0
3   6.41258   0.0840984   0.426923  5.47711 	Dead: 0
4   6.32743   0.0872462   0.442902  5.47711 	Dead: 0
5   6.26659   0.0978641   0.496804  5.37904 	Dead: 0
6   6.23266   0.0958215   0.486434  5.37904 	Dead: 0
7   6.23498   0.111227    0.564639  5.37904 	Dead: 0
8   6.15457   0.11021     0.559477  5.37904 	Dead: 0
9   6.16407   0.10826     0.549581  5.37904 	Dead: 0
10  6.12653   0.0991849   0.503509  5.32635 	Dead: 0
11  6.1583    0.109227    0.554486  5.32635 	Dead: 0
12  6.10675   0.105399    0.535055  5.19231 	Dead: 0
13  6.15598   0.121109    0.614806  5.1635  	Dead: 0
14  6.08379   0.112916    0.573213  5.1635  	Dead: 0
15  6.13936   0.116717    0.592508  5.1635  	Dead: 0
16  6.04473   0.121294    0.615746  4.88448 	Dead: 0
17  5.99241   0.117554    0.596761  4.88448 	Dead: 0
18  5.88087   0.109606    0.556411  4.88448 	Dead: 0
19  6.02751   0.145501    0.738629  4.88448 	Dead: 0
20  6.00919   0.141121    0.716394  4.88448 	Dead: 0
21  5.8596    0.128264    0.65113   4.88448 	Dead: 0
22  5.92995   0.148354    0.753112  4.81073 	Dead: 0
23  5.8749    0.150842    0.765747  4.81073 	Dead: 0
24  5.87874   0.14702     0.746344  4.81073 	Dead: 0
25  5.86369   0.143336    0.72764   4.81073 	Dead: 0
26  5.91937   0.144359    0.732836  4.81073 	Dead: 0
27  5.83818   0.144511    0.733606  4.81073 	Dead: 0
28  5.84605   0.143302    0.727468  4.67443 	Dead: 0
29  5.9287    0.143398    0.727957  4.67443 	Dead: 0
30  5.8808    0.149493    0.758897  4.67443 	Dead: 0
31  5.89258   0.148607    0.754397  4.67443 	Dead: 0
32  5.79753   0.148465    0.753675  4.67443 	Dead: 0
33  5.70075   0.145026    0.736218  4.67443 	Dead: 0
34  5.91      0.158017    0.802166  4.67443 	Dead: 0
35  5.85922   0.154035    0.781952  4.67443 	Dead: 0
36  5.81109   0.150569    0.764356  4.67443 	Dead: 0
37  5.84617   0.169055    0.858201  4.67443 	Dead: 0
38  5.84601   0.154103    0.782301  4.67443 	Dead: 0
39  5.82822   0.144905    0.735604  4.67443 	Dead: 0
40  5.8674    0.165211    0.838687  4.67443 	Dead: 0
41  5.85526   0.151433    0.768744  4.67443 	Dead: 0
42  5.89083   0.155113    0.787424  4.67443 	Dead: 0
43  5.79753   0.159514    0.809768  4.67443 	Dead: 0
44  5.79785   0.156361    0.793761  4.67443 	Dead: 0
45  5.81242   0.152976    0.77658   4.66202 	Dead: 0
46  5.73074   0.157741    0.800767  4.66202 	Dead: 0
47  5.73502   0.151235    0.76774   4.66202 	Dead: 0
48  5.73265   0.163117    0.828056  4.66202 	Dead: 0
49  5.83828   0.158992    0.807116  4.66202 	Dead: 0
50  5.73786   0.159789    0.811165  4.65523 	Dead: 0
51  5.8585    0.163465    0.829823  4.65523 	Dead: 0
52  5.83433   0.170256    0.864299  4.65523 	Dead: 0
53  5.77065   0.150829    0.765681  4.65523 	Dead: 0
54  5.86605   0.17262     0.876301  4.65523 	Dead: 0
55  5.80345   0.173139    0.878933  4.65523 	Dead: 0
56  5.83669   0.16218     0.8233    4.65523 	Dead: 0
57  5.74145   0.158348    0.803849  4.65523 	Dead: 0
58  5.87424   0.166442    0.844939  4.65393 	Dead: 0
59  5.77625   0.154495    0.784288  4.65393 	Dead: 0
60  5.74131   0.156111    0.792494  4.65393 	Dead: 0
61  5.87578   0.154338    0.783493  4.65009 	Dead: 0
62  5.86644   0.152587    0.774601  4.65009 	Dead: 0
63  5.80261   0.15677     0.795838  4.65009 	Dead: 0
64  5.73437   0.155845    0.791143  4.65009 	Dead: 0
65  5.89437   0.170521    0.865644  4.65009 	Dead: 0
66  5.74753   0.155735    0.790585  4.65009 	Dead: 0
67  5.78174   0.159556    0.80998   4.65009 	Dead: 0
68  5.74205   0.16654     0.845433  4.65009 	Dead: 0
69  5.82332   0.157408    0.799074  4.65009 	Dead: 0
70  5.78121   0.161441    0.819549  4.59057 	Dead: 0
71  5.7442    0.159041    0.807365  4.59057 	Dead: 0
72  5.75224   0.16985     0.862238  4.59057 	Dead: 0
73  5.91588   0.172185    0.874093  4.59057 	Dead: 0
74  5.69037   0.149635    0.759615  4.59057 	Dead: 0
75  5.81747   0.16835     0.854621  4.59057 	Dead: 0
76  5.74612   0.17823     0.904781  4.59057 	Dead: 0
77  5.92644   0.17381     0.88234   4.59057 	Dead: 0
78  5.81665   0.164946    0.837343  4.59057 	Dead: 0
79  5.74262   0.159558    0.809991  4.59057 	Dead: 0
80  5.88055   0.172786    0.877141  4.59057 	Dead: 0
81  5.83813   0.165817    0.841766  4.59057 	Dead: 0
82  5.80091   0.160343    0.813976  4.59057 	Dead: 0
83  5.80549   0.148727    0.755007  4.59057 	Dead: 0
84  5.85978   0.160859    0.816595  4.59057 	Dead: 0
85  5.76192   0.155622    0.790008  4.59057 	Dead: 0
86  5.83139   0.167091    0.848232  4.59057 	Dead: 0
87  5.86628   0.163903    0.832049  4.5782  	Dead: 0
88  5.87194   0.174085    0.883739  4.5782  	Dead: 0
89  5.75749   0.159214    0.808244  4.5782  	Dead: 0
90  5.7189    0.15169     0.770051  4.5782  	Dead: 0
91  5.76965   0.148814    0.755448  4.5782  	Dead: 0
92  5.7936    0.162029    0.822532  4.5782  	Dead: 0
93  5.85888   0.166523    0.84535   4.5782  	Dead: 0
94  5.89585   0.157546    0.799777  4.5782  	Dead: 0
95  5.87399   0.156162    0.792749  4.5782  	Dead: 0
96  5.83787   0.162845    0.826678  4.5782  	Dead: 0
97  5.81881   0.167456    0.850086  4.5782  	Dead: 0
98  5.76737   0.151682    0.770009  4.5782  	Dead: 0
99  5.88894   0.158775    0.806017  4.5782  	Dead: 0
100 5.79608   0.160691    0.815743  4.5782  	Dead: 0
