8.9989    0.0374463   0.190095  8.51375 	Dead: 0
8.48699   0.0384328   0.195103  8.17032 	Dead: 0
8.33491   0.0339269   0.172229  7.99102 	Dead: 0
8.32294   0.0502182   0.254931  7.89875 	Dead: 0
8.25148   0.0481843   0.244606  7.7797  	Dead: 0
8.23492   0.0517794   0.262857  7.7797  	Dead: 0
8.20911   0.0511817   0.259822  7.72602 	Dead: 0
8.16975   0.0519082   0.26351   7.7147  	Dead: 0
8.13077   0.049977    0.253706  7.65991 	Dead: 0
8.1229    0.0500577   0.254116  7.64839 	Dead: 0
8.16008   0.0657538   0.333797  7.56826 	Dead: 0
8.11624   0.0569347   0.289027  7.56826 	Dead: 0
8.12375   0.0643329   0.326584  7.56619 	Dead: 0
8.08937   0.0550728   0.279575  7.56619 	Dead: 0
8.08577   0.0563182   0.285898  7.56619 	Dead: 0
8.11833   0.0621934   0.315723  7.56619 	Dead: 0
8.05672   0.0542541   0.275419  7.56619 	Dead: 0
8.08093   0.0615678   0.312547  7.56619 	Dead: 0
8.09863   0.0655937   0.332984  7.56619 	Dead: 0
8.07578   0.0621859   0.315685  7.48642 	Dead: 0
8.08699   0.06466     0.328244  7.48642 	Dead: 0
8.0683    0.0619979   0.31473   7.48642 	Dead: 0
8.04179   0.0617151   0.313295  7.48642 	Dead: 0
8.05907   0.0650383   0.330165  7.48642 	Dead: 0
8.02662   0.0586473   0.297721  7.48642 	Dead: 0
8.04623   0.0610663   0.310001  7.48642 	Dead: 0
8.0173    0.0546754   0.277558  7.48207 	Dead: 0
8.04759   0.0632452   0.321062  7.48207 	Dead: 0
8.03779   0.059441    0.30175   7.48207 	Dead: 0
8.01677   0.0594665   0.30188   7.48207 	Dead: 0
8.04427   0.0665456   0.337816  7.37864 	Dead: 0
7.9995    0.0594762   0.301929  7.37864 	Dead: 0
8.05005   0.0672233   0.341257  7.37864 	Dead: 0
8.02321   0.066236    0.336245  7.37864 	Dead: 0
8.02915   0.0634665   0.322185  7.37864 	Dead: 0
7.96699   0.0567643   0.288162  7.37864 	Dead: 0
8.02997   0.0657422   0.333738  7.37864 	Dead: 0
8.03571   0.0642313   0.326068  7.37864 	Dead: 0
7.98631   0.0600744   0.304966  7.37864 	Dead: 0
8.02765   0.0687843   0.349181  7.37864 	Dead: 0
8.04273   0.0724691   0.367887  7.37864 	Dead: 0
7.97967   0.0636475   0.323105  7.37864 	Dead: 0
8.03777   0.0665795   0.337989  7.37864 	Dead: 0
8.03155   0.0652004   0.330988  7.37864 	Dead: 0
8.01288   0.0701469   0.356099  7.37864 	Dead: 0
7.98294   0.0612279   0.310822  7.37864 	Dead: 0
7.99558   0.0644852   0.327357  7.37864 	Dead: 0
8.02316   0.0709722   0.360288  7.37864 	Dead: 0
7.99505   0.0633031   0.321356  7.37864 	Dead: 0
8.02905   0.0706093   0.358446  7.37864 	Dead: 0
7.99353   0.0615856   0.312637  7.37864 	Dead: 0
8.03592   0.0717227   0.364098  7.37864 	Dead: 0
8.00258   0.0643075   0.326455  7.37864 	Dead: 0
8.00719   0.0650025   0.329983  7.37864 	Dead: 0
7.97503   0.0624716   0.317135  7.37864 	Dead: 0
8.01772   0.0668059   0.339138  7.37864 	Dead: 0
7.99488   0.0643789   0.326818  7.37864 	Dead: 0
7.96619   0.0652591   0.331286  7.37864 	Dead: 0
7.99707   0.0714089   0.362505  7.37864 	Dead: 0
8.01479   0.0685236   0.347858  7.37864 	Dead: 0
8.02478   0.0684987   0.347731  7.37864 	Dead: 0
7.96732   0.065283    0.331407  7.37864 	Dead: 0
7.99796   0.0697562   0.354115  7.37864 	Dead: 0
8.01681   0.0747531   0.379482  7.37864 	Dead: 0
8.00314   0.0659537   0.334812  7.37864 	Dead: 0
7.97701   0.0639761   0.324773  7.37864 	Dead: 0
7.99014   0.0647961   0.328935  7.37864 	Dead: 0
7.9912    0.0631371   0.320513  7.37864 	Dead: 0
8.00928   0.0721182   0.366106  7.37864 	Dead: 0
8.01897   0.0723772   0.36742   7.37864 	Dead: 0
8.05605   0.0713956   0.362438  7.37864 	Dead: 0
8.03388   0.0694402   0.352511  7.37864 	Dead: 0
8.05782   0.0790355   0.401221  7.37864 	Dead: 0
7.99067   0.0610525   0.309931  7.37864 	Dead: 0
8.02747   0.0781527   0.396739  7.37864 	Dead: 0
7.97634   0.0634289   0.321995  7.37864 	Dead: 0
7.99536   0.065009    0.330016  7.37864 	Dead: 0
7.98833   0.062602    0.317797  7.37864 	Dead: 0
7.96926   0.0619772   0.314625  7.37864 	Dead: 0
8.04669   0.0694375   0.352497  7.37864 	Dead: 0
8.02523   0.0676698   0.343523  7.37864 	Dead: 0
7.97616   0.0634206   0.321952  7.37864 	Dead: 0
7.99965   0.0662349   0.336239  7.37864 	Dead: 0
7.98792   0.068606    0.348276  7.37864 	Dead: 0
7.97776   0.0608202   0.308752  7.37864 	Dead: 0
7.99826   0.0643271   0.326554  7.37864 	Dead: 0
8.00204   0.0679798   0.345097  7.37864 	Dead: 0
8.00303   0.067157    0.34092   7.37864 	Dead: 0
8.00867   0.0696011   0.353327  7.37864 	Dead: 0
7.99793   0.0705436   0.358112  7.37864 	Dead: 0
7.99251   0.0620479   0.314984  7.37864 	Dead: 0
8.01037   0.0684978   0.347727  7.37864 	Dead: 0
7.94967   0.0646569   0.328229  7.37864 	Dead: 0
7.92876   0.0637378   0.323563  7.37864 	Dead: 0
7.97317   0.0738662   0.374979  7.37864 	Dead: 0
7.95642   0.0722705   0.366879  7.37864 	Dead: 0
7.99659   0.0689219   0.34988   7.37864 	Dead: 0
7.9989    0.069215    0.351368  7.37864 	Dead: 0
7.97613   0.0716698   0.363829  7.37864 	Dead: 0
7.97714   0.0686422   0.34846   7.37864 	Dead: 0
7.98098   0.0637785   0.32377   7.37864 	Dead: 0
