7.80009   0.0918921   0.466487  6.80064 	Dead: 0
5.11856   0.0504883   0.256302  4.64681 	Dead: 0
4.37997   0.0338282   0.171728  3.99473 	Dead: 0
3.88993   0.0365444   0.185516  3.58185 	Dead: 0
3.58781   0.0384181   0.195028  3.32137 	Dead: 0
3.18288   0.0259531   0.13175   2.95342 	Dead: 0
2.96942   0.039426    0.200145  2.69112 	Dead: 0
2.7712    0.0367789   0.186707  2.493   	Dead: 0
2.66234   0.0463089   0.235086  2.34328 	Dead: 0
2.5085    0.0404514   0.20535   2.27623 	Dead: 0
2.4477    0.0472444   0.239834  2.1107  	Dead: 0
2.41047   0.0495156   0.251364  2.1107  	Dead: 0
2.39516   0.0485283   0.246352  2.1107  	Dead: 0
2.37408   0.0519828   0.263889  2.09801 	Dead: 0
2.34929   0.0506921   0.257337  2.07899 	Dead: 0
2.31301   0.0406135   0.206173  2.07899 	Dead: 0
2.3394    0.055244    0.280444  2.05678 	Dead: 0
2.26239   0.0465509   0.236314  1.99445 	Dead: 0
2.23226   0.0445775   0.226296  1.95131 	Dead: 0
2.19946   0.0449349   0.228111  1.95131 	Dead: 0
2.2016    0.0383824   0.194847  1.95131 	Dead: 0
2.19843   0.0408593   0.207421  1.93884 	Dead: 0
2.22873   0.0552449   0.280449  1.92772 	Dead: 0
2.17443   0.0423002   0.214735  1.92772 	Dead: 0
2.18534   0.0447671   0.227259  1.91951 	Dead: 0
2.15374   0.0445891   0.226355  1.91951 	Dead: 0
2.16101   0.0457186   0.232089  1.90792 	Dead: 0
2.13685   0.0400593   0.20336   1.88412 	Dead: 0
2.11358   0.0396145   0.201102  1.85142 	Dead: 0
2.1156    0.042402    0.215252  1.85142 	Dead: 0
2.13108   0.0454585   0.230768  1.85142 	Dead: 0
2.08097   0.0329253   0.167144  1.85142 	Dead: 0
2.12998   0.0516807   0.262355  1.82444 	Dead: 0
2.07862   0.0394016   0.200021  1.82444 	Dead: 0
2.10605   0.0485282   0.246352  1.82444 	Dead: 0
2.11301   0.0495677   0.251629  1.82444 	Dead: 0
2.09576   0.0528216   0.268147  1.82444 	Dead: 0
2.05678   0.0447316   0.227079  1.81217 	Dead: 0
2.05821   0.0411617   0.208956  1.81217 	Dead: 0
2.09116   0.0538014   0.273121  1.81217 	Dead: 0
2.06359   0.044538    0.226096  1.81217 	Dead: 0
2.0384    0.0392108   0.199052  1.7962  	Dead: 0
2.01376   0.0337382   0.171271  1.7962  	Dead: 0
2.04593   0.0429972   0.218274  1.7962  	Dead: 0
2.00225   0.0329336   0.167186  1.7962  	Dead: 0
2.04028   0.0424972   0.215735  1.7962  	Dead: 0
2.04378   0.036676    0.186184  1.7962  	Dead: 0
2.01165   0.0376916   0.19134   1.7962  	Dead: 0
2.02052   0.0392798   0.199402  1.78164 	Dead: 0
2.04191   0.0442568   0.224668  1.78164 	Dead: 0
1.99919   0.0367019   0.186316  1.78164 	Dead: 0
2.00434   0.0383555   0.19471   1.77435 	Dead: 0
2.03674   0.0454149   0.230547  1.77435 	Dead: 0
2.00287   0.0345713   0.1755    1.74316 	Dead: 0
2.01624   0.044517    0.225989  1.74316 	Dead: 0
2.0052    0.0392445   0.199224  1.74316 	Dead: 0
2.01273   0.0453848   0.230395  1.74316 	Dead: 0
2.01263   0.0479416   0.243374  1.74316 	Dead: 0
2.02778   0.0430482   0.218533  1.74316 	Dead: 0
2.0106    0.0448996   0.227931  1.74316 	Dead: 0
1.98692   0.0359169   0.182331  1.74316 	Dead: 0
2.00704   0.0467627   0.237389  1.74316 	Dead: 0
2.00168   0.0446248   0.226537  1.74316 	Dead: 0
1.96478   0.0346821   0.176062  1.74316 	Dead: 0
1.98009   0.0395101   0.200572  1.74316 	Dead: 0
1.97566   0.0410618   0.208449  1.74316 	Dead: 0
1.9524    0.0483557   0.245476  1.72308 	Dead: 0
1.95782   0.0455745   0.231357  1.72308 	Dead: 0
1.92868   0.0401661   0.203902  1.72308 	Dead: 0
1.93189   0.0436024   0.221346  1.72118 	Dead: 0
1.92132   0.0399927   0.203021  1.72109 	Dead: 0
1.91758   0.0384634   0.195258  1.72109 	Dead: 0
1.9144    0.0446425   0.226626  1.68473 	Dead: 0
1.87357   0.0355832   0.180637  1.68473 	Dead: 0
1.92307   0.0468683   0.237925  1.66304 	Dead: 0
1.86883   0.0397095   0.201584  1.66304 	Dead: 0
1.85933   0.0386278   0.196093  1.66079 	Dead: 0
1.84176   0.0389071   0.197511  1.64487 	Dead: 0
1.85462   0.0416415   0.211392  1.64487 	Dead: 0
1.87614   0.0477882   0.242595  1.64487 	Dead: 0
1.84517   0.0414397   0.210367  1.64282 	Dead: 0
1.83986   0.0412721   0.209517  1.62068 	Dead: 0
1.83182   0.0421817   0.214134  1.62068 	Dead: 0
1.85815   0.0469781   0.238483  1.6163  	Dead: 0
1.82515   0.0380924   0.193375  1.6163  	Dead: 0
1.85167   0.0459882   0.233458  1.6163  	Dead: 0
1.84032   0.0429379   0.217973  1.6046  	Dead: 0
1.82488   0.038288    0.194368  1.6046  	Dead: 0
1.82634   0.050355    0.255625  1.6046  	Dead: 0
1.8167    0.0436804   0.221742  1.6046  	Dead: 0
1.8217    0.0381946   0.193893  1.6046  	Dead: 0
1.81798   0.045106    0.228979  1.6046  	Dead: 0
1.82488   0.0425528   0.216018  1.58429 	Dead: 0
1.82895   0.0462662   0.234869  1.58429 	Dead: 0
1.8009    0.0384893   0.19539   1.58429 	Dead: 0
1.79111   0.0336582   0.170865  1.58429 	Dead: 0
1.81099   0.0443322   0.225051  1.58429 	Dead: 0
1.78189   0.0326855   0.165927  1.58429 	Dead: 0
1.80285   0.0415524   0.210939  1.58429 	Dead: 0
1.79013   0.0366224   0.185912  1.58429 	Dead: 0
1.7855    0.0375548   0.190646  1.58429 	Dead: 0
