5.39849   0.0923493   0.468808  4.46396 	Dead: 0
3.76597   0.0290509   0.147476  3.51351 	Dead: 0
3.61045   0.0269482   0.136802  3.39165 	Dead: 0
3.57878   0.0280823   0.142559  3.35602 	Dead: 0
3.49188   0.0244972   0.124359  3.27135 	Dead: 0
3.4485    0.0272914   0.138544  3.27135 	Dead: 0
3.32284   0.0280209   0.142247  3.01245 	Dead: 0
3.2836    0.0266059   0.135064  3.01245 	Dead: 0
3.27379   0.0283063   0.143696  3.01245 	Dead: 0
3.26949   0.03263     0.165645  2.99742 	Dead: 0
3.25172   0.0298121   0.15134   2.99742 	Dead: 0
3.24697   0.0276838   0.140536  2.99742 	Dead: 0
3.23664   0.0295472   0.149995  2.99742 	Dead: 0
3.22505   0.0315433   0.160128  2.99742 	Dead: 0
3.18976   0.0267853   0.135975  2.96842 	Dead: 0
3.16672   0.0241671   0.122683  2.91549 	Dead: 0
3.16226   0.0266191   0.135131  2.91549 	Dead: 0
3.16451   0.0304477   0.154567  2.90488 	Dead: 0
3.15225   0.0301541   0.153076  2.90488 	Dead: 0
3.14615   0.0306644   0.155667  2.90488 	Dead: 0
3.15297   0.036062    0.183067  2.90488 	Dead: 0
3.11517   0.0279068   0.141668  2.90488 	Dead: 0
3.13935   0.034001    0.172605  2.88795 	Dead: 0
3.11356   0.0308331   0.156523  2.7441  	Dead: 0
3.09724   0.0315747   0.160288  2.7441  	Dead: 0
3.09142   0.0323185   0.164064  2.7441  	Dead: 0
3.08425   0.0328967   0.166999  2.7441  	Dead: 0
3.07874   0.0311725   0.158246  2.7441  	Dead: 0
3.10345   0.0352233   0.17881   2.7441  	Dead: 0
3.06048   0.0278665   0.141463  2.7441  	Dead: 0
3.06483   0.0348314   0.17682   2.7441  	Dead: 0
3.05784   0.0330681   0.167869  2.7441  	Dead: 0
3.07201   0.0431975   0.219291  2.7441  	Dead: 0
3.06632   0.0380523   0.193171  2.7441  	Dead: 0
3.07258   0.0345465   0.175374  2.7441  	Dead: 0
3.05134   0.0338941   0.172062  2.7441  	Dead: 0
3.04936   0.0324813   0.16489   2.7441  	Dead: 0
3.07587   0.038268    0.194266  2.7441  	Dead: 0
3.04006   0.0322336   0.163633  2.7441  	Dead: 0
3.03757   0.030174    0.153177  2.7441  	Dead: 0
3.04481   0.0317325   0.161089  2.7441  	Dead: 0
3.04167   0.0351027   0.178197  2.7441  	Dead: 0
3.05559   0.0411948   0.209124  2.7441  	Dead: 0
3.0399    0.0318598   0.161735  2.7441  	Dead: 0
3.03461   0.0315565   0.160195  2.7441  	Dead: 0
3.02747   0.0283205   0.143768  2.7441  	Dead: 0
3.0242    0.0315078   0.159948  2.7441  	Dead: 0
3.07438   0.0525237   0.266635  2.7441  	Dead: 0
3.02943   0.0333209   0.169152  2.7441  	Dead: 0
3.02758   0.0431056   0.218824  2.7441  	Dead: 0
3.01019   0.0374539   0.190133  2.7441  	Dead: 0
2.97959   0.0312807   0.158795  2.7441  	Dead: 0
2.96804   0.0292879   0.148679  2.72302 	Dead: 0
2.99595   0.0349656   0.177502  2.71153 	Dead: 0
2.97253   0.0360132   0.18282   2.66573 	Dead: 0
2.94873   0.0302181   0.153401  2.66573 	Dead: 0
2.98293   0.0438028   0.222363  2.66573 	Dead: 0
2.95901   0.044905    0.227959  2.64407 	Dead: 0
2.93505   0.0376908   0.191336  2.64407 	Dead: 0
2.9161    0.0330724   0.167891  2.64407 	Dead: 0
2.92192   0.0314191   0.159498  2.64407 	Dead: 0
2.89821   0.0333181   0.169138  2.61954 	Dead: 0
2.90236   0.033022    0.167635  2.61954 	Dead: 0
2.93068   0.0406183   0.206197  2.61954 	Dead: 0
2.90353   0.0362577   0.184061  2.61954 	Dead: 0
2.92087   0.0443486   0.225134  2.61954 	Dead: 0
2.86814   0.0309269   0.156999  2.61954 	Dead: 0
2.89685   0.0469997   0.238592  2.61954 	Dead: 0
2.8979    0.0474467   0.240861  2.61071 	Dead: 0
2.91446   0.0456187   0.231582  2.61071 	Dead: 0
2.85685   0.0340227   0.172715  2.61071 	Dead: 0
2.8605    0.0291988   0.148227  2.61071 	Dead: 0
2.87388   0.0314062   0.159433  2.61071 	Dead: 0
2.84971   0.0346956   0.176131  2.61071 	Dead: 0
2.89341   0.055953    0.284043  2.61071 	Dead: 0
2.88748   0.0418074   0.212234  2.61071 	Dead: 0
2.86183   0.0328921   0.166976  2.61071 	Dead: 0
2.85594   0.0366033   0.185815  2.61071 	Dead: 0
2.85986   0.0346955   0.17613   2.61071 	Dead: 0
2.86146   0.0446691   0.226761  2.60279 	Dead: 0
2.84381   0.0338044   0.171607  2.60279 	Dead: 0
2.85806   0.0372277   0.188985  2.60279 	Dead: 0
2.85362   0.0352902   0.179149  2.60279 	Dead: 0
2.87608   0.0406606   0.206412  2.60279 	Dead: 0
2.86833   0.033639    0.170767  2.60279 	Dead: 0
2.87566   0.0476044   0.241662  2.60279 	Dead: 0
2.83518   0.0298782   0.151676  2.60279 	Dead: 0
2.8668    0.0430857   0.218723  2.60279 	Dead: 0
2.83284   0.0315203   0.160012  2.60279 	Dead: 0
2.86096   0.0423451   0.214963  2.57853 	Dead: 0
2.85662   0.04093     0.20778   2.57853 	Dead: 0
2.83751   0.0338645   0.171912  2.57853 	Dead: 0
2.83626   0.0325161   0.165067  2.57853 	Dead: 0
2.86153   0.03648     0.18519   2.57051 	Dead: 0
2.85662   0.0349416   0.17738   2.57051 	Dead: 0
2.85063   0.036741    0.186514  2.57051 	Dead: 0
2.85206   0.0364057   0.184812  2.57051 	Dead: 0
2.85668   0.036758    0.186601  2.57051 	Dead: 0
2.85346   0.0342692   0.173966  2.57051 	Dead: 0
2.83167   0.0382499   0.194175  2.57051 	Dead: 0
2.84253   0.0346281   0.175789  2.57051 	Dead: 0
