11.0761   0.124698    0.633027  9.82476 	Dead: 0
10.0715   0.0710565   0.360716  9.31769 	Dead: 0
9.75958   0.0721061   0.366044  9.0813  	Dead: 0
9.61277   0.0686136   0.348315  9.0813  	Dead: 0
9.57965   0.0660846   0.335476  8.99043 	Dead: 0
9.56134   0.0776766   0.394323  8.8342  	Dead: 0
9.47498   0.0901133   0.457457  8.72859 	Dead: 0
9.32672   0.0888735   0.451163  8.72859 	Dead: 0
9.33493   0.0978695   0.496831  8.68172 	Dead: 0
9.21167   0.0880431   0.446948  8.68172 	Dead: 0
9.30236   0.104605    0.531026  8.68172 	Dead: 0
9.24244   0.0972137   0.493502  8.65455 	Dead: 0
9.26545   0.0990113   0.502627  8.65455 	Dead: 0
9.25097   0.0975467   0.495192  8.65455 	Dead: 0
9.22897   0.110172    0.559284  8.65455 	Dead: 0
9.27501   0.108747    0.55205   8.61967 	Dead: 0
9.17194   0.108224    0.549396  8.61967 	Dead: 0
9.34433   0.121509    0.616835  8.61967 	Dead: 0
9.20463   0.109157    0.55413   8.58081 	Dead: 0
9.24266   0.115756    0.587631  8.58081 	Dead: 0
9.28314   0.112306    0.570117  8.58081 	Dead: 0
9.23347   0.108608    0.551343  8.58081 	Dead: 0
9.16084   0.105738    0.536777  8.58081 	Dead: 0
9.13273   0.100208    0.508704  8.53462 	Dead: 0
9.22479   0.109645    0.556608  8.53462 	Dead: 0
9.19041   0.105295    0.534526  8.53462 	Dead: 0
9.17955   0.108255    0.549552  8.41308 	Dead: 0
9.22998   0.107715    0.546812  8.41308 	Dead: 0
9.23451   0.128671    0.653197  8.41308 	Dead: 0
9.26162   0.121154    0.615036  8.41308 	Dead: 0
9.24662   0.124243    0.630713  8.41308 	Dead: 0
9.19129   0.119165    0.604938  8.41308 	Dead: 0
9.23694   0.125903    0.639141  8.41308 	Dead: 0
9.18426   0.114919    0.583383  8.41308 	Dead: 0
9.21355   0.124843    0.633764  8.41308 	Dead: 0
9.1184    0.109074    0.553708  8.41308 	Dead: 0
9.16505   0.10636     0.539935  8.41308 	Dead: 0
9.28938   0.140261    0.71203   8.41308 	Dead: 0
9.25214   0.127369    0.646587  8.41308 	Dead: 0
9.13456   0.111802    0.567558  8.41308 	Dead: 0
9.13321   0.109211    0.554406  8.41308 	Dead: 0
9.13442   0.112159    0.569371  8.41308 	Dead: 0
9.19652   0.120735    0.612908  8.41308 	Dead: 0
9.17939   0.127624    0.647879  8.41308 	Dead: 0
9.15848   0.120486    0.611644  8.41308 	Dead: 0
9.16635   0.124847    0.633782  8.41308 	Dead: 0
9.08741   0.110621    0.561562  8.41308 	Dead: 0
9.19113   0.122489    0.621811  8.27395 	Dead: 0
9.13157   0.122136    0.620021  8.27395 	Dead: 0
9.24271   0.134975    0.685198  8.27395 	Dead: 0
9.18596   0.121542    0.617002  8.27395 	Dead: 0
9.19693   0.129527    0.657538  8.27395 	Dead: 0
9.18897   0.129733    0.658584  8.27395 	Dead: 0
9.1889    0.12701     0.644764  8.27395 	Dead: 0
9.18799   0.129223    0.655994  8.27395 	Dead: 0
9.11054   0.110727    0.5621    8.27395 	Dead: 0
9.14808   0.126237    0.64084   8.27395 	Dead: 0
9.20005   0.140471    0.713096  8.27395 	Dead: 0
9.15698   0.125954    0.639402  8.27395 	Dead: 0
9.10898   0.121136    0.614945  8.27395 	Dead: 0
9.17342   0.128869    0.654199  8.27395 	Dead: 0
9.21544   0.136487    0.69287   8.27395 	Dead: 0
9.03823   0.119694    0.607622  8.27395 	Dead: 0
9.05332   0.125808    0.63866   8.27395 	Dead: 0
9.12043   0.127879    0.649174  8.27395 	Dead: 0
9.15654   0.132463    0.672443  8.27395 	Dead: 0
9.20042   0.135917    0.68998   8.25497 	Dead: 0
9.02485   0.121855    0.618595  8.25497 	Dead: 0
9.15846   0.13817     0.701415  8.25497 	Dead: 0
9.11347   0.140458    0.71303   8.25497 	Dead: 0
9.13415   0.132742    0.67386   8.25497 	Dead: 0
9.04715   0.124271    0.63086   8.25497 	Dead: 0
9.10318   0.149951    0.761221  8.25497 	Dead: 0
9.12186   0.141032    0.715945  8.25497 	Dead: 0
9.07138   0.130533    0.662646  8.25497 	Dead: 0
9.14953   0.14222     0.721974  8.19824 	Dead: 0
8.96251   0.142434    0.723064  8.19796 	Dead: 0
8.97578   0.139403    0.707674  8.15354 	Dead: 0
8.95365   0.158347    0.803846  7.97765 	Dead: 0
8.87512   0.158933    0.806819  7.97765 	Dead: 0
8.90613   0.171997    0.873135  7.97765 	Dead: 0
8.85535   0.160122    0.812852  7.97765 	Dead: 0
8.79055   0.148704    0.754889  7.97765 	Dead: 0
8.81881   0.150374    0.763371  7.97765 	Dead: 0
8.82412   0.160783    0.816209  7.97765 	Dead: 0
8.80604   0.158005    0.802107  7.95265 	Dead: 0
8.91577   0.170283    0.864438  7.95265 	Dead: 0
8.89364   0.168529    0.85553   7.95265 	Dead: 0
8.81362   0.158371    0.803966  7.95265 	Dead: 0
8.82076   0.162906    0.826984  7.95265 	Dead: 0
8.69328   0.145197    0.737085  7.95265 	Dead: 0
8.93292   0.173843    0.882509  7.95265 	Dead: 0
8.90211   0.176616    0.896583  7.94668 	Dead: 0
8.92074   0.173825    0.882417  7.94668 	Dead: 0
8.79269   0.15514     0.787561  7.94668 	Dead: 0
8.88066   0.184675    0.937496  7.94668 	Dead: 0
8.76703   0.159756    0.810998  7.94668 	Dead: 0
8.74626   0.155564    0.789713  7.94668 	Dead: 0
8.74749   0.167659    0.851114  7.94668 	Dead: 0
8.68681   0.1451      0.736597  7.94668 	Dead: 0
8.78874   0.165205    0.838659  7.94668 	Dead: 0
