8.10367   0.128512    0.652389  6.65819 	Dead: 0
4.24075   0.045934    0.233182  3.7994  	Dead: 0
3.79225   0.0530508   0.26931   3.347   	Dead: 0
3.6156    0.0432695   0.219656  3.28095 	Dead: 0
3.45605   0.0421481   0.213963  2.99864 	Dead: 0
3.28896   0.0433633   0.220132  2.94797 	Dead: 0
3.20296   0.0306205   0.155444  2.94797 	Dead: 0
3.18896   0.0365153   0.185369  2.8317  	Dead: 0
3.21001   0.0481707   0.244537  2.8317  	Dead: 0
3.14379   0.0383271   0.194566  2.82711 	Dead: 0
3.15517   0.04838     0.245599  2.82711 	Dead: 0
3.17572   0.0444672   0.225736  2.81404 	Dead: 0
3.11663   0.0395432   0.200739  2.66804 	Dead: 0
3.16261   0.0523792   0.265901  2.66804 	Dead: 0
3.10383   0.040621    0.206211  2.66804 	Dead: 0
3.10473   0.0447836   0.227343  2.66804 	Dead: 0
3.12373   0.0461657   0.234359  2.66804 	Dead: 0
3.0807    0.0444349   0.225572  2.66804 	Dead: 0
3.0824    0.0435544   0.221102  2.66804 	Dead: 0
3.08512   0.0419326   0.212869  2.66804 	Dead: 0
3.08527   0.049191    0.249716  2.66804 	Dead: 0
3.08564   0.0466385   0.236759  2.66804 	Dead: 0
3.1037    0.0473458   0.24035   2.66804 	Dead: 0
3.07252   0.0480951   0.244153  2.66804 	Dead: 0
3.07141   0.0479655   0.243495  2.66804 	Dead: 0
3.05446   0.0458836   0.232926  2.66804 	Dead: 0
3.05892   0.0480122   0.243732  2.66804 	Dead: 0
3.05948   0.0490907   0.249207  2.66804 	Dead: 0
3.07439   0.0535782   0.271988  2.66804 	Dead: 0
3.07633   0.0530698   0.269407  2.66804 	Dead: 0
3.06037   0.050316    0.255427  2.66804 	Dead: 0
3.05309   0.052378    0.265895  2.66804 	Dead: 0
3.04392   0.0508914   0.258348  2.66804 	Dead: 0
3.03972   0.0398503   0.202299  2.66804 	Dead: 0
3.05349   0.0455168   0.231065  2.66804 	Dead: 0
3.07095   0.0484425   0.245917  2.66804 	Dead: 0
3.04639   0.0461448   0.234252  2.66804 	Dead: 0
3.04775   0.0483915   0.245658  2.66804 	Dead: 0
3.05357   0.0388132   0.197034  2.66804 	Dead: 0
3.07705   0.0570291   0.289506  2.66804 	Dead: 0
3.02181   0.040175    0.203947  2.66804 	Dead: 0
3.05504   0.046916    0.238167  2.66804 	Dead: 0
3.05743   0.0472098   0.239659  2.66804 	Dead: 0
3.02421   0.0410578   0.208428  2.66804 	Dead: 0
3.06784   0.0565753   0.287203  2.66651 	Dead: 0
3.08796   0.0549512   0.278958  2.66651 	Dead: 0
3.01993   0.0404474   0.20533   2.66651 	Dead: 0
3.04869   0.0539456   0.273853  2.66651 	Dead: 0
3.04773   0.0486827   0.247136  2.66651 	Dead: 0
3.03034   0.0454667   0.23081   2.66651 	Dead: 0
3.01825   0.0523733   0.265871  2.66651 	Dead: 0
2.97306   0.0364905   0.185243  2.66651 	Dead: 0
3.01112   0.0410409   0.208343  2.66651 	Dead: 0
2.98785   0.0427461   0.216999  2.66651 	Dead: 0
3.00338   0.0496701   0.252149  2.66651 	Dead: 0
2.97973   0.0413982   0.210157  2.66651 	Dead: 0
2.96198   0.0389951   0.197957  2.66651 	Dead: 0
2.97659   0.0420256   0.213341  2.6399  	Dead: 0
2.97376   0.0409128   0.207692  2.6399  	Dead: 0
2.95717   0.0409949   0.208109  2.6399  	Dead: 0
2.96926   0.045857    0.232791  2.6399  	Dead: 0
2.95441   0.0433135   0.219879  2.6399  	Dead: 0
2.96222   0.0496255   0.251922  2.6399  	Dead: 0
2.9416    0.0439712   0.223218  2.6399  	Dead: 0
2.96796   0.0472632   0.23993   2.6399  	Dead: 0
2.9588    0.0503111   0.255403  2.63252 	Dead: 0
2.96133   0.0474897   0.24108   2.63252 	Dead: 0
2.96044   0.0506073   0.256906  2.63252 	Dead: 0
2.91405   0.039367    0.199845  2.63252 	Dead: 0
2.95429   0.0475677   0.241476  2.63252 	Dead: 0
2.94499   0.0444718   0.22576   2.63252 	Dead: 0
2.9579    0.0464762   0.235935  2.63252 	Dead: 0
2.9173    0.0390157   0.198062  2.63252 	Dead: 0
2.96387   0.0482752   0.245068  2.63252 	Dead: 0
2.95109   0.047051    0.238853  2.63252 	Dead: 0
2.93527   0.0483526   0.24546   2.63252 	Dead: 0
2.90403   0.0391453   0.19872   2.63252 	Dead: 0
2.91014   0.0470307   0.23875   2.61072 	Dead: 0
2.86397   0.0355809   0.180625  2.55461 	Dead: 0
2.91669   0.0439857   0.223292  2.55461 	Dead: 0
2.88692   0.0459724   0.233378  2.55461 	Dead: 0
2.85222   0.0348251   0.176789  2.55461 	Dead: 0
2.88889   0.0437209   0.221948  2.55461 	Dead: 0
2.9226    0.0536673   0.27244   2.55461 	Dead: 0
2.89527   0.0484178   0.245792  2.55461 	Dead: 0
2.85303   0.0389686   0.197823  2.55461 	Dead: 0
2.86544   0.0392258   0.199128  2.55461 	Dead: 0
2.8505    0.0424118   0.215302  2.51994 	Dead: 0
2.88615   0.0442267   0.224515  2.51994 	Dead: 0
2.86316   0.039653    0.201297  2.51994 	Dead: 0
2.84929   0.0458988   0.233004  2.51994 	Dead: 0
2.87479   0.0457712   0.232356  2.51994 	Dead: 0
2.84807   0.0363231   0.184393  2.51994 	Dead: 0
2.87677   0.0460807   0.233927  2.51994 	Dead: 0
2.84652   0.0400535   0.20333   2.51994 	Dead: 0
2.86484   0.04239     0.215191  2.51994 	Dead: 0
2.83719   0.0436767   0.221723  2.51994 	Dead: 0
2.83705   0.0417716   0.212052  2.51994 	Dead: 0
2.83383   0.04088     0.207526  2.51994 	Dead: 0
2.83354   0.0402102   0.204126  2.51994 	Dead: 0
2.85893   0.0481151   0.244254  2.51994 	Dead: 0
