5.95319   0.0998688   0.506981  4.97371 	Dead: 0
4.88323   0.0392108   0.199052  4.36983 	Dead: 0
4.78986   0.0437705   0.222199  4.36983 	Dead: 0
4.74797   0.0455908   0.23144   4.36983 	Dead: 0
4.72749   0.0538806   0.273523  4.27905 	Dead: 0
4.69689   0.0510324   0.259064  4.27352 	Dead: 0
4.6749    0.0526545   0.267299  4.25396 	Dead: 0
4.64141   0.0510702   0.259256  4.19475 	Dead: 0
4.62242   0.0506601   0.257174  4.11775 	Dead: 0
4.61632   0.0533164   0.270659  4.11775 	Dead: 0
4.59399   0.0486489   0.246964  4.11775 	Dead: 0
4.60211   0.0568628   0.288662  4.11775 	Dead: 0
4.57346   0.0542801   0.275551  4.11775 	Dead: 0
4.57848   0.0559592   0.284075  4.11775 	Dead: 0
4.56463   0.0559259   0.283906  4.11775 	Dead: 0
4.54475   0.0548754   0.278573  4.11775 	Dead: 0
4.57697   0.0577663   0.293249  4.06571 	Dead: 0
4.54188   0.0579529   0.294196  4.06571 	Dead: 0
4.5741    0.063118    0.320416  4.06571 	Dead: 0
4.53692   0.0554345   0.281411  4.06571 	Dead: 0
4.54403   0.0567944   0.288315  4.00589 	Dead: 0
4.5285    0.0588514   0.298757  4.00589 	Dead: 0
4.52064   0.0585922   0.297441  4.00589 	Dead: 0
4.50519   0.0568505   0.288599  4.00589 	Dead: 0
4.52445   0.0536795   0.272502  4.00589 	Dead: 0
4.53822   0.0567575   0.288128  4.00589 	Dead: 0
4.48498   0.0544042   0.276181  4.00589 	Dead: 0
4.51536   0.0631354   0.320505  4.00589 	Dead: 0
4.51108   0.062043    0.314959  4.00589 	Dead: 0
4.51212   0.0583607   0.296266  4.00589 	Dead: 0
4.50498   0.0565499   0.287074  4.00589 	Dead: 0
4.51035   0.0618348   0.313902  4.00589 	Dead: 0
4.51592   0.0598267   0.303708  4.00589 	Dead: 0
4.51137   0.0611161   0.310254  4.00589 	Dead: 0
4.52752   0.0640379   0.325086  4.00589 	Dead: 0
4.47554   0.0549722   0.279064  4.00589 	Dead: 0
4.48871   0.0596906   0.303017  4.00589 	Dead: 0
4.49821   0.0618969   0.314217  4.00589 	Dead: 0
4.46395   0.0538413   0.273323  4.00589 	Dead: 0
4.4774    0.0613192   0.311285  4.00589 	Dead: 0
4.49538   0.0649447   0.329689  4.00589 	Dead: 0
4.39987   0.0545248   0.276793  4.00589 	Dead: 0
4.45452   0.0621763   0.315636  3.9996  	Dead: 0
4.47199   0.0621309   0.315405  3.96905 	Dead: 0
4.41878   0.0570119   0.289419  3.96905 	Dead: 0
4.43459   0.0621429   0.315466  3.96905 	Dead: 0
4.47954   0.0647337   0.328619  3.96905 	Dead: 0
4.43994   0.0612633   0.311001  3.9523  	Dead: 0
4.41515   0.063576    0.322741  3.94309 	Dead: 0
4.45514   0.0659749   0.334919  3.94309 	Dead: 0
4.40881   0.0552328   0.280387  3.94184 	Dead: 0
4.44844   0.0662816   0.336477  3.83033 	Dead: 0
4.41437   0.0602621   0.305919  3.83033 	Dead: 0
4.40298   0.0640577   0.325187  3.83033 	Dead: 0
4.4011    0.0647269   0.328584  3.83033 	Dead: 0
4.37242   0.0626983   0.318286  3.83033 	Dead: 0
4.4157    0.0712464   0.36168   3.83033 	Dead: 0
4.42729   0.0644393   0.327124  3.83033 	Dead: 0
4.39892   0.0646381   0.328133  3.78875 	Dead: 0
4.36341   0.0618565   0.314012  3.78875 	Dead: 0
4.39372   0.0645286   0.327578  3.78875 	Dead: 0
4.38442   0.0639109   0.324442  3.78875 	Dead: 0
4.39002   0.0705217   0.358001  3.78875 	Dead: 0
4.3501    0.0683785   0.347121  3.78875 	Dead: 0
4.35159   0.0688343   0.349435  3.76748 	Dead: 0
4.36431   0.073918    0.375242  3.76748 	Dead: 0
4.3864    0.0729      0.370074  3.76748 	Dead: 0
4.3152    0.0664016   0.337085  3.76748 	Dead: 0
4.31675   0.0663605   0.336877  3.76748 	Dead: 0
4.30545   0.070375    0.357257  3.76748 	Dead: 0
4.3424    0.0726056   0.36858   3.76748 	Dead: 0
4.33494   0.0682992   0.346718  3.76748 	Dead: 0
4.34384   0.070949    0.36017   3.76748 	Dead: 0
4.32949   0.0678206   0.344289  3.76748 	Dead: 0
4.30499   0.0638239   0.324     3.76748 	Dead: 0
4.32974   0.0698048   0.354362  3.76748 	Dead: 0
4.35653   0.0683326   0.346888  3.76748 	Dead: 0
4.32144   0.0698201   0.354439  3.76748 	Dead: 0
4.35446   0.0719968   0.365489  3.76748 	Dead: 0
4.34364   0.0741458   0.376399  3.70956 	Dead: 0
4.30758   0.0666092   0.338139  3.70956 	Dead: 0
4.29383   0.0698533   0.354608  3.70956 	Dead: 0
4.30857   0.0679548   0.34497   3.70956 	Dead: 0
4.29761   0.0667112   0.338657  3.70956 	Dead: 0
4.35018   0.072357    0.367318  3.70956 	Dead: 0
4.29297   0.0708408   0.359621  3.70956 	Dead: 0
4.29157   0.0664919   0.337544  3.70956 	Dead: 0
4.35011   0.0749184   0.380321  3.70956 	Dead: 0
4.3491    0.0783591   0.397787  3.70956 	Dead: 0
4.35894   0.0831656   0.422188  3.70956 	Dead: 0
4.27723   0.0702318   0.356529  3.70956 	Dead: 0
4.33231   0.0758597   0.385099  3.70956 	Dead: 0
4.31373   0.0659782   0.334936  3.70956 	Dead: 0
4.31874   0.0658506   0.334289  3.70956 	Dead: 0
4.3231    0.0735894   0.373574  3.70956 	Dead: 0
4.33011   0.0685968   0.348229  3.70956 	Dead: 0
4.32851   0.0756547   0.384058  3.70956 	Dead: 0
4.34612   0.0776362   0.394118  3.70956 	Dead: 0
4.30485   0.0703696   0.357229  3.70956 	Dead: 0
4.31303   0.0701633   0.356182  3.70956 	Dead: 0
4.34077   0.0751572   0.381533  3.70956 	Dead: 0
