8.34464   0.125906    0.639155  6.91119 	Dead: 0
5.82083   0.0504894   0.256308  5.29923 	Dead: 0
4.53245   0.0447884   0.227367  4.11395 	Dead: 0
3.64398   0.0352689   0.179042  3.38071 	Dead: 0
3.33419   0.0399346   0.202727  2.98235 	Dead: 0
3.1332    0.030068    0.152639  2.87271 	Dead: 0
3.09487   0.0476445   0.241866  2.81574 	Dead: 0
3.08035   0.0498029   0.252823  2.81574 	Dead: 0
3.05817   0.0406609   0.206414  2.80513 	Dead: 0
3.06909   0.0452381   0.22965   2.80513 	Dead: 0
3.04784   0.0500457   0.254055  2.78989 	Dead: 0
3.04427   0.0462028   0.234547  2.77143 	Dead: 0
3.00506   0.0366757   0.186183  2.77143 	Dead: 0
3.03254   0.0534922   0.271551  2.76142 	Dead: 0
3.04247   0.057852    0.293684  2.71535 	Dead: 0
2.98663   0.0447278   0.227059  2.71535 	Dead: 0
2.98222   0.0497159   0.252381  2.66992 	Dead: 0
2.90218   0.0339735   0.172465  2.66992 	Dead: 0
2.90908   0.0430103   0.218341  2.66722 	Dead: 0
2.92302   0.043831    0.222507  2.66722 	Dead: 0
2.9363    0.055441    0.281445  2.66722 	Dead: 0
2.90433   0.0415106   0.210727  2.64091 	Dead: 0
2.86926   0.0332907   0.168999  2.64091 	Dead: 0
2.87893   0.0407551   0.206892  2.64091 	Dead: 0
2.87788   0.0511463   0.259643  2.63248 	Dead: 0
2.83774   0.0359858   0.182681  2.61986 	Dead: 0
2.84062   0.0339092   0.172139  2.60831 	Dead: 0
2.83518   0.0417219   0.2118    2.60831 	Dead: 0
2.84447   0.0478605   0.242962  2.50937 	Dead: 0
2.81913   0.04623     0.234685  2.50937 	Dead: 0
2.84294   0.0485205   0.246313  2.50937 	Dead: 0
2.8245    0.0531623   0.269877  2.4875  	Dead: 0
2.80324   0.0446524   0.226676  2.4875  	Dead: 0
2.81059   0.0535332   0.271759  2.4875  	Dead: 0
2.79511   0.0481657   0.244512  2.4875  	Dead: 0
2.76707   0.0415184   0.210767  2.46925 	Dead: 0
2.82121   0.0535261   0.271724  2.46925 	Dead: 0
2.80223   0.0571663   0.290203  2.4686  	Dead: 0
2.76311   0.0542953   0.275628  2.4686  	Dead: 0
2.72381   0.0361192   0.183358  2.4686  	Dead: 0
2.74704   0.044846    0.227659  2.43634 	Dead: 0
2.74986   0.0548837   0.278615  2.43634 	Dead: 0
2.73976   0.0578476   0.293662  2.43634 	Dead: 0
2.6978    0.0411216   0.208753  2.43634 	Dead: 0
2.75201   0.0555303   0.281898  2.39029 	Dead: 0
2.73531   0.0610943   0.310143  2.39029 	Dead: 0
2.69103   0.0425487   0.215997  2.39029 	Dead: 0
2.74326   0.0557732   0.283131  2.39029 	Dead: 0
2.70845   0.0584884   0.296914  2.39029 	Dead: 0
2.68281   0.0523521   0.265764  2.36711 	Dead: 0
2.64288   0.0434351   0.220497  2.36711 	Dead: 0
2.73063   0.076291    0.387289  2.36711 	Dead: 0
2.63445   0.0436241   0.221456  2.35725 	Dead: 0
2.67958   0.0652055   0.331013  2.35725 	Dead: 0
2.67416   0.0698412   0.354546  2.35725 	Dead: 0
2.59588   0.036027    0.18289   2.33561 	Dead: 0
2.62666   0.0527122   0.267592  2.33561 	Dead: 0
2.58541   0.0335533   0.170332  2.33561 	Dead: 0
2.61249   0.0473588   0.240415  2.33561 	Dead: 0
2.64857   0.0689801   0.350175  2.33561 	Dead: 0
2.6427    0.0533956   0.271061  2.33561 	Dead: 0
2.64034   0.0624671   0.317112  2.33561 	Dead: 0
2.59686   0.0465673   0.236397  2.28248 	Dead: 0
2.59827   0.0456455   0.231718  2.28248 	Dead: 0
2.62132   0.0515823   0.261856  2.28248 	Dead: 0
2.62519   0.0539429   0.27384   2.28248 	Dead: 0
2.62191   0.0519776   0.263863  2.28248 	Dead: 0
2.61425   0.0562685   0.285645  2.28248 	Dead: 0
2.60418   0.0549498   0.278951  2.28248 	Dead: 0
2.6034    0.0455934   0.231453  2.28248 	Dead: 0
2.58971   0.049879    0.253209  2.28248 	Dead: 0
2.59074   0.0542454   0.275375  2.28248 	Dead: 0
2.58833   0.0451199   0.22905   2.28248 	Dead: 0
2.61262   0.0640989   0.325396  2.28248 	Dead: 0
2.57057   0.0428093   0.21732   2.28248 	Dead: 0
2.58246   0.0522247   0.265117  2.27778 	Dead: 0
2.56157   0.0483862   0.245631  2.27778 	Dead: 0
2.56757   0.0510254   0.259029  2.24994 	Dead: 0
2.56106   0.0579627   0.294246  2.24994 	Dead: 0
2.52135   0.0461549   0.234304  2.24994 	Dead: 0
2.51776   0.0420983   0.21371   2.24994 	Dead: 0
2.55256   0.0543498   0.275905  2.20241 	Dead: 0
2.50761   0.0479036   0.243181  2.20241 	Dead: 0
2.50997   0.0491683   0.249601  2.20241 	Dead: 0
2.54039   0.050497    0.256347  2.20241 	Dead: 0
2.49987   0.0544248   0.276285  2.20241 	Dead: 0
2.52611   0.0552616   0.280534  2.20241 	Dead: 0
2.48262   0.0407715   0.206975  2.20241 	Dead: 0
2.54857   0.0587457   0.298221  2.20241 	Dead: 0
2.52178   0.0504537   0.256126  2.20241 	Dead: 0
2.52358   0.0546758   0.27756   2.20241 	Dead: 0
2.47039   0.043764    0.222166  2.20241 	Dead: 0
2.53047   0.0567994   0.28834   2.20241 	Dead: 0
2.5068    0.0498677   0.253152  2.20013 	Dead: 0
2.5229    0.0510838   0.259325  2.20013 	Dead: 0
2.4723    0.0423661   0.21507   2.20013 	Dead: 0
2.51428   0.0484956   0.246186  2.20013 	Dead: 0
2.49633   0.0483844   0.245622  2.20013 	Dead: 0
2.52808   0.0670317   0.340284  2.20013 	Dead: 0
2.49738   0.0536713   0.272461  2.20013 	Dead: 0
2.49162   0.0487932   0.247697  2.20013 	Dead: 0
