7.1106    0.0591323   0.300183  6.31236 	Dead: 0
6.10567   0.039576    0.200906  5.74411 	Dead: 0
5.96239   0.0352975   0.179186  5.67853 	Dead: 0
5.86944   0.0352955   0.179176  5.51643 	Dead: 0
5.77605   0.0376028   0.190889  5.45423 	Dead: 0
5.71412   0.0393434   0.199726  5.34774 	Dead: 0
5.59867   0.0403481   0.204826  5.24001 	Dead: 0
5.56193   0.0351662   0.17852   5.24001 	Dead: 0
5.5075    0.0377863   0.191821  5.18006 	Dead: 0
5.47415   0.0392257   0.199128  5.11067 	Dead: 0
5.45953   0.0424025   0.215255  5.11067 	Dead: 0
5.44888   0.044474    0.225771  5.08329 	Dead: 0
5.4256    0.0415172   0.210761  5.08329 	Dead: 0
5.43124   0.0452131   0.229523  5.07202 	Dead: 0
5.4093    0.0388622   0.197283  5.07202 	Dead: 0
5.41001   0.0418357   0.212377  5.07202 	Dead: 0
5.43729   0.0502119   0.254899  5.07202 	Dead: 0
5.43708   0.0475909   0.241594  5.07202 	Dead: 0
5.42751   0.0418121   0.212258  5.07202 	Dead: 0
5.42429   0.0496896   0.252247  5.04511 	Dead: 0
5.38883   0.0410771   0.208527  5.04511 	Dead: 0
5.3742    0.0402587   0.204372  5.00462 	Dead: 0
5.33231   0.0401269   0.203703  5.00462 	Dead: 0
5.37662   0.0487082   0.247265  5.00462 	Dead: 0
5.33632   0.0408839   0.207546  5.00462 	Dead: 0
5.33449   0.046283    0.234954  5.00462 	Dead: 0
5.33045   0.0429176   0.21787   5.00462 	Dead: 0
5.345     0.0465104   0.236108  5.00462 	Dead: 0
5.30853   0.0427678   0.217109  4.94974 	Dead: 0
5.30833   0.0449828   0.228354  4.94974 	Dead: 0
5.28011   0.0398379   0.202236  4.9235  	Dead: 0
5.30649   0.0477942   0.242625  4.9235  	Dead: 0
5.28812   0.0456972   0.23198   4.9235  	Dead: 0
5.29877   0.0485497   0.246461  4.9235  	Dead: 0
5.28037   0.0432001   0.219304  4.9235  	Dead: 0
5.26239   0.0448171   0.227512  4.9235  	Dead: 0
5.23976   0.0447355   0.227098  4.85494 	Dead: 0
5.25443   0.0438503   0.222605  4.85494 	Dead: 0
5.21562   0.0413005   0.209661  4.85494 	Dead: 0
5.22452   0.04164     0.211384  4.85494 	Dead: 0
5.19636   0.0393133   0.199573  4.85494 	Dead: 0
5.22366   0.0455727   0.231348  4.85494 	Dead: 0
5.23518   0.0465754   0.236438  4.85494 	Dead: 0
5.20123   0.036906    0.187352  4.85494 	Dead: 0
5.21668   0.0434211   0.220426  4.85494 	Dead: 0
5.19279   0.0374368   0.190047  4.85389 	Dead: 0
5.20419   0.0451934   0.229423  4.82377 	Dead: 0
5.21357   0.0430883   0.218736  4.82377 	Dead: 0
5.20617   0.0454247   0.230597  4.82377 	Dead: 0
5.19981   0.0461795   0.234429  4.82377 	Dead: 0
5.17105   0.0391537   0.198762  4.82377 	Dead: 0
5.17192   0.0395693   0.200872  4.82377 	Dead: 0
5.18433   0.041974    0.213079  4.82377 	Dead: 0
5.16387   0.0433366   0.219997  4.77651 	Dead: 0
5.15871   0.0412633   0.209472  4.77651 	Dead: 0
5.14777   0.042302    0.214745  4.77651 	Dead: 0
5.15823   0.0438977   0.222845  4.77651 	Dead: 0
5.1556    0.0454607   0.23078   4.77651 	Dead: 0
5.15657   0.0451653   0.22928   4.77651 	Dead: 0
5.13254   0.0396529   0.201297  4.77651 	Dead: 0
5.12071   0.0476028   0.241654  4.77324 	Dead: 0
5.12575   0.0446456   0.226642  4.75346 	Dead: 0
5.10848   0.0482243   0.244809  4.71255 	Dead: 0
5.08569   0.0438909   0.222811  4.71255 	Dead: 0
5.03304   0.0379226   0.192513  4.71255 	Dead: 0
5.06856   0.0403988   0.205083  4.71255 	Dead: 0
5.04572   0.0431555   0.219078  4.70774 	Dead: 0
5.02585   0.0441085   0.223916  4.64477 	Dead: 0
5.03797   0.0418266   0.212332  4.64477 	Dead: 0
5.04122   0.0453641   0.230289  4.64477 	Dead: 0
5.02066   0.0403945   0.205061  4.64477 	Dead: 0
5.02125   0.0416914   0.211645  4.64477 	Dead: 0
5.02875   0.0433232   0.219929  4.64477 	Dead: 0
5.01908   0.0402005   0.204077  4.64477 	Dead: 0
5.05871   0.0456016   0.231495  4.64477 	Dead: 0
5.01651   0.0425886   0.2162    4.64477 	Dead: 0
5.0231    0.0436901   0.221791  4.64477 	Dead: 0
5.01146   0.0388715   0.19733   4.64477 	Dead: 0
4.99819   0.0420458   0.213444  4.63205 	Dead: 0
5.02485   0.0448345   0.227601  4.63205 	Dead: 0
5.03777   0.0484864   0.24614   4.63205 	Dead: 0
4.99559   0.0408137   0.20719   4.63205 	Dead: 0
4.99146   0.042617    0.216344  4.63205 	Dead: 0
5.03362   0.0492679   0.250107  4.63205 	Dead: 0
5.02003   0.0456894   0.231941  4.62315 	Dead: 0
5.02997   0.0485637   0.246532  4.62315 	Dead: 0
5.00572   0.0429177   0.21787   4.62315 	Dead: 0
4.98455   0.0424167   0.215327  4.62315 	Dead: 0
4.98813   0.0421193   0.213817  4.62315 	Dead: 0
5.01884   0.048531    0.246366  4.62315 	Dead: 0
5.01438   0.0473218   0.240227  4.62315 	Dead: 0
4.98984   0.0453537   0.230236  4.62315 	Dead: 0
4.99088   0.0453527   0.230231  4.62315 	Dead: 0
4.97441   0.0423827   0.215154  4.62315 	Dead: 0
5.01071   0.050277    0.25523   4.62315 	Dead: 0
4.97506   0.0434917   0.220784  4.62315 	Dead: 0
4.9812    0.0432071   0.219339  4.62315 	Dead: 0
4.9788    0.045851    0.232761  4.62315 	Dead: 0
4.98659   0.0453849   0.230395  4.62315 	Dead: 0
4.96845   0.0430098   0.218338  4.62315 	Dead: 0
4.97874   0.043969    0.223207  4.62315 	Dead: 0
