7.07317   0.0576437   0.292626  6.39742 	Dead: 0
6.14752   0.0398155   0.202122  5.70579 	Dead: 0
5.97368   0.0440873   0.223808  5.58014 	Dead: 0
5.83133   0.0410018   0.208144  5.4227  	Dead: 0
5.71062   0.045571    0.23134   5.25384 	Dead: 0
5.63931   0.0387505   0.196716  5.21936 	Dead: 0
5.58825   0.0423043   0.214757  5.21936 	Dead: 0
5.55367   0.0445565   0.22619   5.21936 	Dead: 0
5.55149   0.0461562   0.234311  5.19036 	Dead: 0
5.55366   0.0446083   0.226452  5.19036 	Dead: 0
5.54693   0.0479512   0.243423  5.18478 	Dead: 0
5.54996   0.0555974   0.282238  5.03738 	Dead: 0
5.47657   0.0460181   0.233609  5.03738 	Dead: 0
5.47093   0.0458817   0.232917  5.03738 	Dead: 0
5.46786   0.0440965   0.223854  5.03738 	Dead: 0
5.41002   0.043974    0.223233  4.93908 	Dead: 0
5.35308   0.0405337   0.205768  4.93908 	Dead: 0
5.30418   0.0426269   0.216394  4.93908 	Dead: 0
5.26076   0.0400534   0.20333   4.93444 	Dead: 0
5.2579    0.0457221   0.232107  4.75339 	Dead: 0
5.22515   0.0433688   0.22016   4.75339 	Dead: 0
5.22712   0.0457513   0.232255  4.75339 	Dead: 0
5.24166   0.0511242   0.25953   4.75339 	Dead: 0
5.18315   0.0438404   0.222554  4.75339 	Dead: 0
5.20049   0.0497583   0.252596  4.75339 	Dead: 0
5.168     0.0468287   0.237724  4.75339 	Dead: 0
5.18026   0.0458259   0.232634  4.75339 	Dead: 0
5.14876   0.0411146   0.208717  4.75339 	Dead: 0
5.19387   0.0500157   0.253903  4.75339 	Dead: 0
5.13062   0.0423224   0.214848  4.75339 	Dead: 0
5.12428   0.0422296   0.214377  4.75339 	Dead: 0
5.10227   0.041885    0.212628  4.75339 	Dead: 0
5.0889    0.0453271   0.230102  4.75339 	Dead: 0
5.11149   0.0493297   0.250421  4.68858 	Dead: 0
5.10024   0.0463332   0.235209  4.68858 	Dead: 0
5.05762   0.0405147   0.205671  4.68858 	Dead: 0
5.04962   0.0382733   0.194293  4.68858 	Dead: 0
5.08331   0.0499651   0.253646  4.68858 	Dead: 0
5.07647   0.0476159   0.24172   4.65734 	Dead: 0
5.02427   0.042766    0.2171    4.65734 	Dead: 0
5.06728   0.044954    0.228207  4.65734 	Dead: 0
5.0284    0.0401387   0.203763  4.65734 	Dead: 0
5.04133   0.0437939   0.222318  4.65734 	Dead: 0
5.07016   0.0482078   0.244725  4.65734 	Dead: 0
5.0428    0.0426709   0.216618  4.65734 	Dead: 0
5.04422   0.0443932   0.225361  4.65734 	Dead: 0
5.04292   0.0422895   0.214681  4.65734 	Dead: 0
5.02646   0.0442693   0.224732  4.65569 	Dead: 0
5.03972   0.0424171   0.215329  4.65569 	Dead: 0
5.03217   0.0486697   0.24707   4.65569 	Dead: 0
5.02865   0.0449776   0.228327  4.65569 	Dead: 0
5.03955   0.0503123   0.255409  4.65569 	Dead: 0
5.05158   0.0514437   0.261152  4.60621 	Dead: 0
5.01626   0.0431932   0.219269  4.60621 	Dead: 0
5.00848   0.0404585   0.205386  4.60621 	Dead: 0
5.00372   0.0437378   0.222034  4.60621 	Dead: 0
5.00549   0.0412453   0.20938   4.60621 	Dead: 0
5.03186   0.0503674   0.255688  4.60621 	Dead: 0
4.98024   0.0423674   0.215077  4.60621 	Dead: 0
4.97689   0.0440897   0.22382   4.60621 	Dead: 0
4.98415   0.0463166   0.235125  4.60621 	Dead: 0
4.97635   0.0442194   0.224479  4.60621 	Dead: 0
5.00622   0.0458099   0.232552  4.60621 	Dead: 0
4.95743   0.0397838   0.201961  4.60621 	Dead: 0
4.95877   0.0401718   0.203931  4.60621 	Dead: 0
4.96953   0.0451234   0.229067  4.60621 	Dead: 0
4.96527   0.0418057   0.212225  4.60621 	Dead: 0
4.98265   0.0462688   0.234882  4.60621 	Dead: 0
4.96745   0.0425928   0.216221  4.60621 	Dead: 0
4.95851   0.0392291   0.199145  4.60621 	Dead: 0
4.93799   0.0383334   0.194598  4.54618 	Dead: 0
4.95928   0.046433    0.235716  4.54618 	Dead: 0
4.95246   0.0439178   0.222947  4.54618 	Dead: 0
4.90761   0.0358168   0.181823  4.54618 	Dead: 0
4.9715    0.0478421   0.242869  4.54618 	Dead: 0
4.94058   0.0469729   0.238456  4.54618 	Dead: 0
4.95284   0.0432279   0.219445  4.54618 	Dead: 0
4.96949   0.0492855   0.250196  4.54618 	Dead: 0
4.9486    0.0432315   0.219463  4.54618 	Dead: 0
4.94514   0.0465201   0.236158  4.54618 	Dead: 0
4.94245   0.0439714   0.223219  4.54618 	Dead: 0
4.93227   0.0442356   0.224561  4.54618 	Dead: 0
4.94161   0.0442141   0.224451  4.54618 	Dead: 0
4.96787   0.0495408   0.251492  4.54618 	Dead: 0
4.95947   0.0471102   0.239154  4.54064 	Dead: 0
4.93214   0.0465605   0.236363  4.54064 	Dead: 0
4.90799   0.0449624   0.22825   4.54064 	Dead: 0
4.94231   0.0468618   0.237892  4.54064 	Dead: 0
4.91785   0.0455748   0.231359  4.54064 	Dead: 0
4.9393    0.0478451   0.242884  4.54064 	Dead: 0
4.9459    0.046772    0.237436  4.54064 	Dead: 0
4.93814   0.0426909   0.216719  4.54064 	Dead: 0
4.96313   0.0487812   0.247636  4.54064 	Dead: 0
4.97987   0.0488608   0.24804   4.54064 	Dead: 0
4.93449   0.0421035   0.213737  4.54064 	Dead: 0
4.92667   0.0435395   0.221027  4.54064 	Dead: 0
4.96281   0.0442321   0.224543  4.54064 	Dead: 0
4.93814   0.0437979   0.222338  4.54064 	Dead: 0
4.93249   0.0475652   0.241463  4.54064 	Dead: 0
4.96532   0.0464126   0.235612  4.54064 	Dead: 0
4.94508   0.0429955   0.218265  4.54064 	Dead: 0
