7.07426   0.0560252   0.28441   6.41977 	Dead: 0
6.36597   0.0433112   0.219868  5.83082 	Dead: 0
5.93815   0.0450278   0.228582  5.39627 	Dead: 0
5.80144   0.0522236   0.265112  5.39627 	Dead: 0
5.59459   0.0376157   0.190955  5.21923 	Dead: 0
5.54177   0.044688    0.226857  5.12521 	Dead: 0
5.5323    0.0453104   0.230017  5.12521 	Dead: 0
5.49655   0.0413698   0.210013  5.12521 	Dead: 0
5.50241   0.0454961   0.23096   5.12521 	Dead: 0
5.49715   0.0490606   0.249055  5.12521 	Dead: 0
5.48798   0.0431362   0.21898   5.12521 	Dead: 0
5.47937   0.0483134   0.245261  5.12291 	Dead: 0
5.46251   0.0449415   0.228144  5.12291 	Dead: 0
5.46377   0.0436164   0.221417  5.12291 	Dead: 0
5.47103   0.0503588   0.255645  5.12291 	Dead: 0
5.48017   0.0514142   0.261003  5.07052 	Dead: 0
5.48732   0.0455153   0.231057  5.07052 	Dead: 0
5.47469   0.0498649   0.253138  5.07052 	Dead: 0
5.46643   0.0465626   0.236374  5.07052 	Dead: 0
5.45297   0.0452573   0.229747  5.07052 	Dead: 0
5.46326   0.0480885   0.24412   5.07052 	Dead: 0
5.47005   0.0458978   0.232999  5.07052 	Dead: 0
5.44073   0.0474697   0.240979  5.07052 	Dead: 0
5.44347   0.0446461   0.226644  5.04946 	Dead: 0
5.42783   0.0455586   0.231277  5.04946 	Dead: 0
5.43037   0.0505555   0.256643  5.04946 	Dead: 0
5.43234   0.0461039   0.234045  5.04946 	Dead: 0
5.41474   0.0425966   0.21624   5.04946 	Dead: 0
5.43736   0.0510161   0.258981  5.04946 	Dead: 0
5.42564   0.0478891   0.243107  5.04946 	Dead: 0
5.41921   0.0461502   0.23428   5.04946 	Dead: 0
5.39485   0.0487921   0.247691  4.90786 	Dead: 0
5.40999   0.0504949   0.256335  4.90786 	Dead: 0
5.38288   0.047995    0.243645  4.90786 	Dead: 0
5.37509   0.0465468   0.236293  4.90786 	Dead: 0
5.36164   0.0445314   0.226062  4.90786 	Dead: 0
5.34979   0.0461098   0.234075  4.90786 	Dead: 0
5.3259    0.0425722   0.216116  4.90786 	Dead: 0
5.3561    0.0496532   0.252063  4.90786 	Dead: 0
5.37822   0.04867     0.247072  4.90786 	Dead: 0
5.32662   0.0464112   0.235605  4.90786 	Dead: 0
5.36825   0.0503591   0.255646  4.90786 	Dead: 0
5.33244   0.0493788   0.25067   4.90786 	Dead: 0
5.34147   0.0503744   0.255724  4.90786 	Dead: 0
5.30628   0.0485385   0.246404  4.90786 	Dead: 0
5.35576   0.0487996   0.247729  4.90786 	Dead: 0
5.31491   0.0438667   0.222688  4.90786 	Dead: 0
5.31539   0.045266    0.229791  4.90786 	Dead: 0
5.33088   0.0481377   0.244369  4.90786 	Dead: 0
5.33454   0.0478364   0.24284   4.90786 	Dead: 0
5.31296   0.0470356   0.238774  4.90786 	Dead: 0
5.31346   0.0492682   0.250108  4.90786 	Dead: 0
5.33947   0.0538466   0.273351  4.90786 	Dead: 0
5.33535   0.0520751   0.264357  4.90786 	Dead: 0
5.32322   0.0480803   0.244078  4.90786 	Dead: 0
5.2809    0.0411655   0.208975  4.90786 	Dead: 0
5.31057   0.0478221   0.242767  4.90786 	Dead: 0
5.32136   0.05295     0.268799  4.90786 	Dead: 0
5.31649   0.05029     0.255296  4.90786 	Dead: 0
5.29431   0.0494714   0.25114   4.90786 	Dead: 0
5.26239   0.0488095   0.24778   4.90786 	Dead: 0
5.28818   0.0502344   0.255013  4.88855 	Dead: 0
5.26209   0.0519847   0.263898  4.88855 	Dead: 0
5.25371   0.0487131   0.24729   4.88855 	Dead: 0
5.2558    0.0499361   0.253499  4.88855 	Dead: 0
5.27468   0.0471076   0.23914   4.88855 	Dead: 0
5.24494   0.0450268   0.228577  4.88855 	Dead: 0
5.24094   0.0450946   0.228921  4.88855 	Dead: 0
5.241     0.0428665   0.217611  4.88855 	Dead: 0
5.27979   0.0527794   0.267933  4.88855 	Dead: 0
5.24811   0.0470455   0.238825  4.86631 	Dead: 0
5.23121   0.0468687   0.237927  4.86631 	Dead: 0
5.23892   0.0487277   0.247364  4.86631 	Dead: 0
5.23534   0.0496937   0.252268  4.86631 	Dead: 0
5.23238   0.0455544   0.231255  4.86631 	Dead: 0
5.25431   0.0560455   0.284513  4.86413 	Dead: 0
5.25249   0.0537237   0.272727  4.82721 	Dead: 0
5.21753   0.0489259   0.248371  4.8119  	Dead: 0
5.20296   0.0486229   0.246832  4.8119  	Dead: 0
5.2478    0.0537793   0.273009  4.67861 	Dead: 0
5.21623   0.0514641   0.261256  4.67861 	Dead: 0
5.21612   0.0514226   0.261045  4.67861 	Dead: 0
5.20918   0.050782    0.257793  4.67861 	Dead: 0
5.20801   0.0501007   0.254335  4.67861 	Dead: 0
5.22799   0.0561803   0.285197  4.67861 	Dead: 0
5.21147   0.0538582   0.273409  4.67861 	Dead: 0
5.22682   0.0549154   0.278776  4.67861 	Dead: 0
5.22748   0.054891    0.278653  4.67861 	Dead: 0
5.20181   0.0469066   0.23812   4.67861 	Dead: 0
5.22179   0.0532703   0.270425  4.67861 	Dead: 0
5.20488   0.0514165   0.261014  4.67861 	Dead: 0
5.2048    0.0472588   0.239908  4.67861 	Dead: 0
5.19452   0.0484656   0.246034  4.67861 	Dead: 0
5.19618   0.051199    0.25991   4.67861 	Dead: 0
5.1969    0.0502006   0.254842  4.67861 	Dead: 0
5.19118   0.0521477   0.264726  4.67861 	Dead: 0
5.18677   0.0477954   0.242632  4.67861 	Dead: 0
5.17022   0.0462761   0.234919  4.67861 	Dead: 0
5.20307   0.0492926   0.250232  4.67861 	Dead: 0
5.18169   0.049303    0.250285  4.67861 	Dead: 0
5.19751   0.0496756   0.252176  4.67861 	Dead: 0
