5.44458   0.109824    0.557518  4.5482  	Dead: 0
4.03474   0.0230983   0.117258  3.80212 	Dead: 0
3.97621   0.0200071   0.101565  3.80212 	Dead: 0
3.90842   0.0212089   0.107666  3.70146 	Dead: 0
3.87911   0.0250519   0.127175  3.55391 	Dead: 0
3.82237   0.0256613   0.130269  3.55391 	Dead: 0
3.74269   0.03068     0.155746  3.50654 	Dead: 0
3.71038   0.027093    0.137537  3.4922  	Dead: 0
3.67939   0.029161    0.148035  3.42091 	Dead: 0
3.60689   0.0279429   0.141851  3.36042 	Dead: 0
3.57917   0.0360884   0.183202  3.23299 	Dead: 0
3.55071   0.039573    0.200891  3.14788 	Dead: 0
3.52467   0.0390852   0.198415  3.14788 	Dead: 0
3.51191   0.0391318   0.198651  3.14788 	Dead: 0
3.50027   0.0383597   0.194732  3.14788 	Dead: 0
3.50846   0.0464939   0.236025  3.14788 	Dead: 0
3.52916   0.0564257   0.286443  3.12533 	Dead: 0
3.51449   0.049413    0.250843  3.12533 	Dead: 0
3.52083   0.0624845   0.317201  3.12533 	Dead: 0
3.47018   0.0382874   0.194365  3.12533 	Dead: 0
3.4641    0.0409687   0.207976  3.11994 	Dead: 0
3.46737   0.0493976   0.250765  3.11994 	Dead: 0
3.45468   0.0435857   0.221261  3.08941 	Dead: 0
3.41716   0.036259    0.184068  3.08941 	Dead: 0
3.40853   0.0346255   0.175775  3.08941 	Dead: 0
3.40901   0.0429721   0.218147  3.08941 	Dead: 0
3.41978   0.040437    0.205277  3.08813 	Dead: 0
3.39516   0.0430215   0.218397  3.05136 	Dead: 0
3.38722   0.0366453   0.186029  3.05136 	Dead: 0
3.38828   0.0409971   0.20812   3.05136 	Dead: 0
3.39266   0.0370215   0.187938  3.05136 	Dead: 0
3.40077   0.0334228   0.169669  3.05136 	Dead: 0
3.36983   0.0496311   0.251951  3.05136 	Dead: 0
3.35843   0.0424574   0.215534  3.05136 	Dead: 0
3.36978   0.0401353   0.203745  3.05136 	Dead: 0
3.37356   0.0361883   0.183709  3.05136 	Dead: 0
3.38077   0.0417384   0.211884  3.05136 	Dead: 0
3.36615   0.0359117   0.182304  3.05136 	Dead: 0
3.37844   0.0430534   0.218559  3.05136 	Dead: 0
3.3909    0.0381814   0.193826  3.05136 	Dead: 0
3.38468   0.0392485   0.199244  3.05136 	Dead: 0
3.36964   0.0439227   0.222972  3.05136 	Dead: 0
3.40381   0.0518426   0.263177  3.05136 	Dead: 0
3.40964   0.051762    0.262768  3.05136 	Dead: 0
3.3815    0.0408234   0.207239  3.05136 	Dead: 0
3.38691   0.0419508   0.212962  3.05136 	Dead: 0
3.34939   0.0341275   0.173247  3.05136 	Dead: 0
3.36848   0.0395787   0.20092   3.03611 	Dead: 0
3.37187   0.0367751   0.186688  3.03611 	Dead: 0
3.34659   0.0344798   0.175035  3.03611 	Dead: 0
3.37079   0.0402931   0.204547  3.03611 	Dead: 0
3.38029   0.0379231   0.192515  3.03611 	Dead: 0
3.37705   0.0420151   0.213288  3.03611 	Dead: 0
3.36878   0.0350264   0.177811  3.03611 	Dead: 0
3.41246   0.0618277   0.313866  3.01583 	Dead: 0
3.34978   0.0343427   0.17434   3.01583 	Dead: 0
3.40572   0.0448438   0.227648  3.01583 	Dead: 0
3.35648   0.0357205   0.181334  3.01583 	Dead: 0
3.36442   0.0382186   0.194015  3.01583 	Dead: 0
3.37288   0.0423617   0.215048  3.01583 	Dead: 0
3.3612    0.0453113   0.230022  3.01583 	Dead: 0
3.35087   0.0355236   0.180334  3.01583 	Dead: 0
3.35913   0.0450979   0.228938  3.01583 	Dead: 0
3.37136   0.0473471   0.240356  3.01583 	Dead: 0
3.33928   0.0362429   0.183986  3.01583 	Dead: 0
3.4083    0.0492739   0.250137  3.01583 	Dead: 0
3.3631    0.038866    0.197302  3.01583 	Dead: 0
3.35393   0.0360322   0.182916  3.01583 	Dead: 0
3.35128   0.0374708   0.190219  3.01583 	Dead: 0
3.39446   0.0494788   0.251177  3.01583 	Dead: 0
3.39857   0.0576964   0.292894  3.01583 	Dead: 0
3.3846    0.0488346   0.247907  3.01583 	Dead: 0
3.38036   0.0518444   0.263187  3.01583 	Dead: 0
3.37632   0.0541314   0.274796  3.01583 	Dead: 0
3.37563   0.0544364   0.276345  3.01583 	Dead: 0
3.3836    0.0436863   0.221772  3.01583 	Dead: 0
3.35696   0.040517    0.205683  3.01583 	Dead: 0
3.41778   0.0604883   0.307067  3.01583 	Dead: 0
3.379     0.0459904   0.233469  3.01583 	Dead: 0
3.37024   0.0446565   0.226697  3.01583 	Dead: 0
3.37036   0.0420832   0.213634  3.01583 	Dead: 0
3.34524   0.0398923   0.202512  3.01583 	Dead: 0
3.39225   0.0475753   0.241514  3.01583 	Dead: 0
3.37281   0.0440584   0.223661  3.01583 	Dead: 0
3.37321   0.0400452   0.203288  3.01583 	Dead: 0
3.36121   0.0430547   0.218566  3.01583 	Dead: 0
3.37248   0.0424525   0.215509  3.01583 	Dead: 0
3.35866   0.0411636   0.208966  3.01583 	Dead: 0
3.34183   0.0399546   0.202828  3.01583 	Dead: 0
3.37757   0.0674762   0.342541  3.01583 	Dead: 0
3.3228    0.0370789   0.18823   3.01583 	Dead: 0
3.35719   0.0441228   0.223988  3.01583 	Dead: 0
3.35035   0.0390414   0.198192  3.01583 	Dead: 0
3.34239   0.0359919   0.182711  3.01583 	Dead: 0
3.33408   0.0380378   0.193098  3.01583 	Dead: 0
3.37181   0.0542142   0.275217  3.01583 	Dead: 0
3.3365    0.0438107   0.222403  3.01583 	Dead: 0
3.3594    0.0519206   0.263573  3.01583 	Dead: 0
3.36078   0.0434599   0.220623  3.01583 	Dead: 0
3.37977   0.0563208   0.285911  3.01583 	Dead: 0
3.35362   0.0444645   0.225722  3.01583 	Dead: 0
