5.43439   0.0950627   0.482583  4.61936 	Dead: 0
4.13611   0.0255739   0.129825  3.89297 	Dead: 0
3.93845   0.0303791   0.154219  3.58394 	Dead: 0
3.85544   0.0491063   0.249286  3.45298 	Dead: 0
3.64374   0.0413161   0.20974   3.38447 	Dead: 0
3.61408   0.0595206   0.302154  3.19209 	Dead: 0
3.53534   0.0393156   0.199584  3.19209 	Dead: 0
3.49997   0.0361153   0.183338  3.1242  	Dead: 0
3.37468   0.033484    0.169981  3.10728 	Dead: 0
3.35624   0.0368968   0.187306  3.10235 	Dead: 0
3.33327   0.0430632   0.218609  2.92197 	Dead: 0
3.29788   0.0394395   0.200213  2.92197 	Dead: 0
3.26455   0.0511719   0.259772  2.92197 	Dead: 0
3.22527   0.0399246   0.202676  2.92197 	Dead: 0
3.2164    0.0382668   0.19426   2.92197 	Dead: 0
3.21433   0.0538682   0.27346   2.87457 	Dead: 0
3.17852   0.0395378   0.200713  2.87457 	Dead: 0
3.14782   0.0377226   0.191498  2.83157 	Dead: 0
3.16118   0.0434531   0.220588  2.83157 	Dead: 0
3.16731   0.0500527   0.254091  2.83157 	Dead: 0
3.12742   0.0426256   0.216387  2.83157 	Dead: 0
3.13331   0.0398703   0.2024    2.83157 	Dead: 0
3.1323    0.0404531   0.205359  2.80958 	Dead: 0
3.09848   0.0384301   0.195089  2.80958 	Dead: 0
3.10805   0.0383158   0.194509  2.80958 	Dead: 0
3.13359   0.0392483   0.199243  2.80958 	Dead: 0
3.11879   0.0402551   0.204354  2.80958 	Dead: 0
3.15692   0.054723    0.277799  2.80958 	Dead: 0
3.122     0.0457019   0.232004  2.80958 	Dead: 0
3.10231   0.036235    0.183946  2.80958 	Dead: 0
3.12374   0.05755     0.292151  2.80958 	Dead: 0
3.12875   0.0504066   0.255887  2.80958 	Dead: 0
3.09223   0.0395752   0.200902  2.80958 	Dead: 0
3.08466   0.0424886   0.215692  2.72602 	Dead: 0
3.07173   0.035269    0.179042  2.72602 	Dead: 0
3.0666    0.0328766   0.166897  2.72602 	Dead: 0
3.11126   0.0491582   0.24955   2.72602 	Dead: 0
3.06692   0.0396359   0.20121   2.72132 	Dead: 0
3.0978    0.0495896   0.25174   2.72132 	Dead: 0
3.07412   0.0622903   0.316215  2.72132 	Dead: 0
3.04891   0.037968    0.192743  2.72132 	Dead: 0
3.08239   0.0418464   0.212432  2.72132 	Dead: 0
3.07208   0.0448294   0.227575  2.72132 	Dead: 0
3.06694   0.0456105   0.23154   2.72132 	Dead: 0
3.05356   0.0464198   0.235649  2.72132 	Dead: 0
3.06055   0.044879    0.227827  2.72132 	Dead: 0
3.05268   0.0422707   0.214586  2.72132 	Dead: 0
3.03215   0.0404271   0.205227  2.72132 	Dead: 0
3.03492   0.0471164   0.239185  2.72132 	Dead: 0
3.00392   0.0412463   0.209386  2.72132 	Dead: 0
3.01925   0.0399948   0.203032  2.72132 	Dead: 0
3.01137   0.0426405   0.216463  2.65752 	Dead: 0
3.01167   0.0413439   0.209881  2.65752 	Dead: 0
3.03742   0.0510559   0.259183  2.65752 	Dead: 0
3.00141   0.0426343   0.216432  2.65752 	Dead: 0
3.01994   0.0474374   0.240814  2.65752 	Dead: 0
3.01656   0.0511309   0.259564  2.65752 	Dead: 0
2.99043   0.0410858   0.20857   2.65752 	Dead: 0
2.97053   0.0496039   0.251813  2.65631 	Dead: 0
2.99601   0.0622374   0.315946  2.65631 	Dead: 0
2.97221   0.0423984   0.215234  2.65631 	Dead: 0
2.96876   0.0434823   0.220736  2.65631 	Dead: 0
2.95165   0.0396742   0.201405  2.62101 	Dead: 0
2.94191   0.0367918   0.186773  2.62101 	Dead: 0
2.96416   0.0453683   0.23031   2.62101 	Dead: 0
2.953     0.0414419   0.210378  2.62101 	Dead: 0
2.94629   0.0495866   0.251725  2.62101 	Dead: 0
2.9123    0.0388516   0.197229  2.62101 	Dead: 0
2.91284   0.0401821   0.203983  2.62101 	Dead: 0
2.88914   0.0364927   0.185254  2.59313 	Dead: 0
2.89306   0.0409563   0.207913  2.56016 	Dead: 0
2.87063   0.0362606   0.184076  2.56016 	Dead: 0
2.90155   0.0483369   0.245381  2.56016 	Dead: 0
2.86772   0.0428997   0.217779  2.56016 	Dead: 0
2.87415   0.0441699   0.224227  2.56016 	Dead: 0
2.86184   0.0361552   0.183541  2.56016 	Dead: 0
2.88162   0.0417639   0.212013  2.51693 	Dead: 0
2.87769   0.0459158   0.23309   2.51693 	Dead: 0
2.90534   0.0536395   0.272299  2.51693 	Dead: 0
2.89114   0.0471199   0.239203  2.51693 	Dead: 0
2.89035   0.0480953   0.244154  2.51693 	Dead: 0
2.87991   0.0493064   0.250302  2.51693 	Dead: 0
2.87844   0.054349    0.275901  2.51693 	Dead: 0
2.86712   0.0414036   0.210184  2.51693 	Dead: 0
2.8746    0.0389596   0.197777  2.51693 	Dead: 0
2.89141   0.0503936   0.255821  2.51693 	Dead: 0
2.92433   0.0849526   0.431259  2.51693 	Dead: 0
2.86625   0.0563978   0.286302  2.51693 	Dead: 0
2.88473   0.0631182   0.320417  2.51693 	Dead: 0
2.85342   0.0406646   0.206432  2.51693 	Dead: 0
2.8469    0.0409427   0.207844  2.51693 	Dead: 0
2.82407   0.0400892   0.203512  2.51693 	Dead: 0
2.88957   0.0520148   0.264052  2.51693 	Dead: 0
2.88128   0.0507733   0.257749  2.51693 	Dead: 0
2.87811   0.048855    0.248011  2.51693 	Dead: 0
2.93008   0.0764228   0.387958  2.51693 	Dead: 0
2.84964   0.0340581   0.172895  2.51693 	Dead: 0
2.8597    0.0450766   0.22883   2.51693 	Dead: 0
2.86059   0.0389482   0.197719  2.51693 	Dead: 0
2.84879   0.0397339   0.201708  2.51693 	Dead: 0
2.89055   0.0708016   0.359422  2.51693 	Dead: 0
