7.38064   0.123584    0.627369  6.13468 	Dead: 0
4.52844   0.0396487   0.201275  4.16901 	Dead: 0
4.25975   0.0261094   0.132544  3.91078 	Dead: 0
4.10838   0.0278333   0.141295  3.87976 	Dead: 0
3.96209   0.0282572   0.143447  3.72733 	Dead: 0
3.85078   0.031926    0.162071  3.64062 	Dead: 0
3.79844   0.0317496   0.161176  3.48316 	Dead: 0
3.73054   0.0317914   0.161388  3.48316 	Dead: 0
3.70253   0.0367293   0.186455  3.43086 	Dead: 0
3.66818   0.0394121   0.200074  3.2119  	Dead: 0
3.62391   0.0363301   0.184429  3.2119  	Dead: 0
3.62493   0.04288     0.217679  3.2119  	Dead: 0
3.61937   0.0390236   0.198102  3.2119  	Dead: 0
3.60999   0.0420894   0.213665  3.2119  	Dead: 0
3.58565   0.0389608   0.197783  3.2119  	Dead: 0
3.58113   0.0378669   0.19223   3.2119  	Dead: 0
3.56886   0.0376763   0.191263  3.2119  	Dead: 0
3.59642   0.0450086   0.228485  3.2119  	Dead: 0
3.57726   0.0409174   0.207716  3.2119  	Dead: 0
3.56401   0.0401732   0.203938  3.2119  	Dead: 0
3.53628   0.0397663   0.201872  3.2119  	Dead: 0
3.53083   0.040137    0.203754  3.2119  	Dead: 0
3.49635   0.0360662   0.183089  3.2119  	Dead: 0
3.52457   0.0410166   0.208219  3.2119  	Dead: 0
3.51957   0.0430585   0.218585  3.2119  	Dead: 0
3.49149   0.0386034   0.195969  3.2119  	Dead: 0
3.49339   0.0387991   0.196962  3.2119  	Dead: 0
3.48453   0.0409383   0.207822  3.06625 	Dead: 0
3.50002   0.0414179   0.210256  3.06625 	Dead: 0
3.48305   0.0370434   0.188049  3.06625 	Dead: 0
3.48333   0.0396533   0.201299  3.06625 	Dead: 0
3.47945   0.0418869   0.212638  3.06625 	Dead: 0
3.51151   0.0419532   0.212974  3.06625 	Dead: 0
3.49066   0.0406385   0.2063    3.06625 	Dead: 0
3.49114   0.0436147   0.221409  3.06625 	Dead: 0
3.52222   0.046838    0.237771  3.06625 	Dead: 0
3.50188   0.0431707   0.219154  3.06625 	Dead: 0
3.45962   0.0393423   0.19972   3.06625 	Dead: 0
3.4717    0.0463633   0.235362  3.06625 	Dead: 0
3.47352   0.0381892   0.193866  3.06625 	Dead: 0
3.47152   0.0388865   0.197406  3.06625 	Dead: 0
3.49858   0.0418474   0.212437  3.06625 	Dead: 0
3.46691   0.0426006   0.216261  3.06625 	Dead: 0
3.47891   0.0465981   0.236554  3.06625 	Dead: 0
3.4582    0.0436034   0.221351  3.06625 	Dead: 0
3.43227   0.0381445   0.193639  3.06625 	Dead: 0
3.45885   0.044808    0.227466  3.03712 	Dead: 0
3.43538   0.0453574   0.230255  3.03712 	Dead: 0
3.43843   0.043982    0.223273  3.03712 	Dead: 0
3.43404   0.0415086   0.210717  3.03712 	Dead: 0
3.40402   0.0376989   0.191377  3.03712 	Dead: 0
3.43301   0.0410583   0.208431  3.03712 	Dead: 0
3.42412   0.0432409   0.219511  3.03712 	Dead: 0
3.4284    0.0423229   0.214851  3.03712 	Dead: 0
3.439     0.046485    0.23598   3.03712 	Dead: 0
3.40931   0.0395045   0.200543  3.03712 	Dead: 0
3.41242   0.0448848   0.227856  3.03712 	Dead: 0
3.40887   0.0430397   0.218489  3.03712 	Dead: 0
3.37492   0.037594    0.190845  3.03712 	Dead: 0
3.40633   0.0446793   0.226813  3.03712 	Dead: 0
3.39416   0.0454933   0.230945  3.03712 	Dead: 0
3.3916    0.0441486   0.224119  3.03712 	Dead: 0
3.38933   0.0438587   0.222647  3.03712 	Dead: 0
3.40076   0.0428225   0.217387  3.03712 	Dead: 0
3.36668   0.0379904   0.192857  3.03712 	Dead: 0
3.40018   0.0464206   0.235653  3.0352  	Dead: 0
3.35713   0.0399158   0.202631  3.0352  	Dead: 0
3.38951   0.0441353   0.224051  3.0352  	Dead: 0
3.36478   0.0417651   0.212019  3.0352  	Dead: 0
3.36569   0.0458193   0.2326    3.0352  	Dead: 0
3.35515   0.0439679   0.223202  3.0352  	Dead: 0
3.36328   0.0428313   0.217431  3.0352  	Dead: 0
3.38987   0.0502279   0.25498   3.0352  	Dead: 0
3.39172   0.0477564   0.242434  3.0352  	Dead: 0
3.38693   0.0491969   0.249746  3.0352  	Dead: 0
3.42325   0.0533489   0.270824  3.0352  	Dead: 0
3.38184   0.0475486   0.241379  3.0352  	Dead: 0
3.3636    0.0421948   0.214201  3.0352  	Dead: 0
3.38075   0.0444412   0.225604  3.0352  	Dead: 0
3.42495   0.0569112   0.288908  3.0352  	Dead: 0
3.38896   0.0496349   0.25197   3.0352  	Dead: 0
3.35635   0.0415238   0.210794  3.0352  	Dead: 0
3.38448   0.0451457   0.229181  3.0352  	Dead: 0
3.39405   0.0481106   0.244232  3.0352  	Dead: 0
3.41062   0.0504289   0.256001  3.0352  	Dead: 0
3.38182   0.0468543   0.237854  3.0352  	Dead: 0
3.36681   0.0449501   0.228187  3.0352  	Dead: 0
3.39507   0.0504555   0.256136  3.0352  	Dead: 0
3.38071   0.0433581   0.220106  3.0352  	Dead: 0
3.3585    0.0475889   0.241584  3.0352  	Dead: 0
3.40512   0.0500754   0.254206  3.0352  	Dead: 0
3.39772   0.0545495   0.276919  3.0352  	Dead: 0
3.37125   0.0442348   0.224556  3.0352  	Dead: 0
3.35715   0.0452886   0.229906  3.0352  	Dead: 0
3.38158   0.0477818   0.242563  3.0352  	Dead: 0
3.37442   0.0453333   0.230133  3.0352  	Dead: 0
3.38036   0.0452733   0.229828  3.0352  	Dead: 0
3.38321   0.0462354   0.234713  3.03023 	Dead: 0
3.38116   0.0471769   0.239492  3.03023 	Dead: 0
3.36121   0.0384497   0.195189  3.03023 	Dead: 0
3.36878   0.047584    0.241559  2.95212 	Dead: 0
