7.22694   0.137417    0.697594  5.54729 	Dead: 0
4.81741   0.0363262   0.184409  4.34936 	Dead: 0
4.48734   0.0361698   0.183615  4.182   	Dead: 0
4.29378   0.0368604   0.18712   4.00671 	Dead: 0
4.14701   0.0407913   0.207076  3.79904 	Dead: 0
4.0244    0.0371104   0.18839   3.70643 	Dead: 0
3.96842   0.0355831   0.180637  3.70643 	Dead: 0
3.93017   0.0345998   0.175645  3.63549 	Dead: 0
3.90831   0.0341609   0.173416  3.63549 	Dead: 0
3.89081   0.0397235   0.201655  3.61299 	Dead: 0
3.83789   0.0381339   0.193586  3.53021 	Dead: 0
3.87998   0.0468412   0.237788  3.52162 	Dead: 0
3.81424   0.0382037   0.19394   3.52162 	Dead: 0
3.79897   0.0421424   0.213935  3.51541 	Dead: 0
3.82424   0.0430753   0.21867   3.50515 	Dead: 0
3.77232   0.0364244   0.184907  3.50515 	Dead: 0
3.79494   0.0382262   0.194054  3.50515 	Dead: 0
3.78821   0.0409066   0.207661  3.48454 	Dead: 0
3.78511   0.0425617   0.216063  3.48454 	Dead: 0
3.77379   0.0402753   0.204456  3.48454 	Dead: 0
3.74415   0.0392509   0.199256  3.48454 	Dead: 0
3.77907   0.0413085   0.209701  3.48454 	Dead: 0
3.73921   0.0400696   0.203412  3.47659 	Dead: 0
3.77071   0.0388758   0.197352  3.47659 	Dead: 0
3.77908   0.0498351   0.252986  3.4338  	Dead: 0
3.77729   0.0463224   0.235154  3.4338  	Dead: 0
3.7645    0.0418778   0.212591  3.4217  	Dead: 0
3.76024   0.0402121   0.204135  3.4217  	Dead: 0
3.74196   0.0431299   0.218948  3.4217  	Dead: 0
3.75858   0.0442423   0.224594  3.4217  	Dead: 0
3.78698   0.0464483   0.235793  3.4217  	Dead: 0
3.76535   0.04716     0.239406  3.4217  	Dead: 0
3.76539   0.0448025   0.227438  3.4217  	Dead: 0
3.74378   0.0434076   0.220357  3.4217  	Dead: 0
3.72043   0.042256    0.214511  3.4217  	Dead: 0
3.76247   0.0469147   0.238161  3.4217  	Dead: 0
3.73139   0.0394361   0.200196  3.4217  	Dead: 0
3.7408    0.0453386   0.23016   3.4217  	Dead: 0
3.71562   0.0422858   0.214662  3.4217  	Dead: 0
3.71741   0.0448744   0.227803  3.4217  	Dead: 0
3.71625   0.0444335   0.225565  3.40337 	Dead: 0
3.71939   0.041846    0.21243   3.40337 	Dead: 0
3.72434   0.0436662   0.22167   3.38339 	Dead: 0
3.72738   0.048151    0.244437  3.38339 	Dead: 0
3.72631   0.0474913   0.241088  3.38339 	Dead: 0
3.72619   0.0433255   0.219941  3.38339 	Dead: 0
3.69418   0.0439102   0.222909  3.38339 	Dead: 0
3.72124   0.0474295   0.240774  3.38339 	Dead: 0
3.70958   0.0424064   0.215274  3.38339 	Dead: 0
3.72352   0.0495967   0.251776  3.37788 	Dead: 0
3.69582   0.042954    0.218054  3.37788 	Dead: 0
3.6827    0.0481211   0.244285  3.37788 	Dead: 0
3.71819   0.0536321   0.272261  3.36943 	Dead: 0
3.70151   0.0435482   0.221071  3.36943 	Dead: 0
3.71101   0.0504787   0.256254  3.36943 	Dead: 0
3.67737   0.0459295   0.23316   3.36943 	Dead: 0
3.67524   0.0425545   0.216026  3.36943 	Dead: 0
3.69487   0.046389    0.235492  3.35764 	Dead: 0
3.68736   0.0540149   0.274205  3.32826 	Dead: 0
3.66246   0.0461678   0.234369  3.32019 	Dead: 0
3.62693   0.0388242   0.19709   3.32019 	Dead: 0
3.64095   0.0424498   0.215495  3.31155 	Dead: 0
3.63201   0.0415705   0.211031  3.31155 	Dead: 0
3.6359    0.044289    0.224832  3.31155 	Dead: 0
3.62474   0.0393192   0.199603  3.31155 	Dead: 0
3.6286    0.046086    0.233954  3.31155 	Dead: 0
3.63573   0.0455384   0.231174  3.31155 	Dead: 0
3.65023   0.0444447   0.225622  3.31155 	Dead: 0
3.61792   0.0470657   0.238928  3.31155 	Dead: 0
3.59955   0.0414439   0.210389  3.30747 	Dead: 0
3.58599   0.0454313   0.230631  3.2377  	Dead: 0
3.59514   0.0445605   0.22621   3.2377  	Dead: 0
3.57018   0.043243    0.219522  3.2377  	Dead: 0
3.58071   0.0481423   0.244393  3.21417 	Dead: 0
3.5704    0.0475897   0.241588  3.21417 	Dead: 0
3.62306   0.0532206   0.270173  3.21417 	Dead: 0
3.56177   0.041656    0.211465  3.21417 	Dead: 0
3.54784   0.0482675   0.245029  3.21417 	Dead: 0
3.51695   0.0489668   0.248578  3.21142 	Dead: 0
3.56877   0.0530097   0.269102  3.21142 	Dead: 0
3.56436   0.0521717   0.264848  3.20697 	Dead: 0
3.5       0.0406192   0.206202  3.13543 	Dead: 0
3.54207   0.0553512   0.280988  3.13543 	Dead: 0
3.51442   0.0486096   0.246765  3.13543 	Dead: 0
3.51408   0.0461731   0.234396  3.13298 	Dead: 0
3.53682   0.0508615   0.258197  3.13298 	Dead: 0
3.52107   0.0431947   0.219277  3.13298 	Dead: 0
3.5183    0.0490935   0.249221  3.13298 	Dead: 0
3.49997   0.0482734   0.245058  3.13298 	Dead: 0
3.49283   0.0445144   0.225976  3.13298 	Dead: 0
3.50815   0.0488827   0.248151  3.13298 	Dead: 0
3.54199   0.0622518   0.316019  3.0571  	Dead: 0
3.5184    0.0522347   0.265168  3.0571  	Dead: 0
3.50597   0.0489397   0.248441  3.0571  	Dead: 0
3.49804   0.0483876   0.245638  3.0571  	Dead: 0
3.53139   0.0498127   0.252873  3.0571  	Dead: 0
3.52734   0.0505344   0.256536  3.0571  	Dead: 0
3.5377    0.0578947   0.293901  3.0571  	Dead: 0
3.49494   0.0516514   0.262207  3.0571  	Dead: 0
3.48672   0.0422118   0.214287  3.0571  	Dead: 0
3.52125   0.0592948   0.301008  3.0571  	Dead: 0
