5.3104    0.112394    0.570566  4.25253 	Dead: 0
3.73227   0.0383231   0.194546  3.42051 	Dead: 0
3.47527   0.0343576   0.174415  3.21301 	Dead: 0
3.31195   0.042383    0.215156  2.94608 	Dead: 0
3.22523   0.0415191   0.21077   2.91023 	Dead: 0
3.18267   0.046685    0.236995  2.82084 	Dead: 0
3.11554   0.0561376   0.284981  2.77662 	Dead: 0
3.06347   0.042591    0.216212  2.77578 	Dead: 0
3.0008    0.0380304   0.19306   2.72259 	Dead: 0
3.00982   0.0439342   0.22303   2.7119  	Dead: 0
2.9949    0.0428952   0.217756  2.64125 	Dead: 0
3.01981   0.0577474   0.293153  2.64125 	Dead: 0
2.99384   0.0531452   0.26979   2.64125 	Dead: 0
2.97252   0.0452821   0.229873  2.64125 	Dead: 0
2.95638   0.0472544   0.239885  2.64125 	Dead: 0
2.96066   0.0435585   0.221123  2.5827  	Dead: 0
2.94829   0.0432724   0.219671  2.5827  	Dead: 0
2.97313   0.0596884   0.303006  2.5827  	Dead: 0
2.96239   0.0527978   0.268026  2.5827  	Dead: 0
2.93546   0.0562301   0.28545   2.5827  	Dead: 0
2.91952   0.0491886   0.249704  2.5827  	Dead: 0
2.91156   0.0429332   0.217949  2.5827  	Dead: 0
2.90257   0.0537305   0.272761  2.54249 	Dead: 0
2.9127    0.0522742   0.265368  2.54249 	Dead: 0
2.88793   0.0519146   0.263543  2.54249 	Dead: 0
2.93409   0.0590609   0.299821  2.54249 	Dead: 0
2.89918   0.043833    0.222517  2.54249 	Dead: 0
2.89187   0.0470453   0.238824  2.54249 	Dead: 0
2.90993   0.0544953   0.276643  2.54249 	Dead: 0
2.92571   0.0554932   0.281709  2.50618 	Dead: 0
2.89038   0.0433194   0.219909  2.50618 	Dead: 0
2.92232   0.050945    0.258621  2.50618 	Dead: 0
2.92497   0.0509886   0.258842  2.50618 	Dead: 0
2.91752   0.0523964   0.265989  2.50618 	Dead: 0
2.90788   0.0503623   0.255663  2.50618 	Dead: 0
2.92752   0.058995    0.299486  2.50618 	Dead: 0
2.93965   0.0595091   0.302096  2.50618 	Dead: 0
2.89714   0.0451671   0.229289  2.50618 	Dead: 0
2.90803   0.0580365   0.29462   2.50618 	Dead: 0
2.89427   0.0495858   0.25172   2.49988 	Dead: 0
2.88245   0.0476642   0.241966  2.49988 	Dead: 0
2.89975   0.0505067   0.256396  2.49988 	Dead: 0
2.91958   0.0607698   0.308496  2.48496 	Dead: 0
2.90229   0.0493357   0.250451  2.48496 	Dead: 0
2.87398   0.0486711   0.247077  2.48496 	Dead: 0
2.91142   0.0540881   0.274576  2.48496 	Dead: 0
2.88145   0.0517288   0.262599  2.48496 	Dead: 0
2.8873    0.0480314   0.24383   2.48496 	Dead: 0
2.90673   0.0670548   0.340401  2.48496 	Dead: 0
2.88699   0.0532397   0.270269  2.48496 	Dead: 0
2.87473   0.0453552   0.230244  2.48496 	Dead: 0
2.89096   0.0465435   0.236277  2.48496 	Dead: 0
2.86049   0.0498334   0.252978  2.48496 	Dead: 0
2.8689    0.0536348   0.272275  2.48496 	Dead: 0
2.87104   0.0531056   0.269589  2.48496 	Dead: 0
2.89428   0.0805749   0.409036  2.48496 	Dead: 0
2.88127   0.050384    0.255773  2.48496 	Dead: 0
2.87817   0.0567555   0.288117  2.48496 	Dead: 0
2.85947   0.0514978   0.261427  2.48496 	Dead: 0
2.84766   0.047201    0.239614  2.48496 	Dead: 0
2.86327   0.0506406   0.257075  2.4709  	Dead: 0
2.84601   0.0453299   0.230116  2.4709  	Dead: 0
2.84922   0.047832    0.242818  2.4709  	Dead: 0
2.85005   0.0480951   0.244153  2.4709  	Dead: 0
2.84401   0.0467165   0.237155  2.4709  	Dead: 0
2.90966   0.0684864   0.347669  2.4709  	Dead: 0
2.87184   0.0566275   0.287468  2.44613 	Dead: 0
2.80632   0.0428458   0.217505  2.44613 	Dead: 0
2.84336   0.0679963   0.345181  2.44613 	Dead: 0
2.83149   0.0481555   0.24446   2.44613 	Dead: 0
2.81961   0.0465092   0.236103  2.44613 	Dead: 0
2.80502   0.046813    0.237645  2.44613 	Dead: 0
2.80925   0.0468304   0.237733  2.42202 	Dead: 0
2.81714   0.0465137   0.236125  2.42202 	Dead: 0
2.79162   0.0430744   0.218666  2.42202 	Dead: 0
2.81378   0.050508    0.256402  2.42202 	Dead: 0
2.80557   0.0446428   0.226628  2.42202 	Dead: 0
2.79169   0.0436139   0.221404  2.42202 	Dead: 0
2.79655   0.0587616   0.298301  2.42202 	Dead: 0
2.794     0.0452795   0.22986   2.42202 	Dead: 0
2.81983   0.0491946   0.249735  2.41884 	Dead: 0
2.78518   0.0438503   0.222605  2.41884 	Dead: 0
2.78922   0.0431923   0.219264  2.41884 	Dead: 0
2.79774   0.0497519   0.252564  2.41884 	Dead: 0
2.80206   0.0513181   0.260515  2.41884 	Dead: 0
2.77672   0.0480864   0.244109  2.41884 	Dead: 0
2.79218   0.0454309   0.230629  2.41884 	Dead: 0
2.786     0.046006    0.233548  2.41884 	Dead: 0
2.81645   0.0520069   0.264011  2.41884 	Dead: 0
2.76375   0.0401639   0.203891  2.41884 	Dead: 0
2.80052   0.0543158   0.275732  2.41884 	Dead: 0
2.80713   0.0530225   0.269167  2.41884 	Dead: 0
2.79403   0.0493437   0.250492  2.40331 	Dead: 0
2.81257   0.0497637   0.252624  2.40331 	Dead: 0
2.81238   0.0524854   0.26644   2.40331 	Dead: 0
2.77513   0.0460027   0.233531  2.40331 	Dead: 0
2.79635   0.0478382   0.242849  2.40331 	Dead: 0
2.79318   0.0509544   0.258669  2.40318 	Dead: 0
2.78846   0.0477939   0.242624  2.40318 	Dead: 0
2.79166   0.0489049   0.248264  2.40318 	Dead: 0
2.76368   0.0475579   0.241426  2.40318 	Dead: 0
