5.3838    0.110277    0.559817  4.21605 	Dead: 0
3.53529   0.040782    0.207028  3.07895 	Dead: 0
3.34378   0.0492016   0.24977   2.92019 	Dead: 0
3.18865   0.0497504   0.252556  2.8761  	Dead: 0
3.13677   0.0486554   0.246998  2.76865 	Dead: 0
3.12218   0.0497468   0.252538  2.76865 	Dead: 0
3.08863   0.0466639   0.236888  2.76865 	Dead: 0
3.1021    0.0598539   0.303846  2.66965 	Dead: 0
3.01779   0.0430128   0.218353  2.66965 	Dead: 0
2.9799    0.0395719   0.200885  2.6563  	Dead: 0
2.9716    0.0521649   0.264813  2.47746 	Dead: 0
2.89465   0.0428959   0.21776   2.47746 	Dead: 0
2.90953   0.0464246   0.235673  2.47746 	Dead: 0
2.87186   0.0458575   0.232794  2.47746 	Dead: 0
2.86319   0.0457003   0.231996  2.47746 	Dead: 0
2.85616   0.0453787   0.230363  2.47746 	Dead: 0
2.85988   0.0460168   0.233603  2.47746 	Dead: 0
2.84657   0.0453503   0.230219  2.44243 	Dead: 0
2.856     0.0494878   0.251223  2.44243 	Dead: 0
2.87271   0.0616759   0.313095  2.44243 	Dead: 0
2.84742   0.0482692   0.245037  2.44243 	Dead: 0
2.8195    0.045948    0.233253  2.44243 	Dead: 0
2.86085   0.0523731   0.26587   2.44243 	Dead: 0
2.83929   0.0493609   0.250579  2.44243 	Dead: 0
2.8238    0.0472974   0.240104  2.44243 	Dead: 0
2.81157   0.0527438   0.267752  2.44243 	Dead: 0
2.87649   0.081688    0.414687  2.44243 	Dead: 0
2.8139    0.0509676   0.258735  2.44243 	Dead: 0
2.82215   0.0540642   0.274455  2.44243 	Dead: 0
2.80865   0.045318    0.230055  2.44243 	Dead: 0
2.75965   0.0402814   0.204487  2.44243 	Dead: 0
2.76701   0.0401972   0.20406   2.44243 	Dead: 0
2.76723   0.0485643   0.246535  2.40295 	Dead: 0
2.75304   0.0602932   0.306076  2.40295 	Dead: 0
2.72799   0.0708387   0.359611  2.37376 	Dead: 0
2.7223    0.0456149   0.231563  2.37376 	Dead: 0
2.71051   0.0413068   0.209693  2.37376 	Dead: 0
2.77792   0.0746671   0.379045  2.31318 	Dead: 0
2.67995   0.0435582   0.221122  2.31318 	Dead: 0
2.70918   0.0505087   0.256406  2.31318 	Dead: 0
2.66296   0.0398833   0.202466  2.31318 	Dead: 0
2.71041   0.072392    0.367496  2.31318 	Dead: 0
2.69597   0.0680755   0.345583  2.28458 	Dead: 0
2.65772   0.0415803   0.211081  2.28458 	Dead: 0
2.69405   0.051953    0.263738  2.28458 	Dead: 0
2.68215   0.0453972   0.230457  2.28458 	Dead: 0
2.70035   0.0588465   0.298732  2.28458 	Dead: 0
2.6816    0.0527318   0.267691  2.28458 	Dead: 0
2.61461   0.0347914   0.176617  2.28458 	Dead: 0
2.69797   0.071523    0.363084  2.28458 	Dead: 0
2.67139   0.0487794   0.247627  2.28458 	Dead: 0
2.68378   0.0522044   0.265014  2.28458 	Dead: 0
2.6402    0.0404373   0.205279  2.28458 	Dead: 0
2.68021   0.0514573   0.261221  2.28458 	Dead: 0
2.64029   0.0438624   0.222666  2.28458 	Dead: 0
2.64147   0.0407778   0.207007  2.28458 	Dead: 0
2.65337   0.0443093   0.224935  2.28458 	Dead: 0
2.66578   0.0585705   0.297331  2.28458 	Dead: 0
2.69136   0.0620828   0.315161  2.28458 	Dead: 0
2.6986    0.0678421   0.344398  2.28458 	Dead: 0
2.64227   0.0436257   0.221464  2.28458 	Dead: 0
2.64059   0.058092    0.294902  2.28458 	Dead: 0
2.64902   0.046497    0.236041  2.28458 	Dead: 0
2.6663    0.0444667   0.225734  2.28458 	Dead: 0
2.64919   0.0392552   0.199278  2.28458 	Dead: 0
2.64821   0.0473107   0.240171  2.28458 	Dead: 0
2.64025   0.0426833   0.21668   2.28458 	Dead: 0
2.64077   0.0385008   0.195448  2.28458 	Dead: 0
2.66995   0.0443084   0.22493   2.28458 	Dead: 0
2.6596    0.0537846   0.273036  2.28458 	Dead: 0
2.65834   0.0418962   0.212685  2.28458 	Dead: 0
2.63618   0.0438492   0.222599  2.28458 	Dead: 0
2.66804   0.059508    0.30209   2.28458 	Dead: 0
2.67413   0.067871    0.344545  2.28458 	Dead: 0
2.65143   0.0513157   0.260503  2.28458 	Dead: 0
2.64396   0.0435119   0.220886  2.28458 	Dead: 0
2.64004   0.0423106   0.214788  2.28458 	Dead: 0
2.68879   0.0756988   0.384282  2.28458 	Dead: 0
2.65901   0.0550118   0.279266  2.28458 	Dead: 0
2.66522   0.0549387   0.278894  2.28458 	Dead: 0
2.66092   0.0542498   0.275397  2.28458 	Dead: 0
2.65684   0.0634532   0.322118  2.28458 	Dead: 0
2.63129   0.0411487   0.20889   2.28458 	Dead: 0
2.63926   0.0438667   0.222688  2.27742 	Dead: 0
2.68315   0.0577666   0.29325   2.27742 	Dead: 0
2.6252    0.0431066   0.218829  2.27742 	Dead: 0
2.6499    0.0459516   0.233272  2.27742 	Dead: 0
2.65886   0.0579574   0.294219  2.27742 	Dead: 0
2.63166   0.0529127   0.26861   2.27742 	Dead: 0
2.65007   0.0496849   0.252224  2.27742 	Dead: 0
2.66082   0.0708387   0.359611  2.27742 	Dead: 0
2.63352   0.0461358   0.234207  2.27742 	Dead: 0
2.60057   0.0423773   0.215127  2.27742 	Dead: 0
2.62722   0.0430946   0.218769  2.27742 	Dead: 0
2.61993   0.0447524   0.227184  2.27742 	Dead: 0
2.621     0.0400653   0.20339   2.27742 	Dead: 0
2.63757   0.044668    0.226756  2.27742 	Dead: 0
2.63969   0.0529686   0.268894  2.27742 	Dead: 0
2.62709   0.0437559   0.222125  2.27742 	Dead: 0
2.62569   0.0449444   0.228159  2.27742 	Dead: 0
2.65104   0.0505309   0.256518  2.27742 	Dead: 0
