6.69407   0.0473732   0.240488  6.04637 	Dead: 0
6.34724   0.0448801   0.227833  5.95479 	Dead: 0
6.25645   0.0417674   0.212031  5.88371 	Dead: 0
6.22956   0.0425553   0.21603   5.82874 	Dead: 0
6.20177   0.0416199   0.211282  5.82874 	Dead: 0
6.16602   0.0419442   0.212928  5.82874 	Dead: 0
6.12819   0.0448579   0.22772   5.81298 	Dead: 0
6.12464   0.0504325   0.256019  5.65679 	Dead: 0
6.07063   0.0483023   0.245205  5.65679 	Dead: 0
6.08603   0.0451302   0.229102  5.65679 	Dead: 0
6.08086   0.0540168   0.274214  5.65679 	Dead: 0
6.04006   0.0479495   0.243414  5.65679 	Dead: 0
6.0238    0.0470546   0.238871  5.65679 	Dead: 0
6.02595   0.0476334   0.241809  5.62643 	Dead: 0
6.02935   0.050419    0.255951  5.61412 	Dead: 0
6.03583   0.0548509   0.278449  5.61412 	Dead: 0
6.00189   0.048264    0.245011  5.61412 	Dead: 0
6.02037   0.0458536   0.232774  5.61412 	Dead: 0
6.01162   0.0488989   0.248234  5.61412 	Dead: 0
5.99679   0.0452868   0.229897  5.54004 	Dead: 0
5.97855   0.0456694   0.231839  5.54004 	Dead: 0
5.9964    0.0479024   0.243175  5.54004 	Dead: 0
5.98038   0.04636     0.235345  5.54004 	Dead: 0
5.96422   0.0433468   0.220048  5.54004 	Dead: 0
5.96901   0.043489    0.22077   5.54004 	Dead: 0
5.96685   0.0481271   0.244316  5.54004 	Dead: 0
5.98235   0.0481419   0.244391  5.54004 	Dead: 0
5.96942   0.0473412   0.240326  5.54004 	Dead: 0
5.93936   0.0451765   0.229337  5.54004 	Dead: 0
5.96822   0.0487205   0.247328  5.54004 	Dead: 0
5.9715    0.0443642   0.225213  5.54004 	Dead: 0
5.98046   0.0503107   0.2554    5.54004 	Dead: 0
5.99181   0.0520571   0.264266  5.54004 	Dead: 0
5.99086   0.0526275   0.267162  5.54004 	Dead: 0
5.94267   0.0429294   0.21793   5.54004 	Dead: 0
5.94965   0.0460262   0.233651  5.54004 	Dead: 0
5.97244   0.0489201   0.248341  5.54004 	Dead: 0
5.97351   0.0542057   0.275174  5.54004 	Dead: 0
5.93819   0.0448629   0.227745  5.54004 	Dead: 0
5.95931   0.0479058   0.243192  5.54004 	Dead: 0
5.94355   0.0466823   0.236981  5.50178 	Dead: 0
5.95853   0.051086    0.259337  5.50178 	Dead: 0
5.95325   0.0455579   0.231273  5.50178 	Dead: 0
5.9577    0.0486153   0.246794  5.50178 	Dead: 0
5.94432   0.0484436   0.245922  5.50178 	Dead: 0
5.94184   0.0474753   0.241007  5.50178 	Dead: 0
5.915     0.0438634   0.222671  5.50178 	Dead: 0
5.95108   0.0511755   0.259791  5.50178 	Dead: 0
5.94428   0.047671    0.242     5.50178 	Dead: 0
5.9498    0.0502142   0.254911  5.50178 	Dead: 0
5.89521   0.0419209   0.21281   5.50178 	Dead: 0
5.92214   0.0482107   0.24474   5.50178 	Dead: 0
5.94689   0.0504911   0.256316  5.50178 	Dead: 0
5.93241   0.0498407   0.253014  5.50178 	Dead: 0
5.91554   0.0448783   0.227823  5.50178 	Dead: 0
5.95362   0.0490727   0.249116  5.50178 	Dead: 0
5.92782   0.0472343   0.239783  5.50178 	Dead: 0
5.93022   0.0476339   0.241812  5.50178 	Dead: 0
5.94498   0.0514787   0.26133   5.50178 	Dead: 0
5.98084   0.0543065   0.275685  5.50178 	Dead: 0
5.92729   0.0522239   0.265113  5.50178 	Dead: 0
5.91923   0.0470255   0.238723  5.50178 	Dead: 0
5.9249    0.0458519   0.232766  5.50178 	Dead: 0
5.92359   0.0477553   0.242428  5.50178 	Dead: 0
5.90665   0.0471079   0.239142  5.50178 	Dead: 0
5.88808   0.0447058   0.226947  5.50178 	Dead: 0
5.93809   0.0505377   0.256553  5.50178 	Dead: 0
5.92086   0.0479614   0.243475  5.50178 	Dead: 0
5.90288   0.0457892   0.232447  5.50178 	Dead: 0
5.90796   0.0498908   0.253269  5.50178 	Dead: 0
5.90472   0.0506688   0.257218  5.50178 	Dead: 0
5.90301   0.0473268   0.240253  5.50178 	Dead: 0
5.89255   0.0439828   0.223277  5.50178 	Dead: 0
5.9357    0.048999    0.248742  5.50178 	Dead: 0
5.9398    0.0520598   0.26428   5.50178 	Dead: 0
5.87303   0.0426771   0.216649  5.50178 	Dead: 0
5.92242   0.0475967   0.241623  5.50178 	Dead: 0
5.94087   0.0520674   0.264319  5.50178 	Dead: 0
5.90851   0.0514735   0.261304  5.50178 	Dead: 0
5.90829   0.0495717   0.251649  5.50178 	Dead: 0
5.91223   0.0537766   0.272995  5.50178 	Dead: 0
5.93534   0.0494931   0.25125   5.50178 	Dead: 0
5.91897   0.0499091   0.253362  5.50178 	Dead: 0
5.90147   0.0489467   0.248476  5.50178 	Dead: 0
5.86348   0.045128    0.229091  5.50178 	Dead: 0
5.88992   0.0475772   0.241524  5.50178 	Dead: 0
5.91064   0.0533658   0.27091   5.50178 	Dead: 0
5.90969   0.0512222   0.260028  5.50178 	Dead: 0
5.86959   0.0466314   0.236723  5.50178 	Dead: 0
5.89411   0.0455245   0.231104  5.42958 	Dead: 0
5.90179   0.0503376   0.255537  5.42958 	Dead: 0
5.87293   0.0503132   0.255413  5.42958 	Dead: 0
5.90642   0.0499108   0.253371  5.42958 	Dead: 0
5.8889    0.0474338   0.240796  5.42958 	Dead: 0
5.89294   0.0482727   0.245055  5.42958 	Dead: 0
5.90086   0.0495733   0.251657  5.42958 	Dead: 0
5.92463   0.0497975   0.252795  5.42958 	Dead: 0
5.88717   0.044498    0.225893  5.42958 	Dead: 0
5.90001   0.0478979   0.243152  5.42958 	Dead: 0
5.89226   0.044864    0.227751  5.42958 	Dead: 0
5.89914   0.0506235   0.256988  5.42958 	Dead: 0
