9.64705   0.125315    0.636156  8.63049 	Dead: 0
8.10043   0.0517472   0.262693  7.59807 	Dead: 0
7.79305   0.0510969   0.259392  7.33807 	Dead: 0
7.49201   0.0487273   0.247363  7.12264 	Dead: 0
7.46695   0.0522056   0.26502   7.01847 	Dead: 0
7.41024   0.0542491   0.275394  6.89559 	Dead: 0
7.38891   0.0528017   0.268046  6.89559 	Dead: 0
7.38778   0.0611384   0.310367  6.82727 	Dead: 0
7.3826    0.0606361   0.307817  6.82727 	Dead: 0
7.33463   0.0657164   0.333607  6.74116 	Dead: 0
7.28788   0.0556604   0.282558  6.74116 	Dead: 0
7.24882   0.0710973   0.360923  6.68527 	Dead: 0
7.16236   0.0888657   0.451124  6.57748 	Dead: 0
7.10815   0.101873    0.517154  6.51195 	Dead: 0
7.18058   0.115883    0.588275  6.39056 	Dead: 0
7.03064   0.109056    0.553619  6.03895 	Dead: 0
6.59583   0.121709    0.61785   5.66675 	Dead: 0
6.66      0.148241    0.752542  5.61916 	Dead: 0
6.57649   0.143144    0.726665  5.57009 	Dead: 0
6.56443   0.143143    0.726661  5.57009 	Dead: 0
6.50478   0.138749    0.704353  5.57009 	Dead: 0
6.56046   0.148369    0.753189  5.57009 	Dead: 0
6.65953   0.178744    0.907389  5.57009 	Dead: 0
6.62821   0.158057    0.802372  5.57009 	Dead: 0
6.45411   0.140866    0.7151    5.57009 	Dead: 0
6.42865   0.13081     0.664053  5.57009 	Dead: 0
6.33509   0.133594    0.678186  5.38503 	Dead: 0
6.55578   0.160831    0.816451  5.38503 	Dead: 0
6.47039   0.167951    0.852598  5.38503 	Dead: 0
6.44833   0.150985    0.766468  5.38503 	Dead: 0
6.43661   0.154909    0.786393  5.38503 	Dead: 0
6.3892    0.146309    0.742731  5.38503 	Dead: 0
6.41277   0.145265    0.737433  5.38503 	Dead: 0
6.4461    0.150939    0.766237  5.38503 	Dead: 0
6.42353   0.146202    0.742191  5.38503 	Dead: 0
6.46338   0.157469    0.799385  5.38503 	Dead: 0
6.36548   0.135483    0.687775  5.38503 	Dead: 0
6.32471   0.14208     0.721263  5.38503 	Dead: 0
6.36833   0.150353    0.763264  5.38503 	Dead: 0
6.40799   0.15676     0.795788  5.38503 	Dead: 0
6.38661   0.148766    0.755207  5.38503 	Dead: 0
6.3927    0.152318    0.773238  5.38503 	Dead: 0
6.25817   0.13066     0.663292  5.38503 	Dead: 0
6.44819   0.163028    0.827607  5.38503 	Dead: 0
6.45806   0.154521    0.784418  5.38503 	Dead: 0
6.33893   0.147344    0.747987  5.38503 	Dead: 0
6.38466   0.15624     0.793146  5.38503 	Dead: 0
6.03833   0.180978    0.918728  4.73588 	Dead: 0
5.81467   0.203238    1.03173   4.7137  	Dead: 0
5.698     0.205512    1.04327   4.7137  	Dead: 0
5.77419   0.228713    1.16105   4.7137  	Dead: 0
5.82832   0.236175    1.19893   4.7137  	Dead: 0
5.66362   0.2219      1.12647   4.69974 	Dead: 0
5.53643   0.1953      0.991433  4.65221 	Dead: 0
5.78476   0.246459    1.25114   4.65221 	Dead: 0
5.7297    0.235948    1.19778   4.60863 	Dead: 0
5.62112   0.220918    1.12149   4.60863 	Dead: 0
5.53736   0.211466    1.0735    4.60863 	Dead: 0
5.61584   0.22909     1.16297   4.54109 	Dead: 0
5.79519   0.259357    1.31662   4.54109 	Dead: 0
5.55695   0.229675    1.16594   4.54109 	Dead: 0
5.62777   0.233693    1.18634   4.54109 	Dead: 0
5.56352   0.225642    1.14546   4.54109 	Dead: 0
5.58603   0.236347    1.19981   4.51869 	Dead: 0
5.46544   0.219876    1.11619   4.51869 	Dead: 0
5.60388   0.229513    1.16511   4.51869 	Dead: 0
5.52978   0.226801    1.15135   4.51869 	Dead: 0
5.66275   0.22835     1.15921   4.51869 	Dead: 0
5.49477   0.208535    1.05862   4.51869 	Dead: 0
5.47753   0.218758    1.11052   4.45912 	Dead: 0
5.53801   0.224116    1.13772   4.45912 	Dead: 0
5.53672   0.226182    1.14821   4.45912 	Dead: 0
5.54985   0.228555    1.16025   4.45912 	Dead: 0
5.60083   0.237918    1.20778   4.45912 	Dead: 0
5.55573   0.219721    1.11541   4.45912 	Dead: 0
5.70629   0.241101    1.22394   4.45912 	Dead: 0
5.46969   0.216511    1.09911   4.45912 	Dead: 0
5.69573   0.231816    1.17681   4.45912 	Dead: 0
5.57415   0.228702    1.161     4.45912 	Dead: 0
5.56147   0.22884     1.1617    4.45912 	Dead: 0
5.66014   0.240612    1.22146   4.45912 	Dead: 0
5.73236   0.246965    1.25371   4.45912 	Dead: 0
5.39534   0.197577    1.00299   4.45912 	Dead: 0
5.58663   0.237001    1.20313   4.45912 	Dead: 0
5.60065   0.230521    1.17023   4.45912 	Dead: 0
5.54485   0.227076    1.15274   4.45912 	Dead: 0
5.6881    0.253244    1.28559   4.45912 	Dead: 0
5.45156   0.221734    1.12562   4.45912 	Dead: 0
5.73133   0.254644    1.29269   4.45912 	Dead: 0
5.46638   0.223391    1.13404   4.45912 	Dead: 0
5.65526   0.245192    1.24471   4.45912 	Dead: 0
5.48967   0.238564    1.21106   4.45912 	Dead: 0
5.36349   0.214931    1.09109   4.45912 	Dead: 0
5.4453    0.218293    1.10816   4.45912 	Dead: 0
5.67302   0.247388    1.25586   4.45912 	Dead: 0
5.49469   0.239501    1.21582   4.45912 	Dead: 0
5.29656   0.205082    1.04109   4.45912 	Dead: 0
5.65891   0.245378    1.24565   4.45912 	Dead: 0
5.51646   0.239234    1.21447   4.45912 	Dead: 0
5.48607   0.243381    1.23551   4.45912 	Dead: 0
5.58048   0.245981    1.24872   4.40851 	Dead: 0
