7.15598   0.059286    0.300964  6.35587 	Dead: 0
6.06649   0.0383517   0.194691  5.59621 	Dead: 0
5.89385   0.0417437   0.21191   5.54168 	Dead: 0
5.83155   0.04933     0.250422  5.4622  	Dead: 0
5.70684   0.0377699   0.191737  5.32265 	Dead: 0
5.66687   0.040788    0.207059  5.32265 	Dead: 0
5.64863   0.0412254   0.209279  5.2807  	Dead: 0
5.59109   0.0458615   0.232814  5.14842 	Dead: 0
5.5529    0.0420974   0.213706  5.14842 	Dead: 0
5.48422   0.037058    0.188124  5.14842 	Dead: 0
5.46922   0.0429218   0.217891  5.06201 	Dead: 0
5.48775   0.0442113   0.224437  5.06201 	Dead: 0
5.45193   0.0445057   0.225932  5.06201 	Dead: 0
5.38426   0.0398685   0.202391  5.06201 	Dead: 0
5.3842    0.0424414   0.215452  5.04545 	Dead: 0
5.36429   0.0412753   0.209533  4.94011 	Dead: 0
5.38581   0.0418489   0.212444  4.94011 	Dead: 0
5.35939   0.0424382   0.215436  4.94011 	Dead: 0
5.34924   0.0417183   0.211782  4.94011 	Dead: 0
5.32547   0.0414492   0.210415  4.94011 	Dead: 0
5.34118   0.0421119   0.213779  4.94011 	Dead: 0
5.35596   0.0483477   0.245435  4.94011 	Dead: 0
5.32635   0.0435952   0.22131   4.94011 	Dead: 0
5.34637   0.0463921   0.235508  4.94011 	Dead: 0
5.29599   0.0442356   0.22456   4.93992 	Dead: 0
5.29476   0.0398268   0.202179  4.93992 	Dead: 0
5.30097   0.0467215   0.23718   4.92426 	Dead: 0
5.29873   0.0443201   0.224989  4.92426 	Dead: 0
5.28748   0.0454691   0.230822  4.92426 	Dead: 0
5.25031   0.0416143   0.211254  4.92426 	Dead: 0
5.24291   0.0407521   0.206877  4.92426 	Dead: 0
5.25548   0.0421982   0.214218  4.92426 	Dead: 0
5.28648   0.04265     0.216511  4.92426 	Dead: 0
5.26256   0.0469662   0.238423  4.92426 	Dead: 0
5.24638   0.0449712   0.228295  4.92426 	Dead: 0
5.24897   0.0431715   0.219159  4.75144 	Dead: 0
5.25647   0.0478014   0.242662  4.75144 	Dead: 0
5.2413    0.0463107   0.235095  4.75144 	Dead: 0
5.21603   0.0441172   0.223959  4.75144 	Dead: 0
5.2276    0.0497861   0.252738  4.75144 	Dead: 0
5.24529   0.0499024   0.253328  4.75144 	Dead: 0
5.21325   0.0448994   0.22793   4.75144 	Dead: 0
5.17005   0.0373459   0.189585  4.75144 	Dead: 0
5.18201   0.0464692   0.235899  4.75144 	Dead: 0
5.18748   0.0475896   0.241587  4.75144 	Dead: 0
5.17744   0.044144    0.224095  4.75144 	Dead: 0
5.19328   0.0455397   0.231181  4.75144 	Dead: 0
5.19155   0.0521637   0.264807  4.75144 	Dead: 0
5.21544   0.0565558   0.287104  4.75144 	Dead: 0
5.16712   0.0465249   0.236182  4.75144 	Dead: 0
5.17614   0.0479567   0.24345   4.75144 	Dead: 0
5.18081   0.0506769   0.25726   4.75144 	Dead: 0
5.1938    0.0477246   0.242272  4.75144 	Dead: 0
5.17902   0.0470099   0.238644  4.75144 	Dead: 0
5.19617   0.0490634   0.249069  4.75144 	Dead: 0
5.18098   0.0491576   0.249547  4.75144 	Dead: 0
5.16272   0.0494902   0.251236  4.75144 	Dead: 0
5.17132   0.0500748   0.254203  4.75144 	Dead: 0
5.16873   0.0557307   0.282915  4.72657 	Dead: 0
5.14596   0.0510779   0.259295  4.72657 	Dead: 0
5.17055   0.0516277   0.262086  4.72657 	Dead: 0
5.11737   0.047097    0.239086  4.72657 	Dead: 0
5.14066   0.0507356   0.257558  4.72657 	Dead: 0
5.15692   0.0546843   0.277603  4.72657 	Dead: 0
5.10306   0.0455663   0.231316  4.71004 	Dead: 0
5.11781   0.0452475   0.229697  4.71004 	Dead: 0
5.11316   0.0476172   0.241727  4.71004 	Dead: 0
5.10476   0.0472054   0.239636  4.71004 	Dead: 0
5.12784   0.0523944   0.265978  4.71004 	Dead: 0
5.07448   0.0517264   0.262587  4.65327 	Dead: 0
5.04329   0.0425868   0.21619   4.65327 	Dead: 0
5.04322   0.0408556   0.207402  4.65327 	Dead: 0
5.05814   0.0540238   0.27425   4.65327 	Dead: 0
5.02811   0.042512    0.215811  4.65327 	Dead: 0
5.04917   0.0482244   0.244809  4.65327 	Dead: 0
5.06902   0.0502092   0.254885  4.65327 	Dead: 0
5.03757   0.0410154   0.208213  4.65327 	Dead: 0
5.02625   0.0431332   0.218964  4.65327 	Dead: 0
5.04659   0.0498609   0.253117  4.65327 	Dead: 0
5.0034    0.0427812   0.217177  4.65327 	Dead: 0
5.02092   0.0432928   0.219775  4.65327 	Dead: 0
5.02558   0.0476018   0.241649  4.65327 	Dead: 0
5.01537   0.0444452   0.225625  4.65327 	Dead: 0
5.02655   0.0454871   0.230914  4.65327 	Dead: 0
5.02263   0.0500178   0.253914  4.65327 	Dead: 0
4.98475   0.0417216   0.211798  4.65327 	Dead: 0
5.01548   0.0482924   0.245155  4.65327 	Dead: 0
5.02588   0.0470585   0.238891  4.65327 	Dead: 0
5.02805   0.0473396   0.240318  4.65327 	Dead: 0
5.02874   0.0493425   0.250486  4.65327 	Dead: 0
5.02893   0.0473477   0.240359  4.65327 	Dead: 0
4.99912   0.0428561   0.217557  4.65327 	Dead: 0
4.98339   0.0399792   0.202953  4.65327 	Dead: 0
5.00572   0.0496868   0.252234  4.65327 	Dead: 0
4.97054   0.0399003   0.202553  4.64204 	Dead: 0
4.97706   0.0438374   0.222539  4.64204 	Dead: 0
5.00409   0.0461764   0.234413  4.64204 	Dead: 0
4.9877    0.0441415   0.224083  4.63926 	Dead: 0
4.98614   0.0413163   0.209741  4.63926 	Dead: 0
4.98286   0.0442354   0.22456   4.63926 	Dead: 0
4.98312   0.0408056   0.207148  4.63926 	Dead: 0
