5.8189    0.0869633   0.441466  4.81672 	Dead: 0
4.547     0.0362216   0.183878  4.24176 	Dead: 0
4.48847   0.0339582   0.172388  4.23298 	Dead: 0
4.45217   0.0327041   0.166021  4.11886 	Dead: 0
4.37848   0.0367649   0.186636  4.05798 	Dead: 0
4.20699   0.0316772   0.160808  3.94487 	Dead: 0
4.15149   0.0333751   0.169428  3.90876 	Dead: 0
4.13563   0.0332548   0.168817  3.90876 	Dead: 0
4.13502   0.0344143   0.174703  3.85318 	Dead: 0
4.11378   0.0332717   0.168903  3.85318 	Dead: 0
4.0927    0.0317492   0.161174  3.8027  	Dead: 0
4.08757   0.0342873   0.174058  3.8027  	Dead: 0
4.09425   0.0369095   0.18737   3.77601 	Dead: 0
4.05926   0.0364118   0.184843  3.77601 	Dead: 0
3.98788   0.0319601   0.162244  3.77494 	Dead: 0
3.99857   0.0362839   0.184194  3.75946 	Dead: 0
3.95663   0.0342311   0.173773  3.69223 	Dead: 0
3.96996   0.0353949   0.179681  3.69223 	Dead: 0
3.9473    0.0364644   0.18511   3.66928 	Dead: 0
3.89913   0.028254    0.143431  3.65256 	Dead: 0
3.92691   0.0397391   0.201734  3.57912 	Dead: 0
3.93588   0.0351014   0.178191  3.57912 	Dead: 0
3.91999   0.0370809   0.18824   3.57912 	Dead: 0
3.91128   0.0374002   0.189861  3.57912 	Dead: 0
3.88064   0.0329139   0.167086  3.57912 	Dead: 0
3.88946   0.0379673   0.19274   3.57912 	Dead: 0
3.85297   0.0335795   0.170465  3.57912 	Dead: 0
3.8492    0.0334753   0.169936  3.57912 	Dead: 0
3.84454   0.0395813   0.200933  3.57912 	Dead: 0
3.85057   0.0394795   0.200416  3.57912 	Dead: 0
3.84767   0.0363365   0.184461  3.57912 	Dead: 0
3.85231   0.0398203   0.202146  3.57072 	Dead: 0
3.82173   0.0363686   0.184624  3.48563 	Dead: 0
3.80854   0.0345548   0.175416  3.44171 	Dead: 0
3.81371   0.0410535   0.208407  3.44171 	Dead: 0
3.81926   0.0392242   0.19912   3.44171 	Dead: 0
3.83618   0.0409398   0.20783   3.44171 	Dead: 0
3.78533   0.0350912   0.178139  3.44171 	Dead: 0
3.8039    0.0374545   0.190136  3.44171 	Dead: 0
3.79549   0.0404394   0.205289  3.44171 	Dead: 0
3.7905    0.0424971   0.215735  3.44171 	Dead: 0
3.78203   0.0386748   0.196331  3.44171 	Dead: 0
3.80154   0.0425744   0.216127  3.44171 	Dead: 0
3.7708    0.0370904   0.188288  3.44171 	Dead: 0
3.79051   0.0381648   0.193742  3.44171 	Dead: 0
3.81072   0.0406674   0.206447  3.44171 	Dead: 0
3.77241   0.0382638   0.194245  3.44171 	Dead: 0
3.77459   0.0411641   0.208968  3.44171 	Dead: 0
3.77742   0.0409767   0.208017  3.44171 	Dead: 0
3.76555   0.0411479   0.208886  3.44171 	Dead: 0
3.78389   0.0429829   0.218201  3.44171 	Dead: 0
3.78241   0.0423319   0.214896  3.44171 	Dead: 0
3.76773   0.0413247   0.209783  3.44171 	Dead: 0
3.78602   0.0443184   0.224981  3.44171 	Dead: 0
3.76721   0.0406484   0.20635   3.44171 	Dead: 0
3.76749   0.0418159   0.212277  3.44171 	Dead: 0
3.7585    0.0389752   0.197856  3.44171 	Dead: 0
3.76566   0.0418349   0.212374  3.44171 	Dead: 0
3.75726   0.0380313   0.193065  3.44171 	Dead: 0
3.76018   0.0431015   0.218803  3.44171 	Dead: 0
3.76046   0.0404285   0.205234  3.44171 	Dead: 0
3.76381   0.0445199   0.226004  3.44171 	Dead: 0
3.74574   0.0387879   0.196906  3.44171 	Dead: 0
3.73306   0.0347295   0.176303  3.44171 	Dead: 0
3.7831    0.0466443   0.236788  3.44171 	Dead: 0
3.75228   0.0354011   0.179712  3.44171 	Dead: 0
3.77252   0.0410817   0.20855   3.44171 	Dead: 0
3.7306    0.0356608   0.181031  3.44171 	Dead: 0
3.75195   0.0394093   0.20006   3.44171 	Dead: 0
3.7622    0.041708    0.211729  3.44171 	Dead: 0
3.77228   0.0423716   0.215098  3.44171 	Dead: 0
3.7511    0.0401614   0.203878  3.44171 	Dead: 0
3.75716   0.0397466   0.201772  3.42696 	Dead: 0
3.7591    0.0382654   0.194253  3.42696 	Dead: 0
3.75178   0.0389422   0.197689  3.42696 	Dead: 0
3.76347   0.0468701   0.237935  3.42696 	Dead: 0
3.73458   0.0376699   0.19123   3.42696 	Dead: 0
3.75725   0.0403472   0.204821  3.42696 	Dead: 0
3.77465   0.0432756   0.219687  3.42696 	Dead: 0
3.74645   0.0362961   0.184256  3.40163 	Dead: 0
3.72678   0.035041    0.177884  3.40163 	Dead: 0
3.7638    0.0421993   0.214223  3.40163 	Dead: 0
3.75733   0.0391867   0.19893   3.40163 	Dead: 0
3.72943   0.0376241   0.190997  3.40163 	Dead: 0
3.73652   0.0378791   0.192292  3.40163 	Dead: 0
3.71865   0.0401052   0.203593  3.40163 	Dead: 0
3.71819   0.0366732   0.18617   3.40163 	Dead: 0
3.73068   0.0361762   0.183647  3.40163 	Dead: 0
3.74916   0.039707    0.201571  3.40163 	Dead: 0
3.72634   0.0380295   0.193056  3.40163 	Dead: 0
3.73353   0.037439    0.190058  3.40163 	Dead: 0
3.72569   0.0408412   0.207329  3.40163 	Dead: 0
3.74536   0.038982    0.197891  3.40163 	Dead: 0
3.71641   0.0373668   0.189691  3.40163 	Dead: 0
3.73423   0.0383798   0.194834  3.40163 	Dead: 0
3.7312    0.0418518   0.212459  3.40163 	Dead: 0
3.71982   0.040048    0.203303  3.40163 	Dead: 0
3.71217   0.0396332   0.201196  3.40163 	Dead: 0
3.7428    0.0449357   0.228115  3.40163 	Dead: 0
3.72941   0.0431932   0.219269  3.40163 	Dead: 0
3.72042   0.0411555   0.208925  3.40163 	Dead: 0
