7.48004   0.179837    0.912935  5.01342 	Dead: 0
3.75169   0.0416557   0.211464  3.43004 	Dead: 0
3.31916   0.0417598   0.211992  2.92433 	Dead: 0
3.20334   0.0497531   0.25257   2.79978 	Dead: 0
3.03329   0.0439392   0.223056  2.68867 	Dead: 0
2.93727   0.0376959   0.191362  2.53696 	Dead: 0
2.90353   0.0418419   0.212409  2.53696 	Dead: 0
2.87022   0.041527    0.21081   2.53128 	Dead: 0
2.86641   0.0479645   0.24349   2.53128 	Dead: 0
2.78944   0.0360762   0.183139  2.49591 	Dead: 0
2.8363    0.0490892   0.2492    2.49591 	Dead: 0
2.78809   0.042857    0.217562  2.49591 	Dead: 0
2.75935   0.0407872   0.207055  2.45203 	Dead: 0
2.69932   0.0379187   0.192493  2.3886  	Dead: 0
2.69416   0.0422209   0.214333  2.3222  	Dead: 0
2.65818   0.0431761   0.219182  2.3222  	Dead: 0
2.62352   0.0443685   0.225235  2.3222  	Dead: 0
2.6137    0.0517865   0.262892  2.3222  	Dead: 0
2.57465   0.0363539   0.18455   2.3222  	Dead: 0
2.56559   0.0421208   0.213825  2.13751 	Dead: 0
2.51679   0.0319616   0.162252  2.13751 	Dead: 0
2.51449   0.0476327   0.241806  2.13751 	Dead: 0
2.48725   0.032807    0.166544  2.13751 	Dead: 0
2.48903   0.0427747   0.217145  2.13751 	Dead: 0
2.46638   0.0354072   0.179743  2.13751 	Dead: 0
2.46561   0.0407486   0.206859  2.13751 	Dead: 0
2.45033   0.0334397   0.169756  2.13751 	Dead: 0
2.44701   0.035725    0.181357  2.13751 	Dead: 0
2.47227   0.0463121   0.235102  2.13751 	Dead: 0
2.47514   0.0425707   0.216109  2.13751 	Dead: 0
2.46045   0.0407521   0.206877  2.13751 	Dead: 0
2.43849   0.038016    0.192987  2.13751 	Dead: 0
2.43258   0.0376291   0.191023  2.13751 	Dead: 0
2.43002   0.0348742   0.177038  2.13751 	Dead: 0
2.46807   0.0485729   0.246579  2.13751 	Dead: 0
2.45312   0.035991    0.182707  2.13751 	Dead: 0
2.43629   0.0379111   0.192454  2.13751 	Dead: 0
2.4278    0.0347123   0.176216  2.13751 	Dead: 0
2.43629   0.0381286   0.193559  2.13751 	Dead: 0
2.43295   0.0423054   0.214762  2.13751 	Dead: 0
2.42186   0.0368919   0.187281  2.13751 	Dead: 0
2.44052   0.0442353   0.224559  2.13751 	Dead: 0
2.4465    0.0397291   0.201683  2.13751 	Dead: 0
2.42195   0.0383844   0.194857  2.13751 	Dead: 0
2.42138   0.0406999   0.206611  2.13751 	Dead: 0
2.44092   0.0445849   0.226334  2.13751 	Dead: 0
2.40698   0.0359388   0.182442  2.13751 	Dead: 0
2.40374   0.0321927   0.163425  2.13751 	Dead: 0
2.41856   0.0426366   0.216443  2.13751 	Dead: 0
2.4097    0.0389932   0.197948  2.13751 	Dead: 0
2.41803   0.0432751   0.219685  2.13751 	Dead: 0
2.40052   0.0336967   0.17106   2.13751 	Dead: 0
2.3927    0.0343169   0.174208  2.13751 	Dead: 0
2.37901   0.0324001   0.164478  2.13751 	Dead: 0
2.37688   0.0399915   0.203016  2.13348 	Dead: 0
2.36846   0.0349233   0.177287  2.13348 	Dead: 0
2.40573   0.0380673   0.193247  2.13348 	Dead: 0
2.38923   0.0391738   0.198864  2.13348 	Dead: 0
2.39048   0.0519083   0.263511  2.13348 	Dead: 0
2.39549   0.0426466   0.216494  2.13348 	Dead: 0
2.40213   0.0451522   0.229214  2.12429 	Dead: 0
2.35741   0.035293    0.179164  2.12429 	Dead: 0
2.35499   0.032626    0.165625  2.12429 	Dead: 0
2.37462   0.0459626   0.233328  2.12429 	Dead: 0
2.35533   0.0413131   0.209724  2.12429 	Dead: 0
2.36976   0.0554469   0.281475  2.12278 	Dead: 0
2.33586   0.0360326   0.182918  2.12278 	Dead: 0
2.31254   0.0375606   0.190675  2.09553 	Dead: 0
2.30505   0.0348403   0.176866  2.09553 	Dead: 0
2.33297   0.0414118   0.210226  2.08215 	Dead: 0
2.33442   0.0373297   0.189503  2.08215 	Dead: 0
2.30706   0.032201    0.163467  2.08215 	Dead: 0
2.30348   0.0314503   0.159657  2.08215 	Dead: 0
2.2938    0.0321055   0.162982  2.08215 	Dead: 0
2.341     0.040712    0.206673  2.08215 	Dead: 0
2.32491   0.0488757   0.248116  2.07358 	Dead: 0
2.30727   0.0383033   0.194446  2.07358 	Dead: 0
2.32016   0.0485174   0.246297  2.07358 	Dead: 0
2.31103   0.0372227   0.18896   2.07358 	Dead: 0
2.32254   0.04901     0.248798  2.07358 	Dead: 0
2.30185   0.0397444   0.201761  2.07358 	Dead: 0
2.30222   0.0411648   0.208972  2.06521 	Dead: 0
2.32426   0.0449145   0.228007  2.06521 	Dead: 0
2.27597   0.0362313   0.183927  2.06521 	Dead: 0
2.3051    0.0427061   0.216796  2.03864 	Dead: 0
2.28251   0.0342856   0.174049  2.03864 	Dead: 0
2.26093   0.0293353   0.148919  2.03864 	Dead: 0
2.30296   0.0423254   0.214864  2.0162  	Dead: 0
2.30912   0.0464943   0.236027  2.0162  	Dead: 0
2.27954   0.033831    0.171742  2.0162  	Dead: 0
2.30049   0.044073    0.223735  2.01456 	Dead: 0
2.26009   0.0324051   0.164503  2.01456 	Dead: 0
2.29662   0.0381898   0.193869  2.01456 	Dead: 0
2.30141   0.0423063   0.214766  2.01456 	Dead: 0
2.28209   0.0348756   0.177045  2.01456 	Dead: 0
2.28477   0.0450925   0.22891   2.01456 	Dead: 0
2.29917   0.0408946   0.2076    2.01456 	Dead: 0
2.29728   0.056917    0.288937  2.01456 	Dead: 0
2.27399   0.0426532   0.216528  2.01456 	Dead: 0
2.27381   0.0392065   0.19903   2.01456 	Dead: 0
2.27356   0.0434386   0.220514  2.01456 	Dead: 0
