0   8.66069   0.170596    0.866023  6.6268  	Dead: 0
1   5.98988   0.116848    0.593177  4.78036 	Dead: 0
2   5.53905   0.112962    0.573449  4.48297 	Dead: 0
3   5.4542    0.144302    0.732546  4.38139 	Dead: 0
4   5.2964    0.164005    0.832568  4.01765 	Dead: 0
5   5.0973    0.136789    0.694406  3.64981 	Dead: 0
6   5.01566   0.142085    0.721288  3.64981 	Dead: 0
7   5.03476   0.166385    0.844649  3.64981 	Dead: 0
8   4.90455   0.139023    0.705747  3.64981 	Dead: 0
9   4.99131   0.178941    0.908386  3.64981 	Dead: 0
10  5.01585   0.179091    0.909151  3.63016 	Dead: 0
11  4.92016   0.174726    0.886992  3.63016 	Dead: 0
12  4.94316   0.177686    0.902017  3.63016 	Dead: 0
13  4.91767   0.192274    0.976073  3.63016 	Dead: 0
14  4.77182   0.162224    0.823527  3.63016 	Dead: 0
15  4.91234   0.200958    1.02016   3.52901 	Dead: 0
16  4.77712   0.182806    0.928009  3.5     	Dead: 0
17  4.90133   0.222303    1.12851   3.41105 	Dead: 0
18  4.66823   0.177167    0.899381  3.33938 	Dead: 0
19  4.62538   0.185197    0.940149  3.33938 	Dead: 0
20  4.73505   0.213621    1.08444   3.27827 	Dead: 0
21  4.76375   0.192057    0.974972  3.27827 	Dead: 0
22  4.70755   0.206521    1.0484    3.27827 	Dead: 0
23  4.7361    0.212742    1.07998   3.27827 	Dead: 0
24  4.7546    0.207416    1.05294   3.27827 	Dead: 0
25  4.75911   0.196577    0.997916  3.27827 	Dead: 0
26  4.77823   0.211231    1.07231   3.26587 	Dead: 0
27  4.64824   0.210084    1.06648   3.26587 	Dead: 0
28  4.71936   0.215016    1.09152   3.26587 	Dead: 0
29  4.75748   0.217435    1.1038    3.26587 	Dead: 0
30  4.66846   0.20741     1.05291   3.26587 	Dead: 0
31  4.55074   0.180235    0.914958  3.26587 	Dead: 0
32  4.61812   0.205934    1.04542   3.26587 	Dead: 0
33  4.73471   0.213964    1.08618   3.26587 	Dead: 0
34  4.62323   0.207824    1.05501   3.26587 	Dead: 0
35  4.4773    0.187339    0.951018  3.26587 	Dead: 0
36  4.87016   0.233433    1.18502   3.26587 	Dead: 0
37  4.57164   0.187163    0.950128  3.26587 	Dead: 0
38  4.57666   0.204185    1.03654   3.23206 	Dead: 0
39  4.59021   0.201953    1.02521   3.23206 	Dead: 0
40  4.5969    0.205332    1.04236   3.18355 	Dead: 0
41  4.6785    0.222027    1.12711   3.18355 	Dead: 0
42  4.698     0.216018    1.09661   3.1707  	Dead: 0
43  4.54841   0.212905    1.08081   3.11852 	Dead: 0
44  4.62294   0.207077    1.05122   3.11852 	Dead: 0
45  4.58303   0.215176    1.09234   3.05967 	Dead: 0
46  4.72327   0.23329     1.18429   3.05967 	Dead: 0
47  4.62494   0.220946    1.12162   3.05967 	Dead: 0
48  4.57836   0.228398    1.15946   3.05967 	Dead: 0
49  4.50713   0.232409    1.17982   2.9344  	Dead: 0
50  4.5479    0.239112    1.21384   2.9344  	Dead: 0
51  4.58108   0.220946    1.12163   2.9344  	Dead: 0
52  4.68794   0.211373    1.07303   2.9344  	Dead: 0
53  4.59965   0.212551    1.07901   2.9344  	Dead: 0
54  4.60776   0.219965    1.11664   2.9344  	Dead: 0
55  4.55429   0.24186     1.22779   2.9344  	Dead: 0
56  4.45924   0.21418     1.08728   2.9344  	Dead: 0
57  4.58704   0.227206    1.1534    2.9344  	Dead: 0
58  4.54175   0.2354      1.195     2.9344  	Dead: 0
59  4.48645   0.212764    1.08009   2.9344  	Dead: 0
60  4.41931   0.219117    1.11234   2.9344  	Dead: 0
61  4.51851   0.224758    1.14098   2.9344  	Dead: 0
62  4.51492   0.227451    1.15465   2.9344  	Dead: 0
63  4.6437    0.223728    1.13575   2.9344  	Dead: 0
64  4.52595   0.223685    1.13553   2.9344  	Dead: 0
65  4.55363   0.222788    1.13097   2.9344  	Dead: 0
66  4.52744   0.229047    1.16275   2.9344  	Dead: 0
67  4.40005   0.189914    0.964092  2.9344  	Dead: 0
68  4.5562    0.229928    1.16722   2.9344  	Dead: 0
69  4.56926   0.231925    1.17736   2.9344  	Dead: 0
70  4.56524   0.223532    1.13475   2.9344  	Dead: 0
71  4.63191   0.232309    1.17931   2.9344  	Dead: 0
72  4.45032   0.2132      1.0823    2.9344  	Dead: 0
73  4.47858   0.234607    1.19097   2.9344  	Dead: 0
74  4.54281   0.234151    1.18866   2.9344  	Dead: 0
75  4.56634   0.220943    1.12161   2.84241 	Dead: 0
76  4.53803   0.22252     1.12962   2.84241 	Dead: 0
77  4.51768   0.216592    1.09952   2.84241 	Dead: 0
78  4.52987   0.240522    1.221     2.84241 	Dead: 0
79  4.43799   0.238085    1.20863   2.84241 	Dead: 0
80  4.46821   0.216216    1.09761   2.84241 	Dead: 0
81  4.54268   0.212053    1.07648   2.84241 	Dead: 0
82  4.51291   0.23146     1.175     2.84241 	Dead: 0
83  4.63856   0.228792    1.16146   2.84241 	Dead: 0
84  4.43978   0.200446    1.01755   2.84241 	Dead: 0
85  4.57869   0.22773     1.15606   2.84241 	Dead: 0
86  4.59618   0.253329    1.28602   2.84241 	Dead: 0
87  4.42861   0.220975    1.12177   2.84241 	Dead: 0
88  4.47512   0.220982    1.12181   2.84241 	Dead: 0
89  4.50941   0.217301    1.10312   2.84241 	Dead: 0
90  4.50604   0.244785    1.24264   2.84241 	Dead: 0
91  4.6106    0.2217      1.12545   2.84241 	Dead: 0
92  4.62536   0.23956     1.21612   2.84241 	Dead: 0
93  4.48521   0.227757    1.1562    2.84241 	Dead: 0
94  4.57893   0.238991    1.21323   2.84241 	Dead: 0
95  4.43791   0.238744    1.21198   2.84241 	Dead: 0
96  4.45958   0.223663    1.13542   2.84241 	Dead: 0
97  4.5387    0.242718    1.23215   2.84241 	Dead: 0
98  4.51771   0.234968    1.19281   2.84241 	Dead: 0
99  4.37093   0.231367    1.17453   2.84241 	Dead: 0
100 4.52868   0.223697    1.13559   2.84241 	Dead: 0
