5.92143   0.117011    0.594002  4.70711 	Dead: 0
4.48793   0.0527517   0.267792  4.07366 	Dead: 0
4.11589   0.0600409   0.304796  3.61661 	Dead: 0
3.9983    0.0524014   0.266014  3.49476 	Dead: 0
3.99483   0.0748093   0.379767  3.46462 	Dead: 0
3.90292   0.0608731   0.30902   3.46462 	Dead: 0
3.93396   0.0677593   0.343978  3.46462 	Dead: 0
3.81965   0.0549949   0.27918   3.34954 	Dead: 0
3.88618   0.0684342   0.347404  3.34954 	Dead: 0
3.79614   0.064838    0.329148  3.34954 	Dead: 0
3.81906   0.0584861   0.296903  3.34954 	Dead: 0
3.76962   0.061195    0.310654  3.25331 	Dead: 0
3.80159   0.0714818   0.362875  3.25331 	Dead: 0
3.78018   0.0665503   0.33784   3.25331 	Dead: 0
3.71599   0.0603214   0.30622   3.25331 	Dead: 0
3.75993   0.0686285   0.34839   3.14853 	Dead: 0
3.68748   0.0576617   0.292718  3.14853 	Dead: 0
3.67421   0.0562108   0.285352  3.14853 	Dead: 0
3.69069   0.0632015   0.320841  3.08132 	Dead: 0
3.69957   0.0677699   0.344031  3.08132 	Dead: 0
3.69647   0.0694085   0.35235   3.08132 	Dead: 0
3.67259   0.0650141   0.330042  3.08132 	Dead: 0
3.67063   0.0687474   0.348994  3.04987 	Dead: 0
3.68701   0.0798157   0.405182  3.04987 	Dead: 0
3.62997   0.0660519   0.33531   3.04987 	Dead: 0
3.63365   0.0653702   0.33185   3.04987 	Dead: 0
3.64824   0.0698798   0.354742  3.04987 	Dead: 0
3.65381   0.0801153   0.406702  3.04987 	Dead: 0
3.59194   0.0640602   0.325199  3.04987 	Dead: 0
3.58261   0.0599914   0.304544  3.04987 	Dead: 0
3.6423    0.077284    0.39233   3.04987 	Dead: 0
3.58629   0.061599    0.312705  3.04987 	Dead: 0
3.62489   0.0671595   0.340933  3.04987 	Dead: 0
3.62915   0.0681475   0.345948  3.04987 	Dead: 0
3.57597   0.05896     0.299309  3.04987 	Dead: 0
3.63034   0.0690293   0.350425  3.04987 	Dead: 0
3.64045   0.0737288   0.374282  3.04987 	Dead: 0
3.68169   0.0747518   0.379475  3.04987 	Dead: 0
3.65071   0.0692182   0.351384  3.04987 	Dead: 0
3.60939   0.0672432   0.341358  3.04987 	Dead: 0
3.58935   0.0643625   0.326734  3.04987 	Dead: 0
3.64362   0.0849774   0.431385  3.04987 	Dead: 0
3.59028   0.0604503   0.306874  3.04987 	Dead: 0
3.65434   0.072622    0.368663  3.04987 	Dead: 0
3.56642   0.0657921   0.333991  3.04987 	Dead: 0
3.57113   0.0601423   0.30531   3.04987 	Dead: 0
3.63638   0.0702328   0.356534  3.04987 	Dead: 0
3.61618   0.0696472   0.353562  3.04987 	Dead: 0
3.60937   0.0717185   0.364077  3.04987 	Dead: 0
3.5883    0.0600741   0.304964  3.04987 	Dead: 0
3.65008   0.0741571   0.376456  3.04987 	Dead: 0
3.62374   0.0805772   0.409048  2.99839 	Dead: 0
3.64149   0.0718237   0.364611  2.99839 	Dead: 0
3.59075   0.0703184   0.356969  2.99839 	Dead: 0
3.57698   0.0653409   0.331701  2.99839 	Dead: 0
3.55882   0.0650443   0.330195  2.99839 	Dead: 0
3.57527   0.0714487   0.362707  2.99839 	Dead: 0
3.57985   0.067392    0.342113  2.99839 	Dead: 0
3.60793   0.0687012   0.34876   2.99839 	Dead: 0
3.52935   0.0627079   0.318334  2.99839 	Dead: 0
3.59785   0.0741247   0.376292  2.99839 	Dead: 0
3.56855   0.0701424   0.356075  2.99839 	Dead: 0
3.54624   0.0652235   0.331105  2.99839 	Dead: 0
3.57607   0.0690964   0.350766  2.99839 	Dead: 0
3.53478   0.0624858   0.317207  2.99839 	Dead: 0
3.5652    0.0654817   0.332415  2.99839 	Dead: 0
3.59456   0.0798626   0.40542   2.99839 	Dead: 0
3.54937   0.0664958   0.337564  2.99839 	Dead: 0
3.52753   0.0616749   0.313091  2.99839 	Dead: 0
3.55679   0.0714812   0.362872  2.99839 	Dead: 0
3.54064   0.0795389   0.403777  2.99839 	Dead: 0
3.56188   0.068219    0.346311  2.99839 	Dead: 0
3.57121   0.0754653   0.383097  2.99839 	Dead: 0
3.56664   0.0665636   0.337908  2.99839 	Dead: 0
3.55422   0.0654143   0.332074  2.99839 	Dead: 0
3.55279   0.0729631   0.370395  2.99839 	Dead: 0
3.53776   0.0636198   0.322964  2.99839 	Dead: 0
3.53792   0.0682079   0.346255  2.99839 	Dead: 0
3.57792   0.0701461   0.356094  2.99839 	Dead: 0
3.61102   0.0800968   0.406609  2.99839 	Dead: 0
3.57321   0.0725362   0.368227  2.99839 	Dead: 0
3.50356   0.0600542   0.304863  2.99839 	Dead: 0
3.58508   0.07648     0.388248  2.99839 	Dead: 0
3.55875   0.0776176   0.394023  2.99839 	Dead: 0
3.54112   0.0653194   0.331592  2.99839 	Dead: 0
3.56689   0.0739224   0.375265  2.99839 	Dead: 0
3.55045   0.078602    0.399021  2.99839 	Dead: 0
3.52237   0.0636797   0.323268  2.99839 	Dead: 0
3.48992   0.0633336   0.321511  2.99839 	Dead: 0
3.54828   0.0746203   0.378807  2.99839 	Dead: 0
3.52327   0.0692127   0.351356  2.99839 	Dead: 0
3.50367   0.0658005   0.334034  2.99839 	Dead: 0
3.57549   0.0713093   0.361999  2.99839 	Dead: 0
3.53068   0.0704199   0.357484  2.98835 	Dead: 0
3.53972   0.0722844   0.36695   2.98835 	Dead: 0
3.5426    0.0639566   0.324674  2.98835 	Dead: 0
3.48924   0.0671661   0.340966  2.98835 	Dead: 0
3.50886   0.0774735   0.393292  2.82987 	Dead: 0
3.44677   0.0596427   0.302774  2.82987 	Dead: 0
3.45684   0.0617005   0.31322   2.82987 	Dead: 0
3.50895   0.0767417   0.389576  2.82987 	Dead: 0
