7.66953   0.0438655   0.222682  7.15858 	Dead: 0
6.8403    0.0307344   0.156022  6.53024 	Dead: 0
6.72888   0.0350875   0.178121  6.40849 	Dead: 0
6.67636   0.036718    0.186398  6.39694 	Dead: 0
6.63647   0.0379801   0.192805  6.35204 	Dead: 0
6.66457   0.0411876   0.209088  6.35204 	Dead: 0
6.63522   0.0403022   0.204593  6.31874 	Dead: 0
6.64909   0.0431754   0.219179  6.31874 	Dead: 0
6.62537   0.039363    0.199825  6.2167  	Dead: 0
6.58903   0.0377405   0.191589  6.2167  	Dead: 0
6.59691   0.046923    0.238203  6.17742 	Dead: 0
6.55522   0.041919    0.2128    6.17742 	Dead: 0
6.54997   0.0462239   0.234654  6.17742 	Dead: 0
6.51992   0.0409123   0.20769   6.06194 	Dead: 0
6.50582   0.047252    0.239873  6.06194 	Dead: 0
6.4738    0.044246    0.224613  6.06194 	Dead: 0
6.5084    0.0451077   0.228988  6.06194 	Dead: 0
6.48428   0.0429167   0.217865  6.06194 	Dead: 0
6.48768   0.048508    0.246249  6.06194 	Dead: 0
6.47991   0.0475556   0.241414  6.06194 	Dead: 0
6.45848   0.0461366   0.234211  6.06194 	Dead: 0
6.46145   0.0495642   0.251611  6.06194 	Dead: 0
6.44749   0.0440711   0.223725  6.06194 	Dead: 0
6.44492   0.0458547   0.23278   6.06194 	Dead: 0
6.44673   0.0461877   0.23447   6.06194 	Dead: 0
6.44644   0.0480103   0.243723  6.06194 	Dead: 0
6.4522    0.0507384   0.257572  6.06194 	Dead: 0
6.45328   0.0507557   0.25766   6.06194 	Dead: 0
6.45387   0.0515054   0.261465  6.04021 	Dead: 0
6.40491   0.0440159   0.223445  6.04021 	Dead: 0
6.37584   0.0420717   0.213575  6.04021 	Dead: 0
6.43559   0.0507106   0.257431  6.04021 	Dead: 0
6.43841   0.0478198   0.242756  6.04021 	Dead: 0
6.42993   0.0478084   0.242698  6.04021 	Dead: 0
6.42979   0.0501882   0.254779  6.0095  	Dead: 0
6.42393   0.0462459   0.234766  6.0095  	Dead: 0
6.4078    0.0525587   0.266812  6.0095  	Dead: 0
6.37338   0.0436321   0.221497  6.00285 	Dead: 0
6.38994   0.0497055   0.252328  6.00285 	Dead: 0
6.39199   0.0441696   0.224225  6.00285 	Dead: 0
6.39566   0.0510915   0.259364  6.00285 	Dead: 0
6.37823   0.0434253   0.220447  6.00285 	Dead: 0
6.37049   0.0455557   0.231262  6.00285 	Dead: 0
6.37955   0.04794     0.243366  6.00285 	Dead: 0
6.38906   0.0469059   0.238116  6.00285 	Dead: 0
6.37713   0.0445617   0.226216  6.00285 	Dead: 0
6.33729   0.0465423   0.23627   6.00285 	Dead: 0
6.34315   0.0435854   0.22126   6.00285 	Dead: 0
6.37482   0.0474784   0.241022  6.00285 	Dead: 0
6.35738   0.0484269   0.245838  6.00285 	Dead: 0
6.33727   0.0504473   0.256094  5.9391  	Dead: 0
6.36391   0.0473996   0.240623  5.9391  	Dead: 0
6.32366   0.0489316   0.248399  5.92531 	Dead: 0
6.32123   0.044932    0.228096  5.92531 	Dead: 0
6.34044   0.0469198   0.238187  5.92531 	Dead: 0
6.33939   0.0496736   0.252166  5.92531 	Dead: 0
6.35002   0.0545855   0.277102  5.91566 	Dead: 0
6.31289   0.0484728   0.246071  5.85242 	Dead: 0
6.33111   0.052307    0.265535  5.85242 	Dead: 0
6.31707   0.0500737   0.254198  5.85242 	Dead: 0
6.29982   0.0504547   0.256131  5.85242 	Dead: 0
6.30978   0.0511398   0.25961   5.85242 	Dead: 0
6.30101   0.0491043   0.249276  5.85242 	Dead: 0
6.27611   0.0444239   0.225516  5.85242 	Dead: 0
6.28873   0.0458689   0.232852  5.85242 	Dead: 0
6.28403   0.050105    0.254356  5.85242 	Dead: 0
6.288     0.0499874   0.25376   5.85242 	Dead: 0
6.30471   0.0524034   0.266024  5.85242 	Dead: 0
6.29721   0.0544204   0.276263  5.85242 	Dead: 0
6.32953   0.0519391   0.263667  5.85242 	Dead: 0
6.29303   0.0537106   0.27266   5.85242 	Dead: 0
6.26762   0.053313    0.270642  5.85242 	Dead: 0
6.27908   0.0509642   0.258718  5.85242 	Dead: 0
6.26556   0.0509561   0.258677  5.85242 	Dead: 0
6.28228   0.0482749   0.245066  5.85242 	Dead: 0
6.30354   0.0534265   0.271218  5.85242 	Dead: 0
6.29263   0.0523422   0.265713  5.85242 	Dead: 0
6.28985   0.0478849   0.243086  5.85242 	Dead: 0
6.2761    0.0472113   0.239667  5.85242 	Dead: 0
6.28368   0.0470384   0.238789  5.85242 	Dead: 0
6.29357   0.051794    0.262931  5.85242 	Dead: 0
6.27511   0.0464754   0.235931  5.85242 	Dead: 0
6.26932   0.0521238   0.264605  5.85118 	Dead: 0
6.26737   0.051496    0.261418  5.85118 	Dead: 0
6.28626   0.0539559   0.273905  5.85118 	Dead: 0
6.29317   0.0477826   0.242567  5.85118 	Dead: 0
6.28051   0.0516433   0.262165  5.85118 	Dead: 0
6.27049   0.0498227   0.252923  5.85118 	Dead: 0
6.29601   0.0506833   0.257292  5.85118 	Dead: 0
6.31735   0.0573942   0.29136   5.85118 	Dead: 0
6.25304   0.046858    0.237873  5.85118 	Dead: 0
6.24729   0.0507202   0.257479  5.85118 	Dead: 0
6.24777   0.0484951   0.246184  5.85118 	Dead: 0
6.23679   0.0488498   0.247984  5.85118 	Dead: 0
6.26363   0.052227    0.265129  5.85118 	Dead: 0
6.25744   0.049841    0.253016  5.85118 	Dead: 0
6.22323   0.0441605   0.224179  5.83874 	Dead: 0
6.28634   0.0527459   0.267763  5.83874 	Dead: 0
6.26436   0.0536949   0.27258   5.82522 	Dead: 0
6.26244   0.0520752   0.264358  5.82522 	Dead: 0
6.21984   0.0456433   0.231707  5.82522 	Dead: 0
