0   7.93413   0.124853    0.633813  6.73515 	Dead: 0
1   5.39557   0.0591664   0.300356  4.82932 	Dead: 0
2   5.2662    0.0674098   0.342204  4.69899 	Dead: 0
3   5.10664   0.0603074   0.306148  4.64453 	Dead: 0
4   5.02823   0.0515032   0.261454  4.64238 	Dead: 0
5   4.73678   0.0553404   0.280934  4.28991 	Dead: 0
6   4.66114   0.0672643   0.341465  4.18323 	Dead: 0
7   4.62122   0.0798629   0.405421  4.09858 	Dead: 0
8   4.58534   0.0738344   0.374818  4.09858 	Dead: 0
9   4.51158   0.073533    0.373288  4.01712 	Dead: 0
10  4.4854    0.0674863   0.342592  3.93455 	Dead: 0
11  4.4145    0.0727604   0.369366  3.92413 	Dead: 0
12  4.39506   0.0734959   0.373099  3.81552 	Dead: 0
13  4.36698   0.0737756   0.37452   3.81552 	Dead: 0
14  4.33755   0.0711247   0.361062  3.81552 	Dead: 0
15  4.35279   0.0745735   0.37857   3.81552 	Dead: 0
16  4.31985   0.0777851   0.394873  3.81552 	Dead: 0
17  4.33539   0.0808765   0.410567  3.78559 	Dead: 0
18  4.32522   0.0751486   0.381489  3.78559 	Dead: 0
19  4.32192   0.0834447   0.423604  3.78559 	Dead: 0
20  4.35985   0.0874923   0.444151  3.78559 	Dead: 0
21  4.286     0.0793813   0.402977  3.78559 	Dead: 0
22  4.30169   0.0868539   0.440911  3.71591 	Dead: 0
23  4.23538   0.0648586   0.329253  3.71591 	Dead: 0
24  4.27522   0.0873367   0.443362  3.71591 	Dead: 0
25  4.2697    0.0813551   0.412996  3.71591 	Dead: 0
26  4.32769   0.0970105   0.492471  3.70172 	Dead: 0
27  4.27435   0.0815479   0.413975  3.62911 	Dead: 0
28  4.28953   0.0813062   0.412748  3.62911 	Dead: 0
29  4.25319   0.0807943   0.410149  3.62911 	Dead: 0
30  4.20249   0.0813082   0.412758  3.55211 	Dead: 0
31  4.2487    0.0911179   0.462557  3.55211 	Dead: 0
32  4.24793   0.0887089   0.450328  3.55211 	Dead: 0
33  4.28569   0.0992234   0.503704  3.55211 	Dead: 0
34  4.24215   0.0995377   0.5053    3.55211 	Dead: 0
35  4.19608   0.0846578   0.429763  3.55211 	Dead: 0
36  4.25689   0.0945092   0.479773  3.55211 	Dead: 0
37  4.16694   0.0854749   0.433911  3.55211 	Dead: 0
38  4.19954   0.0948467   0.481486  3.55211 	Dead: 0
39  4.25551   0.0933516   0.473896  3.55211 	Dead: 0
40  4.20315   0.0982769   0.498899  3.55211 	Dead: 0
41  4.1747    0.0905829   0.459841  3.55211 	Dead: 0
42  4.14687   0.090696    0.460415  3.55211 	Dead: 0
43  4.17547   0.0920702   0.467391  3.55211 	Dead: 0
44  4.18267   0.0938263   0.476306  3.55211 	Dead: 0
45  4.17644   0.0885053   0.449294  3.55211 	Dead: 0
46  4.2569    0.111141    0.564206  3.52067 	Dead: 0
47  4.1435    0.100585    0.510616  3.52067 	Dead: 0
48  4.19276   0.0977429   0.496189  3.52067 	Dead: 0
49  4.21309   0.100403    0.509691  3.52067 	Dead: 0
50  4.14822   0.0854151   0.433607  3.52067 	Dead: 0
51  4.14158   0.0928666   0.471434  3.50398 	Dead: 0
52  4.14472   0.100729    0.511345  3.50398 	Dead: 0
53  4.15462   0.0918432   0.466239  3.50398 	Dead: 0
54  4.22901   0.104685    0.53143   3.40276 	Dead: 0
55  4.15564   0.0981836   0.498426  3.40276 	Dead: 0
56  4.14939   0.0963183   0.488957  3.40276 	Dead: 0
57  4.13256   0.0993085   0.504136  3.40276 	Dead: 0
58  4.11041   0.0966607   0.490695  3.40276 	Dead: 0
59  4.14084   0.0969076   0.491948  3.40276 	Dead: 0
60  4.18792   0.105362    0.534868  3.40276 	Dead: 0
61  4.13736   0.10152     0.515364  3.40276 	Dead: 0
62  4.11027   0.0884658   0.449094  3.40276 	Dead: 0
63  4.16429   0.103274    0.524268  3.40276 	Dead: 0
64  4.07092   0.0976537   0.495736  3.37743 	Dead: 0
65  4.08522   0.0929534   0.471875  3.37743 	Dead: 0
66  4.1173    0.101269    0.514091  3.37743 	Dead: 0
67  4.05128   0.0879645   0.446549  3.37743 	Dead: 0
68  4.11192   0.105788    0.53703   3.37743 	Dead: 0
69  4.08887   0.0956381   0.485504  3.37743 	Dead: 0
70  4.04708   0.079184    0.401975  3.37743 	Dead: 0
71  4.08922   0.0927419   0.470801  3.37743 	Dead: 0
72  4.08202   0.094826    0.481381  3.37743 	Dead: 0
73  4.08543   0.0964324   0.489536  3.37743 	Dead: 0
74  4.11759   0.0998557   0.506914  3.37743 	Dead: 0
75  4.06432   0.100554    0.510457  3.37743 	Dead: 0
76  4.1033    0.0966726   0.490755  3.37743 	Dead: 0
77  4.11626   0.102205    0.518842  3.37743 	Dead: 0
78  4.03766   0.0950825   0.482683  3.37743 	Dead: 0
79  4.09068   0.105521    0.535675  3.37743 	Dead: 0
80  4.03667   0.0903058   0.458434  3.37743 	Dead: 0
81  4.05398   0.106739    0.541856  3.37743 	Dead: 0
82  4.01656   0.0977012   0.495977  3.37743 	Dead: 0
83  4.02961   0.0950688   0.482614  3.37743 	Dead: 0
84  3.99298   0.100006    0.507677  3.32213 	Dead: 0
85  4.0408    0.0961606   0.488156  3.32213 	Dead: 0
86  4.0446    0.0969737   0.492284  3.32213 	Dead: 0
87  3.98065   0.0909603   0.461757  3.32213 	Dead: 0
88  3.99928   0.102043    0.518018  3.32213 	Dead: 0
89  4.01104   0.1009      0.512218  3.32213 	Dead: 0
90  4.05318   0.0992975   0.504081  3.32213 	Dead: 0
91  3.99103   0.0955267   0.484938  3.32213 	Dead: 0
92  3.99227   0.0963279   0.489005  3.32213 	Dead: 0
93  4.00854   0.0990431   0.502789  3.32213 	Dead: 0
94  4.05415   0.0986302   0.500693  3.32213 	Dead: 0
95  3.94535   0.0893175   0.453417  3.32213 	Dead: 0
96  4.03617   0.103374    0.524773  3.32213 	Dead: 0
97  4.00898   0.0988317   0.501716  3.32213 	Dead: 0
98  4.0153    0.10453     0.530642  3.32213 	Dead: 0
99  3.9131    0.0919021   0.466538  3.32213 	Dead: 0
100 4.00475   0.0980718   0.497858  3.32213 	Dead: 0
