5.95428   0.137544    0.698238  4.9315  	Dead: 0
4.81945   0.0625225   0.317393  4.29422 	Dead: 0
4.70609   0.071181    0.361348  4.1596  	Dead: 0
4.627     0.0689563   0.350054  4.09729 	Dead: 0
4.49276   0.0515373   0.261627  4.01516 	Dead: 0
4.47085   0.0570004   0.28936   3.98717 	Dead: 0
4.51354   0.0685027   0.347752  3.92775 	Dead: 0
4.4704    0.0619816   0.314648  3.90857 	Dead: 0
4.52458   0.0759853   0.385737  3.90857 	Dead: 0
4.41014   0.0563072   0.285841  3.90857 	Dead: 0
4.47429   0.0660374   0.335237  3.90857 	Dead: 0
4.44113   0.0629633   0.319631  3.90857 	Dead: 0
4.45212   0.0680357   0.345381  3.90857 	Dead: 0
4.44507   0.0749165   0.380311  3.90857 	Dead: 0
4.45078   0.0737306   0.374291  3.89246 	Dead: 0
4.42017   0.0686404   0.348451  3.89246 	Dead: 0
4.45173   0.070711    0.358962  3.89246 	Dead: 0
4.46171   0.0650045   0.329993  3.89246 	Dead: 0
4.40257   0.0613919   0.311654  3.89246 	Dead: 0
4.42298   0.0645186   0.327527  3.89246 	Dead: 0
4.44587   0.0678014   0.344191  3.89246 	Dead: 0
4.4627    0.072039    0.365703  3.89246 	Dead: 0
4.41556   0.0671136   0.3407    3.89246 	Dead: 0
4.38992   0.0651187   0.330573  3.89246 	Dead: 0
4.42295   0.075849    0.385045  3.89246 	Dead: 0
4.37757   0.0656791   0.333418  3.89246 	Dead: 0
4.36384   0.0625028   0.317293  3.89246 	Dead: 0
4.40718   0.0694466   0.352543  3.89246 	Dead: 0
4.42109   0.0735805   0.373529  3.89246 	Dead: 0
4.43132   0.0741502   0.376421  3.81717 	Dead: 0
4.40655   0.0666942   0.338571  3.81717 	Dead: 0
4.41374   0.0650881   0.330417  3.81717 	Dead: 0
4.39712   0.0610036   0.309683  3.81717 	Dead: 0
4.41761   0.0713268   0.362088  3.81717 	Dead: 0
4.37011   0.0725242   0.368167  3.81717 	Dead: 0
4.37961   0.0601069   0.305131  3.81717 	Dead: 0
4.37339   0.0677826   0.344096  3.81717 	Dead: 0
4.40059   0.07974     0.404797  3.81717 	Dead: 0
4.35161   0.0681543   0.345983  3.81717 	Dead: 0
4.42106   0.0767364   0.38955   3.81717 	Dead: 0
4.38241   0.0642305   0.326064  3.81717 	Dead: 0
4.36143   0.0656167   0.333101  3.81717 	Dead: 0
4.34892   0.0606226   0.307748  3.81717 	Dead: 0
4.38246   0.0720047   0.365529  3.81717 	Dead: 0
4.40844   0.0757854   0.384722  3.81717 	Dead: 0
4.36838   0.0725868   0.368484  3.81717 	Dead: 0
4.37137   0.0743615   0.377494  3.79155 	Dead: 0
4.34941   0.071802    0.3645    3.79155 	Dead: 0
4.36927   0.0720441   0.36573   3.79155 	Dead: 0
4.33728   0.0708643   0.35974   3.73312 	Dead: 0
4.37117   0.0779727   0.395826  3.69408 	Dead: 0
4.30153   0.0675063   0.342693  3.69408 	Dead: 0
4.35587   0.0838188   0.425503  3.69408 	Dead: 0
4.32728   0.0766597   0.38916   3.69408 	Dead: 0
4.30159   0.0690182   0.350368  3.69408 	Dead: 0
4.34612   0.0822375   0.417476  3.69408 	Dead: 0
4.29618   0.0734274   0.372752  3.69408 	Dead: 0
4.31915   0.0745636   0.378519  3.69408 	Dead: 0
4.31933   0.071899    0.364993  3.69408 	Dead: 0
4.3259    0.0748515   0.379981  3.69408 	Dead: 0
4.33174   0.0814942   0.413702  3.69408 	Dead: 0
4.33092   0.0762698   0.387181  3.69408 	Dead: 0
4.33095   0.0762949   0.387309  3.69408 	Dead: 0
4.28821   0.0699905   0.355305  3.69408 	Dead: 0
4.28907   0.0739801   0.375557  3.69408 	Dead: 0
4.31158   0.0761952   0.386803  3.69408 	Dead: 0
4.29175   0.0675669   0.343001  3.69408 	Dead: 0
4.32732   0.0710362   0.360613  3.69408 	Dead: 0
4.33264   0.0749641   0.380553  3.69408 	Dead: 0
4.33446   0.0798982   0.4056    3.69408 	Dead: 0
4.2634    0.0678224   0.344298  3.69408 	Dead: 0
4.28859   0.0728824   0.369985  3.69408 	Dead: 0
4.28635   0.0707662   0.359242  3.69408 	Dead: 0
4.27622   0.0763011   0.38734   3.69408 	Dead: 0
4.26813   0.0650136   0.33004   3.69408 	Dead: 0
4.31995   0.077002    0.390898  3.69408 	Dead: 0
4.35493   0.0824441   0.418525  3.69408 	Dead: 0
4.31009   0.0751204   0.381346  3.69408 	Dead: 0
4.25722   0.0756454   0.384011  3.69408 	Dead: 0
4.32948   0.0787431   0.399737  3.69408 	Dead: 0
4.3404    0.0851912   0.43247   3.69408 	Dead: 0
4.26634   0.0737092   0.374182  3.69408 	Dead: 0
4.27476   0.0691773   0.351176  3.69408 	Dead: 0
4.26345   0.0732055   0.371625  3.69408 	Dead: 0
4.30616   0.0816122   0.414301  3.69408 	Dead: 0
4.27949   0.0739463   0.375386  3.69408 	Dead: 0
4.32294   0.0841057   0.42696   3.69408 	Dead: 0
4.24916   0.0749902   0.380685  3.69408 	Dead: 0
4.2737    0.0783281   0.39763   3.69408 	Dead: 0
4.25989   0.0788669   0.400365  3.69408 	Dead: 0
4.28082   0.0791633   0.40187   3.69408 	Dead: 0
4.32468   0.0748741   0.380096  3.69408 	Dead: 0
4.27079   0.066916    0.339697  3.69408 	Dead: 0
4.28581   0.0775897   0.393882  3.69408 	Dead: 0
4.27157   0.0705915   0.358356  3.67902 	Dead: 0
4.23859   0.0673249   0.341773  3.67902 	Dead: 0
4.30713   0.0783886   0.397937  3.67902 	Dead: 0
4.2988    0.0724112   0.367593  3.67902 	Dead: 0
4.24586   0.065744    0.333747  3.67902 	Dead: 0
4.25969   0.0735297   0.373271  3.67902 	Dead: 0
4.30707   0.0747855   0.379646  3.67902 	Dead: 0
