6.53924   0.111825    0.567674  5.12843 	Dead: 0
4.5909    0.0603675   0.306454  3.89896 	Dead: 0
4.28978   0.0481632   0.244499  3.88695 	Dead: 0
4.25916   0.0630201   0.319919  3.77515 	Dead: 0
4.10574   0.052666    0.267357  3.68919 	Dead: 0
4.1014    0.0525192   0.266612  3.64083 	Dead: 0
4.03335   0.0490064   0.248779  3.64083 	Dead: 0
4.0336    0.0612062   0.310711  3.6248  	Dead: 0
4.03987   0.0632378   0.321025  3.59302 	Dead: 0
3.98831   0.0622817   0.316171  3.55282 	Dead: 0
4.02665   0.0636537   0.323136  3.55282 	Dead: 0
3.99247   0.0556461   0.282485  3.55282 	Dead: 0
3.96886   0.0585338   0.297145  3.55282 	Dead: 0
3.97174   0.0569975   0.289346  3.54753 	Dead: 0
3.97935   0.0569841   0.289278  3.54753 	Dead: 0
3.96412   0.0587015   0.297996  3.54339 	Dead: 0
3.96754   0.061457    0.311985  3.46936 	Dead: 0
3.92786   0.0581349   0.29512   3.46936 	Dead: 0
3.96106   0.062909    0.319355  3.46936 	Dead: 0
3.95789   0.0672626   0.341457  3.46936 	Dead: 0
3.9603    0.0627964   0.318784  3.46936 	Dead: 0
3.95776   0.0683381   0.346916  3.44888 	Dead: 0
3.92355   0.0588127   0.298561  3.44888 	Dead: 0
3.92368   0.061121    0.310279  3.44888 	Dead: 0
3.91128   0.0583097   0.296007  3.41694 	Dead: 0
3.94019   0.0679336   0.344863  3.41694 	Dead: 0
3.93913   0.0615245   0.312327  3.41694 	Dead: 0
3.98469   0.070107    0.355896  3.41694 	Dead: 0
3.89809   0.0628243   0.318926  3.41694 	Dead: 0
3.88881   0.0595665   0.302387  3.41694 	Dead: 0
3.89476   0.058124    0.295065  3.41694 	Dead: 0
3.8366    0.0575117   0.291956  3.41694 	Dead: 0
3.90249   0.0674648   0.342483  3.41694 	Dead: 0
3.88732   0.0611902   0.31063   3.41694 	Dead: 0
3.86043   0.0653451   0.331722  3.37032 	Dead: 0
3.83032   0.0581002   0.294944  3.37032 	Dead: 0
3.85528   0.0688607   0.349569  3.37032 	Dead: 0
3.82618   0.0647742   0.328824  3.37032 	Dead: 0
3.83787   0.0643897   0.326872  3.3511  	Dead: 0
3.85084   0.0686118   0.348306  3.27364 	Dead: 0
3.8239    0.063137    0.320513  3.27364 	Dead: 0
3.78811   0.0569545   0.289127  3.27364 	Dead: 0
3.80353   0.059692    0.303025  3.27364 	Dead: 0
3.76347   0.0514056   0.260959  3.27364 	Dead: 0
3.80667   0.0633742   0.321717  3.27364 	Dead: 0
3.77387   0.0579345   0.294102  3.27364 	Dead: 0
3.80492   0.0698433   0.354557  3.27364 	Dead: 0
3.82969   0.0737843   0.374563  3.27364 	Dead: 0
3.79321   0.0646571   0.32823   3.27364 	Dead: 0
3.78882   0.059075    0.299892  3.27364 	Dead: 0
3.79644   0.0605221   0.307238  3.27364 	Dead: 0
3.82515   0.0624888   0.317222  3.27364 	Dead: 0
3.79459   0.0595517   0.302312  3.27364 	Dead: 0
3.82823   0.0670331   0.340291  3.27364 	Dead: 0
3.79124   0.0632879   0.321279  3.27364 	Dead: 0
3.7521    0.0578464   0.293655  3.27364 	Dead: 0
3.75054   0.0609638   0.309481  3.24846 	Dead: 0
3.74382   0.0649406   0.329669  3.24846 	Dead: 0
3.74491   0.0664305   0.337232  3.24846 	Dead: 0
3.71842   0.0587091   0.298035  3.24846 	Dead: 0
3.71403   0.0602501   0.305858  3.24846 	Dead: 0
3.72401   0.0557648   0.283088  3.24846 	Dead: 0
3.70739   0.0531795   0.269964  3.24846 	Dead: 0
3.77261   0.0640858   0.32533   3.24846 	Dead: 0
3.74465   0.06648     0.337483  3.24846 	Dead: 0
3.73748   0.0603644   0.306438  3.24846 	Dead: 0
3.76477   0.0623643   0.31659   3.24846 	Dead: 0
3.70091   0.0554628   0.281555  3.19989 	Dead: 0
3.7023    0.0559559   0.284058  3.19989 	Dead: 0
3.72368   0.0611347   0.310348  3.19989 	Dead: 0
3.72706   0.066668    0.338438  3.19989 	Dead: 0
3.71295   0.0575475   0.292138  3.19989 	Dead: 0
3.7459    0.0637676   0.323714  3.19989 	Dead: 0
3.77508   0.0676133   0.343237  3.19989 	Dead: 0
3.73154   0.061964    0.314558  3.19989 	Dead: 0
3.754     0.0684219   0.347341  3.19989 	Dead: 0
3.70374   0.0586977   0.297977  3.19989 	Dead: 0
3.72863   0.0614644   0.312022  3.19989 	Dead: 0
3.74549   0.0671414   0.340841  3.19989 	Dead: 0
3.7173    0.0632078   0.320872  3.19989 	Dead: 0
3.74349   0.0631493   0.320575  3.19989 	Dead: 0
3.74245   0.0614578   0.311988  3.19989 	Dead: 0
3.74272   0.0582472   0.29569   3.19989 	Dead: 0
3.75878   0.0652273   0.331124  3.19989 	Dead: 0
3.72786   0.0633277   0.321481  3.19989 	Dead: 0
3.72848   0.0611575   0.310464  3.19989 	Dead: 0
3.69663   0.0550092   0.279252  3.19989 	Dead: 0
3.71389   0.0653858   0.331929  3.19989 	Dead: 0
3.66121   0.051561    0.261748  3.19989 	Dead: 0
3.68852   0.0579267   0.294063  3.19989 	Dead: 0
3.66245   0.0554662   0.281572  3.19989 	Dead: 0
3.71192   0.0650446   0.330197  3.19989 	Dead: 0
3.68706   0.0587099   0.298039  3.19989 	Dead: 0
3.66676   0.0582116   0.295509  3.19989 	Dead: 0
3.68868   0.066506    0.337616  3.19989 	Dead: 0
3.69993   0.0614365   0.311881  3.19989 	Dead: 0
3.69745   0.0594801   0.301949  3.19989 	Dead: 0
3.7057    0.0638953   0.324363  3.19989 	Dead: 0
3.65696   0.056258    0.285592  3.19989 	Dead: 0
3.67844   0.0534777   0.271478  3.19989 	Dead: 0
3.72434   0.0632726   0.321201  3.19989 	Dead: 0
