10.9072   0.0765067   0.388384  9.5753  	Dead: 0
7.47983   0.121764    0.618129  4.83394 	Dead: 0
4.21996   0.0642392   0.326108  3.55548 	Dead: 0
3.62475   0.0933764   0.474022  3.14042 	Dead: 0
3.47588   0.101177    0.513621  2.90121 	Dead: 0
3.41413   0.113853    0.577969  2.90121 	Dead: 0
3.21496   0.113223    0.574771  2.73698 	Dead: 0
2.95786   0.113664    0.577013  2.43284 	Dead: 0
2.85943   0.106181    0.539026  2.40906 	Dead: 0
2.84692   0.131674    0.668441  2.2772  	Dead: 0
2.67014   0.0858695   0.435914  2.20429 	Dead: 0
2.83002   0.14301     0.725987  2.1964  	Dead: 0
2.73225   0.13344     0.677402  2.1964  	Dead: 0
2.5403    0.0673239   0.341768  2.17032 	Dead: 0
2.66107   0.134532    0.682949  2.13896 	Dead: 0
2.67413   0.134551    0.683043  2.13896 	Dead: 0
2.61311   0.130058    0.660233  2.13896 	Dead: 0
2.60504   0.134007    0.680284  2.13896 	Dead: 0
2.51773   0.0966954   0.490871  2.13896 	Dead: 0
2.66594   0.146952    0.745996  2.13896 	Dead: 0
2.63395   0.140161    0.711523  2.13896 	Dead: 0
2.72767   0.164208    0.833598  2.13896 	Dead: 0
2.54458   0.126747    0.643426  2.03753 	Dead: 0
2.55905   0.128611    0.652888  2.03753 	Dead: 0
2.53963   0.122681    0.622787  2.03753 	Dead: 0
2.49579   0.120234    0.610362  2.03753 	Dead: 0
2.52877   0.131113    0.665589  2.03753 	Dead: 0
2.58813   0.150665    0.764844  2.03753 	Dead: 0
2.50448   0.130576    0.662866  2.03753 	Dead: 0
2.52962   0.130031    0.660096  1.93127 	Dead: 0
2.47025   0.130063    0.660261  1.93127 	Dead: 0
2.42772   0.118975    0.603974  1.93127 	Dead: 0
2.49236   0.151174    0.767431  1.93127 	Dead: 0
2.4326    0.121084    0.614679  1.93127 	Dead: 0
2.62553   0.205373    1.04257   1.93127 	Dead: 0
2.43241   0.124791    0.633496  1.93127 	Dead: 0
2.5016    0.139119    0.706234  1.93127 	Dead: 0
2.47396   0.153609    0.779793  1.93127 	Dead: 0
2.58745   0.16669     0.846198  1.93127 	Dead: 0
2.45459   0.13285     0.674407  1.93127 	Dead: 0
2.49525   0.135821    0.689491  1.93127 	Dead: 0
2.39543   0.115807    0.587888  1.93127 	Dead: 0
2.55845   0.165856    0.841961  1.93127 	Dead: 0
2.46358   0.148677    0.754753  1.93127 	Dead: 0
2.33507   0.108357    0.550073  1.93127 	Dead: 0
2.34896   0.109457    0.555655  1.93127 	Dead: 0
2.43713   0.145972    0.74102   1.93127 	Dead: 0
2.50934   0.160695    0.815762  1.93127 	Dead: 0
2.40586   0.144313    0.732598  1.93127 	Dead: 0
2.40624   0.142524    0.723518  1.93127 	Dead: 0
2.31929   0.112846    0.572861  1.93127 	Dead: 0
2.37172   0.138602    0.703608  1.92719 	Dead: 0
2.4036    0.138763    0.704425  1.92719 	Dead: 0
2.41408   0.151428    0.768718  1.91011 	Dead: 0
2.41626   0.138922    0.705233  1.91011 	Dead: 0
2.42152   0.156376    0.793839  1.91011 	Dead: 0
2.43438   0.168886    0.857342  1.88733 	Dead: 0
2.39237   0.150153    0.762245  1.88733 	Dead: 0
2.29259   0.112025    0.568693  1.88733 	Dead: 0
2.3721    0.15187     0.770962  1.88733 	Dead: 0
2.41555   0.15036     0.763299  1.88733 	Dead: 0
2.37164   0.140834    0.714938  1.8623  	Dead: 0
2.32647   0.140818    0.71486   1.8623  	Dead: 0
2.35485   0.155572    0.789758  1.8623  	Dead: 0
2.28094   0.123849    0.628715  1.86041 	Dead: 0
2.23972   0.113925    0.578335  1.86041 	Dead: 0
2.31442   0.123222    0.625535  1.86041 	Dead: 0
2.22965   0.111717    0.567129  1.86041 	Dead: 0
2.2876    0.139061    0.705939  1.85877 	Dead: 0
2.21209   0.103393    0.52487   1.85877 	Dead: 0
2.3231    0.161882    0.82179   1.83067 	Dead: 0
2.33364   0.152774    0.775551  1.7698  	Dead: 0
2.28349   0.146169    0.74202   1.7698  	Dead: 0
2.35436   0.146705    0.744741  1.7698  	Dead: 0
2.23909   0.141293    0.717267  1.7698  	Dead: 0
2.34049   0.148675    0.754742  1.7698  	Dead: 0
2.30784   0.152716    0.775255  1.7698  	Dead: 0
2.35944   0.168878    0.857306  1.7698  	Dead: 0
2.38614   0.172183    0.874081  1.7698  	Dead: 0
2.31768   0.153168    0.777553  1.7698  	Dead: 0
2.32697   0.174627    0.886487  1.7698  	Dead: 0
2.18121   0.117029    0.594094  1.7698  	Dead: 0
2.3181    0.164576    0.835465  1.76757 	Dead: 0
2.35357   0.186797    0.948269  1.69815 	Dead: 0
2.12946   0.130586    0.662914  1.69815 	Dead: 0
2.29192   0.178043    0.903828  1.69815 	Dead: 0
2.28305   0.163134    0.828145  1.69815 	Dead: 0
2.33643   0.215496    1.09396   1.69815 	Dead: 0
2.16759   0.176561    0.896306  1.69815 	Dead: 0
2.1909    0.173206    0.879277  1.69815 	Dead: 0
2.09338   0.12847     0.652174  1.64374 	Dead: 0
2.20984   0.161662    0.82067   1.64374 	Dead: 0
2.15742   0.154765    0.78566   1.64374 	Dead: 0
2.07023   0.121954    0.619094  1.64374 	Dead: 0
2.21215   0.159685    0.810636  1.64374 	Dead: 0
2.21943   0.168756    0.856682  1.64374 	Dead: 0
2.33483   0.207213    1.05191   1.64374 	Dead: 0
2.09216   0.130095    0.660422  1.64374 	Dead: 0
2.21531   0.17979     0.912698  1.64374 	Dead: 0
2.24409   0.180762    0.917634  1.64374 	Dead: 0
2.13434   0.142806    0.72495   1.64374 	Dead: 0
