10.8113   0.0811697   0.412055  9.47478 	Dead: 0
6.39811   0.126562    0.642485  5.12997 	Dead: 0
4.40889   0.0783752   0.397869  4.04222 	Dead: 0
3.61908   0.0876661   0.445034  3.0194  	Dead: 0
3.18052   0.106032    0.538267  2.67663 	Dead: 0
3.07809   0.108675    0.551684  2.61126 	Dead: 0
3.16362   0.156341    0.793661  2.5486  	Dead: 0
2.95889   0.108281    0.549685  2.51169 	Dead: 0
2.96589   0.131005    0.665042  2.51169 	Dead: 0
2.8163    0.105804    0.537112  2.46169 	Dead: 0
2.93142   0.142657    0.724195  2.37377 	Dead: 0
2.77028   0.104409    0.530028  2.36432 	Dead: 0
2.71277   0.0944077   0.479257  2.31834 	Dead: 0
2.80742   0.15274     0.775377  2.25035 	Dead: 0
2.80436   0.150405    0.763524  2.22408 	Dead: 0
2.67704   0.123456    0.62672   2.20178 	Dead: 0
2.62736   0.117263    0.595281  2.20178 	Dead: 0
2.60033   0.156052    0.792192  2.19463 	Dead: 0
2.60199   0.137343    0.697219  2.16225 	Dead: 0
2.57063   0.144835    0.735248  2.16225 	Dead: 0
2.55838   0.113682    0.577105  2.00189 	Dead: 0
2.46738   0.091096    0.462446  2.00189 	Dead: 0
2.56643   0.140451    0.712995  2.00189 	Dead: 0
2.49181   0.123531    0.627101  2.00189 	Dead: 0
2.67937   0.186396    0.946233  2.00189 	Dead: 0
2.56565   0.171553    0.870885  2.00189 	Dead: 0
2.56719   0.167899    0.852334  2.00189 	Dead: 0
2.46582   0.138814    0.704683  2.00189 	Dead: 0
2.44527   0.115678    0.587234  2.00189 	Dead: 0
2.5216    0.154845    0.786065  1.9934  	Dead: 0
2.44558   0.123981    0.629385  1.96093 	Dead: 0
2.46156   0.125933    0.639296  1.96093 	Dead: 0
2.36218   0.113048    0.573886  1.91218 	Dead: 0
2.5097    0.182589    0.926909  1.91218 	Dead: 0
2.45342   0.150855    0.76581   1.91218 	Dead: 0
2.26785   0.0950753   0.482647  1.91218 	Dead: 0
2.48156   0.168749    0.856648  1.91218 	Dead: 0
2.52115   0.183487    0.931464  1.91218 	Dead: 0
2.40919   0.147849    0.75055   1.91218 	Dead: 0
2.36362   0.137223    0.69661   1.91218 	Dead: 0
2.36464   0.152072    0.771988  1.91218 	Dead: 0
2.38066   0.138018    0.700644  1.91218 	Dead: 0
2.36767   0.144499    0.733546  1.91055 	Dead: 0
2.46375   0.160367    0.814098  1.82388 	Dead: 0
2.4997    0.189542    0.962203  1.82388 	Dead: 0
2.35352   0.150534    0.764181  1.82388 	Dead: 0
2.40902   0.166739    0.846445  1.82388 	Dead: 0
2.39786   0.195874    0.99435   1.82388 	Dead: 0
2.34935   0.167082    0.848188  1.82388 	Dead: 0
2.35063   0.170998    0.868064  1.82388 	Dead: 0
2.35137   0.192788    0.978684  1.82388 	Dead: 0
2.27106   0.133432    0.677363  1.82388 	Dead: 0
2.25451   0.124282    0.630915  1.82388 	Dead: 0
2.31852   0.16316     0.828274  1.82388 	Dead: 0
2.42787   0.199757    1.01406   1.81827 	Dead: 0
2.27048   0.134572    0.683152  1.81827 	Dead: 0
2.34238   0.172689    0.87665   1.81827 	Dead: 0
2.30744   0.158147    0.802827  1.81827 	Dead: 0
2.23841   0.121498    0.616778  1.81827 	Dead: 0
2.31443   0.178509    0.906193  1.81827 	Dead: 0
2.30085   0.160728    0.815931  1.81827 	Dead: 0
2.22354   0.136181    0.691319  1.81827 	Dead: 0
2.36351   0.173597    0.881259  1.81827 	Dead: 0
2.36289   0.165373    0.839509  1.76614 	Dead: 0
2.26252   0.140881    0.715178  1.76614 	Dead: 0
2.31787   0.153191    0.777667  1.76614 	Dead: 0
2.17839   0.116058    0.589164  1.76614 	Dead: 0
2.47673   0.214508    1.08894   1.76614 	Dead: 0
2.27098   0.139827    0.709828  1.76614 	Dead: 0
2.3011    0.163844    0.831747  1.76614 	Dead: 0
2.35088   0.183942    0.933773  1.76614 	Dead: 0
2.30777   0.159337    0.808869  1.76614 	Dead: 0
2.25907   0.125997    0.639618  1.76598 	Dead: 0
2.31665   0.164443    0.834789  1.76543 	Dead: 0
2.21576   0.12921     0.655932  1.76543 	Dead: 0
2.42681   0.200213    1.01638   1.76543 	Dead: 0
2.40068   0.195499    0.992443  1.76543 	Dead: 0
2.17935   0.121691    0.617762  1.76543 	Dead: 0
2.22046   0.143795    0.729973  1.76543 	Dead: 0
2.43085   0.240723    1.22202   1.76543 	Dead: 0
2.33923   0.206501    1.0483    1.6913  	Dead: 0
2.2554    0.145111    0.736652  1.6913  	Dead: 0
2.34736   0.19586     0.994276  1.6913  	Dead: 0
2.29148   0.176436    0.895671  1.6913  	Dead: 0
2.23346   0.16303     0.827619  1.6913  	Dead: 0
2.21073   0.15634     0.793652  1.6913  	Dead: 0
2.25878   0.181064    0.919167  1.6913  	Dead: 0
2.30425   0.181513    0.921447  1.6913  	Dead: 0
2.33638   0.18817     0.955236  1.6913  	Dead: 0
2.23511   0.172938    0.877913  1.6913  	Dead: 0
2.13307   0.10468     0.531405  1.6913  	Dead: 0
2.22346   0.160016    0.812318  1.6913  	Dead: 0
2.30973   0.17348     0.880665  1.6913  	Dead: 0
2.18118   0.150244    0.76271   1.6913  	Dead: 0
2.3126    0.196311    0.996565  1.6913  	Dead: 0
2.21843   0.147453    0.748538  1.6913  	Dead: 0
2.18611   0.139804    0.70971   1.6913  	Dead: 0
2.0819    0.119814    0.608234  1.6913  	Dead: 0
2.22583   0.172588    0.876135  1.6913  	Dead: 0
2.309     0.176623    0.896622  1.6913  	Dead: 0
2.13012   0.1299      0.659431  1.6913  	Dead: 0
