10.9194   0.0777622   0.394757  10.0976 	Dead: 0
8.14578   0.0515183   0.261531  7.46574 	Dead: 0
6.74335   0.0378953   0.192374  6.29627 	Dead: 0
5.89839   0.043223    0.21942   5.46463 	Dead: 0
4.73351   0.0563053   0.285832  4.23158 	Dead: 0
4.25036   0.0691647   0.351113  3.89202 	Dead: 0
3.86177   0.0681276   0.345847  3.55392 	Dead: 0
3.75878   0.0712403   0.361649  3.47911 	Dead: 0
3.66507   0.0632214   0.320941  3.42101 	Dead: 0
3.64239   0.0840502   0.426678  3.31531 	Dead: 0
3.54691   0.0718457   0.364722  3.28246 	Dead: 0
3.55424   0.0749285   0.380372  3.24775 	Dead: 0
3.55106   0.0956363   0.485494  3.22118 	Dead: 0
3.47301   0.082263    0.417606  3.2     	Dead: 0
3.44244   0.072016    0.365587  3.2     	Dead: 0
3.48738   0.0908816   0.461357  3.17536 	Dead: 0
3.43873   0.0834936   0.423853  3.1198  	Dead: 0
3.34245   0.0756657   0.384114  3.08098 	Dead: 0
3.34744   0.0796648   0.404416  3.07891 	Dead: 0
3.26316   0.0622982   0.316255  3.06383 	Dead: 0
3.30701   0.0793039   0.402584  3.05855 	Dead: 0
3.28652   0.06778     0.344083  3.05475 	Dead: 0
3.29385   0.0925975   0.470068  3.04201 	Dead: 0
3.28226   0.0968504   0.491658  3.03511 	Dead: 0
3.27473   0.0919342   0.466701  3.02706 	Dead: 0
3.27109   0.107952    0.548013  3.00893 	Dead: 0
3.28829   0.108178    0.54916   2.96164 	Dead: 0
3.23836   0.082698    0.419814  2.96164 	Dead: 0
3.2499    0.106011    0.538161  2.95138 	Dead: 0
3.26453   0.10203     0.517953  2.92739 	Dead: 0
3.19154   0.0864816   0.439021  2.92739 	Dead: 0
3.24648   0.105877    0.53748   2.92739 	Dead: 0
3.23531   0.106174    0.538987  2.92739 	Dead: 0
3.20606   0.102048    0.518046  2.91657 	Dead: 0
3.20327   0.0950682   0.482611  2.91657 	Dead: 0
3.21028   0.0961035   0.487866  2.91657 	Dead: 0
3.14633   0.0793429   0.402781  2.91657 	Dead: 0
3.11652   0.0625574   0.31757   2.90718 	Dead: 0
3.21028   0.0956424   0.485526  2.90718 	Dead: 0
3.19607   0.099953    0.507408  2.90718 	Dead: 0
3.19813   0.0962509   0.488614  2.90718 	Dead: 0
3.11773   0.069199    0.351286  2.90718 	Dead: 0
3.14363   0.072977    0.370465  2.90696 	Dead: 0
3.16941   0.102774    0.521727  2.89281 	Dead: 0
3.13869   0.0737185   0.37423   2.87983 	Dead: 0
3.17662   0.088582    0.449683  2.80335 	Dead: 0
3.11141   0.085182    0.432423  2.80335 	Dead: 0
3.16976   0.0977314   0.49613   2.80335 	Dead: 0
3.1978    0.130121    0.660556  2.80335 	Dead: 0
3.1185    0.101433    0.514923  2.80335 	Dead: 0
3.06958   0.0832614   0.422674  2.80335 	Dead: 0
3.16133   0.111971    0.568416  2.80051 	Dead: 0
3.09516   0.098103    0.498017  2.773   	Dead: 0
3.05128   0.0789758   0.400918  2.773   	Dead: 0
3.08139   0.0919897   0.466983  2.773   	Dead: 0
3.0645    0.0881381   0.44743   2.773   	Dead: 0
3.10586   0.0900565   0.457169  2.773   	Dead: 0
3.11489   0.09628     0.488762  2.76449 	Dead: 0
3.06412   0.0835163   0.423968  2.76449 	Dead: 0
3.06602   0.094794    0.481219  2.76449 	Dead: 0
3.07191   0.0789825   0.400952  2.76449 	Dead: 0
3.07031   0.0940385   0.477383  2.76449 	Dead: 0
3.08261   0.0972331   0.4936    2.76449 	Dead: 0
3.19599   0.118948    0.603838  2.76449 	Dead: 0
3.07564   0.100305    0.509193  2.76449 	Dead: 0
3.06898   0.0901694   0.457742  2.76449 	Dead: 0
3.11061   0.109283    0.554769  2.76449 	Dead: 0
3.1031    0.0994503   0.504856  2.76449 	Dead: 0
3.07358   0.0933106   0.473688  2.76449 	Dead: 0
3.07381   0.104181    0.52887   2.76449 	Dead: 0
3.0224    0.0742463   0.376909  2.76449 	Dead: 0
3.06264   0.100939    0.512411  2.76449 	Dead: 0
3.06914   0.0953193   0.483885  2.76449 	Dead: 0
3.15594   0.123175    0.625292  2.76449 	Dead: 0
3.06073   0.0797193   0.404693  2.76449 	Dead: 0
3.10458   0.122263    0.620664  2.76449 	Dead: 0
3.00518   0.0615011   0.312208  2.76449 	Dead: 0
3.04398   0.0873611   0.443486  2.76449 	Dead: 0
3.05072   0.0967875   0.491339  2.76449 	Dead: 0
3.04297   0.0868903   0.441096  2.76449 	Dead: 0
3.03345   0.0848777   0.430879  2.76449 	Dead: 0
3.05909   0.100532    0.510348  2.76449 	Dead: 0
3.00569   0.0784913   0.398459  2.76449 	Dead: 0
3.0628    0.100463    0.509996  2.76449 	Dead: 0
3.02671   0.083272    0.422727  2.76449 	Dead: 0
3.11746   0.118992    0.604061  2.76449 	Dead: 0
3.0558    0.090651    0.460187  2.76449 	Dead: 0
3.13693   0.119361    0.605931  2.76449 	Dead: 0
3.06058   0.0937667   0.476003  2.76449 	Dead: 0
2.98568   0.0659436   0.33476   2.76449 	Dead: 0
3.00642   0.0744708   0.378048  2.76449 	Dead: 0
3.15734   0.135373    0.687218  2.76449 	Dead: 0
3.04621   0.0916966   0.465495  2.76449 	Dead: 0
3.14387   0.131713    0.668639  2.76449 	Dead: 0
3.16588   0.126479    0.642068  2.76449 	Dead: 0
3.00589   0.0756754   0.384163  2.76449 	Dead: 0
3.05536   0.103698    0.526418  2.76449 	Dead: 0
3.06675   0.090302    0.458415  2.76449 	Dead: 0
3.12092   0.113385    0.575594  2.76449 	Dead: 0
3.01123   0.0663335   0.33674   2.76449 	Dead: 0
3.03515   0.0829082   0.42088   2.75828 	Dead: 0
