10.9044   0.0713927   0.362423  10.1092 	Dead: 0
7.76296   0.0726718   0.368916  6.8066  	Dead: 0
5.91018   0.0754147   0.38284   5.16216 	Dead: 0
4.25989   0.0798194   0.4052    3.35281 	Dead: 0
3.33777   0.0692917   0.351757  2.99398 	Dead: 0
3.28698   0.104458    0.530279  2.82487 	Dead: 0
3.08514   0.0688759   0.349646  2.73275 	Dead: 0
3.05363   0.0950563   0.48255   2.71471 	Dead: 0
3.02221   0.115434    0.585996  2.58312 	Dead: 0
3.10123   0.152639    0.774866  2.58312 	Dead: 0
2.96624   0.10096     0.51252   2.45919 	Dead: 0
2.91097   0.0822846   0.417715  2.43157 	Dead: 0
2.88095   0.0991469   0.503316  2.43157 	Dead: 0
2.79991   0.0951804   0.48318   2.43157 	Dead: 0
2.78953   0.0906292   0.460076  2.43157 	Dead: 0
2.7833    0.0963247   0.488989  2.43157 	Dead: 0
2.85763   0.122397    0.621343  2.43157 	Dead: 0
2.81361   0.113741    0.577402  2.43157 	Dead: 0
2.89459   0.126325    0.641285  2.43157 	Dead: 0
2.84355   0.112723    0.572237  2.43157 	Dead: 0
2.90694   0.152919    0.77629   2.43157 	Dead: 0
2.73148   0.0800914   0.406581  2.38661 	Dead: 0
2.73554   0.0910225   0.462073  2.34585 	Dead: 0
2.69045   0.100078    0.508043  2.30617 	Dead: 0
2.70692   0.134134    0.680927  2.28537 	Dead: 0
2.81332   0.155426    0.789015  2.26238 	Dead: 0
2.62808   0.122295    0.620825  2.20525 	Dead: 0
2.605     0.112222    0.569692  2.17894 	Dead: 0
2.56412   0.0893839   0.453754  2.14852 	Dead: 0
2.55198   0.116255    0.590166  2.11131 	Dead: 0
2.54964   0.126558    0.642466  2.10435 	Dead: 0
2.44454   0.102366    0.519658  2.09764 	Dead: 0
2.38044   0.0720649   0.365835  2.09764 	Dead: 0
2.39264   0.0786457   0.399242  2.09764 	Dead: 0
2.46437   0.114201    0.579738  2.09234 	Dead: 0
2.43791   0.102699    0.521348  2.09234 	Dead: 0
2.3834    0.075621    0.383888  2.09234 	Dead: 0
2.41619   0.0998771   0.507023  2.0575  	Dead: 0
2.56147   0.146566    0.744037  2.0575  	Dead: 0
2.53611   0.141491    0.718276  2.02499 	Dead: 0
2.47293   0.134683    0.683716  2.02499 	Dead: 0
2.44132   0.104164    0.528783  2.02499 	Dead: 0
2.58415   0.172263    0.874487  2.02499 	Dead: 0
2.44736   0.139583    0.70859   2.02499 	Dead: 0
2.41343   0.0998369   0.506818  2.02499 	Dead: 0
2.35992   0.0818891   0.415707  2.02499 	Dead: 0
2.40803   0.129088    0.655312  2.02499 	Dead: 0
2.33051   0.0847345   0.430152  2.02499 	Dead: 0
2.39589   0.117646    0.597227  2.00065 	Dead: 0
2.42136   0.157107    0.797549  2.00065 	Dead: 0
2.51409   0.164693    0.836057  2.00065 	Dead: 0
2.36935   0.126558    0.642468  2.00065 	Dead: 0
2.37285   0.115712    0.587406  1.97737 	Dead: 0
2.33978   0.109789    0.557338  1.96028 	Dead: 0
2.3433    0.124409    0.63156   1.9177  	Dead: 0
2.34969   0.151485    0.769007  1.9177  	Dead: 0
2.38981   0.164615    0.835661  1.9177  	Dead: 0
2.28684   0.100279    0.509061  1.9177  	Dead: 0
2.38675   0.155752    0.790672  1.90494 	Dead: 0
2.24204   0.111786    0.567479  1.90494 	Dead: 0
2.35501   0.147395    0.748243  1.90494 	Dead: 0
2.31185   0.1172      0.594962  1.90494 	Dead: 0
2.30254   0.130518    0.662573  1.90494 	Dead: 0
2.31576   0.137498    0.698003  1.90494 	Dead: 0
2.23942   0.105713    0.536648  1.87921 	Dead: 0
2.22816   0.0976169   0.495549  1.87921 	Dead: 0
2.28487   0.145404    0.738138  1.87921 	Dead: 0
2.3861    0.181043    0.91906   1.87921 	Dead: 0
2.26452   0.13278     0.674053  1.87921 	Dead: 0
2.31829   0.146281    0.742591  1.87921 	Dead: 0
2.24078   0.108496    0.550777  1.86836 	Dead: 0
2.3175    0.132788    0.674094  1.86836 	Dead: 0
2.1987    0.117795    0.597984  1.86836 	Dead: 0
2.32997   0.146581    0.744114  1.86836 	Dead: 0
2.48825   0.178925    0.908304  1.86836 	Dead: 0
2.17137   0.094441    0.479427  1.85265 	Dead: 0
2.31598   0.147387    0.748205  1.85265 	Dead: 0
2.2662    0.136885    0.694893  1.85265 	Dead: 0
2.37687   0.154804    0.785857  1.85265 	Dead: 0
2.28106   0.127916    0.649359  1.85265 	Dead: 0
2.25744   0.12841     0.651868  1.85265 	Dead: 0
2.30559   0.159205    0.808198  1.85265 	Dead: 0
2.24299   0.125818    0.63871   1.85265 	Dead: 0
2.29891   0.159208    0.808215  1.85265 	Dead: 0
2.31885   0.162587    0.825367  1.85265 	Dead: 0
2.17102   0.0916422   0.465219  1.85265 	Dead: 0
2.2558    0.119303    0.605636  1.85265 	Dead: 0
2.27502   0.123108    0.624954  1.85265 	Dead: 0
2.30028   0.143965    0.730833  1.85265 	Dead: 0
2.22484   0.118829    0.603229  1.85265 	Dead: 0
2.37161   0.168515    0.855463  1.8464  	Dead: 0
2.19437   0.120319    0.610796  1.8464  	Dead: 0
2.2382    0.128149    0.650544  1.8464  	Dead: 0
2.21486   0.116049    0.589118  1.8464  	Dead: 0
2.24295   0.127606    0.64779   1.8464  	Dead: 0
2.30051   0.136994    0.695445  1.8464  	Dead: 0
2.21112   0.098646    0.500773  1.8464  	Dead: 0
2.19859   0.106583    0.541063  1.8464  	Dead: 0
2.28831   0.146694    0.744687  1.8464  	Dead: 0
2.22314   0.139396    0.707637  1.8464  	Dead: 0
2.2034    0.107147    0.54393   1.8464  	Dead: 0
