5.16832   0.0743889   0.377633  4.36182 	Dead: 0
4.34014   0.0603043   0.306133  3.7822  	Dead: 0
4.03107   0.0588968   0.298988  3.54053 	Dead: 0
3.90672   0.0546125   0.277238  3.39756 	Dead: 0
3.89129   0.0636554   0.323144  3.32454 	Dead: 0
3.81417   0.058977    0.299395  3.32454 	Dead: 0
3.84255   0.0636883   0.323311  3.32454 	Dead: 0
3.82981   0.0656116   0.333075  3.32454 	Dead: 0
3.82208   0.0650092   0.330017  3.32454 	Dead: 0
3.76523   0.0598132   0.303639  3.26272 	Dead: 0
3.80338   0.0671278   0.340772  3.26272 	Dead: 0
3.76192   0.0652377   0.331177  3.26272 	Dead: 0
3.77622   0.0703727   0.357244  3.26272 	Dead: 0
3.74706   0.0654222   0.332114  3.26272 	Dead: 0
3.71959   0.0645804   0.32784   3.26272 	Dead: 0
3.68451   0.0628665   0.31914   3.26272 	Dead: 0
3.67289   0.062955    0.319589  3.21044 	Dead: 0
3.69619   0.0678921   0.344652  3.10677 	Dead: 0
3.69205   0.0721814   0.366427  3.10677 	Dead: 0
3.5472    0.057922    0.294039  3.06293 	Dead: 0
3.53657   0.0617264   0.313352  3.06293 	Dead: 0
3.47475   0.0549134   0.278766  3.06293 	Dead: 0
3.44773   0.0576694   0.292757  2.81929 	Dead: 0
3.44479   0.055471    0.281597  2.81929 	Dead: 0
3.41284   0.0561552   0.28507   2.81929 	Dead: 0
3.43881   0.066605    0.338118  2.81929 	Dead: 0
3.42231   0.0609315   0.309317  2.81929 	Dead: 0
3.39264   0.0609963   0.309645  2.71329 	Dead: 0
3.36087   0.0575092   0.291943  2.71329 	Dead: 0
3.3681    0.0554488   0.281484  2.71329 	Dead: 0
3.32921   0.0570583   0.289655  2.71329 	Dead: 0
3.36735   0.058305    0.295983  2.71329 	Dead: 0
3.37642   0.0615449   0.312431  2.71329 	Dead: 0
3.28843   0.0526914   0.267486  2.71329 	Dead: 0
3.30174   0.0566381   0.287522  2.71329 	Dead: 0
3.30893   0.0550236   0.279325  2.71329 	Dead: 0
3.32117   0.0594587   0.30184   2.71329 	Dead: 0
3.30294   0.0571755   0.290249  2.71329 	Dead: 0
3.29148   0.053502    0.271601  2.71329 	Dead: 0
3.30479   0.0580744   0.294813  2.71329 	Dead: 0
3.30342   0.0633316   0.321501  2.71329 	Dead: 0
3.32186   0.058116    0.295024  2.71329 	Dead: 0
3.3302    0.0613832   0.31161   2.71329 	Dead: 0
3.29885   0.0543138   0.275722  2.71329 	Dead: 0
3.29935   0.0592389   0.300724  2.71329 	Dead: 0
3.31724   0.0563078   0.285845  2.71329 	Dead: 0
3.32578   0.0609824   0.309575  2.71329 	Dead: 0
3.29824   0.0557043   0.282781  2.71329 	Dead: 0
3.28513   0.0541417   0.274848  2.71329 	Dead: 0
3.28073   0.0542974   0.275639  2.71329 	Dead: 0
3.26422   0.0490223   0.24886   2.71329 	Dead: 0
3.24848   0.0501202   0.254434  2.71329 	Dead: 0
3.29336   0.053561    0.271901  2.71329 	Dead: 0
3.2614    0.0529991   0.269048  2.71329 	Dead: 0
3.21122   0.0484898   0.246157  2.71329 	Dead: 0
3.23605   0.0519641   0.263794  2.71329 	Dead: 0
3.2462    0.0569783   0.289248  2.71329 	Dead: 0
3.2362    0.0603852   0.306543  2.71329 	Dead: 0
3.20866   0.0515593   0.261739  2.71329 	Dead: 0
3.25575   0.056911    0.288907  2.71329 	Dead: 0
3.21755   0.0559493   0.284025  2.71329 	Dead: 0
3.25476   0.0614029   0.31171   2.71329 	Dead: 0
3.23269   0.0528218   0.268148  2.71329 	Dead: 0
3.19338   0.0516547   0.262223  2.71329 	Dead: 0
3.20869   0.0583145   0.296032  2.71329 	Dead: 0
3.18829   0.0554404   0.281441  2.71329 	Dead: 0
3.2224    0.0617285   0.313362  2.71329 	Dead: 0
3.19409   0.0566881   0.287775  2.71329 	Dead: 0
3.17163   0.0554062   0.281268  2.71329 	Dead: 0
3.19465   0.0632083   0.320875  2.71329 	Dead: 0
3.16337   0.0515366   0.261624  2.71329 	Dead: 0
3.15611   0.052301    0.265504  2.71329 	Dead: 0
3.16646   0.0519218   0.263579  2.71329 	Dead: 0
3.1477    0.0537895   0.27306   2.71329 	Dead: 0
3.14089   0.0505799   0.256767  2.71329 	Dead: 0
3.18852   0.0594458   0.301775  2.71329 	Dead: 0
3.20047   0.0601579   0.30539   2.71329 	Dead: 0
3.13901   0.0489307   0.248395  2.71329 	Dead: 0
3.15618   0.0547117   0.277742  2.71329 	Dead: 0
3.15976   0.0496877   0.252238  2.71329 	Dead: 0
3.14429   0.0525886   0.266964  2.71329 	Dead: 0
3.20182   0.0619884   0.314682  2.71329 	Dead: 0
3.15744   0.0562221   0.28541   2.71329 	Dead: 0
3.15557   0.0532078   0.270107  2.71329 	Dead: 0
3.10927   0.0484906   0.246161  2.71329 	Dead: 0
3.15816   0.0545612   0.276978  2.71329 	Dead: 0
3.17953   0.0587255   0.298118  2.71329 	Dead: 0
3.14931   0.0550487   0.279453  2.71329 	Dead: 0
3.13162   0.0523599   0.265803  2.71329 	Dead: 0
3.15008   0.0548865   0.278629  2.71329 	Dead: 0
3.14451   0.0538248   0.27324   2.71329 	Dead: 0
3.13962   0.0526821   0.267439  2.71329 	Dead: 0
3.1418    0.0521813   0.264897  2.71329 	Dead: 0
3.12912   0.0526942   0.2675    2.71329 	Dead: 0
3.15235   0.0558024   0.283279  2.71329 	Dead: 0
3.15693   0.0534145   0.271157  2.71329 	Dead: 0
3.13999   0.0475659   0.241467  2.71329 	Dead: 0
3.16635   0.0545593   0.276968  2.71329 	Dead: 0
3.15527   0.055496    0.281724  2.71329 	Dead: 0
3.18263   0.0579823   0.294345  2.71329 	Dead: 0
3.16605   0.0545394   0.276868  2.71329 	Dead: 0
