6.14151   0.16463     0.835737  4.7976  	Dead: 0
3.9631    0.0293897   0.149196  3.72939 	Dead: 0
3.78757   0.029517    0.149842  3.51324 	Dead: 0
3.69938   0.028713    0.14576   3.36532 	Dead: 0
3.46287   0.0402146   0.204148  3.14904 	Dead: 0
3.32682   0.0331569   0.16832   2.95585 	Dead: 0
3.25522   0.035921    0.182352  2.95585 	Dead: 0
3.19128   0.0329459   0.167249  2.9166  	Dead: 0
3.1886    0.0478699   0.24301   2.9166  	Dead: 0
3.15947   0.0422074   0.214264  2.9166  	Dead: 0
3.19674   0.0562986   0.285798  2.9166  	Dead: 0
3.13373   0.0351097   0.178233  2.91627 	Dead: 0
3.141     0.0326382   0.165687  2.91627 	Dead: 0
3.14217   0.0361227   0.183375  2.8762  	Dead: 0
3.1082    0.0299393   0.151986  2.8762  	Dead: 0
3.12932   0.0379986   0.192899  2.83872 	Dead: 0
3.10286   0.0342797   0.17402   2.83872 	Dead: 0
3.11531   0.0439746   0.223235  2.83872 	Dead: 0
3.08954   0.0415567   0.210961  2.80412 	Dead: 0
3.05429   0.0359947   0.182726  2.80412 	Dead: 0
3.05827   0.038792    0.196926  2.80412 	Dead: 0
3.06897   0.0519822   0.263886  2.79297 	Dead: 0
3.06298   0.0543244   0.275776  2.68071 	Dead: 0
3.0303    0.0482085   0.244729  2.68071 	Dead: 0
2.97416   0.0393079   0.199545  2.68071 	Dead: 0
2.96428   0.0351763   0.178571  2.68071 	Dead: 0
2.96409   0.0367434   0.186526  2.68071 	Dead: 0
2.95844   0.0388685   0.197314  2.6233  	Dead: 0
2.9577    0.0364142   0.184856  2.6233  	Dead: 0
2.95234   0.0369689   0.187672  2.6233  	Dead: 0
2.96314   0.0413386   0.209854  2.6233  	Dead: 0
2.96858   0.0500164   0.253907  2.6233  	Dead: 0
2.97824   0.0479645   0.24349   2.6233  	Dead: 0
2.97787   0.0550794   0.279609  2.6233  	Dead: 0
2.95398   0.0401897   0.204022  2.6233  	Dead: 0
2.95296   0.0437216   0.221951  2.6233  	Dead: 0
2.96886   0.0457066   0.232028  2.6233  	Dead: 0
2.91415   0.0330934   0.167997  2.6233  	Dead: 0
2.94521   0.0518103   0.263013  2.6233  	Dead: 0
2.93987   0.0451513   0.229209  2.6233  	Dead: 0
2.93981   0.040963    0.207947  2.6233  	Dead: 0
2.93774   0.0408666   0.207458  2.6233  	Dead: 0
2.9655    0.0554178   0.281327  2.56289 	Dead: 0
2.92135   0.0381706   0.193772  2.56289 	Dead: 0
2.94791   0.0445903   0.226361  2.56289 	Dead: 0
2.91853   0.0417365   0.211874  2.56289 	Dead: 0
2.95147   0.043447    0.220557  2.56289 	Dead: 0
2.93714   0.0399438   0.202773  2.56289 	Dead: 0
2.92114   0.0430208   0.218394  2.56289 	Dead: 0
2.93117   0.0475657   0.241465  2.56289 	Dead: 0
2.92343   0.0395071   0.200556  2.56289 	Dead: 0
2.91487   0.0371142   0.188409  2.56289 	Dead: 0
2.93377   0.0500198   0.253924  2.56168 	Dead: 0
2.90648   0.0434371   0.220507  2.56168 	Dead: 0
2.87979   0.0330895   0.167978  2.56168 	Dead: 0
2.93369   0.0473166   0.240201  2.56168 	Dead: 0
2.92667   0.0390562   0.198267  2.56168 	Dead: 0
2.88765   0.0368945   0.187294  2.56168 	Dead: 0
2.91094   0.0405616   0.20591   2.56168 	Dead: 0
2.89892   0.0430357   0.218469  2.56168 	Dead: 0
2.91906   0.0477104   0.2422    2.56168 	Dead: 0
2.93173   0.0421658   0.214053  2.56168 	Dead: 0
2.912     0.04839     0.24565   2.56168 	Dead: 0
2.87028   0.0369647   0.18765   2.56168 	Dead: 0
2.89593   0.0434103   0.220371  2.56168 	Dead: 0
2.86203   0.0372339   0.189017  2.56168 	Dead: 0
2.90745   0.0476182   0.241732  2.56168 	Dead: 0
2.91073   0.0471471   0.239341  2.56168 	Dead: 0
2.88568   0.0419327   0.21287   2.56168 	Dead: 0
2.87877   0.0347348   0.17633   2.56168 	Dead: 0
2.90189   0.0416498   0.211434  2.56168 	Dead: 0
2.90159   0.0423438   0.214957  2.56168 	Dead: 0
2.90442   0.0430401   0.218492  2.56168 	Dead: 0
2.89094   0.0391518   0.198753  2.56168 	Dead: 0
2.87088   0.0414233   0.210284  2.56168 	Dead: 0
2.88763   0.0574225   0.291503  2.56168 	Dead: 0
2.90804   0.0728033   0.369583  2.56168 	Dead: 0
2.85505   0.0351247   0.178309  2.56168 	Dead: 0
2.87721   0.051272    0.260281  2.56168 	Dead: 0
2.84702   0.0350553   0.177957  2.56168 	Dead: 0
2.87401   0.0492127   0.249827  2.56168 	Dead: 0
2.85147   0.0493732   0.250641  2.56168 	Dead: 0
2.88857   0.0738421   0.374857  2.56168 	Dead: 0
2.82397   0.0358354   0.181917  2.54976 	Dead: 0
2.88058   0.0548403   0.278395  2.49491 	Dead: 0
2.82744   0.036697    0.186291  2.49491 	Dead: 0
2.83923   0.0428123   0.217335  2.49491 	Dead: 0
2.87077   0.0552122   0.280283  2.49491 	Dead: 0
2.81457   0.0459      0.23301   2.49491 	Dead: 0
2.81999   0.0499203   0.253419  2.49491 	Dead: 0
2.85013   0.0466845   0.236992  2.49491 	Dead: 0
2.85694   0.0548196   0.27829   2.49491 	Dead: 0
2.81137   0.0377092   0.19143   2.49491 	Dead: 0
2.81815   0.0375214   0.190476  2.49491 	Dead: 0
2.845     0.0443964   0.225377  2.49491 	Dead: 0
2.83044   0.0512927   0.260386  2.49491 	Dead: 0
2.82507   0.0433739   0.220186  2.49491 	Dead: 0
2.82716   0.0450897   0.228896  2.49491 	Dead: 0
2.80456   0.0358301   0.18189   2.49491 	Dead: 0
2.82238   0.0391402   0.198694  2.49491 	Dead: 0
2.82253   0.0425279   0.215891  2.49491 	Dead: 0
