6.08033   0.0651535   0.33075   5.04891 	Dead: 0
5.27423   0.0429081   0.217822  4.68798 	Dead: 0
5.1629    0.0369552   0.187602  4.68798 	Dead: 0
5.11122   0.0416012   0.211187  4.60579 	Dead: 0
5.0825    0.0515042   0.261459  4.60579 	Dead: 0
5.02799   0.0428709   0.217633  4.60579 	Dead: 0
4.98984   0.0464434   0.235768  4.60579 	Dead: 0
4.96262   0.0456279   0.231628  4.58698 	Dead: 0
4.90834   0.0433629   0.22013   4.58698 	Dead: 0
4.8816    0.0420487   0.213459  4.49962 	Dead: 0
4.91526   0.0483367   0.245379  4.49962 	Dead: 0
4.8504    0.0423327   0.2149    4.49962 	Dead: 0
4.84665   0.048898    0.248229  4.46339 	Dead: 0
4.81039   0.0388599   0.197271  4.46339 	Dead: 0
4.79079   0.0485857   0.246644  4.46107 	Dead: 0
4.75756   0.0401987   0.204068  4.42422 	Dead: 0
4.74851   0.0423398   0.214937  4.42422 	Dead: 0
4.73192   0.0459388   0.233207  4.26825 	Dead: 0
4.7433    0.0485646   0.246536  4.26825 	Dead: 0
4.67372   0.0458597   0.232805  4.26825 	Dead: 0
4.67111   0.0396291   0.201176  4.26825 	Dead: 0
4.69074   0.048068    0.244015  4.26825 	Dead: 0
4.6755    0.0476182   0.241732  4.26825 	Dead: 0
4.6885    0.0462586   0.23483   4.26825 	Dead: 0
4.68176   0.0475021   0.241143  4.26825 	Dead: 0
4.66011   0.0455907   0.231439  4.26825 	Dead: 0
4.66321   0.0488557   0.248014  4.26825 	Dead: 0
4.65381   0.0421919   0.214186  4.26825 	Dead: 0
4.65156   0.0479679   0.243507  4.26825 	Dead: 0
4.64825   0.0489163   0.248322  4.26825 	Dead: 0
4.63171   0.0449619   0.228247  4.26825 	Dead: 0
4.61963   0.0467111   0.237127  4.23094 	Dead: 0
4.6246    0.0503138   0.255416  4.23094 	Dead: 0
4.60478   0.0468608   0.237887  4.19327 	Dead: 0
4.59706   0.047053    0.238863  4.19327 	Dead: 0
4.60663   0.0456625   0.231804  4.18107 	Dead: 0
4.58086   0.0470979   0.239091  4.18107 	Dead: 0
4.60109   0.0500958   0.25431   4.18107 	Dead: 0
4.5904    0.049956    0.2536    4.18107 	Dead: 0
4.59825   0.0491545   0.249531  4.18107 	Dead: 0
4.57068   0.0445839   0.226328  4.18107 	Dead: 0
4.57879   0.0535932   0.272064  4.13409 	Dead: 0
4.57701   0.0540112   0.274186  4.13409 	Dead: 0
4.54585   0.0514811   0.261342  4.13409 	Dead: 0
4.53475   0.0444145   0.225469  4.13409 	Dead: 0
4.53154   0.0521179   0.264575  4.13409 	Dead: 0
4.5454    0.0534654   0.271415  4.12678 	Dead: 0
4.54074   0.0536316   0.272259  4.12678 	Dead: 0
4.52724   0.0540968   0.274621  4.12678 	Dead: 0
4.5357    0.0522657   0.265325  4.12678 	Dead: 0
4.54529   0.0528846   0.268467  4.12678 	Dead: 0
4.56215   0.0596572   0.302848  4.11502 	Dead: 0
4.50235   0.0535159   0.271672  4.11502 	Dead: 0
4.47463   0.0459013   0.233016  4.11502 	Dead: 0
4.51351   0.0566849   0.287759  4.0712  	Dead: 0
4.50022   0.0510092   0.258946  4.0712  	Dead: 0
4.44813   0.0493616   0.250582  4.0712  	Dead: 0
4.46697   0.0529953   0.269029  4.0712  	Dead: 0
4.46472   0.0523533   0.26577   4.0712  	Dead: 0
4.43818   0.0468673   0.23792   3.98525 	Dead: 0
4.44322   0.0513451   0.260651  3.98525 	Dead: 0
4.44383   0.0501066   0.254364  3.98525 	Dead: 0
4.39143   0.0497714   0.252663  3.88667 	Dead: 0
4.42615   0.0592982   0.301025  3.88667 	Dead: 0
4.41087   0.0568706   0.288702  3.88667 	Dead: 0
4.38466   0.0565936   0.287296  3.88667 	Dead: 0
4.39097   0.0533892   0.271029  3.88667 	Dead: 0
4.36476   0.0482467   0.244923  3.88667 	Dead: 0
4.40279   0.0564161   0.286395  3.88667 	Dead: 0
4.39223   0.0590589   0.29981   3.88667 	Dead: 0
4.37986   0.0612177   0.31077   3.88667 	Dead: 0
4.37063   0.0574754   0.291772  3.88667 	Dead: 0
4.36615   0.0564812   0.286725  3.88667 	Dead: 0
4.36815   0.0574285   0.291534  3.88667 	Dead: 0
4.3813    0.0620513   0.315002  3.88667 	Dead: 0
4.38083   0.0633199   0.321442  3.88667 	Dead: 0
4.36093   0.0611353   0.310351  3.88667 	Dead: 0
4.39531   0.0619992   0.314737  3.88667 	Dead: 0
4.35641   0.0592709   0.300887  3.8747  	Dead: 0
4.36418   0.060355    0.30639   3.8747  	Dead: 0
4.36877   0.0608329   0.308816  3.8747  	Dead: 0
4.35395   0.0604613   0.30693   3.8747  	Dead: 0
4.31964   0.0585169   0.297059  3.8747  	Dead: 0
4.30965   0.0558968   0.283758  3.8747  	Dead: 0
4.36322   0.0679502   0.344947  3.8747  	Dead: 0
4.32164   0.0575288   0.292043  3.8747  	Dead: 0
4.27906   0.0567552   0.288116  3.8747  	Dead: 0
4.30631   0.0606091   0.30768   3.8747  	Dead: 0
4.32247   0.0685406   0.347944  3.8747  	Dead: 0
4.29585   0.058534    0.297146  3.8747  	Dead: 0
4.29678   0.056773    0.288206  3.8514  	Dead: 0
4.31565   0.0578059   0.29345   3.8514  	Dead: 0
4.33789   0.0646076   0.327978  3.8514  	Dead: 0
4.25185   0.0567049   0.287861  3.83389 	Dead: 0
4.3274    0.0667994   0.339105  3.83389 	Dead: 0
4.34716   0.0731795   0.371493  3.83389 	Dead: 0
4.30807   0.0641549   0.32568   3.83389 	Dead: 0
4.27517   0.0583594   0.296259  3.83389 	Dead: 0
4.33932   0.0703556   0.357158  3.83389 	Dead: 0
4.28586   0.0643064   0.326449  3.83389 	Dead: 0
4.32085   0.0623914   0.316728  3.83389 	Dead: 0
