0   7.30041   0.118706    0.602605  5.95979 	Dead: 0
1   5.17319   0.110178    0.559315  4.26008 	Dead: 0
2   4.91792   0.0970976   0.492913  4.1016  	Dead: 0
3   4.82637   0.122116    0.619918  4.03237 	Dead: 0
4   4.72083   0.122711    0.622939  3.84334 	Dead: 0
5   4.80779   0.115737    0.587534  3.84334 	Dead: 0
6   4.8102    0.130586    0.662917  3.84334 	Dead: 0
7   4.71586   0.13712     0.696083  3.8429  	Dead: 0
8   4.75143   0.137336    0.69718   3.66205 	Dead: 0
9   4.72094   0.137362    0.697314  3.66205 	Dead: 0
10  4.53666   0.124599    0.632522  3.66205 	Dead: 0
11  4.59921   0.133244    0.676409  3.66205 	Dead: 0
12  4.58948   0.14115     0.716544  3.66205 	Dead: 0
13  4.5177    0.138858    0.704908  3.66205 	Dead: 0
14  4.58993   0.158408    0.804154  3.63406 	Dead: 0
15  4.41746   0.145796    0.740129  3.47099 	Dead: 0
16  4.44104   0.148896    0.755864  3.46726 	Dead: 0
17  4.46417   0.178162    0.904435  3.20566 	Dead: 0
18  4.28639   0.162655    0.825712  3.20566 	Dead: 0
19  4.45199   0.186038    0.944414  3.20566 	Dead: 0
20  4.36412   0.167503    0.850324  3.20566 	Dead: 0
21  4.29484   0.164184    0.833475  3.20566 	Dead: 0
22  4.3289    0.174981    0.888287  3.20566 	Dead: 0
23  4.45808   0.204548    1.03838   3.20566 	Dead: 0
24  4.32967   0.182328    0.92558   3.17812 	Dead: 0
25  4.38419   0.189925    0.964148  3.17812 	Dead: 0
26  4.33024   0.191595    0.972626  3.17812 	Dead: 0
27  4.38152   0.200019    1.01539   3.11155 	Dead: 0
28  4.41267   0.204717    1.03924   3.11155 	Dead: 0
29  4.35892   0.191933    0.974342  3.11155 	Dead: 0
30  4.35437   0.200421    1.01743   3.11155 	Dead: 0
31  4.19191   0.184799    0.938124  3.11155 	Dead: 0
32  4.37195   0.202138    1.02615   3.11155 	Dead: 0
33  4.34205   0.178006    0.903639  3.11155 	Dead: 0
34  4.35728   0.204373    1.03749   3.11155 	Dead: 0
35  4.33589   0.202491    1.02794   3.11155 	Dead: 0
36  4.18636   0.18421     0.935138  3.05112 	Dead: 0
37  4.29446   0.198155    1.00593   2.99357 	Dead: 0
38  4.28279   0.182898    0.928475  2.99357 	Dead: 0
39  4.30055   0.210961    1.07094   2.99357 	Dead: 0
40  4.22302   0.201819    1.02453   2.99357 	Dead: 0
41  4.18464   0.197504    1.00262   2.99357 	Dead: 0
42  4.22082   0.207124    1.05146   2.95064 	Dead: 0
43  4.21286   0.210715    1.06969   2.95064 	Dead: 0
44  4.2681    0.215634    1.09466   2.95064 	Dead: 0
45  4.13512   0.198008    1.00518   2.8356  	Dead: 0
46  4.26964   0.219404    1.1138    2.81032 	Dead: 0
47  4.22865   0.216327    1.09818   2.81032 	Dead: 0
48  4.22932   0.224523    1.13978   2.81032 	Dead: 0
49  4.27668   0.207162    1.05165   2.81032 	Dead: 0
50  4.24635   0.238759    1.21205   2.81032 	Dead: 0
51  4.10678   0.213078    1.08168   2.81032 	Dead: 0
52  4.18243   0.217404    1.10365   2.81032 	Dead: 0
53  4.11847   0.200908    1.0199    2.81032 	Dead: 0
54  4.16386   0.212542    1.07896   2.81032 	Dead: 0
55  4.03947   0.193837    0.984006  2.81032 	Dead: 0
56  4.19548   0.213202    1.08231   2.81032 	Dead: 0
57  4.28156   0.22444     1.13936   2.81032 	Dead: 0
58  4.1449    0.23294     1.18251   2.81032 	Dead: 0
59  4.24035   0.211826    1.07533   2.81032 	Dead: 0
60  4.1524    0.203528    1.0332    2.81032 	Dead: 0
61  4.25425   0.213524    1.08395   2.81032 	Dead: 0
62  4.23792   0.228054    1.15771   2.81032 	Dead: 0
63  4.13271   0.222377    1.12889   2.81032 	Dead: 0
64  4.12913   0.196634    0.998206  2.81032 	Dead: 0
65  4.04054   0.200467    1.01766   2.81032 	Dead: 0
66  4.22449   0.215509    1.09402   2.81032 	Dead: 0
67  4.1502    0.199422    1.01236   2.81032 	Dead: 0
68  4.21707   0.23106     1.17297   2.81032 	Dead: 0
69  4.08784   0.212416    1.07832   2.81032 	Dead: 0
70  4.05637   0.201678    1.02381   2.81032 	Dead: 0
71  4.00518   0.202865    1.02984   2.81032 	Dead: 0
72  4.08799   0.225552    1.14501   2.81032 	Dead: 0
73  4.21493   0.232796    1.18178   2.81032 	Dead: 0
74  4.27903   0.233532    1.18552   2.81032 	Dead: 0
75  4.22789   0.224511    1.13972   2.81032 	Dead: 0
76  4.04873   0.196345    0.996741  2.81032 	Dead: 0
77  4.14448   0.212162    1.07703   2.81032 	Dead: 0
78  4.27152   0.229027    1.16265   2.81032 	Dead: 0
79  4.16583   0.21761     1.10469   2.81032 	Dead: 0
80  4.09427   0.210302    1.06759   2.81032 	Dead: 0
81  4.05194   0.215933    1.09617   2.81032 	Dead: 0
82  4.01687   0.203786    1.03451   2.81032 	Dead: 0
83  4.15815   0.205153    1.04145   2.81032 	Dead: 0
84  4.16337   0.230214    1.16868   2.81032 	Dead: 0
85  4.07143   0.208401    1.05794   2.81032 	Dead: 0
86  4.19983   0.222393    1.12897   2.81032 	Dead: 0
87  3.99238   0.20344     1.03276   2.81032 	Dead: 0
88  4.24503   0.221583    1.12486   2.81032 	Dead: 0
89  4.1738    0.216631    1.09972   2.81032 	Dead: 0
90  4.21685   0.223015    1.13213   2.81032 	Dead: 0
91  4.22442   0.217829    1.1058    2.81032 	Dead: 0
92  4.0427    0.199764    1.0141    2.81032 	Dead: 0
93  4.04687   0.198106    1.00568   2.81032 	Dead: 0
94  4.34441   0.220748    1.12062   2.8102  	Dead: 0
95  4.06499   0.201702    1.02393   2.8102  	Dead: 0
96  4.00432   0.210168    1.06691   2.8102  	Dead: 0
97  4.16605   0.21414     1.08707   2.8102  	Dead: 0
98  4.16618   0.223896    1.1366    2.8102  	Dead: 0
99  4.18189   0.230889    1.1721    2.8102  	Dead: 0
100 4.12187   0.198911    1.00977   2.8102  	Dead: 0
