12.5597   0.0491465   0.24949   12.1491 	Dead: 0
11.9664   0.0269051   0.136583  11.6152 	Dead: 0
11.8713   0.0350459   0.17791   11.5954 	Dead: 0
11.8231   0.0387037   0.196478  11.4254 	Dead: 0
11.7806   0.0416305   0.211336  11.4254 	Dead: 0
11.7658   0.0420224   0.213325  11.4051 	Dead: 0
11.7325   0.0416302   0.211334  11.4051 	Dead: 0
11.7202   0.0433372   0.22      11.4051 	Dead: 0
11.7016   0.0380396   0.193107  11.4051 	Dead: 0
11.7046   0.0441555   0.224154  11.3533 	Dead: 0
11.6979   0.0436673   0.221676  11.3533 	Dead: 0
11.6631   0.039766    0.201871  11.3259 	Dead: 0
11.6603   0.0414083   0.210208  11.2501 	Dead: 0
11.6294   0.0361478   0.183503  11.2501 	Dead: 0
11.6308   0.0427768   0.217155  11.2501 	Dead: 0
11.6241   0.0421336   0.21389   11.2501 	Dead: 0
11.6228   0.0455736   0.231353  11.2501 	Dead: 0
11.6079   0.0433787   0.220211  11.2501 	Dead: 0
11.5943   0.043347    0.22005   11.2501 	Dead: 0
11.5823   0.0445543   0.226178  11.1138 	Dead: 0
11.6031   0.0462124   0.234596  11.1138 	Dead: 0
11.6144   0.0501781   0.254728  11.1138 	Dead: 0
11.6059   0.0493275   0.25041   11.1138 	Dead: 0
11.5653   0.0468029   0.237593  11.1138 	Dead: 0
11.5866   0.045827    0.232639  11.1138 	Dead: 0
11.5595   0.0431627   0.219114  11.1138 	Dead: 0
11.5369   0.0456282   0.23163   11.1138 	Dead: 0
11.5218   0.0440202   0.223467  11.1138 	Dead: 0
11.5023   0.0430742   0.218665  11.0977 	Dead: 0
11.5239   0.0456925   0.231957  11.0977 	Dead: 0
11.5136   0.046766    0.237406  11.0909 	Dead: 0
11.5145   0.0474614   0.240936  11.0909 	Dead: 0
11.528    0.048594    0.246686  11.0909 	Dead: 0
11.4888   0.0495541   0.25156   11.0909 	Dead: 0
11.5262   0.0531354   0.26974   11.0909 	Dead: 0
11.5003   0.0521759   0.264869  11.0909 	Dead: 0
11.4752   0.0495982   0.251784  11.045  	Dead: 0
11.435    0.0423127   0.214799  11.045  	Dead: 0
11.4556   0.0504264   0.255988  11.0434 	Dead: 0
11.4167   0.0418377   0.212388  11.0434 	Dead: 0
11.4067   0.0464472   0.235788  11.0434 	Dead: 0
11.3881   0.0426395   0.216458  11.0434 	Dead: 0
11.4278   0.0458363   0.232686  11.0434 	Dead: 0
11.4097   0.0503612   0.255657  11.0434 	Dead: 0
11.3839   0.0468915   0.238043  11.0296 	Dead: 0
11.3928   0.045638    0.23168   11.0296 	Dead: 0
11.4055   0.045653    0.231756  10.9901 	Dead: 0
11.3741   0.0471857   0.239537  10.9901 	Dead: 0
11.3398   0.0459305   0.233164  10.977  	Dead: 0
11.2992   0.0479506   0.24342   10.7942 	Dead: 0
11.2784   0.048622    0.246828  10.7942 	Dead: 0
11.2673   0.0454303   0.230625  10.7942 	Dead: 0
11.2797   0.0485503   0.246464  10.7942 	Dead: 0
11.2875   0.0465649   0.236385  10.7942 	Dead: 0
11.255    0.0466617   0.236877  10.7942 	Dead: 0
11.26     0.049362    0.250584  10.7942 	Dead: 0
11.2418   0.0440966   0.223855  10.7942 	Dead: 0
11.2536   0.0468205   0.237682  10.7942 	Dead: 0
11.2547   0.0469281   0.238229  10.7942 	Dead: 0
11.2389   0.0457338   0.232166  10.7942 	Dead: 0
11.2474   0.047028    0.238736  10.7942 	Dead: 0
11.2189   0.049093    0.249219  10.7942 	Dead: 0
11.2366   0.048282    0.245102  10.7445 	Dead: 0
11.2372   0.0481744   0.244556  10.7445 	Dead: 0
11.2081   0.0470765   0.238982  10.7445 	Dead: 0
11.2227   0.0491603   0.24956   10.7407 	Dead: 0
11.217    0.047141    0.23931   10.7407 	Dead: 0
11.2541   0.0512105   0.259968  10.7407 	Dead: 0
11.2215   0.0485055   0.246237  10.7407 	Dead: 0
11.2569   0.050805    0.25791   10.7407 	Dead: 0
11.2274   0.0520392   0.264175  10.7407 	Dead: 0
11.2033   0.0466796   0.236968  10.7407 	Dead: 0
11.2162   0.0470812   0.239006  10.7407 	Dead: 0
11.2405   0.0534137   0.271153  10.7407 	Dead: 0
11.2347   0.051574    0.261814  10.7407 	Dead: 0
11.2478   0.0507078   0.257416  10.7407 	Dead: 0
11.2266   0.0498594   0.253109  10.7407 	Dead: 0
11.2166   0.0508481   0.258128  10.7407 	Dead: 0
11.2329   0.0533109   0.270631  10.7407 	Dead: 0
11.2086   0.0516284   0.26209   10.7407 	Dead: 0
11.1943   0.0488667   0.24807   10.7407 	Dead: 0
11.1781   0.0485591   0.246509  10.7194 	Dead: 0
11.22     0.0520704   0.264334  10.7194 	Dead: 0
11.1875   0.0474852   0.241057  10.7194 	Dead: 0
11.223    0.0532598   0.270371  10.7194 	Dead: 0
11.1743   0.0457849   0.232426  10.7194 	Dead: 0
11.208    0.050195    0.254813  10.7194 	Dead: 0
11.1831   0.0501657   0.254665  10.7194 	Dead: 0
11.171    0.0448861   0.227863  10.7194 	Dead: 0
11.1815   0.0527745   0.267908  10.7194 	Dead: 0
11.1619   0.0554898   0.281692  10.7194 	Dead: 0
11.1654   0.048162    0.244493  10.7194 	Dead: 0
11.2024   0.0545529   0.276936  10.7194 	Dead: 0
11.1608   0.0519019   0.263478  10.7194 	Dead: 0
11.1653   0.0500411   0.254032  10.7194 	Dead: 0
11.1818   0.0552127   0.280285  10.7194 	Dead: 0
11.1587   0.0542629   0.275464  10.7194 	Dead: 0
11.1451   0.0494503   0.251033  10.7194 	Dead: 0
11.1357   0.0465634   0.236378  10.7194 	Dead: 0
11.153    0.0485604   0.246515  10.7194 	Dead: 0
11.1719   0.0509353   0.258571  10.7194 	Dead: 0
