12.5884   0.0505184   0.256455  11.9931 	Dead: 0
11.9508   0.0352542   0.178967  11.554  	Dead: 0
11.7199   0.0287296   0.145845  11.3647 	Dead: 0
11.7044   0.0390993   0.198486  11.3647 	Dead: 0
11.6653   0.0361199   0.183361  11.3323 	Dead: 0
11.6438   0.0379309   0.192555  11.3058 	Dead: 0
11.6199   0.0376953   0.191359  11.3058 	Dead: 0
11.6126   0.0406622   0.20642   11.3058 	Dead: 0
11.6119   0.0446197   0.226511  11.2409 	Dead: 0
11.6043   0.0411427   0.20886   11.2409 	Dead: 0
11.5964   0.0426745   0.216635  11.2409 	Dead: 0
11.6253   0.0446683   0.226757  11.2409 	Dead: 0
11.5817   0.039577    0.200911  11.2409 	Dead: 0
11.5972   0.0415723   0.211041  11.2409 	Dead: 0
11.5865   0.0403143   0.204654  11.1929 	Dead: 0
11.6004   0.043854    0.222623  11.1929 	Dead: 0
11.5943   0.03972     0.201637  11.1929 	Dead: 0
11.6143   0.0414413   0.210376  11.1929 	Dead: 0
11.5705   0.0434154   0.220397  11.1929 	Dead: 0
11.5957   0.0454752   0.230853  11.1929 	Dead: 0
11.5902   0.0432388   0.2195    11.1895 	Dead: 0
11.5909   0.04334     0.220014  11.1862 	Dead: 0
11.6084   0.0468319   0.237741  11.1862 	Dead: 0
11.5315   0.0382449   0.194149  11.1862 	Dead: 0
11.5697   0.04237     0.21509   11.1862 	Dead: 0
11.5504   0.0416265   0.211315  11.1862 	Dead: 0
11.5369   0.039959    0.20285   11.1862 	Dead: 0
11.5608   0.0444318   0.225556  11.179  	Dead: 0
11.5421   0.0388387   0.197163  11.179  	Dead: 0
11.5288   0.0421156   0.213798  11.179  	Dead: 0
11.5432   0.0452759   0.229842  11.179  	Dead: 0
11.5564   0.0467596   0.237374  11.179  	Dead: 0
11.5435   0.0411      0.208643  11.179  	Dead: 0
11.5255   0.0421679   0.214064  11.179  	Dead: 0
11.5512   0.0427663   0.217102  11.179  	Dead: 0
11.5409   0.0415299   0.210825  11.179  	Dead: 0
11.5382   0.0426601   0.216563  11.179  	Dead: 0
11.5501   0.0457752   0.232377  11.179  	Dead: 0
11.532    0.0443912   0.225351  11.179  	Dead: 0
11.5347   0.0419298   0.212855  11.179  	Dead: 0
11.5512   0.0430228   0.218404  11.179  	Dead: 0
11.547    0.0452407   0.229663  11.179  	Dead: 0
11.5059   0.0392938   0.199474  11.179  	Dead: 0
11.5454   0.0454308   0.230628  11.1569 	Dead: 0
11.5277   0.0423141   0.214806  11.1299 	Dead: 0
11.51     0.0452783   0.229854  11.1299 	Dead: 0
11.5343   0.0435143   0.220899  11.1299 	Dead: 0
11.5354   0.0418236   0.212316  11.1299 	Dead: 0
11.5312   0.0463442   0.235265  11.1299 	Dead: 0
11.5342   0.0440491   0.223614  11.1299 	Dead: 0
11.5208   0.0440623   0.223681  11.1299 	Dead: 0
11.5367   0.0471286   0.239247  11.0617 	Dead: 0
11.5164   0.0449491   0.228183  11.0617 	Dead: 0
11.5175   0.0475055   0.24116   11.0617 	Dead: 0
11.5167   0.0452271   0.229594  11.0617 	Dead: 0
11.4917   0.0438605   0.222657  11.0617 	Dead: 0
11.5094   0.0463466   0.235277  11.0617 	Dead: 0
11.5091   0.0418494   0.212447  11.0617 	Dead: 0
11.5024   0.0484548   0.245979  11.0617 	Dead: 0
11.4934   0.0460946   0.233998  11.0617 	Dead: 0
11.4943   0.046878    0.237975  10.9769 	Dead: 0
11.4906   0.0448196   0.227525  10.9769 	Dead: 0
11.4822   0.0429856   0.218215  10.9769 	Dead: 0
11.5016   0.0487745   0.247602  10.9769 	Dead: 0
11.494    0.0443184   0.224981  10.9769 	Dead: 0
11.521    0.0514513   0.261191  10.9769 	Dead: 0
11.5069   0.0425271   0.215887  10.9769 	Dead: 0
11.4589   0.0415321   0.210836  10.9769 	Dead: 0
11.4922   0.0458518   0.232765  10.9769 	Dead: 0
11.485    0.046412    0.235609  10.9769 	Dead: 0
11.4914   0.0447805   0.227327  10.9769 	Dead: 0
11.4629   0.0453829   0.230385  10.9769 	Dead: 0
11.4751   0.0492551   0.250042  10.9769 	Dead: 0
11.4501   0.0459769   0.2334    10.9769 	Dead: 0
11.4678   0.0467823   0.237489  10.9769 	Dead: 0
11.4549   0.0465249   0.236182  10.9769 	Dead: 0
11.4556   0.0419131   0.212771  10.9769 	Dead: 0
11.4829   0.046271    0.234893  10.9769 	Dead: 0
11.4785   0.0466799   0.236969  10.9769 	Dead: 0
11.4617   0.0457235   0.232114  10.9769 	Dead: 0
11.4653   0.0464809   0.235959  10.9769 	Dead: 0
11.4682   0.0444959   0.225882  10.9769 	Dead: 0
11.4674   0.047873    0.243026  10.9769 	Dead: 0
11.4576   0.0465803   0.236464  10.9769 	Dead: 0
11.4907   0.0506748   0.257249  10.9769 	Dead: 0
11.4746   0.049432    0.25094   10.9769 	Dead: 0
11.4502   0.0475522   0.241397  10.9769 	Dead: 0
11.4615   0.0446297   0.226561  10.9769 	Dead: 0
11.4775   0.0510609   0.259209  10.9769 	Dead: 0
11.461    0.047686    0.242076  10.9769 	Dead: 0
11.4402   0.0456989   0.231989  10.9769 	Dead: 0
11.4646   0.0488244   0.247856  10.9769 	Dead: 0
11.4562   0.0490581   0.249042  10.9769 	Dead: 0
11.4766   0.0478487   0.242902  10.9769 	Dead: 0
11.4562   0.044018    0.223456  10.9769 	Dead: 0
11.4663   0.0479277   0.243303  10.9769 	Dead: 0
11.463    0.044665    0.226741  10.9769 	Dead: 0
11.4489   0.0473451   0.240346  10.9769 	Dead: 0
11.4539   0.0495715   0.251648  10.9769 	Dead: 0
11.4656   0.0485356   0.246389  10.9769 	Dead: 0
11.4568   0.0490179   0.248838  10.9769 	Dead: 0
