12.5889   0.0458029   0.232517  12.1167 	Dead: 0
12.0464   0.0408202   0.207222  11.6787 	Dead: 0
11.9107   0.0327802   0.166408  11.5462 	Dead: 0
11.9002   0.0374135   0.189928  11.5299 	Dead: 0
11.8485   0.0349711   0.17753   11.5299 	Dead: 0
11.8435   0.036764    0.186631  11.5299 	Dead: 0
11.8277   0.0395618   0.200834  11.5299 	Dead: 0
11.7996   0.0387176   0.196549  11.4922 	Dead: 0
11.7851   0.038315    0.194505  11.4199 	Dead: 0
11.7738   0.0389325   0.19764   11.4199 	Dead: 0
11.7737   0.0403237   0.204702  11.3598 	Dead: 0
11.7554   0.0409525   0.207894  11.3598 	Dead: 0
11.7691   0.0413059   0.209688  11.3598 	Dead: 0
11.7533   0.0424985   0.215742  11.3598 	Dead: 0
11.75     0.0423574   0.215026  11.3598 	Dead: 0
11.7216   0.0400414   0.203269  11.3598 	Dead: 0
11.7435   0.0427078   0.216805  11.3598 	Dead: 0
11.7393   0.0442526   0.224647  11.3598 	Dead: 0
11.7127   0.042808    0.217313  11.3598 	Dead: 0
11.7165   0.0428239   0.217394  11.3598 	Dead: 0
11.7358   0.045925    0.233137  11.3598 	Dead: 0
11.72     0.0427205   0.216869  11.3598 	Dead: 0
11.7524   0.0452135   0.229525  11.3598 	Dead: 0
11.7385   0.0428863   0.217711  11.3598 	Dead: 0
11.7373   0.0447612   0.227228  11.3598 	Dead: 0
11.6987   0.0393395   0.199706  11.3598 	Dead: 0
11.7212   0.0436409   0.221542  11.3598 	Dead: 0
11.7084   0.0414463   0.210401  11.3598 	Dead: 0
11.7163   0.0419692   0.213055  11.3598 	Dead: 0
11.6943   0.0411362   0.208826  11.3598 	Dead: 0
11.6939   0.0417002   0.21169   11.3598 	Dead: 0
11.7055   0.0435482   0.221071  11.3332 	Dead: 0
11.7217   0.0434809   0.220729  11.3332 	Dead: 0
11.6969   0.0441268   0.224008  11.3141 	Dead: 0
11.7192   0.0490519   0.24901   11.3141 	Dead: 0
11.6861   0.0414761   0.210552  11.3141 	Dead: 0
11.6739   0.0437678   0.222186  11.3141 	Dead: 0
11.7058   0.0451811   0.22936   11.3141 	Dead: 0
11.6809   0.041233    0.209318  11.3141 	Dead: 0
11.6688   0.043967    0.223197  11.3001 	Dead: 0
11.676    0.0447199   0.227019  11.3001 	Dead: 0
11.6495   0.0432999   0.21981   11.3001 	Dead: 0
11.6486   0.0440333   0.223534  11.3001 	Dead: 0
11.6707   0.0459656   0.233343  11.3001 	Dead: 0
11.6402   0.0423713   0.215096  11.3001 	Dead: 0
11.6334   0.0426791   0.216659  11.2142 	Dead: 0
11.6255   0.044675    0.226791  11.204  	Dead: 0
11.6329   0.0464622   0.235864  11.204  	Dead: 0
11.618    0.0458922   0.23297   11.204  	Dead: 0
11.6306   0.0460412   0.233727  11.204  	Dead: 0
11.6124   0.0415762   0.21106   11.204  	Dead: 0
11.6181   0.0478119   0.242715  11.204  	Dead: 0
11.5907   0.0411565   0.20893   11.204  	Dead: 0
11.6232   0.0459691   0.233361  11.204  	Dead: 0
11.6032   0.039532    0.200683  11.204  	Dead: 0
11.6257   0.0448871   0.227868  11.204  	Dead: 0
11.6307   0.0460898   0.233973  11.204  	Dead: 0
11.6168   0.0458871   0.232944  11.204  	Dead: 0
11.5966   0.043448    0.220562  11.1524 	Dead: 0
11.6118   0.0472107   0.239663  11.1524 	Dead: 0
11.592    0.0469371   0.238274  11.1524 	Dead: 0
11.5981   0.0464434   0.235768  11.1524 	Dead: 0
11.5973   0.0442871   0.224822  11.1524 	Dead: 0
11.5966   0.0438539   0.222623  11.1524 	Dead: 0
11.5784   0.0462948   0.235014  11.1524 	Dead: 0
11.5425   0.0429817   0.218195  11.1524 	Dead: 0
11.5708   0.0476039   0.24166   11.1524 	Dead: 0
11.5722   0.0476003   0.241641  11.1524 	Dead: 0
11.5476   0.0456289   0.231634  11.1524 	Dead: 0
11.5676   0.0493093   0.250317  11.1524 	Dead: 0
11.5548   0.047087    0.239036  11.1524 	Dead: 0
11.5551   0.0493929   0.250741  11.1524 	Dead: 0
11.5413   0.0436176   0.221423  11.1524 	Dead: 0
11.5671   0.050049    0.254072  11.1524 	Dead: 0
11.545    0.0451491   0.229198  11.1524 	Dead: 0
11.541    0.0449729   0.228303  11.1524 	Dead: 0
11.5794   0.0494777   0.251172  11.1524 	Dead: 0
11.5527   0.0459652   0.233341  11.1524 	Dead: 0
11.5591   0.0473702   0.240473  11.1524 	Dead: 0
11.5491   0.0472882   0.240057  11.1524 	Dead: 0
11.5607   0.0433255   0.21994   11.1524 	Dead: 0
11.5565   0.0444747   0.225774  11.1524 	Dead: 0
11.5208   0.0406397   0.206306  11.1524 	Dead: 0
11.5518   0.045794    0.232472  11.1524 	Dead: 0
11.5504   0.0467972   0.237564  11.1524 	Dead: 0
11.5473   0.0468205   0.237683  11.1524 	Dead: 0
11.5461   0.043204    0.219324  11.1524 	Dead: 0
11.5482   0.0439595   0.223159  11.1524 	Dead: 0
11.551    0.0467223   0.237184  11.1524 	Dead: 0
11.5491   0.0449952   0.228417  11.1524 	Dead: 0
11.5604   0.0423131   0.214801  11.1524 	Dead: 0
11.5121   0.0396151   0.201105  11.1524 	Dead: 0
11.5194   0.0458016   0.23251   11.1043 	Dead: 0
11.5411   0.0434119   0.220379  11.1043 	Dead: 0
11.5605   0.047341    0.240325  11.1043 	Dead: 0
11.5334   0.0448398   0.227628  11.1043 	Dead: 0
11.5122   0.043047    0.218527  11.1043 	Dead: 0
11.5446   0.0433354   0.219991  11.1043 	Dead: 0
11.5402   0.0445162   0.225985  11.1043 	Dead: 0
11.545    0.0462974   0.235027  11.1043 	Dead: 0
11.5199   0.047129    0.239249  11.1043 	Dead: 0
