13.2475   0.070784    0.359332  12.4142 	Dead: 0
11.5455   0.025922    0.131592  11.2577 	Dead: 0
11.2108   0.0264876   0.134463  10.8118 	Dead: 0
10.9899   0.0300737   0.152668  10.6947 	Dead: 0
10.871    0.0327634   0.166322  10.4932 	Dead: 0
10.7566   0.0318509   0.16169   10.4932 	Dead: 0
10.7289   0.0360712   0.183114  10.3861 	Dead: 0
10.6846   0.0288301   0.146355  10.3861 	Dead: 0
10.6839   0.0311888   0.158329  10.3479 	Dead: 0
10.6711   0.0331462   0.168266  10.3479 	Dead: 0
10.6004   0.0300826   0.152713  10.3479 	Dead: 0
10.563    0.025865    0.131303  10.3354 	Dead: 0
10.5374   0.0287688   0.146044  10.3354 	Dead: 0
10.5254   0.031529    0.160056  10.291  	Dead: 0
10.4863   0.0280367   0.142328  10.2375 	Dead: 0
10.477    0.0290501   0.147472  10.1666 	Dead: 0
10.4201   0.0251084   0.127462  10.1666 	Dead: 0
10.4121   0.0291536   0.147997  10.1666 	Dead: 0
10.3859   0.0258893   0.131426  10.1308 	Dead: 0
10.3834   0.0288769   0.146593  10.1308 	Dead: 0
10.3332   0.0227777   0.11563   10.1308 	Dead: 0
10.3805   0.0320977   0.162943  10.0914 	Dead: 0
10.354    0.0287765   0.146083  10.0914 	Dead: 0
10.3631   0.0300297   0.152445  10.0914 	Dead: 0
10.3632   0.0401496   0.203818  10.0914 	Dead: 0
10.3412   0.0290067   0.147252  10.0914 	Dead: 0
10.337    0.0293876   0.149185  10.0914 	Dead: 0
10.3412   0.031565    0.160239  10.0914 	Dead: 0
10.3267   0.0281302   0.142802  10.0914 	Dead: 0
10.3292   0.0286792   0.145589  10.0914 	Dead: 0
10.3567   0.0343102   0.174175  10.0914 	Dead: 0
10.3518   0.0337465   0.171313  10.0914 	Dead: 0
10.3397   0.0296225   0.150378  10.0914 	Dead: 0
10.3345   0.0302154   0.153388  10.0739 	Dead: 0
10.3251   0.0287921   0.146162  10.0739 	Dead: 0
10.3338   0.0296709   0.150624  10.0739 	Dead: 0
10.3224   0.03478     0.176559  10.0699 	Dead: 0
10.3249   0.0431884   0.219244  10.0699 	Dead: 0
10.31     0.0302868   0.15375   10.0699 	Dead: 0
10.3315   0.0336512   0.170829  10.0699 	Dead: 0
10.3075   0.0314884   0.15985   10.0699 	Dead: 0
10.286    0.0278898   0.141582  10.0699 	Dead: 0
10.3133   0.0319484   0.162185  10.0479 	Dead: 0
10.2863   0.0288583   0.146498  10.0479 	Dead: 0
10.29     0.0290397   0.147419  10.0479 	Dead: 0
10.2949   0.0296451   0.150492  10.0425 	Dead: 0
10.2757   0.0291547   0.148003  10.0425 	Dead: 0
10.2529   0.0275985   0.140103  10.0425 	Dead: 0
10.2534   0.0317767   0.161313  9.98274 	Dead: 0
10.2579   0.0354248   0.179833  9.98274 	Dead: 0
10.2445   0.0371821   0.188754  9.98274 	Dead: 0
10.2677   0.0517793   0.262856  9.98111 	Dead: 0
10.2547   0.0447145   0.226991  9.98111 	Dead: 0
10.235    0.0308365   0.15654   9.98111 	Dead: 0
10.215    0.030444    0.154548  9.97432 	Dead: 0
10.2337   0.0345763   0.175525  9.96404 	Dead: 0
10.2282   0.0395957   0.201006  9.96404 	Dead: 0
10.2511   0.0638169   0.323964  9.96404 	Dead: 0
10.1735   0.0360379   0.182945  9.90851 	Dead: 0
10.1306   0.0278299   0.141277  9.90851 	Dead: 0
10.1223   0.026565    0.134856  9.90851 	Dead: 0
10.1097   0.0297551   0.151051  9.90851 	Dead: 0
10.1018   0.0376485   0.191121  9.90175 	Dead: 0
10.113    0.0334398   0.169756  9.874   	Dead: 0
10.1108   0.0280931   0.142614  9.874   	Dead: 0
10.1052   0.035517    0.180301  9.86747 	Dead: 0
10.1159   0.0517309   0.26261   9.85453 	Dead: 0
10.1007   0.0498636   0.253131  9.85052 	Dead: 0
10.1125   0.0442836   0.224804  9.85052 	Dead: 0
10.1198   0.0460106   0.233571  9.85052 	Dead: 0
10.0914   0.0379947   0.192879  9.85052 	Dead: 0
10.1056   0.0480517   0.243933  9.85052 	Dead: 0
10.116    0.0522566   0.265279  9.85052 	Dead: 0
10.0252   0.0311479   0.158121  9.72584 	Dead: 0
9.96043   0.032324    0.164091  9.72584 	Dead: 0
9.94074   0.0321247   0.16308   9.66544 	Dead: 0
9.94974   0.0491522   0.24952   9.66544 	Dead: 0
9.94512   0.0365161   0.185373  9.66544 	Dead: 0
9.93844   0.0327793   0.166403  9.66544 	Dead: 0
9.91985   0.0319648   0.162268  9.66544 	Dead: 0
9.92045   0.0327737   0.166375  9.66544 	Dead: 0
9.91943   0.0319522   0.162204  9.66544 	Dead: 0
9.91653   0.0339361   0.172276  9.66544 	Dead: 0
9.95858   0.0422582   0.214522  9.66544 	Dead: 0
9.93249   0.0371387   0.188533  9.61558 	Dead: 0
9.95705   0.0517572   0.262744  9.61558 	Dead: 0
9.90155   0.0409237   0.207748  9.61558 	Dead: 0
9.8848    0.0317841   0.161351  9.61558 	Dead: 0
9.88533   0.0300808   0.152704  9.61558 	Dead: 0
9.89265   0.0362343   0.183942  9.61558 	Dead: 0
9.91495   0.0401893   0.20402   9.61558 	Dead: 0
9.89807   0.0328352   0.166687  9.61558 	Dead: 0
9.92376   0.0430294   0.218438  9.61558 	Dead: 0
9.89255   0.0334668   0.169893  9.61558 	Dead: 0
9.92933   0.0518086   0.263004  9.61558 	Dead: 0
9.88162   0.0311004   0.15788   9.59961 	Dead: 0
9.90841   0.0354318   0.179868  9.59961 	Dead: 0
9.9102    0.0499981   0.253813  9.59961 	Dead: 0
9.88557   0.0356271   0.18086   9.59961 	Dead: 0
9.90012   0.0561383   0.284984  9.59961 	Dead: 0
9.89063   0.0361445   0.183486  9.59961 	Dead: 0
