7.07922   0.249109    1.26459   3.95003 	Dead: 0
2.9874    0.0412831   0.209572  2.64236 	Dead: 0
2.69846   0.0326607   0.165801  2.46191 	Dead: 0
2.58234   0.0311944   0.158357  2.26015 	Dead: 0
2.55097   0.0399593   0.202852  2.26015 	Dead: 0
2.48615   0.0332853   0.168972  2.21556 	Dead: 0
2.47171   0.0337965   0.171567  2.20892 	Dead: 0
2.46381   0.0335454   0.170292  2.20892 	Dead: 0
2.47818   0.0448277   0.227566  2.20892 	Dead: 0
2.45563   0.0435248   0.220952  2.17115 	Dead: 0
2.45099   0.0433318   0.219972  2.15107 	Dead: 0
2.46659   0.0463511   0.2353    2.15107 	Dead: 0
2.43294   0.0461652   0.234356  2.15097 	Dead: 0
2.38603   0.0374056   0.189888  2.10164 	Dead: 0
2.39497   0.045756    0.232279  2.10164 	Dead: 0
2.34714   0.0347417   0.176365  2.10164 	Dead: 0
2.38049   0.0425054   0.215777  2.10164 	Dead: 0
2.35129   0.0351165   0.178268  2.10164 	Dead: 0
2.34248   0.0383687   0.194777  2.10164 	Dead: 0
2.33503   0.0396795   0.201432  2.10164 	Dead: 0
2.36743   0.0475969   0.241624  2.10164 	Dead: 0
2.36443   0.0474708   0.240984  2.10164 	Dead: 0
2.36762   0.042114    0.21379   2.10164 	Dead: 0
2.34351   0.0362662   0.184104  2.10164 	Dead: 0
2.32316   0.0322116   0.163521  2.03574 	Dead: 0
2.34723   0.0432054   0.219331  2.02261 	Dead: 0
2.36439   0.04355     0.22108   2.02261 	Dead: 0
2.35065   0.0362924   0.184237  2.02261 	Dead: 0
2.34193   0.0419922   0.213172  2.02261 	Dead: 0
2.341     0.0461673   0.234367  2.02261 	Dead: 0
2.30586   0.0328049   0.166533  2.02261 	Dead: 0
2.38396   0.0590646   0.299839  2.02261 	Dead: 0
2.35798   0.0460301   0.23367   2.02261 	Dead: 0
2.32559   0.0437076   0.22188   2.02261 	Dead: 0
2.32835   0.0376306   0.19103   2.02261 	Dead: 0
2.34165   0.0532914   0.270532  2.02261 	Dead: 0
2.38708   0.0644254   0.327053  2.02261 	Dead: 0
2.30663   0.0449798   0.228338  2.02261 	Dead: 0
2.30858   0.0482418   0.244898  2.02261 	Dead: 0
2.28444   0.037962    0.192713  2.02261 	Dead: 0
2.33251   0.0603738   0.306485  2.00235 	Dead: 0
2.27321   0.041533    0.210841  2.00235 	Dead: 0
2.2755    0.0466307   0.236719  2.00235 	Dead: 0
2.29409   0.0556846   0.282681  2.00235 	Dead: 0
2.28216   0.0491593   0.249555  1.95307 	Dead: 0
2.27564   0.0626826   0.318206  1.95307 	Dead: 0
2.21791   0.0487789   0.247625  1.95307 	Dead: 0
2.25374   0.0495238   0.251406  1.95307 	Dead: 0
2.23237   0.0401179   0.203657  1.95307 	Dead: 0
2.23019   0.0386576   0.196244  1.95307 	Dead: 0
2.22106   0.0367869   0.186747  1.95307 	Dead: 0
2.25243   0.0388731   0.197338  1.95307 	Dead: 0
2.23616   0.0413911   0.21012   1.95307 	Dead: 0
2.23661   0.0352944   0.179171  1.95307 	Dead: 0
2.24106   0.0408853   0.207553  1.95307 	Dead: 0
2.22546   0.0353972   0.179693  1.95307 	Dead: 0
2.23581   0.0430802   0.218695  1.95307 	Dead: 0
2.24945   0.0502818   0.255254  1.95307 	Dead: 0
2.19054   0.0343373   0.174312  1.95307 	Dead: 0
2.19441   0.0367152   0.186384  1.95307 	Dead: 0
2.22893   0.0515775   0.261831  1.95307 	Dead: 0
2.21376   0.0440319   0.223526  1.95307 	Dead: 0
2.2256    0.0543273   0.275791  1.95307 	Dead: 0
2.2101    0.0466127   0.236628  1.95307 	Dead: 0
2.2125    0.039828    0.202186  1.95307 	Dead: 0
2.21436   0.0375558   0.190651  1.95307 	Dead: 0
2.1952    0.0335925   0.170531  1.95307 	Dead: 0
2.19917   0.0483078   0.245233  1.95307 	Dead: 0
2.18979   0.0402681   0.20442   1.92811 	Dead: 0
2.1979    0.0516961   0.262433  1.92811 	Dead: 0
2.16666   0.0333414   0.169257  1.92811 	Dead: 0
2.16226   0.052761    0.267839  1.92811 	Dead: 0
2.15068   0.0547301   0.277836  1.90633 	Dead: 0
2.1706    0.0486303   0.24687   1.90633 	Dead: 0
2.11892   0.0348389   0.176858  1.89115 	Dead: 0
2.11129   0.0421623   0.214035  1.89115 	Dead: 0
2.11398   0.0360469   0.182991  1.89115 	Dead: 0
2.0771    0.03835     0.194682  1.83721 	Dead: 0
2.0735    0.0333042   0.169068  1.83721 	Dead: 0
2.08739   0.0421785   0.214118  1.83721 	Dead: 0
2.07463   0.0360419   0.182965  1.83721 	Dead: 0
2.07062   0.0484694   0.246053  1.83721 	Dead: 0
2.06308   0.0364406   0.184989  1.83721 	Dead: 0
2.09638   0.0507117   0.257436  1.83721 	Dead: 0
2.09199   0.0451395   0.229149  1.83721 	Dead: 0
2.05618   0.0339932   0.172565  1.83213 	Dead: 0
2.10484   0.0574872   0.291832  1.83213 	Dead: 0
2.08018   0.0513879   0.260869  1.83213 	Dead: 0
2.11027   0.0612469   0.310918  1.83213 	Dead: 0
2.07456   0.0394311   0.200171  1.83213 	Dead: 0
2.08772   0.0523664   0.265836  1.83213 	Dead: 0
2.06035   0.0377985   0.191883  1.83213 	Dead: 0
2.04676   0.0318537   0.161704  1.83213 	Dead: 0
2.07927   0.0436862   0.221771  1.82363 	Dead: 0
2.07501   0.0388631   0.197287  1.82363 	Dead: 0
2.08131   0.0542996   0.27565   1.82011 	Dead: 0
2.10861   0.0525794   0.266918  1.79905 	Dead: 0
2.10077   0.0600814   0.305001  1.79905 	Dead: 0
2.07761   0.0533828   0.270996  1.79905 	Dead: 0
2.08424   0.0505524   0.256627  1.79715 	Dead: 0
2.04752   0.0455022   0.230991  1.79715 	Dead: 0
