6.65711   0.220794    1.12085   3.78717 	Dead: 0
2.77667   0.0366812   0.186211  2.48717 	Dead: 0
2.5862    0.0373554   0.189633  2.27502 	Dead: 0
2.48702   0.0287175   0.145784  2.18297 	Dead: 0
2.50045   0.042518    0.215841  2.18297 	Dead: 0
2.47114   0.0385586   0.195742  2.18297 	Dead: 0
2.44732   0.0413433   0.209878  2.18297 	Dead: 0
2.43683   0.0401501   0.20382   2.18297 	Dead: 0
2.46643   0.0409761   0.208014  2.18297 	Dead: 0
2.43419   0.0372743   0.189222  2.18297 	Dead: 0
2.46331   0.0424018   0.215251  2.18215 	Dead: 0
2.44562   0.0390582   0.198278  2.1642  	Dead: 0
2.42603   0.0362052   0.183794  2.1642  	Dead: 0
2.42168   0.0352826   0.179111  2.1642  	Dead: 0
2.40976   0.035996    0.182732  2.1642  	Dead: 0
2.39925   0.0391192   0.198587  2.13527 	Dead: 0
2.42683   0.0450449   0.228669  2.13527 	Dead: 0
2.3874    0.0356427   0.180939  2.13527 	Dead: 0
2.38533   0.0385613   0.195755  2.10148 	Dead: 0
2.36979   0.0381602   0.193719  2.10148 	Dead: 0
2.37068   0.0443632   0.225208  2.10148 	Dead: 0
2.32418   0.0339064   0.172125  2.05286 	Dead: 0
2.29465   0.0324881   0.164925  2.0504  	Dead: 0
2.28986   0.031471    0.159762  2.04821 	Dead: 0
2.30583   0.0379964   0.192888  2.04821 	Dead: 0
2.30514   0.0409933   0.208101  2.04821 	Dead: 0
2.29458   0.0374222   0.189973  2.04821 	Dead: 0
2.27069   0.03047     0.15468   2.04821 	Dead: 0
2.2587    0.029675    0.150644  2.04821 	Dead: 0
2.30798   0.0429143   0.217853  2.04821 	Dead: 0
2.28463   0.03944     0.200216  2.02777 	Dead: 0
2.26361   0.0314654   0.159733  2.02777 	Dead: 0
2.27883   0.0376455   0.191106  2.02777 	Dead: 0
2.29908   0.0372879   0.189291  2.02777 	Dead: 0
2.27353   0.0384991   0.195439  2.02777 	Dead: 0
2.25895   0.0349947   0.177649  2.02777 	Dead: 0
2.26206   0.0356725   0.18109   2.02437 	Dead: 0
2.26933   0.0389562   0.19776   2.02437 	Dead: 0
2.23484   0.0341713   0.17347   1.9577  	Dead: 0
2.249     0.0411043   0.208665  1.9577  	Dead: 0
2.24297   0.0408458   0.207352  1.9577  	Dead: 0
2.23498   0.036263    0.184088  1.9577  	Dead: 0
2.24143   0.0373288   0.189498  1.9577  	Dead: 0
2.26412   0.0436565   0.221621  1.9577  	Dead: 0
2.26427   0.0387552   0.19674   1.9577  	Dead: 0
2.2429    0.0381986   0.193914  1.9577  	Dead: 0
2.2171    0.0314697   0.159755  1.9577  	Dead: 0
2.27227   0.0524029   0.266022  1.9577  	Dead: 0
2.23262   0.04078     0.207018  1.87947 	Dead: 0
2.22649   0.0341704   0.173465  1.87947 	Dead: 0
2.24174   0.0413327   0.209824  1.87947 	Dead: 0
2.21323   0.0353583   0.179495  1.87947 	Dead: 0
2.2065    0.0297995   0.151276  1.87947 	Dead: 0
2.23047   0.0337042   0.171098  1.87947 	Dead: 0
2.24678   0.041095    0.208617  1.87947 	Dead: 0
2.22558   0.0368981   0.187312  1.87947 	Dead: 0
2.23449   0.0360959   0.183239  1.87947 	Dead: 0
2.23652   0.035005    0.177702  1.87947 	Dead: 0
2.23829   0.0401377   0.203758  1.87947 	Dead: 0
2.22976   0.0415837   0.211098  1.87947 	Dead: 0
2.22016   0.0375069   0.190403  1.87947 	Dead: 0
2.24232   0.042604    0.216278  1.87947 	Dead: 0
2.22514   0.033431    0.169711  1.87947 	Dead: 0
2.22784   0.0400644   0.203385  1.87947 	Dead: 0
2.21962   0.035804    0.181758  1.87947 	Dead: 0
2.21201   0.0355926   0.180685  1.87947 	Dead: 0
2.24199   0.0404892   0.205542  1.87947 	Dead: 0
2.20726   0.0356034   0.18074   1.87947 	Dead: 0
2.21336   0.0369015   0.187329  1.87947 	Dead: 0
2.23072   0.0396883   0.201476  1.87947 	Dead: 0
2.22552   0.0398069   0.202078  1.87947 	Dead: 0
2.19891   0.0301907   0.153262  1.87947 	Dead: 0
2.22142   0.0391928   0.198961  1.87947 	Dead: 0
2.2121    0.0341848   0.173538  1.87947 	Dead: 0
2.23488   0.0385832   0.195866  1.87947 	Dead: 0
2.23387   0.0438389   0.222546  1.87947 	Dead: 0
2.23458   0.0409515   0.207889  1.87947 	Dead: 0
2.22404   0.038731    0.196617  1.87947 	Dead: 0
2.23304   0.0425398   0.215952  1.87947 	Dead: 0
2.23839   0.0433419   0.220024  1.87947 	Dead: 0
2.24252   0.0439206   0.222962  1.87947 	Dead: 0
2.18956   0.0315946   0.160389  1.87947 	Dead: 0
2.21242   0.0368023   0.186826  1.87947 	Dead: 0
2.21132   0.0381882   0.193861  1.87947 	Dead: 0
2.1856    0.0312993   0.15889   1.87947 	Dead: 0
2.20267   0.0425694   0.216102  1.87947 	Dead: 0
2.19781   0.0351838   0.178609  1.87947 	Dead: 0
2.22073   0.0400983   0.203558  1.87947 	Dead: 0
2.20439   0.0368849   0.187245  1.87947 	Dead: 0
2.22412   0.0436013   0.22134   1.87947 	Dead: 0
2.20362   0.0323395   0.16417   1.87947 	Dead: 0
2.22781   0.0439191   0.222954  1.87947 	Dead: 0
2.24039   0.0418694   0.212548  1.87947 	Dead: 0
2.23869   0.0425939   0.216227  1.87947 	Dead: 0
2.2204    0.0468771   0.23797   1.87947 	Dead: 0
2.21815   0.0421906   0.214179  1.87947 	Dead: 0
2.19982   0.0355188   0.18031   1.87947 	Dead: 0
2.2046    0.0347494   0.176404  1.87947 	Dead: 0
2.23244   0.0416167   0.211266  1.87947 	Dead: 0
2.20645   0.0349358   0.177351  1.87947 	Dead: 0
2.22424   0.0442561   0.224664  1.87947 	Dead: 0
