7.33594   0.104786    0.53194   6.25828 	Dead: 0
5.78704   0.0397148   0.201611  5.3711  	Dead: 0
5.4549    0.0351029   0.178199  5.1283  	Dead: 0
5.26881   0.028469    0.144522  5.053   	Dead: 0
5.17493   0.0337023   0.171088  4.92133 	Dead: 0
5.07988   0.0316903   0.160875  4.807   	Dead: 0
4.99063   0.0302872   0.153752  4.73147 	Dead: 0
4.93981   0.0331813   0.168444  4.60586 	Dead: 0
4.90978   0.0376038   0.190894  4.60586 	Dead: 0
4.86034   0.0343353   0.174302  4.58984 	Dead: 0
4.86653   0.0355483   0.18046   4.58984 	Dead: 0
4.83559   0.0348417   0.176873  4.54477 	Dead: 0
4.81033   0.0323524   0.164236  4.53019 	Dead: 0
4.81813   0.0363204   0.18438   4.53019 	Dead: 0
4.79795   0.0359512   0.182505  4.49116 	Dead: 0
4.77539   0.0362544   0.184044  4.46587 	Dead: 0
4.76659   0.0384483   0.195182  4.46587 	Dead: 0
4.74203   0.039223    0.199114  4.46587 	Dead: 0
4.72916   0.0369896   0.187776  4.46587 	Dead: 0
4.71407   0.0354348   0.179884  4.35481 	Dead: 0
4.68432   0.038471    0.195297  4.35481 	Dead: 0
4.6621    0.0392195   0.199096  4.35481 	Dead: 0
4.62844   0.0383521   0.194693  4.35481 	Dead: 0
4.59575   0.0356634   0.181044  4.2665  	Dead: 0
4.57343   0.0350284   0.17782   4.2665  	Dead: 0
4.55583   0.0356621   0.181038  4.2665  	Dead: 0
4.5233    0.0387411   0.196668  4.19118 	Dead: 0
4.41435   0.032561    0.165295  4.07278 	Dead: 0
4.38283   0.0356071   0.180758  4.05139 	Dead: 0
4.34266   0.0322926   0.163932  4.05139 	Dead: 0
4.35749   0.039828    0.202185  4.04479 	Dead: 0
4.32133   0.0339847   0.172522  4.04479 	Dead: 0
4.32843   0.037109    0.188383  4.04479 	Dead: 0
4.33069   0.0360699   0.183107  4.04479 	Dead: 0
4.35066   0.041438    0.210359  4.04479 	Dead: 0
4.32138   0.0415159   0.210754  4.0374  	Dead: 0
4.3247    0.0413171   0.209745  4.0374  	Dead: 0
4.31362   0.0352839   0.179118  4.0374  	Dead: 0
4.31351   0.0371445   0.188563  4.0374  	Dead: 0
4.30917   0.034908    0.177209  4.0374  	Dead: 0
4.28114   0.0338553   0.171865  4.0309  	Dead: 0
4.28524   0.0357661   0.181565  4.0309  	Dead: 0
4.28472   0.0374129   0.189925  3.90335 	Dead: 0
4.26091   0.035303    0.179215  3.90335 	Dead: 0
4.24062   0.0337022   0.171088  3.90335 	Dead: 0
4.24853   0.0363611   0.184586  3.83866 	Dead: 0
4.24716   0.0411065   0.208676  3.83866 	Dead: 0
4.22962   0.0369998   0.187828  3.83866 	Dead: 0
4.25505   0.0416294   0.21133   3.83866 	Dead: 0
4.22378   0.0399598   0.202855  3.83866 	Dead: 0
4.24128   0.0449386   0.228129  3.83866 	Dead: 0
4.21297   0.0359248   0.182371  3.83866 	Dead: 0
4.22726   0.0398062   0.202075  3.83866 	Dead: 0
4.21865   0.0404848   0.20552   3.83866 	Dead: 0
4.22672   0.0412461   0.209385  3.83866 	Dead: 0
4.19372   0.035127    0.178321  3.83866 	Dead: 0
4.18898   0.0391256   0.19862   3.83866 	Dead: 0
4.19474   0.0394444   0.200238  3.83866 	Dead: 0
4.20949   0.0385643   0.19577   3.83866 	Dead: 0
4.21556   0.0422322   0.21439   3.83866 	Dead: 0
4.21863   0.0406444   0.20633   3.83866 	Dead: 0
4.19549   0.0399751   0.202932  3.83866 	Dead: 0
4.20292   0.0413348   0.209835  3.83866 	Dead: 0
4.18557   0.0408914   0.207584  3.83866 	Dead: 0
4.19597   0.0399847   0.202981  3.83866 	Dead: 0
4.17722   0.0387667   0.196798  3.83866 	Dead: 0
4.21477   0.0473147   0.240192  3.83866 	Dead: 0
4.20798   0.0416802   0.211588  3.83866 	Dead: 0
4.20978   0.0414803   0.210573  3.83866 	Dead: 0
4.17177   0.0380671   0.193246  3.83866 	Dead: 0
4.21477   0.0448672   0.227767  3.83866 	Dead: 0
4.18648   0.0383111   0.194485  3.83866 	Dead: 0
4.19634   0.0431789   0.219196  3.83866 	Dead: 0
4.19036   0.0445741   0.226279  3.83866 	Dead: 0
4.19648   0.044815    0.227502  3.83866 	Dead: 0
4.16539   0.0371987   0.188838  3.83866 	Dead: 0
4.15309   0.0387671   0.1968    3.83866 	Dead: 0
4.14694   0.0377705   0.191741  3.83866 	Dead: 0
4.16248   0.0426513   0.216518  3.81292 	Dead: 0
4.14631   0.0384274   0.195075  3.81292 	Dead: 0
4.145     0.0405033   0.205614  3.81292 	Dead: 0
4.12908   0.0389453   0.197705  3.81292 	Dead: 0
4.14127   0.0435648   0.221155  3.81292 	Dead: 0
4.14469   0.0418608   0.212505  3.81292 	Dead: 0
4.13294   0.0432928   0.219774  3.81292 	Dead: 0
4.13273   0.0433315   0.219971  3.81292 	Dead: 0
4.11758   0.0415685   0.211021  3.81292 	Dead: 0
4.1495    0.043625    0.221461  3.81292 	Dead: 0
4.13029   0.0386985   0.196452  3.81292 	Dead: 0
4.13955   0.0422907   0.214687  3.81292 	Dead: 0
4.13134   0.0428791   0.217674  3.81292 	Dead: 0
4.1249    0.0425089   0.215795  3.79295 	Dead: 0
4.11892   0.0408234   0.207239  3.79295 	Dead: 0
4.13306   0.0412319   0.209313  3.79295 	Dead: 0
4.09296   0.0396672   0.201369  3.79295 	Dead: 0
4.12151   0.042823    0.21739   3.79295 	Dead: 0
4.11296   0.0423813   0.215147  3.79295 	Dead: 0
4.12169   0.0446288   0.226556  3.79295 	Dead: 0
4.09301   0.0407115   0.206671  3.79295 	Dead: 0
4.11012   0.0443976   0.225383  3.79295 	Dead: 0
4.08843   0.0429814   0.218194  3.77616 	Dead: 0
