14.0556   0.116828    0.593074  13.0071 	Dead: 0
12.5319   0.0556291   0.282399  11.9526 	Dead: 0
12.2619   0.0508194   0.257983  11.7218 	Dead: 0
11.9462   0.0530949   0.269534  11.4084 	Dead: 0
11.8608   0.0514439   0.261153  11.3801 	Dead: 0
11.8728   0.0556056   0.28228   11.3801 	Dead: 0
11.8167   0.0536293   0.272248  11.3619 	Dead: 0
11.8272   0.0578997   0.293926  11.3404 	Dead: 0
11.8729   0.0652694   0.331338  11.3404 	Dead: 0
11.8211   0.0552486   0.280468  11.3404 	Dead: 0
11.8396   0.0585717   0.297337  11.3404 	Dead: 0
11.824    0.0619967   0.314724  11.3404 	Dead: 0
11.7745   0.0537225   0.27272   11.2526 	Dead: 0
11.7731   0.0635646   0.322684  11.2241 	Dead: 0
11.7144   0.0583477   0.2962    11.2241 	Dead: 0
11.7153   0.0593128   0.3011    11.2241 	Dead: 0
11.6737   0.0565022   0.286831  11.1364 	Dead: 0
11.7325   0.0657278   0.333665  11.1364 	Dead: 0
11.6856   0.0634885   0.322297  11.1025 	Dead: 0
11.6594   0.0615828   0.312623  11.1025 	Dead: 0
11.6884   0.0735595   0.373422  11.1025 	Dead: 0
11.6903   0.064356    0.326701  11.1025 	Dead: 0
11.6497   0.0618991   0.314229  11.1025 	Dead: 0
11.653    0.0597919   0.303531  11.0643 	Dead: 0
11.6647   0.0623408   0.316471  11.0643 	Dead: 0
11.6427   0.066743    0.338818  11.0643 	Dead: 0
11.6408   0.0633788   0.32174   11.0643 	Dead: 0
11.6628   0.073449    0.372861  11.0643 	Dead: 0
11.6151   0.0606706   0.307992  11.0643 	Dead: 0
11.625    0.0671521   0.340895  11.0643 	Dead: 0
11.6077   0.0641727   0.325771  11.0643 	Dead: 0
11.6484   0.0764826   0.388261  11.0643 	Dead: 0
11.6209   0.0758881   0.385243  11.0643 	Dead: 0
11.6225   0.0660633   0.335368  11.0643 	Dead: 0
11.6228   0.0650791   0.330372  11.0643 	Dead: 0
11.6171   0.0675768   0.343051  11.0643 	Dead: 0
11.6284   0.0653457   0.331725  11.0643 	Dead: 0
11.6008   0.0591537   0.300292  11.0643 	Dead: 0
11.632    0.0693221   0.351911  11.0643 	Dead: 0
11.6268   0.0674809   0.342564  11.0643 	Dead: 0
11.557    0.0566957   0.287814  11.0643 	Dead: 0
11.5778   0.066336    0.336753  11.0643 	Dead: 0
11.6048   0.064144    0.325625  11.0643 	Dead: 0
11.5446   0.0599774   0.304473  11.0345 	Dead: 0
11.5914   0.0627757   0.318679  11.0345 	Dead: 0
11.5619   0.0600922   0.305056  11.0345 	Dead: 0
11.5319   0.0644108   0.326979  11.0345 	Dead: 0
11.5649   0.0609336   0.309328  11.0345 	Dead: 0
11.5146   0.0611628   0.310491  11.0345 	Dead: 0
11.5242   0.0641004   0.325404  10.9756 	Dead: 0
11.5835   0.073375    0.372486  10.9756 	Dead: 0
11.5388   0.0629279   0.319451  10.9756 	Dead: 0
11.4914   0.0639259   0.324518  10.9756 	Dead: 0
11.4983   0.0679873   0.345135  10.9756 	Dead: 0
11.4938   0.0632353   0.321012  10.9756 	Dead: 0
11.52     0.0687015   0.348761  10.9756 	Dead: 0
11.5487   0.0780845   0.396393  10.9756 	Dead: 0
11.5917   0.0798294   0.405251  10.9756 	Dead: 0
11.5073   0.0610613   0.309976  10.9756 	Dead: 0
11.5571   0.0708817   0.359828  10.9756 	Dead: 0
11.5406   0.0754983   0.383265  10.9756 	Dead: 0
11.5051   0.0635232   0.322474  10.9756 	Dead: 0
11.4976   0.0633094   0.321388  10.9756 	Dead: 0
11.4877   0.0710601   0.360734  10.9756 	Dead: 0
11.5507   0.0713177   0.362042  10.9756 	Dead: 0
11.4833   0.0658393   0.334231  10.9756 	Dead: 0
11.5092   0.0676373   0.343359  10.9094 	Dead: 0
11.4947   0.0644818   0.327339  10.9094 	Dead: 0
11.529    0.0738568   0.374931  10.9094 	Dead: 0
11.4955   0.0686098   0.348295  10.9094 	Dead: 0
11.4834   0.0683305   0.346877  10.9094 	Dead: 0
11.5286   0.0764649   0.388172  10.9094 	Dead: 0
11.5185   0.0727366   0.369245  10.9094 	Dead: 0
11.5159   0.067301    0.341651  10.9094 	Dead: 0
11.5151   0.0684797   0.347635  10.9094 	Dead: 0
11.5076   0.0665853   0.338018  10.9094 	Dead: 0
11.5032   0.0695754   0.353197  10.9094 	Dead: 0
11.5487   0.0730951   0.371065  10.9094 	Dead: 0
11.4989   0.062225    0.315883  10.9094 	Dead: 0
11.4778   0.0614484   0.311941  10.9094 	Dead: 0
11.4641   0.0652485   0.331232  10.9094 	Dead: 0
11.4525   0.0607692   0.308493  10.9036 	Dead: 0
11.4201   0.0676356   0.34335   10.9036 	Dead: 0
11.375    0.0658127   0.334096  10.7558 	Dead: 0
11.3776   0.0709284   0.360065  10.7558 	Dead: 0
11.3194   0.084443    0.428672  10.6709 	Dead: 0
11.2343   0.0688168   0.349346  10.6709 	Dead: 0
11.2789   0.0748516   0.379982  10.6435 	Dead: 0
11.2567   0.0811049   0.411726  10.6076 	Dead: 0
11.2142   0.0701332   0.356029  10.5063 	Dead: 0
11.1016   0.0722905   0.36698   10.5063 	Dead: 0
11.0061   0.0831001   0.421855  10.3018 	Dead: 0
10.8874   0.0887479   0.450526  10.1322 	Dead: 0
10.862    0.0843723   0.428313  10.1322 	Dead: 0
10.8096   0.0846142   0.429541  10.1322 	Dead: 0
10.7936   0.0976651   0.495794  10.1322 	Dead: 0
10.7183   0.0762005   0.386829  10.1322 	Dead: 0
10.7637   0.0841891   0.427383  10.1322 	Dead: 0
10.7631   0.0832954   0.422846  10.1322 	Dead: 0
10.8185   0.0872041   0.442688  10.1322 	Dead: 0
10.8015   0.0960945   0.48782   10.1322 	Dead: 0
