12.1343   0.0869684   0.441492  11.1302 	Dead: 0
11.1048   0.0562702   0.285654  10.4819 	Dead: 0
10.9041   0.0608514   0.30891   10.1983 	Dead: 0
10.5826   0.0567792   0.288237  9.94118 	Dead: 0
10.472    0.0545625   0.276985  9.94118 	Dead: 0
10.5156   0.0703037   0.356894  9.94118 	Dead: 0
10.4889   0.0676384   0.343364  9.82663 	Dead: 0
10.4524   0.0749683   0.380574  9.82663 	Dead: 0
10.463    0.0675665   0.342999  9.82663 	Dead: 0
10.458    0.0649855   0.329897  9.82663 	Dead: 0
10.4954   0.0894039   0.453856  9.82663 	Dead: 0
10.4172   0.0618373   0.313915  9.82663 	Dead: 0
10.4343   0.0641237   0.325522  9.82663 	Dead: 0
10.4473   0.0666813   0.338506  9.82663 	Dead: 0
10.3983   0.0591033   0.300036  9.82663 	Dead: 0
10.4282   0.0690604   0.350583  9.82663 	Dead: 0
10.3792   0.0680659   0.345534  9.81175 	Dead: 0
10.3915   0.0671075   0.340669  9.81175 	Dead: 0
10.3761   0.0715495   0.363219  9.68164 	Dead: 0
10.3618   0.0698141   0.354409  9.68164 	Dead: 0
10.3895   0.0707504   0.359162  9.68164 	Dead: 0
10.3411   0.065859    0.334331  9.68164 	Dead: 0
10.3598   0.0754285   0.38291   9.68164 	Dead: 0
10.3741   0.0722175   0.36661   9.68164 	Dead: 0
10.3305   0.0674484   0.3424    9.68164 	Dead: 0
10.3575   0.0781768   0.396862  9.68164 	Dead: 0
10.3145   0.0828077   0.42037   9.68164 	Dead: 0
10.2528   0.0758462   0.38503   9.67704 	Dead: 0
10.2832   0.0730002   0.370583  9.67704 	Dead: 0
10.2169   0.0703046   0.356899  9.5148  	Dead: 0
10.1941   0.0723903   0.367487  9.5148  	Dead: 0
10.2087   0.0665096   0.337634  9.5148  	Dead: 0
10.1948   0.0727677   0.369403  9.5148  	Dead: 0
10.224    0.0756977   0.384277  9.5148  	Dead: 0
10.1613   0.0747291   0.37936   9.5148  	Dead: 0
10.1636   0.0720877   0.365951  9.5148  	Dead: 0
10.0945   0.0681398   0.345909  9.5148  	Dead: 0
10.0257   0.0614438   0.311917  9.46559 	Dead: 0
10.0115   0.0681297   0.345858  9.46559 	Dead: 0
9.9937    0.0658767   0.334421  9.46559 	Dead: 0
9.91873   0.0723105   0.367082  9.31287 	Dead: 0
9.89614   0.0796931   0.404559  9.30705 	Dead: 0
9.83624   0.0625343   0.317453  9.30703 	Dead: 0
9.51115   0.0755018   0.383282  9.02388 	Dead: 0
9.24736   0.0702748   0.356748  8.79581 	Dead: 0
9.15199   0.0772007   0.391907  8.74972 	Dead: 0
9.17134   0.0957371   0.486006  8.65376 	Dead: 0
9.0552    0.0802304   0.407287  8.65376 	Dead: 0
9.13908   0.09047     0.459268  8.65376 	Dead: 0
9.19178   0.107989    0.548203  8.65376 	Dead: 0
9.11257   0.0895127   0.454408  8.65376 	Dead: 0
9.0844    0.0770073   0.390925  8.65376 	Dead: 0
9.16108   0.106518    0.540735  8.65376 	Dead: 0
9.16182   0.105856    0.537376  8.65376 	Dead: 0
9.09655   0.0860422   0.436791  8.65376 	Dead: 0
9.13823   0.0979291   0.497134  8.65376 	Dead: 0
9.03614   0.0780139   0.396035  8.65376 	Dead: 0
9.07069   0.0872399   0.44287   8.6043  	Dead: 0
9.05827   0.081715    0.414823  8.6043  	Dead: 0
9.14801   0.107532    0.545883  8.53492 	Dead: 0
9.10185   0.103105    0.523409  8.53492 	Dead: 0
8.92229   0.0764223   0.387955  8.53492 	Dead: 0
8.94495   0.0947599   0.481045  8.48733 	Dead: 0
8.91206   0.0753019   0.382268  8.48733 	Dead: 0
8.97072   0.0936027   0.475171  8.48733 	Dead: 0
8.92781   0.0892494   0.453072  8.48733 	Dead: 0
8.89057   0.0827088   0.419868  8.48733 	Dead: 0
8.93045   0.0915112   0.464553  8.48733 	Dead: 0
8.8725    0.0675672   0.343002  8.48733 	Dead: 0
8.99385   0.103082    0.523294  8.48733 	Dead: 0
8.89761   0.0877882   0.445654  8.48733 	Dead: 0
8.97425   0.114265    0.580061  8.48733 	Dead: 0
8.91973   0.0900536   0.457154  8.48733 	Dead: 0
8.94092   0.10004     0.507852  8.43668 	Dead: 0
8.94968   0.0982952   0.498992  8.43668 	Dead: 0
8.87806   0.080764    0.409996  8.43548 	Dead: 0
8.87939   0.0796406   0.404293  8.43548 	Dead: 0
8.93942   0.0962923   0.488825  8.43548 	Dead: 0
8.92116   0.0987761   0.501434  8.39986 	Dead: 0
8.86433   0.0800268   0.406254  8.39986 	Dead: 0
8.82108   0.062279    0.316157  8.39986 	Dead: 0
8.95568   0.0988144   0.501628  8.38509 	Dead: 0
8.86535   0.0810704   0.411551  8.38509 	Dead: 0
8.85871   0.0842791   0.42784   8.38509 	Dead: 0
8.89032   0.0912334   0.463143  8.38509 	Dead: 0
8.81782   0.0648958   0.329441  8.38509 	Dead: 0
8.83063   0.0736912   0.374091  8.38509 	Dead: 0
8.88761   0.0981274   0.498141  8.38509 	Dead: 0
8.85009   0.0816511   0.414499  8.38509 	Dead: 0
8.81364   0.0656801   0.333423  8.38509 	Dead: 0
8.84076   0.0876584   0.444995  8.38509 	Dead: 0
8.85488   0.0888924   0.45126   8.38509 	Dead: 0
8.83258   0.0771338   0.391567  8.38509 	Dead: 0
8.86356   0.0868802   0.441044  8.38509 	Dead: 0
8.85434   0.0843027   0.42796   8.38509 	Dead: 0
8.88834   0.0910362   0.462142  8.38509 	Dead: 0
8.80399   0.0678282   0.344328  8.38509 	Dead: 0
8.84505   0.0814362   0.413408  8.38509 	Dead: 0
8.92073   0.0963078   0.488903  8.38509 	Dead: 0
8.87535   0.0880308   0.446885  8.38509 	Dead: 0
8.82455   0.0727983   0.369558  8.38509 	Dead: 0
