12.9571   0.0473962   0.240605  12.3342 	Dead: 0
11.9318   0.0213531   0.108399  11.6766 	Dead: 0
11.6781   0.0228866   0.116183  11.4721 	Dead: 0
11.4982   0.0235224   0.119411  11.2305 	Dead: 0
11.3132   0.0234385   0.118985  11.1357 	Dead: 0
11.2428   0.0217814   0.110573  10.994  	Dead: 0
11.2034   0.0273256   0.138718  10.9571 	Dead: 0
11.1602   0.0263129   0.133577  10.9247 	Dead: 0
11.139    0.0305165   0.154916  10.9065 	Dead: 0
11.0441   0.0259109   0.131536  10.8178 	Dead: 0
10.9775   0.0246178   0.124972  10.7969 	Dead: 0
10.9062   0.0267388   0.135738  10.6958 	Dead: 0
10.8431   0.0284109   0.144227  10.5856 	Dead: 0
10.8025   0.0308837   0.15678   10.5443 	Dead: 0
10.7628   0.0267961   0.136029  10.5443 	Dead: 0
10.7035   0.0263047   0.133535  10.4613 	Dead: 0
10.647    0.0295982   0.150254  10.4167 	Dead: 0
10.5781   0.0284151   0.144248  10.3589 	Dead: 0
10.5205   0.0270584   0.137361  10.2924 	Dead: 0
10.4994   0.0283053   0.143691  10.2152 	Dead: 0
10.4757   0.0322296   0.163612  10.2152 	Dead: 0
10.383    0.029881    0.15169   10.1724 	Dead: 0
10.3144   0.0325549   0.165264  10.0426 	Dead: 0
10.2615   0.0348191   0.176758  9.98011 	Dead: 0
10.2214   0.0356457   0.180954  9.89853 	Dead: 0
10.1759   0.0317032   0.16094   9.89822 	Dead: 0
10.1602   0.030373    0.154188  9.88943 	Dead: 0
10.164    0.0378691   0.192241  9.88756 	Dead: 0
10.1139   0.0302658   0.153643  9.85156 	Dead: 0
10.108    0.0332588   0.168837  9.85156 	Dead: 0
10.0827   0.0332473   0.168779  9.79102 	Dead: 0
10.0655   0.0317117   0.160984  9.79102 	Dead: 0
10.0417   0.0339247   0.172218  9.75075 	Dead: 0
10.017    0.0329537   0.167288  9.75075 	Dead: 0
10.0055   0.0331189   0.168127  9.75075 	Dead: 0
10.0081   0.0353983   0.179698  9.75033 	Dead: 0
9.97438   0.0330903   0.167982  9.74889 	Dead: 0
9.96028   0.0346558   0.175929  9.66753 	Dead: 0
9.94672   0.0358375   0.181928  9.66753 	Dead: 0
9.92163   0.0287815   0.146108  9.66753 	Dead: 0
9.92238   0.0320192   0.162545  9.66753 	Dead: 0
9.90702   0.03191     0.16199   9.66753 	Dead: 0
9.894     0.029862    0.151594  9.61664 	Dead: 0
9.92136   0.0348774   0.177054  9.61664 	Dead: 0
9.91877   0.0361227   0.183376  9.61664 	Dead: 0
9.90889   0.0362877   0.184213  9.61664 	Dead: 0
9.88079   0.0322372   0.163651  9.61664 	Dead: 0
9.87789   0.0305723   0.155199  9.61664 	Dead: 0
9.85429   0.0302937   0.153785  9.61664 	Dead: 0
9.9023    0.03579     0.181687  9.61664 	Dead: 0
9.86222   0.034564    0.175463  9.56439 	Dead: 0
9.85421   0.0309275   0.157002  9.56439 	Dead: 0
9.8548    0.0357      0.18123   9.56439 	Dead: 0
9.83652   0.0344847   0.175061  9.56439 	Dead: 0
9.83787   0.0308061   0.156386  9.56439 	Dead: 0
9.81814   0.0332998   0.169045  9.56439 	Dead: 0
9.78354   0.0272016   0.138088  9.53172 	Dead: 0
9.78312   0.029628    0.150405  9.46391 	Dead: 0
9.77552   0.0329343   0.16719   9.46391 	Dead: 0
9.74503   0.0277072   0.140655  9.46391 	Dead: 0
9.73495   0.0283247   0.143789  9.46391 	Dead: 0
9.72415   0.0320325   0.162612  9.46391 	Dead: 0
9.6733    0.0278498   0.141379  9.45394 	Dead: 0
9.69865   0.0421679   0.214064  9.43473 	Dead: 0
9.65064   0.0311693   0.15823   9.43473 	Dead: 0
9.64534   0.0301896   0.153256  9.40008 	Dead: 0
9.59225   0.0291594   0.148027  9.33602 	Dead: 0
9.61333   0.0370139   0.1879    9.33602 	Dead: 0
9.60028   0.0340125   0.172663  9.33602 	Dead: 0
9.56198   0.0332242   0.168661  9.33602 	Dead: 0
9.52898   0.0285545   0.144956  9.23236 	Dead: 0
9.54691   0.0313746   0.159272  9.23236 	Dead: 0
9.52196   0.0295218   0.149866  9.23236 	Dead: 0
9.51371   0.0305954   0.155317  9.23236 	Dead: 0
9.5206    0.0319705   0.162297  9.23236 	Dead: 0
9.5054    0.0298854   0.151712  9.23236 	Dead: 0
9.52154   0.0358124   0.1818    9.23236 	Dead: 0
9.48712   0.0328137   0.166577  9.23236 	Dead: 0
9.49833   0.0323592   0.16427   9.1851  	Dead: 0
9.49525   0.0302802   0.153717  9.1851  	Dead: 0
9.48481   0.032362    0.164284  9.1851  	Dead: 0
9.497     0.0361256   0.18339   9.1851  	Dead: 0
9.43952   0.0314646   0.159729  9.17453 	Dead: 0
9.39343   0.028367    0.144004  9.17453 	Dead: 0
9.37691   0.0284112   0.144228  9.17453 	Dead: 0
9.38872   0.032533    0.165153  9.13524 	Dead: 0
9.40227   0.039363    0.199825  9.0989  	Dead: 0
9.3935    0.0359441   0.182469  9.0989  	Dead: 0
9.38041   0.0322821   0.163879  9.0989  	Dead: 0
9.37787   0.0353002   0.1792    9.0989  	Dead: 0
9.34271   0.0322875   0.163906  9.0989  	Dead: 0
9.35837   0.0305422   0.155047  9.0989  	Dead: 0
9.35743   0.0359802   0.182652  9.0989  	Dead: 0
9.36525   0.0370427   0.188046  9.0989  	Dead: 0
9.36501   0.0384729   0.195306  9.0989  	Dead: 0
9.37446   0.0346673   0.175987  9.0989  	Dead: 0
9.35909   0.0389287   0.19762   9.0989  	Dead: 0
9.33718   0.0300454   0.152525  9.0989  	Dead: 0
9.35146   0.0398746   0.202422  9.0989  	Dead: 0
9.35376   0.0335983   0.17056   9.08868 	Dead: 0
9.34502   0.0364539   0.185057  9.08868 	Dead: 0
