12.9989   0.0504885   0.256303  12.2501 	Dead: 0
11.7113   0.025934    0.131653  11.4546 	Dead: 0
11.3946   0.0269926   0.137027  11.1169 	Dead: 0
11.1891   0.0250802   0.127319  10.9955 	Dead: 0
10.9627   0.0232957   0.11826   10.7565 	Dead: 0
10.8777   0.0244871   0.124308  10.628  	Dead: 0
10.8014   0.0288468   0.14644   10.5609 	Dead: 0
10.6231   0.022146    0.112423  10.3933 	Dead: 0
10.5203   0.0291371   0.147914  10.2811 	Dead: 0
10.4295   0.0242298   0.123002  10.18   	Dead: 0
10.33     0.0232796   0.118178  10.1017 	Dead: 0
10.2557   0.0244745   0.124244  10.0724 	Dead: 0
10.2144   0.0259212   0.131588  9.95809 	Dead: 0
10.1576   0.0249392   0.126603  9.94151 	Dead: 0
10.1441   0.0280152   0.142218  9.93096 	Dead: 0
10.1306   0.0315171   0.159996  9.8952  	Dead: 0
10.1174   0.037575    0.190748  9.8952  	Dead: 0
10.0931   0.0285322   0.144843  9.85022 	Dead: 0
10.0808   0.0278779   0.141521  9.85022 	Dead: 0
10.0488   0.0270757   0.137449  9.83441 	Dead: 0
10.0471   0.0283118   0.143724  9.83441 	Dead: 0
10.0747   0.0324114   0.164535  9.83441 	Dead: 0
10.0049   0.0260094   0.132036  9.73862 	Dead: 0
9.97495   0.0250621   0.127227  9.73862 	Dead: 0
9.95317   0.0276866   0.14055   9.73862 	Dead: 0
9.92707   0.0262607   0.133312  9.73862 	Dead: 0
9.91213   0.0250642   0.127238  9.68565 	Dead: 0
9.92701   0.032284    0.163889  9.68565 	Dead: 0
9.88227   0.0249267   0.12654   9.6703  	Dead: 0
9.88481   0.0288321   0.146365  9.64074 	Dead: 0
9.88022   0.0282327   0.143323  9.64074 	Dead: 0
9.86171   0.0268619   0.136364  9.64074 	Dead: 0
9.86328   0.0299673   0.152128  9.64074 	Dead: 0
9.84707   0.0278831   0.141547  9.62738 	Dead: 0
9.83964   0.0300559   0.152578  9.59964 	Dead: 0
9.79411   0.0270705   0.137423  9.57259 	Dead: 0
9.78301   0.034112    0.173168  9.5562  	Dead: 0
9.75233   0.026461    0.134329  9.50622 	Dead: 0
9.72436   0.0265522   0.134791  9.50622 	Dead: 0
9.69528   0.0278076   0.141164  9.49766 	Dead: 0
9.68814   0.0360756   0.183136  9.44275 	Dead: 0
9.59478   0.0324856   0.164912  9.38354 	Dead: 0
9.54506   0.0303553   0.154098  9.2757  	Dead: 0
9.53416   0.0308584   0.156652  9.2757  	Dead: 0
9.48792   0.0300125   0.152358  9.2757  	Dead: 0
9.47779   0.0299007   0.15179   9.24868 	Dead: 0
9.48066   0.0332981   0.169037  9.24868 	Dead: 0
9.46026   0.0279642   0.141959  9.248   	Dead: 0
9.47914   0.0332837   0.168964  9.248   	Dead: 0
9.46638   0.0359905   0.182705  9.23584 	Dead: 0
9.45804   0.0337666   0.171415  9.23584 	Dead: 0
9.44899   0.0293936   0.149216  9.23584 	Dead: 0
9.44609   0.0311919   0.158345  9.23584 	Dead: 0
9.43664   0.0267886   0.135992  9.23584 	Dead: 0
9.44853   0.0317665   0.161262  9.2219  	Dead: 0
9.431     0.0277525   0.140885  9.2219  	Dead: 0
9.44951   0.0323211   0.164077  9.21961 	Dead: 0
9.46322   0.0366453   0.186029  9.21961 	Dead: 0
9.44336   0.0313183   0.158986  9.21961 	Dead: 0
9.44842   0.0343145   0.174196  9.21961 	Dead: 0
9.47261   0.0340946   0.17308   9.21961 	Dead: 0
9.44804   0.0287671   0.146035  9.21961 	Dead: 0
9.46792   0.0343366   0.174309  9.21961 	Dead: 0
9.45957   0.0319478   0.162182  9.21961 	Dead: 0
9.45269   0.0339658   0.172426  9.21961 	Dead: 0
9.44774   0.0331128   0.168096  9.21961 	Dead: 0
9.45425   0.0342738   0.17399   9.21731 	Dead: 0
9.45805   0.0296423   0.150478  9.21731 	Dead: 0
9.46842   0.0412843   0.209578  9.21731 	Dead: 0
9.45283   0.0346948   0.176127  9.21261 	Dead: 0
9.46129   0.0397497   0.201788  9.21261 	Dead: 0
9.46235   0.0382204   0.194025  9.19762 	Dead: 0
9.43507   0.0384784   0.195334  9.17859 	Dead: 0
9.43596   0.0333871   0.169489  9.17859 	Dead: 0
9.42741   0.0294809   0.149659  9.17859 	Dead: 0
9.43653   0.0347727   0.176522  9.17859 	Dead: 0
9.4257    0.0318439   0.161655  9.17859 	Dead: 0
9.42065   0.0312865   0.158825  9.17859 	Dead: 0
9.44707   0.0389023   0.197486  9.17859 	Dead: 0
9.43812   0.0327948   0.166482  9.17859 	Dead: 0
9.45923   0.0382309   0.194078  9.17859 	Dead: 0
9.45194   0.0391945   0.198969  9.17859 	Dead: 0
9.44023   0.0330908   0.167984  9.17859 	Dead: 0
9.39299   0.0231538   0.11754   9.17859 	Dead: 0
9.43126   0.0313711   0.159254  9.17859 	Dead: 0
9.41934   0.0330557   0.167806  9.17859 	Dead: 0
9.41733   0.0321669   0.163294  9.17859 	Dead: 0
9.41849   0.0345688   0.175487  9.17859 	Dead: 0
9.41485   0.0350223   0.177789  9.17859 	Dead: 0
9.42185   0.0390645   0.198309  9.17859 	Dead: 0
9.41821   0.0356573   0.181013  9.17859 	Dead: 0
9.43775   0.0369098   0.187371  9.17859 	Dead: 0
9.41885   0.0318156   0.161511  9.17859 	Dead: 0
9.41302   0.0299601   0.152092  9.17859 	Dead: 0
9.40604   0.0321328   0.163121  9.17859 	Dead: 0
9.44708   0.0415135   0.210742  9.17859 	Dead: 0
9.41585   0.0326006   0.165496  9.17859 	Dead: 0
9.40688   0.0316293   0.160565  9.17859 	Dead: 0
9.41604   0.0284848   0.144602  9.17859 	Dead: 0
9.39859   0.0328692   0.166859  9.17859 	Dead: 0
9.42877   0.0358693   0.182089  9.17859 	Dead: 0
