9.48139   0.0724565   0.367823  8.69922 	Dead: 0
8.367     0.0352961   0.17918   8.02712 	Dead: 0
8.07737   0.0288606   0.14651   7.69178 	Dead: 0
7.87654   0.0339947   0.172573  7.56308 	Dead: 0
7.74785   0.0308328   0.156521  7.41088 	Dead: 0
7.66049   0.0314871   0.159843  7.32374 	Dead: 0
7.53055   0.0317982   0.161422  7.27126 	Dead: 0
7.50606   0.0323331   0.164138  7.26232 	Dead: 0
7.47633   0.0390078   0.198022  7.18189 	Dead: 0
7.46927   0.0376      0.190875  7.15747 	Dead: 0
7.41255   0.0335289   0.170209  7.10607 	Dead: 0
7.37807   0.0318316   0.161592  7.10607 	Dead: 0
7.34      0.0350784   0.178074  7.04989 	Dead: 0
7.31627   0.0385884   0.195893  6.97832 	Dead: 0
7.28516   0.0359407   0.182452  6.94736 	Dead: 0
7.22927   0.0353101   0.17925   6.94736 	Dead: 0
7.23591   0.0366228   0.185915  6.94736 	Dead: 0
7.19423   0.0307348   0.156024  6.93402 	Dead: 0
7.17957   0.0334325   0.169719  6.93402 	Dead: 0
7.17314   0.0418656   0.212529  6.93402 	Dead: 0
7.15132   0.0370794   0.188232  6.85434 	Dead: 0
7.14551   0.0386934   0.196426  6.77529 	Dead: 0
7.08759   0.0309444   0.157088  6.77529 	Dead: 0
7.09304   0.0359029   0.18226   6.73822 	Dead: 0
7.07933   0.0425226   0.215864  6.73163 	Dead: 0
7.03475   0.0394731   0.200384  6.73163 	Dead: 0
7.04232   0.0363245   0.1844    6.71868 	Dead: 0
7.03791   0.0426761   0.216644  6.71868 	Dead: 0
7.02022   0.0423008   0.214738  6.71868 	Dead: 0
7.02226   0.047928    0.243305  6.65497 	Dead: 0
7.01085   0.0498252   0.252936  6.65497 	Dead: 0
7.00057   0.040078    0.203455  6.63283 	Dead: 0
6.99697   0.0469076   0.238125  6.63283 	Dead: 0
6.97113   0.0523365   0.265685  6.58034 	Dead: 0
6.96604   0.0442678   0.224724  6.58034 	Dead: 0
6.90409   0.0361482   0.183505  6.58034 	Dead: 0
6.92257   0.0381329   0.19358   6.56552 	Dead: 0
6.87814   0.0356292   0.18087   6.56552 	Dead: 0
6.89618   0.0399239   0.202672  6.56552 	Dead: 0
6.90034   0.0359059   0.182275  6.56552 	Dead: 0
6.90964   0.0397112   0.201593  6.56552 	Dead: 0
6.9182    0.0443237   0.225008  6.56552 	Dead: 0
6.89113   0.0360475   0.182994  6.55135 	Dead: 0
6.88456   0.0396728   0.201398  6.55135 	Dead: 0
6.851     0.0386779   0.196347  6.55135 	Dead: 0
6.87391   0.0444114   0.225453  6.55135 	Dead: 0
6.85473   0.0386775   0.196345  6.55135 	Dead: 0
6.84035   0.0341448   0.173335  6.55135 	Dead: 0
6.86407   0.0449672   0.228275  6.55135 	Dead: 0
6.84429   0.0396817   0.201443  6.55135 	Dead: 0
6.85363   0.0441324   0.224037  6.55135 	Dead: 0
6.83743   0.0370566   0.188117  6.55135 	Dead: 0
6.84355   0.0394023   0.200024  6.55135 	Dead: 0
6.83858   0.0376809   0.191286  6.55135 	Dead: 0
6.81341   0.0476143   0.241712  6.48712 	Dead: 0
6.80784   0.0469537   0.238359  6.48712 	Dead: 0
6.77593   0.036627    0.185936  6.47398 	Dead: 0
6.72063   0.0359746   0.182624  6.434   	Dead: 0
6.64373   0.0330762   0.16791   6.2616  	Dead: 0
6.65143   0.0420599   0.213515  6.2616  	Dead: 0
6.61412   0.0346198   0.175746  6.2616  	Dead: 0
6.60284   0.0341769   0.173498  6.2616  	Dead: 0
6.61491   0.0353551   0.179479  6.2616  	Dead: 0
6.59659   0.0428279   0.217414  6.2616  	Dead: 0
6.59265   0.0432023   0.219315  6.2616  	Dead: 0
6.56644   0.0347876   0.176598  6.25943 	Dead: 0
6.55614   0.0336359   0.170752  6.23495 	Dead: 0
6.5706    0.04851     0.246259  6.23495 	Dead: 0
6.55252   0.0406442   0.206329  6.23391 	Dead: 0
6.54651   0.0472359   0.239791  6.23391 	Dead: 0
6.57693   0.0416448   0.211409  6.23391 	Dead: 0
6.57533   0.0428783   0.21767   6.23391 	Dead: 0
6.56415   0.0478835   0.243079  6.23391 	Dead: 0
6.54153   0.0343489   0.174371  6.23391 	Dead: 0
6.53147   0.0379333   0.192567  6.23391 	Dead: 0
6.52986   0.0367732   0.186678  6.23391 	Dead: 0
6.52776   0.0370259   0.187961  6.23391 	Dead: 0
6.52957   0.0383953   0.194913  6.23391 	Dead: 0
6.53769   0.0386723   0.196319  6.23391 	Dead: 0
6.54767   0.0446968   0.226902  6.23391 	Dead: 0
6.53095   0.038607    0.195987  6.23391 	Dead: 0
6.54043   0.0441706   0.224231  6.23391 	Dead: 0
6.56797   0.0453174   0.230052  6.23391 	Dead: 0
6.53571   0.0383707   0.194787  6.23391 	Dead: 0
6.56487   0.0459545   0.233287  6.23391 	Dead: 0
6.56215   0.0460617   0.233831  6.23391 	Dead: 0
6.52384   0.0345614   0.17545   6.22285 	Dead: 0
6.52063   0.0388201   0.197069  6.22285 	Dead: 0
6.55218   0.0411874   0.209086  6.22285 	Dead: 0
6.54937   0.0467615   0.237383  6.20144 	Dead: 0
6.53072   0.0443165   0.224971  6.20144 	Dead: 0
6.52303   0.0373639   0.189676  6.20144 	Dead: 0
6.49557   0.0374784   0.190258  6.20144 	Dead: 0
6.51082   0.0392265   0.199132  6.20144 	Dead: 0
6.54609   0.0412161   0.209232  6.15842 	Dead: 0
6.53292   0.0462347   0.234709  6.15842 	Dead: 0
6.48506   0.0364829   0.185204  6.15842 	Dead: 0
6.50841   0.0464873   0.235991  6.15842 	Dead: 0
6.48601   0.039136    0.198673  6.15842 	Dead: 0
6.48917   0.0361      0.183261  6.15842 	Dead: 0
6.4904    0.042135    0.213897  6.15842 	Dead: 0
