11.0441   0.0890831   0.452227  10.1251 	Dead: 0
9.83885   0.048389    0.245645  9.27233 	Dead: 0
9.57168   0.0511717   0.259772  9.19712 	Dead: 0
9.35767   0.0507795   0.25778   8.94158 	Dead: 0
9.17742   0.0613044   0.31121   8.44018 	Dead: 0
8.77871   0.119622    0.607257  8.09086 	Dead: 0
8.72807   0.130945    0.664738  8.03845 	Dead: 0
8.62011   0.125496    0.637076  7.91532 	Dead: 0
8.64824   0.135231    0.686495  7.89405 	Dead: 0
8.55967   0.123592    0.62741   7.89405 	Dead: 0
8.59823   0.131074    0.665393  7.76151 	Dead: 0
8.55265   0.12812     0.650395  7.71119 	Dead: 0
8.50701   0.126665    0.64301   7.71119 	Dead: 0
8.52446   0.130323    0.661582  7.71119 	Dead: 0
8.46866   0.131996    0.670072  7.71119 	Dead: 0
8.53964   0.1404      0.712737  7.71119 	Dead: 0
8.53808   0.142307    0.722419  7.71119 	Dead: 0
8.41723   0.124647    0.632765  7.71119 	Dead: 0
8.50909   0.138383    0.702496  7.71119 	Dead: 0
8.46641   0.135068    0.68567   7.71119 	Dead: 0
8.51209   0.143946    0.730738  7.71119 	Dead: 0
8.44055   0.132183    0.671022  7.71119 	Dead: 0
8.43906   0.132073    0.670465  7.71119 	Dead: 0
8.48185   0.140688    0.714198  7.71119 	Dead: 0
8.47978   0.136257    0.691704  7.71119 	Dead: 0
8.39498   0.124611    0.632581  7.71119 	Dead: 0
8.48862   0.146252    0.742443  7.63674 	Dead: 0
8.39827   0.132088    0.670542  7.63674 	Dead: 0
8.3618    0.133129    0.675826  7.63674 	Dead: 0
8.33692   0.137988    0.700489  7.56151 	Dead: 0
8.35881   0.146453    0.743463  7.56151 	Dead: 0
8.32286   0.131381    0.666953  7.56151 	Dead: 0
8.34652   0.135471    0.687714  7.56151 	Dead: 0
8.28665   0.134824    0.684428  7.56151 	Dead: 0
8.26802   0.130046    0.660173  7.56151 	Dead: 0
8.2308    0.125718    0.638202  7.56151 	Dead: 0
8.26829   0.137351    0.697256  7.56151 	Dead: 0
8.26215   0.131993    0.670058  7.56151 	Dead: 0
8.30033   0.138781    0.704518  7.56151 	Dead: 0
8.2967    0.143227    0.727088  7.56151 	Dead: 0
8.25734   0.132831    0.674314  7.56151 	Dead: 0
8.2972    0.137442    0.697718  7.56151 	Dead: 0
8.2295    0.126316    0.641237  7.56151 	Dead: 0
8.29337   0.13651     0.692989  7.56151 	Dead: 0
8.2433    0.130309    0.661509  7.43476 	Dead: 0
8.15834   0.118478    0.60145   7.43476 	Dead: 0
8.17141   0.117535    0.596661  7.43476 	Dead: 0
8.28628   0.141112    0.716352  7.43476 	Dead: 0
8.28196   0.140352    0.712495  7.43476 	Dead: 0
8.25976   0.13445     0.682533  7.43476 	Dead: 0
8.21695   0.125878    0.639015  7.43476 	Dead: 0
8.29906   0.146686    0.744647  7.43476 	Dead: 0
8.20568   0.126327    0.641295  7.43476 	Dead: 0
8.20874   0.136604    0.693468  7.43476 	Dead: 0
8.19765   0.125368    0.636429  7.43476 	Dead: 0
8.16814   0.128748    0.653584  7.43476 	Dead: 0
8.26453   0.13863     0.70375   7.43476 	Dead: 0
8.18733   0.125445    0.636815  7.42314 	Dead: 0
8.31685   0.149969    0.761311  7.42314 	Dead: 0
8.16103   0.117629    0.597137  7.42314 	Dead: 0
8.26751   0.136649    0.693694  7.42314 	Dead: 0
8.23234   0.128501    0.65233   7.42314 	Dead: 0
8.15834   0.125562    0.637414  7.38119 	Dead: 0
8.27496   0.146177    0.742064  7.38119 	Dead: 0
8.21228   0.134988    0.68526   7.38119 	Dead: 0
8.23024   0.139049    0.70588   7.38119 	Dead: 0
8.2399    0.132217    0.671193  7.38119 	Dead: 0
8.22445   0.13547     0.687711  7.38119 	Dead: 0
8.1894    0.129607    0.657945  7.38119 	Dead: 0
8.14506   0.123713    0.628025  7.38119 	Dead: 0
8.13879   0.125243    0.635794  7.38119 	Dead: 0
8.20942   0.137026    0.695605  7.38119 	Dead: 0
8.22813   0.138606    0.703628  7.38119 	Dead: 0
8.2132    0.137147    0.696222  7.38119 	Dead: 0
8.14878   0.138388    0.702523  7.38119 	Dead: 0
8.18744   0.141798    0.719835  7.38119 	Dead: 0
8.19846   0.139345    0.707382  7.38119 	Dead: 0
8.1787    0.131474    0.667425  7.38119 	Dead: 0
8.10312   0.119297    0.605606  7.38119 	Dead: 0
8.14684   0.139656    0.708957  7.38119 	Dead: 0
8.10747   0.124394    0.631482  7.38119 	Dead: 0
8.13431   0.124506    0.632053  7.38119 	Dead: 0
8.20474   0.141587    0.71876   7.38119 	Dead: 0
8.18077   0.140022    0.710819  7.3386  	Dead: 0
8.15619   0.136367    0.692265  7.3386  	Dead: 0
8.1338    0.129469    0.657244  7.3386  	Dead: 0
8.16667   0.14278     0.72482   7.3386  	Dead: 0
8.23088   0.143943    0.73072   7.3386  	Dead: 0
8.19629   0.141057    0.716072  7.3386  	Dead: 0
8.12012   0.132959    0.674962  7.3386  	Dead: 0
8.12956   0.139027    0.705765  7.3386  	Dead: 0
8.1451    0.143042    0.726148  7.3386  	Dead: 0
8.09258   0.130055    0.660219  7.3386  	Dead: 0
8.11315   0.140423    0.712853  7.3386  	Dead: 0
8.07754   0.12686     0.644002  7.3386  	Dead: 0
8.02781   0.131255    0.666312  7.3386  	Dead: 0
8.17949   0.136761    0.694261  7.3386  	Dead: 0
8.19047   0.141687    0.71927   7.3386  	Dead: 0
8.14904   0.135586    0.688299  7.3386  	Dead: 0
8.11996   0.136045    0.690628  7.3386  	Dead: 0
8.08451   0.125965    0.639458  7.3386  	Dead: 0
