11.0604   0.112553    0.571373  10.0882 	Dead: 0
10.0075   0.0597167   0.30315   9.3292  	Dead: 0
9.82008   0.0655533   0.332779  9.18812 	Dead: 0
9.686     0.0605696   0.30748   9.18623 	Dead: 0
9.67979   0.0584744   0.296843  9.18623 	Dead: 0
9.65869   0.0653619   0.331807  9.18623 	Dead: 0
9.63972   0.0653746   0.331872  9.13892 	Dead: 0
9.6259    0.059416    0.301623  9.13892 	Dead: 0
9.65228   0.0706863   0.358837  9.13892 	Dead: 0
9.60965   0.0657354   0.333703  9.06276 	Dead: 0
9.65532   0.0648875   0.329399  9.06276 	Dead: 0
9.6341    0.0655969   0.333     9.06276 	Dead: 0
9.61648   0.0647803   0.328855  9.06276 	Dead: 0
9.59059   0.0611651   0.310503  9.05096 	Dead: 0
9.59674   0.0664456   0.337309  9.05096 	Dead: 0
9.58937   0.0710155   0.360508  9.05096 	Dead: 0
9.58461   0.0684953   0.347714  9.00666 	Dead: 0
9.56689   0.0621453   0.315479  9.00666 	Dead: 0
9.58403   0.0637072   0.323407  9.00666 	Dead: 0
9.58326   0.0615625   0.31252   9.00666 	Dead: 0
9.59166   0.0690274   0.350415  9.00666 	Dead: 0
9.57372   0.0658552   0.334312  9.00666 	Dead: 0
9.51061   0.0594389   0.30174   9.00666 	Dead: 0
9.54438   0.0674074   0.342192  9.00666 	Dead: 0
9.57939   0.0706407   0.358605  8.86866 	Dead: 0
9.54065   0.0644044   0.326947  8.86866 	Dead: 0
9.56197   0.0694813   0.35272   8.86866 	Dead: 0
9.56598   0.0655174   0.332597  8.86866 	Dead: 0
9.54277   0.06384     0.324082  8.86866 	Dead: 0
9.53638   0.063546    0.322589  8.86866 	Dead: 0
9.5093    0.0641044   0.325424  8.86866 	Dead: 0
9.55575   0.0659658   0.334873  8.86866 	Dead: 0
9.51558   0.0686772   0.348637  8.86866 	Dead: 0
9.49288   0.0604732   0.30699   8.86866 	Dead: 0
9.52038   0.0708082   0.359456  8.84185 	Dead: 0
9.5317    0.0701667   0.356199  8.79896 	Dead: 0
9.49329   0.0653237   0.331613  8.79896 	Dead: 0
9.4869    0.0654512   0.332261  8.79896 	Dead: 0
9.50014   0.063996    0.324874  8.79896 	Dead: 0
9.51591   0.071144    0.36116   8.79896 	Dead: 0
9.49123   0.0659963   0.335028  8.79896 	Dead: 0
9.47951   0.0674066   0.342187  8.79896 	Dead: 0
9.49306   0.066718    0.338692  8.79896 	Dead: 0
9.46253   0.0616862   0.313148  8.79896 	Dead: 0
9.49091   0.0712184   0.361538  8.79896 	Dead: 0
9.46317   0.068242    0.346428  8.79896 	Dead: 0
9.49833   0.0821102   0.416829  8.75674 	Dead: 0
9.4237    0.0709328   0.360088  8.75674 	Dead: 0
9.42903   0.0850928   0.431971  8.75674 	Dead: 0
9.37086   0.0835185   0.423979  8.75674 	Dead: 0
9.38827   0.0812968   0.4127    8.75674 	Dead: 0
9.35676   0.0872186   0.442762  8.71426 	Dead: 0
9.38176   0.08513     0.432159  8.71426 	Dead: 0
9.39002   0.0927099   0.470639  8.71426 	Dead: 0
9.4253    0.0967489   0.491143  8.71426 	Dead: 0
9.39044   0.0822618   0.417599  8.71426 	Dead: 0
9.41011   0.091038    0.462151  8.64531 	Dead: 0
9.33732   0.0836177   0.424483  8.64531 	Dead: 0
9.4077    0.0926746   0.47046   8.64531 	Dead: 0
9.37259   0.0918098   0.46607   8.64531 	Dead: 0
9.37477   0.0936533   0.475428  8.64531 	Dead: 0
9.34675   0.0878518   0.445977  8.64531 	Dead: 0
9.3623    0.0940594   0.477489  8.64531 	Dead: 0
9.3705    0.0926118   0.470141  8.64531 	Dead: 0
9.35688   0.0944044   0.479241  8.64531 	Dead: 0
9.32614   0.0859268   0.436205  8.64531 	Dead: 0
9.3678    0.0905201   0.459522  8.64531 	Dead: 0
9.38141   0.0885739   0.449642  8.64531 	Dead: 0
9.35485   0.0833867   0.42331   8.64531 	Dead: 0
9.35434   0.0915969   0.464989  8.64531 	Dead: 0
9.36608   0.0971318   0.493086  8.64531 	Dead: 0
9.34139   0.0795356   0.40376   8.64531 	Dead: 0
9.33129   0.0889171   0.451385  8.64531 	Dead: 0
9.37968   0.101257    0.514029  8.64531 	Dead: 0
9.33079   0.0856041   0.434566  8.64531 	Dead: 0
9.09395   0.0964194   0.48947   8.34967 	Dead: 0
8.98941   0.0995878   0.505554  8.30037 	Dead: 0
8.95736   0.106994    0.543151  8.2453  	Dead: 0
8.97234   0.104378    0.529872  8.2453  	Dead: 0
8.89401   0.105872    0.537455  8.2453  	Dead: 0
8.91599   0.105216    0.534124  8.2453  	Dead: 0
8.94673   0.107567    0.546063  8.2453  	Dead: 0
8.893     0.107806    0.547274  8.13374 	Dead: 0
8.89733   0.102672    0.521209  8.13374 	Dead: 0
8.93979   0.10876     0.552118  8.13374 	Dead: 0
8.96904   0.12924     0.656084  8.13374 	Dead: 0
8.94623   0.114128    0.579367  8.13374 	Dead: 0
8.91516   0.103225    0.52402   8.13374 	Dead: 0
8.91911   0.107047    0.543422  8.13374 	Dead: 0
8.89465   0.104326    0.529607  8.13374 	Dead: 0
8.90961   0.11278     0.572526  8.13374 	Dead: 0
8.92013   0.110947    0.563221  8.13374 	Dead: 0
8.90282   0.106849    0.542416  8.13374 	Dead: 0
8.94524   0.114469    0.581097  8.13374 	Dead: 0
8.86409   0.109227    0.55449   8.13374 	Dead: 0
8.83351   0.0963249   0.48899   8.13374 	Dead: 0
8.89744   0.116044    0.589092  8.13374 	Dead: 0
8.94419   0.118591    0.602021  8.13374 	Dead: 0
8.89596   0.111127    0.564131  8.09211 	Dead: 0
8.91736   0.115277    0.5852    8.09211 	Dead: 0
8.94829   0.123569    0.627296  8.09211 	Dead: 0
