10.9878   0.0850645   0.431827  10.0885 	Dead: 0
9.05767   0.0445195   0.226002  8.63851 	Dead: 0
8.86873   0.0492808   0.250172  8.4688  	Dead: 0
8.65486   0.0468342   0.237752  8.29822 	Dead: 0
8.53279   0.0442544   0.224656  8.0807  	Dead: 0
8.4777    0.0507304   0.257531  8.0807  	Dead: 0
8.47108   0.0534487   0.271331  8.04039 	Dead: 0
8.42098   0.0563801   0.286212  7.76295 	Dead: 0
8.34044   0.051575    0.261819  7.76295 	Dead: 0
8.29068   0.0588558   0.29878   7.76295 	Dead: 0
8.2886    0.0585828   0.297394  7.76295 	Dead: 0
8.28927   0.0669647   0.339944  7.61473 	Dead: 0
8.21002   0.0561936   0.285265  7.61473 	Dead: 0
8.21711   0.0674201   0.342256  7.61473 	Dead: 0
8.19115   0.0530667   0.269392  7.61473 	Dead: 0
8.22949   0.0733774   0.372498  7.61473 	Dead: 0
8.18366   0.0658136   0.334101  7.61473 	Dead: 0
8.21733   0.0852239   0.432636  7.61473 	Dead: 0
8.14421   0.0608912   0.309112  7.61473 	Dead: 0
8.14844   0.0590621   0.299827  7.61473 	Dead: 0
8.15756   0.0675399   0.342864  7.61473 	Dead: 0
8.14841   0.0686175   0.348334  7.57137 	Dead: 0
8.10021   0.0610117   0.309724  7.57137 	Dead: 0
8.11832   0.0697656   0.354163  7.57137 	Dead: 0
8.11578   0.0614579   0.311989  7.57137 	Dead: 0
8.11358   0.0650699   0.330325  7.57137 	Dead: 0
8.08886   0.0589656   0.299337  7.57137 	Dead: 0
8.03071   0.0590926   0.299982  7.54897 	Dead: 0
8.04505   0.0649945   0.329942  7.54897 	Dead: 0
8.01072   0.0589715   0.299367  7.29682 	Dead: 0
8.00767   0.0685409   0.347946  7.29682 	Dead: 0
8.01096   0.0683169   0.346809  7.29682 	Dead: 0
8.0271    0.063347    0.321579  7.29682 	Dead: 0
8.02208   0.0788556   0.400308  7.29682 	Dead: 0
7.91925   0.0523962   0.265988  7.29682 	Dead: 0
7.98802   0.068924    0.349891  7.29682 	Dead: 0
7.9962    0.0784697   0.398349  7.29682 	Dead: 0
7.9023    0.0554635   0.281558  7.29682 	Dead: 0
7.97918   0.0682244   0.346339  7.29682 	Dead: 0
7.94408   0.0649618   0.329777  7.29682 	Dead: 0
7.89528   0.0517926   0.262924  7.29682 	Dead: 0
7.92973   0.0653957   0.331979  7.29682 	Dead: 0
7.89847   0.0571828   0.290287  7.29682 	Dead: 0
7.88966   0.0639546   0.324664  7.29682 	Dead: 0
7.91463   0.0600351   0.304766  7.29682 	Dead: 0
7.9132    0.0808785   0.410577  7.29682 	Dead: 0
7.88194   0.0544215   0.276269  7.29682 	Dead: 0
7.88794   0.0598206   0.303677  7.29682 	Dead: 0
7.91094   0.0670937   0.340599  7.29682 	Dead: 0
7.90776   0.0812055   0.412237  7.29682 	Dead: 0
7.85947   0.0566679   0.287673  7.29682 	Dead: 0
7.85617   0.0705979   0.358388  7.29682 	Dead: 0
7.86556   0.0615567   0.312491  7.29682 	Dead: 0
7.84785   0.0622976   0.316252  7.29682 	Dead: 0
7.88289   0.0720054   0.365533  7.29682 	Dead: 0
7.809     0.061574    0.312578  7.29682 	Dead: 0
7.85444   0.0809519   0.410949  7.29682 	Dead: 0
7.80176   0.058169    0.295293  7.29682 	Dead: 0
7.87106   0.0746759   0.37909   7.29682 	Dead: 0
7.8044    0.0696895   0.353776  7.29682 	Dead: 0
7.84009   0.0783054   0.397515  7.29682 	Dead: 0
7.83515   0.0809635   0.411009  7.22025 	Dead: 0
7.8524    0.0969214   0.492018  7.22025 	Dead: 0
7.80968   0.0807638   0.409995  7.22025 	Dead: 0
7.8082    0.0652484   0.331232  7.22025 	Dead: 0
7.81091   0.0833368   0.423056  7.22025 	Dead: 0
7.79081   0.0686235   0.348365  7.22025 	Dead: 0
7.82321   0.0793265   0.402698  7.22025 	Dead: 0
7.84614   0.0916234   0.465123  7.22025 	Dead: 0
7.77414   0.0650333   0.330139  7.22025 	Dead: 0
7.8407    0.0808726   0.410547  7.22025 	Dead: 0
7.80536   0.0726874   0.368995  7.22025 	Dead: 0
7.78077   0.0554035   0.281254  7.22025 	Dead: 0
7.78246   0.0727624   0.369376  7.22025 	Dead: 0
7.76375   0.0627448   0.318522  7.22025 	Dead: 0
7.79415   0.0622318   0.315918  7.22025 	Dead: 0
7.82741   0.0750855   0.381169  7.22025 	Dead: 0
7.76329   0.0640523   0.325159  7.22025 	Dead: 0
7.79793   0.0691565   0.351071  7.22025 	Dead: 0
7.75411   0.0589506   0.299261  7.22025 	Dead: 0
7.78953   0.0756583   0.384077  7.22025 	Dead: 0
7.77716   0.0650892   0.330423  7.21218 	Dead: 0
7.76762   0.0599654   0.304412  7.19582 	Dead: 0
7.77931   0.0746902   0.379162  7.19582 	Dead: 0
7.78564   0.0824618   0.418615  7.19582 	Dead: 0
7.78041   0.073809    0.374689  7.19582 	Dead: 0
7.73942   0.0574941   0.291867  7.19582 	Dead: 0
7.74006   0.0745387   0.378393  7.19582 	Dead: 0
7.80279   0.0745237   0.378317  7.19582 	Dead: 0
7.74846   0.0646852   0.328372  7.19582 	Dead: 0
7.76129   0.0729907   0.370535  7.19582 	Dead: 0
7.74714   0.0588354   0.298676  7.19582 	Dead: 0
7.5999    0.0960417   0.487553  6.99579 	Dead: 0
7.39883   0.0670157   0.340203  6.92982 	Dead: 0
7.42173   0.0728978   0.370063  6.92982 	Dead: 0
7.39379   0.0815659   0.414067  6.92982 	Dead: 0
7.42012   0.0877781   0.445603  6.9217  	Dead: 0
7.42165   0.099885    0.507063  6.9217  	Dead: 0
7.35973   0.0585824   0.297392  6.8924  	Dead: 0
7.34889   0.0580381   0.294629  6.8924  	Dead: 0
7.3381    0.0618808   0.314136  6.8924  	Dead: 0
