10.3904   0.0958076   0.486364  9.0323  	Dead: 0
8.45118   0.0491739   0.24963   7.9273  	Dead: 0
8.26188   0.0682012   0.346221  7.66723 	Dead: 0
8.05503   0.0569539   0.289125  7.51701 	Dead: 0
7.93443   0.0584742   0.296842  7.36495 	Dead: 0
7.78423   0.0599816   0.304495  7.30435 	Dead: 0
7.70474   0.0575286   0.292042  7.22799 	Dead: 0
7.68283   0.0594619   0.301856  7.22799 	Dead: 0
7.65406   0.0638764   0.324266  7.16387 	Dead: 0
7.63085   0.061091    0.310127  7.16387 	Dead: 0
7.57243   0.0634778   0.322243  7.0145  	Dead: 0
7.57429   0.0576203   0.292507  7.0145  	Dead: 0
7.61601   0.0715119   0.363028  7.0145  	Dead: 0
7.6311    0.0713114   0.36201   6.99646 	Dead: 0
7.6029    0.0712285   0.361589  6.99646 	Dead: 0
7.57512   0.0617145   0.313292  6.99646 	Dead: 0
7.59773   0.0697061   0.353861  6.99646 	Dead: 0
7.56856   0.0685645   0.348065  6.99646 	Dead: 0
7.59474   0.064493    0.327396  6.99646 	Dead: 0
7.55918   0.0657384   0.333719  6.99646 	Dead: 0
7.57403   0.0730944   0.371061  6.99646 	Dead: 0
7.56448   0.0685883   0.348186  6.99646 	Dead: 0
7.52683   0.0600494   0.304839  6.99646 	Dead: 0
7.5338    0.0677927   0.344147  6.97347 	Dead: 0
7.48626   0.0643878   0.326862  6.84891 	Dead: 0
7.47598   0.0627367   0.318481  6.84891 	Dead: 0
7.42922   0.0603159   0.306192  6.84891 	Dead: 0
7.45806   0.0693513   0.35206   6.84891 	Dead: 0
7.4093    0.0607766   0.30853   6.84891 	Dead: 0
7.42768   0.0692118   0.351351  6.84891 	Dead: 0
7.40686   0.0723434   0.367249  6.84891 	Dead: 0
7.40538   0.0663368   0.336756  6.84891 	Dead: 0
7.41795   0.0638864   0.324317  6.84891 	Dead: 0
7.43711   0.072713    0.369125  6.84891 	Dead: 0
7.38058   0.0658219   0.334143  6.84891 	Dead: 0
7.4099    0.0705877   0.358336  6.84891 	Dead: 0
7.3632    0.0594609   0.301851  6.84891 	Dead: 0
7.4281    0.0735662   0.373456  6.84891 	Dead: 0
7.41555   0.0635538   0.322629  6.84891 	Dead: 0
7.37544   0.0664663   0.337414  6.73148 	Dead: 0
7.37954   0.0635612   0.322666  6.73148 	Dead: 0
7.36529   0.0676071   0.343205  6.73148 	Dead: 0
7.37306   0.0699005   0.354848  6.73148 	Dead: 0
7.34268   0.0693122   0.351861  6.73148 	Dead: 0
7.33202   0.0694277   0.352447  6.73148 	Dead: 0
7.38756   0.0764022   0.387853  6.54686 	Dead: 0
7.34842   0.0780409   0.396172  6.54686 	Dead: 0
7.34391   0.0770151   0.390965  6.54686 	Dead: 0
7.36879   0.0776638   0.394258  6.54686 	Dead: 0
7.35556   0.0742361   0.376857  6.54686 	Dead: 0
7.33006   0.0714947   0.362941  6.54686 	Dead: 0
7.32277   0.071769    0.364333  6.54686 	Dead: 0
7.29728   0.0659673   0.334881  6.54686 	Dead: 0
7.31013   0.0708552   0.359694  6.54686 	Dead: 0
7.32607   0.0720268   0.365641  6.54686 	Dead: 0
7.31076   0.0757071   0.384325  6.54686 	Dead: 0
7.27966   0.0718714   0.364853  6.54686 	Dead: 0
7.25052   0.0645167   0.327517  6.54686 	Dead: 0
7.25149   0.0709942   0.3604    6.54686 	Dead: 0
7.29936   0.0715856   0.363402  6.54686 	Dead: 0
7.28447   0.0710782   0.360826  6.54686 	Dead: 0
7.2921    0.0713256   0.362082  6.54686 	Dead: 0
7.26232   0.0693179   0.35189   6.54686 	Dead: 0
7.29301   0.0708293   0.359563  6.54686 	Dead: 0
7.30752   0.072356    0.367313  6.54686 	Dead: 0
7.26253   0.0683306   0.346878  6.54686 	Dead: 0
7.29754   0.0756401   0.383985  6.54686 	Dead: 0
7.26812   0.0683506   0.34698   6.54686 	Dead: 0
7.24043   0.0656939   0.333493  6.54686 	Dead: 0
7.23711   0.0674555   0.342436  6.54686 	Dead: 0
7.23984   0.0667159   0.338681  6.54686 	Dead: 0
7.24957   0.0745431   0.378416  6.54686 	Dead: 0
7.20926   0.0744208   0.377795  6.54686 	Dead: 0
7.21751   0.0672054   0.341166  6.54686 	Dead: 0
7.2283    0.0695378   0.353006  6.54686 	Dead: 0
7.21786   0.0722451   0.36675   6.54686 	Dead: 0
7.22621   0.0738495   0.374895  6.54686 	Dead: 0
7.2398    0.0737795   0.374539  6.54686 	Dead: 0
7.20179   0.0761393   0.386519  6.54686 	Dead: 0
7.19955   0.0683065   0.346756  6.54686 	Dead: 0
7.19564   0.0692945   0.351771  6.54686 	Dead: 0
7.21085   0.0705596   0.358193  6.54686 	Dead: 0
7.15852   0.0667151   0.338677  6.54686 	Dead: 0
7.13148   0.0687657   0.349087  6.54686 	Dead: 0
7.15633   0.0754155   0.382844  6.54686 	Dead: 0
7.14793   0.0721035   0.366031  6.54686 	Dead: 0
7.16276   0.0717593   0.364284  6.54686 	Dead: 0
7.19208   0.0708023   0.359426  6.54686 	Dead: 0
7.1247    0.0710494   0.36068   6.54686 	Dead: 0
7.13176   0.0711964   0.361426  6.51775 	Dead: 0
7.10693   0.0683111   0.346779  6.51775 	Dead: 0
7.11087   0.0692516   0.351553  6.51775 	Dead: 0
7.16329   0.0745691   0.378547  6.51775 	Dead: 0
7.10522   0.068547    0.347977  6.51775 	Dead: 0
7.13176   0.0709489   0.360169  6.4361  	Dead: 0
7.12543   0.0758271   0.384934  6.4361  	Dead: 0
7.12921   0.0720703   0.365862  6.4361  	Dead: 0
7.06736   0.0673341   0.341819  6.33349 	Dead: 0
7.09812   0.075114    0.381314  6.33349 	Dead: 0
7.07537   0.0678131   0.344251  6.33349 	Dead: 0
7.07561   0.0680565   0.345487  6.33349 	Dead: 0
