10.1828   0.0839277   0.426056  9.11917 	Dead: 0
8.87507   0.0518567   0.263249  8.4104  	Dead: 0
8.36814   0.0486591   0.247016  7.84911 	Dead: 0
8.13314   0.0493183   0.250363  7.61288 	Dead: 0
7.94222   0.0511912   0.25987   7.44455 	Dead: 0
7.9331    0.0597665   0.303403  7.44455 	Dead: 0
7.88276   0.0618938   0.314202  7.41017 	Dead: 0
7.75394   0.0644743   0.327302  7.23442 	Dead: 0
7.53666   0.0532116   0.270127  6.97638 	Dead: 0
7.48845   0.0530296   0.269203  6.97638 	Dead: 0
7.47444   0.063028    0.319959  6.9492  	Dead: 0
7.44279   0.0646305   0.328095  6.9492  	Dead: 0
7.45036   0.0746229   0.378821  6.89762 	Dead: 0
7.39356   0.0778425   0.395165  6.89466 	Dead: 0
7.34842   0.0768646   0.3902    6.69382 	Dead: 0
7.33793   0.0761007   0.386322  6.69382 	Dead: 0
7.34336   0.0785239   0.398624  6.56906 	Dead: 0
7.3218    0.077113    0.391462  6.56906 	Dead: 0
7.28571   0.0710757   0.360814  6.56906 	Dead: 0
7.28722   0.0795625   0.403897  6.56906 	Dead: 0
7.30453   0.0866798   0.440027  6.56906 	Dead: 0
7.2722    0.0810015   0.411201  6.56906 	Dead: 0
7.32078   0.0895567   0.454632  6.56906 	Dead: 0
7.26896   0.0881598   0.44754   6.56906 	Dead: 0
7.2332    0.081583    0.414154  6.56906 	Dead: 0
7.17401   0.0779761   0.395843  6.56906 	Dead: 0
7.24024   0.0862964   0.438081  6.33376 	Dead: 0
7.14927   0.0889114   0.451356  6.33376 	Dead: 0
7.10891   0.080176    0.407011  6.33376 	Dead: 0
7.13272   0.0951205   0.482876  6.33376 	Dead: 0
7.07916   0.0817262   0.414881  6.33376 	Dead: 0
7.07288   0.0841309   0.427088  6.33376 	Dead: 0
7.15717   0.0893342   0.453502  6.20558 	Dead: 0
7.0831    0.083579    0.424286  6.20558 	Dead: 0
7.06522   0.0790319   0.401203  6.20558 	Dead: 0
7.08682   0.0886729   0.450145  6.20558 	Dead: 0
7.06722   0.0851272   0.432145  6.20558 	Dead: 0
7.03126   0.0853481   0.433267  6.20558 	Dead: 0
7.04312   0.0907898   0.460891  6.20558 	Dead: 0
7.09132   0.0922876   0.468495  6.20558 	Dead: 0
7.06149   0.0890187   0.4519    6.20558 	Dead: 0
7.02495   0.0839159   0.425996  6.20558 	Dead: 0
7.04532   0.0851791   0.432409  6.20558 	Dead: 0
7.05047   0.0922276   0.46819   6.20558 	Dead: 0
7.06476   0.0898166   0.455951  6.20558 	Dead: 0
7.10261   0.0884372   0.448948  6.20558 	Dead: 0
7.10219   0.0922393   0.46825   6.20558 	Dead: 0
7.04496   0.0819522   0.416028  6.20558 	Dead: 0
7.05505   0.0939424   0.476896  6.20558 	Dead: 0
7.06263   0.0900122   0.456944  6.20558 	Dead: 0
7.02888   0.0841687   0.42728   6.20558 	Dead: 0
7.03627   0.0939399   0.476883  6.20558 	Dead: 0
7.06039   0.0937569   0.475954  6.20558 	Dead: 0
7.05128   0.0945208   0.479832  6.20558 	Dead: 0
7.05846   0.0867563   0.440415  6.20558 	Dead: 0
7.03761   0.0934886   0.474592  6.20558 	Dead: 0
7.02721   0.0847793   0.430379  6.20558 	Dead: 0
7.06454   0.0916383   0.465199  6.20558 	Dead: 0
7.03449   0.08869     0.450232  6.20558 	Dead: 0
7.04083   0.0887737   0.450657  6.20558 	Dead: 0
7.03581   0.0910628   0.462277  6.20558 	Dead: 0
7.00406   0.0862556   0.437874  6.20558 	Dead: 0
7.03531   0.0943234   0.47883   6.20558 	Dead: 0
6.99472   0.0876695   0.445051  6.20558 	Dead: 0
7.04447   0.0910493   0.462209  6.20558 	Dead: 0
6.99081   0.093639    0.475355  6.20558 	Dead: 0
6.98951   0.0809195   0.410785  6.20558 	Dead: 0
7.00837   0.0920079   0.467075  6.20558 	Dead: 0
7.0143    0.092001    0.46704   6.20558 	Dead: 0
7.04404   0.0903869   0.458846  6.20558 	Dead: 0
7.02255   0.0950113   0.482322  6.20558 	Dead: 0
6.98469   0.0879688   0.446571  6.20558 	Dead: 0
6.94707   0.085573    0.434409  6.20558 	Dead: 0
7.01387   0.0932157   0.473207  6.20558 	Dead: 0
6.96889   0.0918576   0.466312  6.20558 	Dead: 0
6.99326   0.0899385   0.45657   6.20558 	Dead: 0
6.97365   0.0952501   0.483534  6.20558 	Dead: 0
6.97077   0.0927469   0.470826  6.20558 	Dead: 0
7.0014    0.095087    0.482706  6.20558 	Dead: 0
6.98627   0.0905209   0.459526  6.20558 	Dead: 0
7.05803   0.0997524   0.50639   6.20558 	Dead: 0
7.03785   0.0963643   0.48919   6.04199 	Dead: 0
7.02447   0.0964046   0.489395  6.04199 	Dead: 0
7.03247   0.0946873   0.480677  6.04199 	Dead: 0
6.98108   0.0924181   0.469157  6.04199 	Dead: 0
6.98015   0.0898758   0.456251  6.04199 	Dead: 0
7.03276   0.101071    0.513086  6.04199 	Dead: 0
7.00508   0.0920438   0.467257  6.04199 	Dead: 0
6.99354   0.0950364   0.482449  6.04199 	Dead: 0
6.96843   0.0894728   0.454206  6.04199 	Dead: 0
7.02337   0.0980778   0.497889  6.04199 	Dead: 0
6.99546   0.106391    0.54009   6.04199 	Dead: 0
6.93934   0.0924584   0.469362  6.04199 	Dead: 0
6.95708   0.0922912   0.468513  6.04199 	Dead: 0
7.00452   0.101965    0.517621  6.04199 	Dead: 0
7.0059    0.099449    0.50485   6.04199 	Dead: 0
6.97833   0.0850752   0.431881  6.04199 	Dead: 0
6.97122   0.0897115   0.455418  6.04199 	Dead: 0
6.96231   0.0885103   0.44932   6.04199 	Dead: 0
6.96118   0.0894287   0.453982  6.04199 	Dead: 0
6.9826    0.092381    0.468969  6.04199 	Dead: 0
