14.1379   0.0500188   0.253919  13.5286 	Dead: 0
12.9264   0.0353218   0.17931   12.5469 	Dead: 0
12.7138   0.0350186   0.177771  12.4218 	Dead: 0
12.5973   0.0373219   0.189463  12.2849 	Dead: 0
12.4526   0.0369842   0.187749  12.034  	Dead: 0
12.4095   0.0427249   0.216892  11.9004 	Dead: 0
12.3737   0.039307    0.199541  11.9004 	Dead: 0
12.2952   0.0364589   0.185083  11.9004 	Dead: 0
12.3104   0.0431017   0.218804  11.9004 	Dead: 0
12.299    0.0455692   0.231331  11.9004 	Dead: 0
12.2796   0.0476443   0.241865  11.8617 	Dead: 0
12.2337   0.0417075   0.211727  11.8333 	Dead: 0
12.2244   0.0419973   0.213198  11.8333 	Dead: 0
12.2604   0.0493254   0.250399  11.8333 	Dead: 0
12.2203   0.045872    0.232868  11.8333 	Dead: 0
12.237    0.0486717   0.24708   11.8333 	Dead: 0
12.2427   0.0477541   0.242422  11.7923 	Dead: 0
12.2685   0.0520756   0.26436   11.7923 	Dead: 0
12.2146   0.0454306   0.230627  11.7923 	Dead: 0
12.2002   0.0456927   0.231958  11.7923 	Dead: 0
12.1961   0.0491875   0.249699  11.7923 	Dead: 0
12.227    0.0521006   0.264487  11.7923 	Dead: 0
12.2073   0.049453    0.251046  11.7923 	Dead: 0
12.2287   0.054547    0.276906  11.7923 	Dead: 0
12.2168   0.0490494   0.248998  11.7923 	Dead: 0
12.1899   0.0502689   0.255189  11.7923 	Dead: 0
12.1664   0.0443296   0.225038  11.7923 	Dead: 0
12.1884   0.0481151   0.244254  11.7923 	Dead: 0
12.1781   0.0470093   0.238641  11.7295 	Dead: 0
12.1549   0.0477624   0.242464  11.7295 	Dead: 0
12.1655   0.0477256   0.242277  11.7295 	Dead: 0
12.1602   0.04878     0.24763   11.7295 	Dead: 0
12.1651   0.0511552   0.259688  11.6865 	Dead: 0
12.1632   0.0486616   0.247029  11.6865 	Dead: 0
12.1509   0.0499725   0.253684  11.6865 	Dead: 0
12.151    0.0509139   0.258463  11.6865 	Dead: 0
12.1368   0.0512532   0.260185  11.6865 	Dead: 0
12.1224   0.0460544   0.233794  11.6865 	Dead: 0
12.1029   0.0454355   0.230652  11.6865 	Dead: 0
12.1326   0.0492099   0.249812  11.5564 	Dead: 0
12.1235   0.0540056   0.274158  11.5564 	Dead: 0
12.0971   0.0498809   0.253219  11.5564 	Dead: 0
12.1429   0.0530162   0.269135  11.5564 	Dead: 0
12.1011   0.0527702   0.267886  11.5564 	Dead: 0
12.0639   0.0444941   0.225873  11.5564 	Dead: 0
12.1066   0.0518811   0.263373  11.5564 	Dead: 0
12.1128   0.0500619   0.254138  11.5564 	Dead: 0
12.1319   0.0553045   0.280751  11.5564 	Dead: 0
12.0994   0.0504711   0.256215  11.5564 	Dead: 0
12.0999   0.0506712   0.257231  11.5564 	Dead: 0
12.1114   0.05328     0.270474  11.5564 	Dead: 0
12.0919   0.0521162   0.264566  11.5564 	Dead: 0
12.0904   0.0527706   0.267888  11.5564 	Dead: 0
12.1159   0.05284     0.26824   11.5564 	Dead: 0
12.0857   0.0488914   0.248196  11.5564 	Dead: 0
12.0949   0.0518432   0.26318   11.5564 	Dead: 0
12.0961   0.058394    0.296435  11.5564 	Dead: 0
12.0783   0.048981    0.24865   11.5521 	Dead: 0
12.0944   0.0555372   0.281933  11.5521 	Dead: 0
12.0863   0.055309    0.280774  11.5521 	Dead: 0
12.0451   0.0501992   0.254834  11.5521 	Dead: 0
12.0583   0.0472345   0.239784  11.5521 	Dead: 0
12.0626   0.0526958   0.267508  11.5521 	Dead: 0
12.064    0.053757    0.272895  11.5521 	Dead: 0
12.0752   0.0509947   0.258873  11.5521 	Dead: 0
12.066    0.0508388   0.258081  11.5521 	Dead: 0
12.0585   0.0509568   0.258681  11.5521 	Dead: 0
12.0472   0.050739    0.257575  11.5521 	Dead: 0
12.0228   0.0484077   0.24574   11.5521 	Dead: 0
12.0678   0.0526075   0.26706   11.5521 	Dead: 0
12.035    0.0504718   0.256219  11.5521 	Dead: 0
12.0875   0.0575458   0.292129  11.5521 	Dead: 0
12.0287   0.0544231   0.276277  11.4772 	Dead: 0
12.0296   0.052809    0.268083  11.4772 	Dead: 0
12.0342   0.0534532   0.271353  11.4772 	Dead: 0
12.0375   0.0581312   0.295101  11.4248 	Dead: 0
12.0331   0.0561895   0.285244  11.4248 	Dead: 0
12.0322   0.0565453   0.28705   11.4248 	Dead: 0
12.0286   0.0559322   0.283938  11.4248 	Dead: 0
12.0114   0.050928    0.258534  11.4248 	Dead: 0
12.0105   0.048056    0.243954  11.4248 	Dead: 0
12.0123   0.0485481   0.246453  11.4248 	Dead: 0
12.0356   0.0543306   0.275808  11.4248 	Dead: 0
12.0143   0.0515408   0.261645  11.4248 	Dead: 0
12.0028   0.0469149   0.238162  11.4248 	Dead: 0
12.0351   0.0561068   0.284824  11.4248 	Dead: 0
11.9966   0.0482881   0.245133  11.4248 	Dead: 0
12.0183   0.0529157   0.268625  11.4248 	Dead: 0
11.9953   0.0506815   0.257283  11.4248 	Dead: 0
12.0127   0.0567461   0.288069  11.4248 	Dead: 0
12.0209   0.0552477   0.280463  11.4248 	Dead: 0
11.9809   0.0483032   0.245209  11.4248 	Dead: 0
12.0189   0.0565406   0.287026  11.4248 	Dead: 0
11.9968   0.0504105   0.255907  11.4248 	Dead: 0
12.023    0.0541006   0.27464   11.4248 	Dead: 0
11.9862   0.051319    0.260519  11.4248 	Dead: 0
11.9841   0.0521358   0.264666  11.4248 	Dead: 0
12.0004   0.0557428   0.282976  11.4248 	Dead: 0
11.9646   0.0472127   0.239674  11.4248 	Dead: 0
11.9571   0.0504063   0.255886  11.4248 	Dead: 0
11.9584   0.0501563   0.254617  11.4248 	Dead: 0
