14.1172   0.0497948   0.252782  13.5486 	Dead: 0
13.1137   0.0359072   0.182282  12.5743 	Dead: 0
12.8222   0.0406995   0.20661   12.4314 	Dead: 0
12.6735   0.0454127   0.230536  12.312  	Dead: 0
12.6149   0.0444949   0.225877  12.312  	Dead: 0
12.5603   0.0454564   0.230758  12.1791 	Dead: 0
12.5114   0.0427105   0.216819  12.0881 	Dead: 0
12.431    0.0418765   0.212585  12.0881 	Dead: 0
12.3493   0.0431479   0.219039  11.9342 	Dead: 0
12.3591   0.0488736   0.248105  11.9342 	Dead: 0
12.3217   0.0481081   0.244219  11.9274 	Dead: 0
12.3361   0.0481946   0.244658  11.8898 	Dead: 0
12.2916   0.047525    0.241259  11.8898 	Dead: 0
12.3003   0.0509172   0.258479  11.8818 	Dead: 0
12.2753   0.0485516   0.246471  11.7707 	Dead: 0
12.303    0.0525612   0.266825  11.7707 	Dead: 0
12.3003   0.0518352   0.26314   11.7707 	Dead: 0
12.2945   0.0523474   0.26574   11.7707 	Dead: 0
12.2817   0.050483    0.256275  11.7707 	Dead: 0
12.2758   0.0480373   0.24386   11.7707 	Dead: 0
12.293    0.0619748   0.314613  11.7305 	Dead: 0
12.2434   0.0545321   0.276831  11.7305 	Dead: 0
12.2264   0.0524805   0.266415  11.7305 	Dead: 0
12.2481   0.0551762   0.2801    11.7305 	Dead: 0
12.2208   0.0520464   0.264212  11.7305 	Dead: 0
12.1867   0.0518605   0.263268  11.7305 	Dead: 0
12.1897   0.050801    0.25789   11.7305 	Dead: 0
12.201    0.0501927   0.254802  11.7305 	Dead: 0
12.2161   0.0540535   0.274401  11.7305 	Dead: 0
12.162    0.0447632   0.227239  11.7305 	Dead: 0
12.2152   0.0633525   0.321607  11.7305 	Dead: 0
12.1593   0.0536648   0.272428  11.7305 	Dead: 0
12.1543   0.0507693   0.257729  11.7305 	Dead: 0
12.158    0.0524767   0.266396  11.7305 	Dead: 0
12.1395   0.0541441   0.274861  11.7305 	Dead: 0
12.1495   0.0526214   0.267131  11.7305 	Dead: 0
12.1421   0.0523753   0.265881  11.7305 	Dead: 0
12.1628   0.0600353   0.304767  11.7305 	Dead: 0
12.146    0.0521151   0.264561  11.7305 	Dead: 0
12.151    0.0524398   0.266209  11.7305 	Dead: 0
12.1753   0.0581964   0.295432  11.7246 	Dead: 0
12.1339   0.0531619   0.269874  11.7113 	Dead: 0
12.1095   0.0526937   0.267498  11.7113 	Dead: 0
12.1217   0.0544544   0.276436  11.7113 	Dead: 0
12.134    0.0537726   0.272975  11.7108 	Dead: 0
12.1204   0.0537285   0.272751  11.7108 	Dead: 0
12.0881   0.0501206   0.254436  11.7108 	Dead: 0
12.0786   0.0509824   0.25881   11.7108 	Dead: 0
12.0884   0.0529519   0.268809  11.5678 	Dead: 0
12.0827   0.0545009   0.276672  11.5548 	Dead: 0
12.0761   0.0574411   0.291598  11.5548 	Dead: 0
12.0702   0.0572656   0.290707  11.5548 	Dead: 0
12.0741   0.0561522   0.285055  11.5548 	Dead: 0
12.0315   0.0538115   0.273173  11.5548 	Dead: 0
12.0581   0.0561318   0.284951  11.5548 	Dead: 0
12.0198   0.0536201   0.2722    11.5548 	Dead: 0
12.0566   0.0618595   0.314028  11.5548 	Dead: 0
12.0133   0.0549399   0.2789    11.5548 	Dead: 0
12.0104   0.055862    0.283581  11.5013 	Dead: 0
11.9852   0.0520896   0.264431  11.5013 	Dead: 0
12.0343   0.0577633   0.293233  11.5013 	Dead: 0
12.0134   0.0577818   0.293328  11.5013 	Dead: 0
12.0344   0.0596639   0.302882  11.5013 	Dead: 0
12.013    0.054459    0.276459  11.5013 	Dead: 0
11.9951   0.0524849   0.266438  11.5013 	Dead: 0
12.005    0.0558072   0.283304  11.5013 	Dead: 0
11.9843   0.0545998   0.277174  11.5013 	Dead: 0
11.9935   0.055974    0.28415   11.5013 	Dead: 0
11.9823   0.0592914   0.300991  11.5013 	Dead: 0
12.0205   0.0650772   0.330362  11.5013 	Dead: 0
11.9971   0.0613332   0.311356  11.5013 	Dead: 0
12.0053   0.058877    0.298887  11.5013 	Dead: 0
12.0093   0.0562311   0.285455  11.5013 	Dead: 0
11.9262   0.0527508   0.267788  11.5013 	Dead: 0
11.9243   0.0616959   0.313197  11.3084 	Dead: 0
11.881    0.0594354   0.301722  11.3084 	Dead: 0
11.9006   0.0637741   0.323747  11.3084 	Dead: 0
11.8788   0.0643245   0.326541  11.3084 	Dead: 0
11.8471   0.0586837   0.297906  11.3084 	Dead: 0
11.8268   0.0647839   0.328873  11.3084 	Dead: 0
11.7808   0.0602579   0.305897  11.3084 	Dead: 0
11.7745   0.0646855   0.328374  11.3084 	Dead: 0
11.7813   0.0659695   0.334892  11.3084 	Dead: 0
11.7674   0.0625721   0.317645  11.3084 	Dead: 0
11.7336   0.0565263   0.286954  11.3084 	Dead: 0
11.7116   0.0614997   0.312201  11.1181 	Dead: 0
11.7319   0.06331     0.321391  11.1181 	Dead: 0
11.7354   0.0624272   0.316909  11.1181 	Dead: 0
11.7129   0.0643727   0.326786  11.1181 	Dead: 0
11.7563   0.0668301   0.339261  11.1181 	Dead: 0
11.7456   0.065407    0.332036  11.1181 	Dead: 0
11.7554   0.0639975   0.324881  11.1181 	Dead: 0
11.7064   0.0600018   0.304597  11.1181 	Dead: 0
11.7046   0.0622077   0.315795  11.1181 	Dead: 0
11.7144   0.0665114   0.337643  11.1181 	Dead: 0
11.7523   0.0726574   0.368843  11.1181 	Dead: 0
11.7107   0.0653671   0.331834  11.1181 	Dead: 0
11.6887   0.0609419   0.309369  11.1181 	Dead: 0
11.7231   0.0642449   0.326137  11.1181 	Dead: 0
11.6691   0.0583385   0.296153  11.1181 	Dead: 0
11.703    0.063593    0.322828  11.1181 	Dead: 0
