5.43261   0.0751975   0.381738  4.69631 	Dead: 0
4.53124   0.0853881   0.43347   3.82488 	Dead: 0
4.09702   0.0466699   0.236918  3.62861 	Dead: 0
4.00258   0.0490357   0.248928  3.51294 	Dead: 0
3.95079   0.0524391   0.266205  3.51294 	Dead: 0
3.92806   0.0573137   0.290951  3.51294 	Dead: 0
3.82389   0.0482086   0.24473   3.37792 	Dead: 0
3.764     0.0504267   0.255989  3.33659 	Dead: 0
3.72467   0.0500835   0.254247  3.33659 	Dead: 0
3.67199   0.0502274   0.254978  3.30298 	Dead: 0
3.5894    0.0435237   0.220946  3.25017 	Dead: 0
3.58364   0.0478505   0.242912  3.16503 	Dead: 0
3.61      0.049211    0.249818  3.16503 	Dead: 0
3.58082   0.048262    0.245     3.16503 	Dead: 0
3.6069    0.0495241   0.251407  3.16503 	Dead: 0
3.57944   0.056311    0.285861  3.16503 	Dead: 0
3.5733    0.0527672   0.267871  3.16503 	Dead: 0
3.58987   0.0562807   0.285707  3.16503 	Dead: 0
3.55708   0.053641    0.272307  3.15541 	Dead: 0
3.54736   0.0515229   0.261554  3.15541 	Dead: 0
3.54884   0.0611249   0.310299  3.15541 	Dead: 0
3.56616   0.0530124   0.269116  3.15541 	Dead: 0
3.53143   0.0504091   0.2559    3.15541 	Dead: 0
3.55939   0.0564776   0.286707  3.15541 	Dead: 0
3.5192    0.0479095   0.243211  3.07431 	Dead: 0
3.49226   0.0457475   0.232236  3.07431 	Dead: 0
3.51519   0.0551298   0.279865  3.07431 	Dead: 0
3.49866   0.0494982   0.251276  3.07431 	Dead: 0
3.47409   0.053316    0.270657  3.07431 	Dead: 0
3.51336   0.052284    0.265418  3.07431 	Dead: 0
3.48153   0.0532283   0.270212  3.07431 	Dead: 0
3.48635   0.0486424   0.246932  3.07431 	Dead: 0
3.48321   0.0541832   0.275059  3.07431 	Dead: 0
3.45969   0.0519948   0.26395   3.04968 	Dead: 0
3.44878   0.045435    0.230649  3.04968 	Dead: 0
3.48142   0.0509143   0.258465  3.04968 	Dead: 0
3.45965   0.052341    0.265707  3.04968 	Dead: 0
3.43713   0.0477282   0.242291  3.04968 	Dead: 0
3.48527   0.0647268   0.328584  3.04968 	Dead: 0
3.4521    0.048028    0.243813  3.04968 	Dead: 0
3.46039   0.0466853   0.236996  3.04968 	Dead: 0
3.46453   0.0638458   0.324111  3.04968 	Dead: 0
3.44265   0.0606435   0.307855  3.04968 	Dead: 0
3.39381   0.0474459   0.240857  3.04968 	Dead: 0
3.39559   0.0457836   0.232419  3.04968 	Dead: 0
3.40289   0.0527126   0.267594  3.04968 	Dead: 0
3.38365   0.0473077   0.240156  3.04968 	Dead: 0
3.40346   0.051182    0.259824  3.04968 	Dead: 0
3.40242   0.0499315   0.253476  3.04016 	Dead: 0
3.37883   0.0463902   0.235498  3.04016 	Dead: 0
3.4275    0.050027    0.25396   3.04016 	Dead: 0
3.37174   0.0447783   0.227315  3.04016 	Dead: 0
3.34689   0.0452966   0.229947  2.99604 	Dead: 0
3.36423   0.0551639   0.280038  2.99604 	Dead: 0
3.35908   0.05072     0.257479  2.99604 	Dead: 0
3.39316   0.0602098   0.305653  2.99604 	Dead: 0
3.35332   0.0480809   0.244081  2.99604 	Dead: 0
3.35487   0.0480779   0.244066  2.99604 	Dead: 0
3.37198   0.0579904   0.294387  2.99604 	Dead: 0
3.36862   0.049949    0.253564  2.99604 	Dead: 0
3.37739   0.0586667   0.297819  2.99604 	Dead: 0
3.37213   0.0601937   0.305571  2.99604 	Dead: 0
3.29108   0.0444348   0.225572  2.96309 	Dead: 0
3.35222   0.0526164   0.267106  2.96309 	Dead: 0
3.28965   0.042387    0.215176  2.96309 	Dead: 0
3.34054   0.0565881   0.287268  2.96309 	Dead: 0
3.3866    0.0727084   0.369102  2.96309 	Dead: 0
3.33614   0.0490051   0.248773  2.96309 	Dead: 0
3.30421   0.0538991   0.273617  2.96309 	Dead: 0
3.32783   0.0489964   0.248728  2.96309 	Dead: 0
3.31593   0.058092    0.294902  2.96309 	Dead: 0
3.27127   0.0457911   0.232457  2.9583  	Dead: 0
3.28675   0.0489349   0.248416  2.9583  	Dead: 0
3.29889   0.0613129   0.311253  2.95188 	Dead: 0
3.27853   0.0458868   0.232943  2.95188 	Dead: 0
3.26148   0.044072    0.22373   2.95188 	Dead: 0
3.2652    0.0494681   0.251123  2.95188 	Dead: 0
3.28294   0.0482674   0.245028  2.95188 	Dead: 0
3.30429   0.0483773   0.245586  2.95188 	Dead: 0
3.28993   0.044751    0.227177  2.95188 	Dead: 0
3.32167   0.0565513   0.287081  2.95188 	Dead: 0
3.33592   0.0586063   0.297513  2.95188 	Dead: 0
3.3073    0.0488614   0.248043  2.95188 	Dead: 0
3.31281   0.0503784   0.255744  2.95188 	Dead: 0
3.31831   0.0547589   0.277982  2.95188 	Dead: 0
3.29827   0.0485514   0.246469  2.95188 	Dead: 0
3.29828   0.0522247   0.265117  2.95188 	Dead: 0
3.31523   0.0519539   0.263742  2.94069 	Dead: 0
3.29843   0.0492902   0.25022   2.94069 	Dead: 0
3.2635    0.0417787   0.212088  2.94069 	Dead: 0
3.29959   0.0484138   0.245771  2.94069 	Dead: 0
3.28776   0.0472039   0.239629  2.94069 	Dead: 0
3.2905    0.0526764   0.26741   2.94069 	Dead: 0
3.25362   0.0425843   0.216178  2.94069 	Dead: 0
3.31597   0.0602741   0.30598   2.86284 	Dead: 0
3.32168   0.0645029   0.327447  2.86284 	Dead: 0
3.27386   0.045624    0.231609  2.86284 	Dead: 0
3.30405   0.0501599   0.254635  2.86284 	Dead: 0
3.29107   0.0505786   0.25676   2.86284 	Dead: 0
3.28937   0.0498588   0.253107  2.86284 	Dead: 0
3.27612   0.0472804   0.240018  2.86284 	Dead: 0
