9.76244   0.14144     0.718016  8.18138 	Dead: 0
5.58318   0.0563854   0.286239  4.9826  	Dead: 0
4.44571   0.0556589   0.282551  3.74193 	Dead: 0
3.6465    0.045085    0.228872  3.14722 	Dead: 0
3.2811    0.0546431   0.277394  2.90956 	Dead: 0
3.07053   0.0469519   0.23835   2.76479 	Dead: 0
2.93858   0.0501517   0.254593  2.52563 	Dead: 0
2.87377   0.0477253   0.242276  2.52563 	Dead: 0
2.80619   0.0390548   0.19826   2.51289 	Dead: 0
2.80515   0.0594028   0.301556  2.43946 	Dead: 0
2.74555   0.0561021   0.284801  2.40308 	Dead: 0
2.64935   0.0438078   0.222389  2.38563 	Dead: 0
2.62001   0.0615167   0.312287  2.37666 	Dead: 0
2.59915   0.049007    0.248782  2.28067 	Dead: 0
2.5427    0.0460687   0.233866  2.27072 	Dead: 0
2.50946   0.0390353   0.198161  2.27072 	Dead: 0
2.51806   0.051994    0.263946  2.23386 	Dead: 0
2.48103   0.0399307   0.202707  2.23386 	Dead: 0
2.49503   0.0434674   0.220661  2.23386 	Dead: 0
2.52116   0.0568005   0.288346  2.2299  	Dead: 0
2.50346   0.0524941   0.266484  2.2299  	Dead: 0
2.48085   0.0443414   0.225098  2.2299  	Dead: 0
2.47928   0.0497312   0.252459  2.19573 	Dead: 0
2.44964   0.0359153   0.182323  2.19573 	Dead: 0
2.49154   0.0463143   0.235113  2.17741 	Dead: 0
2.46211   0.0484008   0.245705  2.17741 	Dead: 0
2.46701   0.0417852   0.212121  2.17741 	Dead: 0
2.4768    0.052026    0.264108  2.17741 	Dead: 0
2.4813    0.0551657   0.280047  2.17741 	Dead: 0
2.48062   0.057456    0.291674  2.17741 	Dead: 0
2.439     0.0405214   0.205706  2.17741 	Dead: 0
2.43803   0.0446236   0.22653   2.17647 	Dead: 0
2.434     0.04843     0.245853  2.17647 	Dead: 0
2.41532   0.0354064   0.17974   2.1355  	Dead: 0
2.40217   0.0372206   0.188949  2.1355  	Dead: 0
2.45041   0.0540081   0.27417   2.1355  	Dead: 0
2.41351   0.0417481   0.211933  2.1355  	Dead: 0
2.42446   0.0591514   0.30028   2.1355  	Dead: 0
2.40974   0.0417785   0.212087  2.1355  	Dead: 0
2.40811   0.0383147   0.194503  2.1355  	Dead: 0
2.39242   0.0421077   0.213758  2.13496 	Dead: 0
2.39885   0.0491551   0.249534  2.13496 	Dead: 0
2.38793   0.0412628   0.209469  2.13496 	Dead: 0
2.4306    0.0569289   0.288998  2.13496 	Dead: 0
2.41556   0.0445455   0.226134  2.13496 	Dead: 0
2.41273   0.0530155   0.269132  2.13496 	Dead: 0
2.44167   0.0643486   0.326664  2.13496 	Dead: 0
2.41144   0.0517343   0.262627  2.13496 	Dead: 0
2.42289   0.0580424   0.29465   2.13496 	Dead: 0
2.38316   0.0495149   0.251361  2.12054 	Dead: 0
2.38688   0.0524499   0.26626   2.05859 	Dead: 0
2.41281   0.0596474   0.302798  2.05859 	Dead: 0
2.33983   0.0444952   0.225879  2.05859 	Dead: 0
2.38091   0.0480705   0.244028  2.05859 	Dead: 0
2.37089   0.053373    0.270946  2.05859 	Dead: 0
2.33343   0.0451314   0.229108  2.05859 	Dead: 0
2.36299   0.0515079   0.261478  2.05859 	Dead: 0
2.34402   0.0449519   0.228197  2.05859 	Dead: 0
2.35127   0.0532152   0.270145  2.05859 	Dead: 0
2.3301    0.0491549   0.249533  2.01795 	Dead: 0
2.33118   0.0521599   0.264788  2.01795 	Dead: 0
2.32209   0.040887    0.207561  2.01795 	Dead: 0
2.35008   0.0580258   0.294566  2.01795 	Dead: 0
2.28783   0.0344803   0.175038  2.01795 	Dead: 0
2.30037   0.0459487   0.233257  1.97928 	Dead: 0
2.31685   0.0571268   0.290002  1.97928 	Dead: 0
2.32122   0.0510084   0.258942  1.97928 	Dead: 0
2.30916   0.0499648   0.253644  1.97928 	Dead: 0
2.31105   0.0484078   0.24574   1.97928 	Dead: 0
2.31188   0.0521506   0.264741  1.97928 	Dead: 0
2.3468    0.0596318   0.302719  1.97928 	Dead: 0
2.33318   0.0574931   0.291862  1.97928 	Dead: 0
2.32414   0.0582102   0.295502  1.97928 	Dead: 0
2.33574   0.0567845   0.288265  1.97928 	Dead: 0
2.30021   0.0570695   0.289711  1.97928 	Dead: 0
2.30325   0.0544659   0.276495  1.97928 	Dead: 0
2.2742    0.0456796   0.231891  1.97928 	Dead: 0
2.31136   0.0579772   0.294319  1.97928 	Dead: 0
2.33321   0.0599772   0.304472  1.97928 	Dead: 0
2.29755   0.046498    0.236046  1.97928 	Dead: 0
2.25481   0.0448412   0.227635  1.97928 	Dead: 0
2.26005   0.0384449   0.195164  1.97928 	Dead: 0
2.25859   0.0443924   0.225357  1.97928 	Dead: 0
2.29435   0.0566461   0.287562  1.97928 	Dead: 0
2.27626   0.062365    0.316594  1.97928 	Dead: 0
2.25445   0.0440323   0.223528  1.97928 	Dead: 0
2.21863   0.0372181   0.188937  1.97928 	Dead: 0
2.30123   0.0604002   0.30662   1.97928 	Dead: 0
2.28215   0.0596365   0.302743  1.97928 	Dead: 0
2.24701   0.0452195   0.229555  1.97928 	Dead: 0
2.29497   0.0597092   0.303112  1.97928 	Dead: 0
2.2246    0.0419611   0.213014  1.95635 	Dead: 0
2.22727   0.044509    0.225949  1.95635 	Dead: 0
2.2141    0.0417063   0.211721  1.95635 	Dead: 0
2.25602   0.0614573   0.311986  1.95635 	Dead: 0
2.25036   0.0513686   0.260771  1.95635 	Dead: 0
2.24843   0.0519909   0.26393   1.93038 	Dead: 0
2.24918   0.0596279   0.302699  1.93038 	Dead: 0
2.19913   0.0361885   0.18371   1.93038 	Dead: 0
2.24473   0.0559197   0.283874  1.92982 	Dead: 0
2.225     0.0448761   0.227812  1.92982 	Dead: 0
