9.92978   0.149308    0.757955  7.96535 	Dead: 0
5.60125   0.0553586   0.281026  4.98435 	Dead: 0
4.05076   0.0512784   0.260313  3.41806 	Dead: 0
3.44777   0.0474912   0.241087  3.10833 	Dead: 0
3.31251   0.0609822   0.309574  2.87353 	Dead: 0
3.19481   0.0464538   0.235821  2.80772 	Dead: 0
3.06255   0.0461547   0.234303  2.72053 	Dead: 0
3.0335    0.0526627   0.267341  2.68657 	Dead: 0
2.9403    0.0371901   0.188794  2.65242 	Dead: 0
2.87431   0.0396994   0.201533  2.54018 	Dead: 0
2.78056   0.0453182   0.230056  2.47495 	Dead: 0
2.78415   0.0536522   0.272363  2.47495 	Dead: 0
2.72132   0.0387938   0.196935  2.45685 	Dead: 0
2.72131   0.0473721   0.240483  2.45685 	Dead: 0
2.69699   0.0583583   0.296254  2.35422 	Dead: 0
2.673     0.0424411   0.215451  2.35422 	Dead: 0
2.63884   0.0357872   0.181673  2.35422 	Dead: 0
2.62856   0.0452327   0.229622  2.29604 	Dead: 0
2.61702   0.0426264   0.216392  2.29604 	Dead: 0
2.60241   0.0458053   0.232529  2.29604 	Dead: 0
2.59891   0.0500629   0.254143  2.29604 	Dead: 0
2.5918    0.0506266   0.257004  2.29604 	Dead: 0
2.57315   0.0481465   0.244414  2.24233 	Dead: 0
2.5298    0.0391092   0.198537  2.24233 	Dead: 0
2.56719   0.0433007   0.219815  2.24233 	Dead: 0
2.56422   0.0454112   0.230529  2.24233 	Dead: 0
2.56339   0.0475866   0.241572  2.24233 	Dead: 0
2.53722   0.0418123   0.212259  2.23596 	Dead: 0
2.52628   0.044633    0.226578  2.23596 	Dead: 0
2.54692   0.0529353   0.268724  2.23596 	Dead: 0
2.543     0.0521849   0.264915  2.23596 	Dead: 0
2.5437    0.0553807   0.281138  2.23596 	Dead: 0
2.5553    0.0541673   0.274979  2.23596 	Dead: 0
2.52084   0.0484014   0.245708  2.23596 	Dead: 0
2.54066   0.0501937   0.254806  2.18755 	Dead: 0
2.5223    0.0411881   0.20909   2.15704 	Dead: 0
2.49686   0.0391039   0.19851   2.15704 	Dead: 0
2.49292   0.0390692   0.198333  2.15704 	Dead: 0
2.50081   0.0465845   0.236485  2.15704 	Dead: 0
2.4946    0.0441737   0.224246  2.15704 	Dead: 0
2.47797   0.0422764   0.214615  2.15704 	Dead: 0
2.49637   0.0595418   0.302262  2.15704 	Dead: 0
2.46345   0.0431155   0.218874  2.15704 	Dead: 0
2.44977   0.0346527   0.175913  2.15704 	Dead: 0
2.47869   0.0418751   0.212578  2.15704 	Dead: 0
2.47645   0.0432898   0.219759  2.15704 	Dead: 0
2.48179   0.0554165   0.28132   2.15704 	Dead: 0
2.4762    0.0463179   0.235131  2.15704 	Dead: 0
2.4615    0.0593245   0.301159  2.15704 	Dead: 0
2.44406   0.0380324   0.19307   2.15704 	Dead: 0
2.46718   0.0473537   0.24039   2.15704 	Dead: 0
2.46606   0.0588997   0.299003  2.15704 	Dead: 0
2.45746   0.0472439   0.239832  2.15704 	Dead: 0
2.44331   0.0450391   0.228639  2.15687 	Dead: 0
2.4459    0.04398     0.223263  2.15687 	Dead: 0
2.4397    0.0483261   0.245326  2.15687 	Dead: 0
2.44937   0.049255    0.250041  2.15687 	Dead: 0
2.4456    0.0435748   0.221206  2.15687 	Dead: 0
2.45839   0.0525235   0.266634  2.15687 	Dead: 0
2.44256   0.045467    0.230812  2.15687 	Dead: 0
2.44694   0.0486113   0.246773  2.06947 	Dead: 0
2.42896   0.0559501   0.284029  2.06947 	Dead: 0
2.46925   0.0539594   0.273923  2.06947 	Dead: 0
2.41986   0.0407226   0.206727  2.06947 	Dead: 0
2.42093   0.0461599   0.234329  2.06947 	Dead: 0
2.40644   0.0441602   0.224178  2.06947 	Dead: 0
2.4153    0.0506841   0.257296  2.06947 	Dead: 0
2.41593   0.0424956   0.215727  2.06947 	Dead: 0
2.3957    0.044538    0.226096  2.06947 	Dead: 0
2.39811   0.0436682   0.22168   2.06947 	Dead: 0
2.38894   0.0461531   0.234294  2.06947 	Dead: 0
2.3686    0.0462749   0.234913  2.06947 	Dead: 0
2.39551   0.0507372   0.257566  2.06947 	Dead: 0
2.3533    0.0584707   0.296825  2.06947 	Dead: 0
2.33172   0.0397444   0.201761  2.06813 	Dead: 0
2.33835   0.0432485   0.219549  2.04685 	Dead: 0
2.30022   0.046298    0.23503   2.03377 	Dead: 0
2.34125   0.0660925   0.335516  1.95853 	Dead: 0
2.27679   0.0398362   0.202227  1.95797 	Dead: 0
2.27122   0.05434     0.275855  1.95797 	Dead: 0
2.26346   0.0512488   0.260163  1.95797 	Dead: 0
2.30225   0.0789142   0.400605  1.95797 	Dead: 0
2.26592   0.0519766   0.263857  1.95797 	Dead: 0
2.24096   0.0453507   0.230221  1.95797 	Dead: 0
2.26167   0.0473819   0.240532  1.95797 	Dead: 0
2.26061   0.0633563   0.321626  1.95797 	Dead: 0
2.22023   0.0442033   0.224396  1.95797 	Dead: 0
2.20981   0.0441435   0.224093  1.95797 	Dead: 0
2.21433   0.0588707   0.298855  1.93031 	Dead: 0
2.16234   0.0421894   0.214173  1.91029 	Dead: 0
2.19892   0.0629747   0.319689  1.91029 	Dead: 0
2.14128   0.0351803   0.178592  1.91029 	Dead: 0
2.21839   0.0707981   0.359404  1.89794 	Dead: 0
2.15823   0.0511515   0.259669  1.89794 	Dead: 0
2.17415   0.0668509   0.339366  1.89794 	Dead: 0
2.19431   0.0585596   0.297276  1.89794 	Dead: 0
2.15207   0.0552437   0.280443  1.89794 	Dead: 0
2.12756   0.0387208   0.196565  1.89794 	Dead: 0
2.14929   0.0516342   0.262119  1.88495 	Dead: 0
2.12773   0.0422088   0.214271  1.88495 	Dead: 0
2.1221    0.0357577   0.181523  1.88495 	Dead: 0
