5.56961   0.0627943   0.318773  4.5299  	Dead: 0
4.89821   0.0547701   0.278039  4.30271 	Dead: 0
4.76244   0.0588039   0.298516  4.24767 	Dead: 0
4.72404   0.0587923   0.298457  4.19982 	Dead: 0
4.69742   0.0634263   0.321981  4.19982 	Dead: 0
4.64516   0.0599511   0.30434   4.19982 	Dead: 0
4.62948   0.0645633   0.327754  4.17168 	Dead: 0
4.59368   0.059302    0.301045  4.17168 	Dead: 0
4.56117   0.0546526   0.277442  4.05891 	Dead: 0
4.52792   0.0571285   0.290011  3.98335 	Dead: 0
4.51816   0.0558267   0.283402  3.98335 	Dead: 0
4.51162   0.0574508   0.291647  3.98335 	Dead: 0
4.49811   0.0619633   0.314555  3.98335 	Dead: 0
4.51688   0.060899    0.309152  3.95677 	Dead: 0
4.49092   0.0614056   0.311724  3.95677 	Dead: 0
4.48075   0.0616726   0.313079  3.95677 	Dead: 0
4.41478   0.0573421   0.291095  3.93359 	Dead: 0
4.46793   0.0676612   0.34348   3.93359 	Dead: 0
4.47999   0.0647273   0.328586  3.93359 	Dead: 0
4.43011   0.0644024   0.326936  3.93359 	Dead: 0
4.40126   0.0655133   0.332576  3.93359 	Dead: 0
4.44206   0.0672117   0.341198  3.93359 	Dead: 0
4.44594   0.0648349   0.329132  3.93359 	Dead: 0
4.40941   0.063406    0.321878  3.93359 	Dead: 0
4.42941   0.0669222   0.339728  3.93359 	Dead: 0
4.44394   0.0704929   0.357855  3.93359 	Dead: 0
4.4212    0.0638706   0.324237  3.93359 	Dead: 0
4.43796   0.0711959   0.361424  3.93359 	Dead: 0
4.44378   0.069565    0.353144  3.85273 	Dead: 0
4.40585   0.0646439   0.328163  3.85273 	Dead: 0
4.3957    0.0645613   0.327743  3.85273 	Dead: 0
4.39042   0.0643592   0.326717  3.85273 	Dead: 0
4.36586   0.0664643   0.337404  3.85273 	Dead: 0
4.39547   0.0713446   0.362178  3.85273 	Dead: 0
4.38675   0.0658215   0.334141  3.85273 	Dead: 0
4.41932   0.0698139   0.354408  3.85273 	Dead: 0
4.44895   0.0748163   0.379802  3.85273 	Dead: 0
4.41239   0.0695407   0.353021  3.85273 	Dead: 0
4.40298   0.0703853   0.357308  3.85273 	Dead: 0
4.41556   0.0721854   0.366447  3.85273 	Dead: 0
4.38227   0.0712798   0.36185   3.85273 	Dead: 0
4.40295   0.0698224   0.354451  3.85273 	Dead: 0
4.42087   0.0735154   0.373198  3.85273 	Dead: 0
4.38385   0.0673507   0.341904  3.85273 	Dead: 0
4.37052   0.0708911   0.359876  3.83034 	Dead: 0
4.36933   0.0784294   0.398144  3.83034 	Dead: 0
4.34529   0.0643102   0.326469  3.82978 	Dead: 0
4.38478   0.0724109   0.367592  3.82978 	Dead: 0
4.33976   0.068401    0.347236  3.82978 	Dead: 0
4.35214   0.0735748   0.3735    3.82978 	Dead: 0
4.36969   0.0748815   0.380133  3.82798 	Dead: 0
4.37042   0.0712408   0.361652  3.82798 	Dead: 0
4.33098   0.0654455   0.332232  3.82798 	Dead: 0
4.35003   0.0701052   0.355887  3.82798 	Dead: 0
4.36384   0.0724573   0.367827  3.79589 	Dead: 0
4.38605   0.0737119   0.374196  3.79589 	Dead: 0
4.40242   0.0786271   0.399148  3.79589 	Dead: 0
4.36664   0.0731044   0.371112  3.79589 	Dead: 0
4.33589   0.0671811   0.341043  3.79589 	Dead: 0
4.33042   0.0694078   0.352347  3.74216 	Dead: 0
4.32575   0.0702684   0.356715  3.74216 	Dead: 0
4.33648   0.0765372   0.388539  3.74216 	Dead: 0
4.33898   0.0722506   0.366778  3.74216 	Dead: 0
4.33223   0.0751598   0.381546  3.74216 	Dead: 0
4.3469    0.0729808   0.370484  3.74216 	Dead: 0
4.36925   0.0764233   0.38796   3.74216 	Dead: 0
4.3451    0.0724081   0.367577  3.74216 	Dead: 0
4.33843   0.0719448   0.365225  3.70806 	Dead: 0
4.30603   0.070075    0.355733  3.70806 	Dead: 0
4.31479   0.0750741   0.381111  3.70806 	Dead: 0
4.32173   0.0722535   0.366792  3.70806 	Dead: 0
4.3499    0.0784329   0.398162  3.70806 	Dead: 0
4.33325   0.0725715   0.368407  3.70806 	Dead: 0
4.28865   0.0671762   0.341018  3.70806 	Dead: 0
4.34433   0.0716545   0.363752  3.70806 	Dead: 0
4.30425   0.068921    0.349875  3.69989 	Dead: 0
4.29626   0.07097     0.360277  3.69989 	Dead: 0
4.34973   0.0765895   0.388804  3.69989 	Dead: 0
4.33809   0.0712857   0.36188   3.69989 	Dead: 0
4.32719   0.0713591   0.362252  3.69989 	Dead: 0
4.31475   0.0709829   0.360342  3.69989 	Dead: 0
4.34168   0.0719958   0.365484  3.69989 	Dead: 0
4.3489    0.072037    0.365694  3.69989 	Dead: 0
4.33932   0.0716916   0.36394   3.69989 	Dead: 0
4.36834   0.0743495   0.377433  3.69989 	Dead: 0
4.3487    0.0730491   0.370831  3.69989 	Dead: 0
4.3412    0.0715401   0.363171  3.69989 	Dead: 0
4.30292   0.0680155   0.345279  3.69989 	Dead: 0
4.32476   0.0713643   0.362279  3.69989 	Dead: 0
4.36084   0.0731839   0.371515  3.69989 	Dead: 0
4.34488   0.0744876   0.378134  3.69989 	Dead: 0
4.32153   0.0687923   0.349222  3.69989 	Dead: 0
4.35032   0.0749292   0.380376  3.69989 	Dead: 0
4.26624   0.0615429   0.312421  3.69989 	Dead: 0
4.32246   0.0705671   0.358231  3.69989 	Dead: 0
4.3427    0.0711186   0.361031  3.69989 	Dead: 0
4.3184    0.0744319   0.377851  3.69989 	Dead: 0
4.32583   0.0765778   0.388744  3.69989 	Dead: 0
4.35956   0.0787917   0.399983  3.69989 	Dead: 0
4.3433    0.0768584   0.390169  3.69989 	Dead: 0
4.34081   0.076223    0.386944  3.69989 	Dead: 0
