14.3793   0.066988    0.340062  13.4838 	Dead: 0
13.1399   0.0439388   0.223054  12.6067 	Dead: 0
12.6249   0.0457597   0.232297  12.2251 	Dead: 0
12.542    0.0543351   0.27583   12.0394 	Dead: 0
12.4575   0.0521955   0.264969  11.8888 	Dead: 0
12.4128   0.0529538   0.268818  11.8888 	Dead: 0
12.3183   0.0508082   0.257926  11.8888 	Dead: 0
12.2718   0.0619454   0.314464  11.6941 	Dead: 0
12.275    0.059402    0.301552  11.6941 	Dead: 0
12.147    0.0558499   0.28352   11.6151 	Dead: 0
12.06     0.0635337   0.322527  11.4072 	Dead: 0
11.911    0.0541421   0.274851  11.4072 	Dead: 0
11.8843   0.0623908   0.316725  11.1392 	Dead: 0
11.7163   0.0588538   0.298769  11.1392 	Dead: 0
11.6285   0.0599016   0.304088  11.0775 	Dead: 0
11.5649   0.0602776   0.305997  11.0434 	Dead: 0
11.4981   0.0593351   0.301212  11.004  	Dead: 0
11.5054   0.0681985   0.346207  10.9444 	Dead: 0
11.5029   0.069858    0.354632  10.9444 	Dead: 0
11.4713   0.0614013   0.311702  10.9444 	Dead: 0
11.4718   0.0651548   0.330756  10.9095 	Dead: 0
11.4191   0.0610159   0.309745  10.8356 	Dead: 0
11.4238   0.0623864   0.316703  10.8356 	Dead: 0
11.4209   0.0677799   0.344082  10.8356 	Dead: 0
11.3842   0.0622972   0.31625   10.8356 	Dead: 0
11.4237   0.075277    0.382141  10.6865 	Dead: 0
11.406    0.0722476   0.366762  10.6865 	Dead: 0
11.3865   0.0654285   0.332145  10.6865 	Dead: 0
11.3508   0.064819    0.329052  10.6865 	Dead: 0
11.3888   0.0674769   0.342544  10.6865 	Dead: 0
11.3832   0.0703343   0.35705   10.6865 	Dead: 0
11.3416   0.0647418   0.32866   10.621  	Dead: 0
11.3449   0.0688137   0.349331  10.621  	Dead: 0
11.359    0.0702056   0.356396  10.621  	Dead: 0
11.3427   0.0711535   0.361208  10.621  	Dead: 0
11.3287   0.0721525   0.36628   10.621  	Dead: 0
11.2259   0.0667781   0.338997  10.5236 	Dead: 0
11.1529   0.0687806   0.349162  10.396  	Dead: 0
11.0927   0.073543    0.373338  10.3372 	Dead: 0
11.0752   0.0750859   0.381171  10.3372 	Dead: 0
11.0364   0.0723795   0.367432  10.3372 	Dead: 0
11.0405   0.0721404   0.366219  10.3372 	Dead: 0
11.0108   0.0724286   0.367682  10.3372 	Dead: 0
11.0246   0.0790483   0.401286  10.3372 	Dead: 0
11.0047   0.0701588   0.356159  10.3372 	Dead: 0
11.0302   0.0750046   0.380759  10.3372 	Dead: 0
11.0081   0.0758114   0.384854  10.3372 	Dead: 0
11.0199   0.0848238   0.430605  10.3372 	Dead: 0
11.0348   0.080429    0.408295  10.3372 	Dead: 0
10.9806   0.0705119   0.357951  10.3372 	Dead: 0
10.867    0.0752616   0.382063  10.3372 	Dead: 0
10.7725   0.0688388   0.349458  10.2278 	Dead: 0
10.6827   0.0716211   0.363582  10.122  	Dead: 0
10.6228   0.0668093   0.339155  10.122  	Dead: 0
10.5623   0.0673544   0.341922  9.97516 	Dead: 0
10.5046   0.0624543   0.317047  9.97516 	Dead: 0
10.5871   0.0740377   0.37585   9.97516 	Dead: 0
10.5681   0.0756324   0.383945  9.87879 	Dead: 0
10.579    0.0760297   0.385962  9.87879 	Dead: 0
10.5776   0.0800135   0.406186  9.87879 	Dead: 0
10.5427   0.0724877   0.367981  9.87879 	Dead: 0
10.5242   0.0815216   0.413842  9.87879 	Dead: 0
10.5174   0.0790717   0.401405  9.87879 	Dead: 0
10.5184   0.0731604   0.371396  9.87879 	Dead: 0
10.536    0.0796622   0.404403  9.87879 	Dead: 0
10.4992   0.0753321   0.382421  9.87879 	Dead: 0
10.4496   0.0697434   0.35405   9.67379 	Dead: 0
10.4146   0.0647641   0.328773  9.67379 	Dead: 0
10.4756   0.0788161   0.400107  9.67379 	Dead: 0
10.4503   0.073817    0.374729  9.67379 	Dead: 0
10.4233   0.0742708   0.377033  9.67379 	Dead: 0
10.4822   0.0790322   0.401204  9.67379 	Dead: 0
10.4823   0.086487    0.439048  9.67379 	Dead: 0
10.4371   0.0750349   0.380912  9.67379 	Dead: 0
10.4303   0.08429     0.427895  9.67379 	Dead: 0
10.4472   0.0795968   0.40407   9.67379 	Dead: 0
10.3994   0.0788827   0.400445  9.67379 	Dead: 0
10.3672   0.0796202   0.404189  9.67379 	Dead: 0
10.297    0.0867519   0.440393  9.61591 	Dead: 0
10.1002   0.0697485   0.354076  9.53949 	Dead: 0
10.0846   0.0738322   0.374807  9.51544 	Dead: 0
10.0144   0.0738277   0.374784  9.36191 	Dead: 0
9.97354   0.0755894   0.383727  9.34255 	Dead: 0
9.93627   0.0699972   0.355338  9.34255 	Dead: 0
9.96597   0.0779349   0.395634  9.34255 	Dead: 0
9.96393   0.0820799   0.416676  9.28981 	Dead: 0
9.88397   0.0839642   0.426241  9.28981 	Dead: 0
9.93034   0.086799    0.440632  9.28981 	Dead: 0
9.90012   0.0806072   0.4092    9.28981 	Dead: 0
9.91444   0.0841251   0.427058  9.21016 	Dead: 0
9.88444   0.0763582   0.38763   9.21016 	Dead: 0
9.90455   0.083533    0.424052  9.21016 	Dead: 0
9.88996   0.0859942   0.436547  9.21016 	Dead: 0
9.84315   0.0741915   0.376631  9.21016 	Dead: 0
9.80843   0.0828549   0.42061   9.21016 	Dead: 0
9.79213   0.0782306   0.397135  9.21016 	Dead: 0
9.80561   0.0860113   0.436634  9.14071 	Dead: 0
9.72402   0.0742388   0.376871  9.14071 	Dead: 0
9.75099   0.0760287   0.385957  9.14071 	Dead: 0
9.83784   0.0925596   0.469876  9.14071 	Dead: 0
9.75575   0.0882626   0.448062  9.14071 	Dead: 0
