14.418    0.0718416   0.364702  13.6164 	Dead: 0
12.9879   0.0439389   0.223055  12.4708 	Dead: 0
12.5836   0.0448493   0.227676  11.9896 	Dead: 0
12.3719   0.0474386   0.240821  11.8695 	Dead: 0
12.3482   0.0568781   0.28874   11.8393 	Dead: 0
12.2776   0.0485634   0.24653   11.7665 	Dead: 0
12.1828   0.0493789   0.25067   11.7397 	Dead: 0
12.1229   0.0557969   0.283251  11.5925 	Dead: 0
12.0004   0.0420142   0.213283  11.5925 	Dead: 0
12.0178   0.0519564   0.263755  11.5925 	Dead: 0
12.0016   0.0544701   0.276516  11.5925 	Dead: 0
11.9321   0.0553533   0.280999  11.4446 	Dead: 0
11.8915   0.0486101   0.246767  11.4446 	Dead: 0
11.8872   0.0532828   0.270489  11.3458 	Dead: 0
11.604    0.0490785   0.249145  11.1685 	Dead: 0
11.382    0.0528365   0.268223  10.7562 	Dead: 0
11.1816   0.0655578   0.332802  10.5979 	Dead: 0
11.0149   0.0568436   0.288564  10.4496 	Dead: 0
10.7033   0.0552585   0.280518  10.136  	Dead: 0
10.4975   0.0610971   0.310158  9.87461 	Dead: 0
10.4709   0.0700596   0.355655  9.87461 	Dead: 0
10.4269   0.0688827   0.349681  9.87461 	Dead: 0
10.3794   0.0700647   0.355681  9.59501 	Dead: 0
10.266    0.0633663   0.321677  9.59501 	Dead: 0
10.1198   0.0705352   0.35807   9.55553 	Dead: 0
10.0035   0.079195    0.402031  9.35334 	Dead: 0
9.92481   0.0688198   0.349361  9.29712 	Dead: 0
9.87975   0.0746598   0.379008  9.21914 	Dead: 0
9.50719   0.0661595   0.335856  8.93107 	Dead: 0
9.20192   0.0518523   0.263227  8.80266 	Dead: 0
9.00707   0.0623082   0.316305  8.53399 	Dead: 0
8.87547   0.0923739   0.468933  8.24555 	Dead: 0
8.69564   0.0741137   0.376236  8.21383 	Dead: 0
8.6559    0.0786037   0.399029  8.18119 	Dead: 0
8.6069    0.0651775   0.330871  8.01007 	Dead: 0
8.58735   0.0969706   0.492268  7.97034 	Dead: 0
8.50547   0.0716353   0.363654  7.97034 	Dead: 0
8.44702   0.0618356   0.313906  7.97034 	Dead: 0
8.49214   0.0864866   0.439046  7.97034 	Dead: 0
8.41636   0.0641984   0.325901  7.90169 	Dead: 0
8.28378   0.0947615   0.481054  7.80037 	Dead: 0
8.19653   0.0819459   0.415996  7.62014 	Dead: 0
8.17338   0.0890501   0.45206   7.53542 	Dead: 0
8.1979    0.0842111   0.427495  7.53542 	Dead: 0
8.06857   0.0682932   0.346688  7.53542 	Dead: 0
8.12049   0.0802696   0.407486  7.53542 	Dead: 0
8.08773   0.0765823   0.388768  7.51882 	Dead: 0
8.06072   0.0979028   0.497     7.51882 	Dead: 0
8.08417   0.0963703   0.489221  7.39221 	Dead: 0
8.06454   0.0795942   0.404057  7.39221 	Dead: 0
7.98767   0.0833701   0.423226  7.39221 	Dead: 0
8.04217   0.123838    0.62866   7.39221 	Dead: 0
7.97637   0.0879157   0.446301  7.39221 	Dead: 0
8.01541   0.106907    0.542711  7.39221 	Dead: 0
8.01241   0.104569    0.53084   7.39221 	Dead: 0
7.97794   0.0955203   0.484906  7.39221 	Dead: 0
7.96874   0.0915057   0.464525  7.35556 	Dead: 0
7.90662   0.0892699   0.453176  7.35556 	Dead: 0
7.88276   0.0935521   0.474914  7.31699 	Dead: 0
7.61633   0.0738621   0.374958  7.10436 	Dead: 0
7.60731   0.101412    0.514813  7.00533 	Dead: 0
7.57741   0.106211    0.539175  7.00533 	Dead: 0
7.58632   0.104039    0.528149  7.00533 	Dead: 0
7.59298   0.100744    0.511424  6.94367 	Dead: 0
7.66511   0.12805     0.650042  6.94367 	Dead: 0
7.48205   0.0959913   0.487297  6.94367 	Dead: 0
7.5392    0.112388    0.570532  6.94367 	Dead: 0
7.52525   0.105593    0.536039  6.94367 	Dead: 0
7.46988   0.0791199   0.401649  6.94367 	Dead: 0
7.42237   0.101149    0.513477  6.94367 	Dead: 0
7.56684   0.154473    0.784177  6.81401 	Dead: 0
7.48114   0.0907926   0.460906  6.81401 	Dead: 0
7.44384   0.0829094   0.420887  6.81401 	Dead: 0
7.41988   0.0874099   0.443733  6.81401 	Dead: 0
7.4736    0.119266    0.605448  6.71045 	Dead: 0
7.46742   0.128635    0.65301   6.71045 	Dead: 0
7.33586   0.0775224   0.39354   6.71045 	Dead: 0
7.31942   0.078196    0.39696   6.71045 	Dead: 0
7.28328   0.0716054   0.363502  6.66304 	Dead: 0
7.25708   0.0721838   0.366439  6.66304 	Dead: 0
7.29903   0.0951188   0.482867  6.65515 	Dead: 0
7.31214   0.101208    0.513779  6.65515 	Dead: 0
7.30419   0.108638    0.551497  6.58246 	Dead: 0
7.28715   0.101211    0.513794  6.58246 	Dead: 0
7.29446   0.109092    0.553804  6.58246 	Dead: 0
7.24686   0.0997984   0.506623  6.58246 	Dead: 0
7.33564   0.108599    0.551299  6.58246 	Dead: 0
7.26257   0.102696    0.521331  6.58246 	Dead: 0
7.25712   0.100764    0.511524  6.58246 	Dead: 0
7.27416   0.100482    0.510096  6.58246 	Dead: 0
7.29678   0.117469    0.596326  6.58246 	Dead: 0
7.34119   0.120182    0.610102  6.56854 	Dead: 0
7.26162   0.0978618   0.496792  6.56854 	Dead: 0
7.29804   0.117214    0.595033  6.56854 	Dead: 0
7.34942   0.13515     0.686083  6.56854 	Dead: 0
7.25235   0.120099    0.609681  6.56854 	Dead: 0
7.23972   0.107509    0.545767  6.49158 	Dead: 0
7.15715   0.121388    0.61622   6.29548 	Dead: 0
6.95188   0.112041    0.568772  6.29548 	Dead: 0
6.74575   0.0632588   0.321131  6.29548 	Dead: 0
6.79231   0.0927767   0.470978  6.27985 	Dead: 0
