0   7.66125   0.140507    0.71328   5.62595 	Dead: 0
1   3.99593   0.0470579   0.238888  3.59212 	Dead: 0
2   3.92445   0.0497607   0.252609  3.48978 	Dead: 0
3   3.87394   0.0518962   0.263449  3.48519 	Dead: 0
4   3.83884   0.0452717   0.22982   3.48519 	Dead: 0
5   3.89867   0.0593006   0.301037  3.35711 	Dead: 0
6   3.85774   0.0559849   0.284206  3.35711 	Dead: 0
7   3.8457    0.0585573   0.297264  3.35711 	Dead: 0
8   3.8232    0.057064    0.289684  3.35711 	Dead: 0
9   3.82382   0.0591438   0.300242  3.35711 	Dead: 0
10  3.78839   0.0551251   0.279841  3.35711 	Dead: 0
11  3.72484   0.0575787   0.292296  3.35711 	Dead: 0
12  3.68561   0.0584255   0.296595  3.25467 	Dead: 0
13  3.65106   0.0609688   0.309506  3.25467 	Dead: 0
14  3.62922   0.0596509   0.302816  3.2399  	Dead: 0
15  3.60377   0.0571174   0.289955  3.2399  	Dead: 0
16  3.62141   0.0624721   0.317138  3.2399  	Dead: 0
17  3.59685   0.0585196   0.297073  3.2399  	Dead: 0
18  3.59044   0.0635012   0.322362  3.2399  	Dead: 0
19  3.55413   0.0609209   0.309263  3.17003 	Dead: 0
20  3.54338   0.0617392   0.313417  3.17003 	Dead: 0
21  3.57339   0.0675657   0.342995  3.1596  	Dead: 0
22  3.46739   0.0511569   0.259696  3.12538 	Dead: 0
23  3.52528   0.0667334   0.33877   3.12538 	Dead: 0
24  3.49364   0.0599893   0.304534  3.10146 	Dead: 0
25  3.49505   0.0617133   0.313286  3.10146 	Dead: 0
26  3.51676   0.0666104   0.338145  3.10146 	Dead: 0
27  3.55372   0.0737728   0.374505  3.05171 	Dead: 0
28  3.5403    0.0685556   0.34802   3.05171 	Dead: 0
29  3.51544   0.0715927   0.363438  3.05171 	Dead: 0
30  3.53453   0.0684797   0.347635  3.05171 	Dead: 0
31  3.47766   0.0595008   0.302054  3.05171 	Dead: 0
32  3.51008   0.0646577   0.328233  3.05171 	Dead: 0
33  3.47165   0.063654    0.323138  3.05171 	Dead: 0
34  3.50928   0.071636    0.363658  3.05171 	Dead: 0
35  3.50981   0.0668283   0.339252  3.05171 	Dead: 0
36  3.50366   0.0673277   0.341787  3.05171 	Dead: 0
37  3.53669   0.0733474   0.372346  3.05171 	Dead: 0
38  3.56265   0.0755779   0.383669  3.05171 	Dead: 0
39  3.50736   0.0722512   0.366781  3.05171 	Dead: 0
40  3.51773   0.0729252   0.370202  3.05171 	Dead: 0
41  3.48968   0.0669519   0.339879  3.05171 	Dead: 0
42  3.43217   0.0588176   0.298586  3.05171 	Dead: 0
43  3.55428   0.0686066   0.348279  3.05171 	Dead: 0
44  3.47916   0.0693956   0.352285  3.05171 	Dead: 0
45  3.46822   0.059541    0.302258  3.05171 	Dead: 0
46  3.52914   0.0714093   0.362507  3.05171 	Dead: 0
47  3.49805   0.0700725   0.355721  3.05171 	Dead: 0
48  3.46997   0.0681318   0.345869  3.05171 	Dead: 0
49  3.46804   0.066359    0.336869  3.05171 	Dead: 0
50  3.54256   0.0705043   0.357913  3.05171 	Dead: 0
51  3.47342   0.0657063   0.333556  3.05171 	Dead: 0
52  3.50599   0.0705115   0.357949  3.05171 	Dead: 0
53  3.49473   0.0657469   0.333762  3.05171 	Dead: 0
54  3.48973   0.0689596   0.350071  3.05171 	Dead: 0
55  3.47842   0.0667386   0.338796  3.05171 	Dead: 0
56  3.48111   0.0654397   0.332202  3.05171 	Dead: 0
57  3.51899   0.06733     0.341798  3.05171 	Dead: 0
58  3.54451   0.0689096   0.349817  3.05171 	Dead: 0
59  3.50163   0.0686563   0.348531  3.05171 	Dead: 0
60  3.4718    0.0671895   0.341085  3.05171 	Dead: 0
61  3.52391   0.0729751   0.370456  3.05171 	Dead: 0
62  3.52614   0.0730925   0.371052  3.05171 	Dead: 0
63  3.51257   0.0704677   0.357727  3.05171 	Dead: 0
64  3.51714   0.0741285   0.376311  3.05171 	Dead: 0
65  3.5343    0.0714335   0.36263   3.05171 	Dead: 0
66  3.52819   0.0693309   0.351956  3.05171 	Dead: 0
67  3.53983   0.0724264   0.36767   3.05171 	Dead: 0
68  3.502     0.0709272   0.360059  3.05171 	Dead: 0
69  3.55697   0.0727226   0.369174  3.05171 	Dead: 0
70  3.49584   0.0655397   0.33271   3.05171 	Dead: 0
71  3.50841   0.0697639   0.354154  3.05171 	Dead: 0
72  3.55274   0.0771996   0.391901  3.05171 	Dead: 0
73  3.4867    0.0653831   0.331915  3.05171 	Dead: 0
74  3.51729   0.0746955   0.379189  3.05171 	Dead: 0
75  3.47737   0.0660783   0.335444  3.05171 	Dead: 0
76  3.4899    0.0711265   0.361071  3.05171 	Dead: 0
77  3.49384   0.0688735   0.349634  3.05171 	Dead: 0
78  3.48745   0.0615204   0.312306  3.05171 	Dead: 0
79  3.50503   0.0696048   0.353346  3.05171 	Dead: 0
80  3.47559   0.0645093   0.327479  3.05171 	Dead: 0
81  3.4986    0.0689246   0.349893  3.05171 	Dead: 0
82  3.56144   0.0759307   0.38546   3.05171 	Dead: 0
83  3.54228   0.0781393   0.396672  3.05171 	Dead: 0
84  3.48161   0.0666949   0.338574  3.05171 	Dead: 0
85  3.48528   0.0678097   0.344233  3.05171 	Dead: 0
86  3.43799   0.0614101   0.311746  3.05171 	Dead: 0
87  3.48236   0.0679909   0.345154  3.05171 	Dead: 0
88  3.47704   0.0687531   0.349023  3.05171 	Dead: 0
89  3.52343   0.071182    0.361353  3.05171 	Dead: 0
90  3.52442   0.0678369   0.344372  3.05171 	Dead: 0
91  3.52179   0.0698506   0.354594  3.05171 	Dead: 0
92  3.52462   0.0745859   0.378633  3.05171 	Dead: 0
93  3.47667   0.0670188   0.340219  3.05171 	Dead: 0
94  3.48792   0.0674129   0.342219  3.05171 	Dead: 0
95  3.52948   0.0747348   0.379389  3.05171 	Dead: 0
96  3.48863   0.0693165   0.351883  3.05171 	Dead: 0
97  3.48013   0.068649    0.348494  3.05171 	Dead: 0
98  3.51825   0.0745141   0.378268  3.05171 	Dead: 0
99  3.51437   0.0690178   0.350366  3.05171 	Dead: 0
100 3.50216   0.0688182   0.349353  3.05171 	Dead: 0
