14.6668   0.0724449   0.367764  13.8262 	Dead: 0
13.341    0.0386383   0.196146  13.0104 	Dead: 0
13.1572   0.0408529   0.207388  12.8162 	Dead: 0
13.1101   0.0429233   0.217899  12.6499 	Dead: 0
13.0948   0.045804    0.232522  12.6266 	Dead: 0
13.0637   0.0431413   0.219006  12.6266 	Dead: 0
13.0522   0.046644    0.236787  12.6226 	Dead: 0
13.0464   0.0482795   0.245089  12.536  	Dead: 0
13.101    0.0536833   0.272521  12.536  	Dead: 0
13.0295   0.0425211   0.215857  12.536  	Dead: 0
13.0494   0.0487953   0.247708  12.536  	Dead: 0
13.0493   0.0487427   0.247441  12.536  	Dead: 0
13.027    0.0447438   0.227141  12.536  	Dead: 0
13.0321   0.0466448   0.236791  12.536  	Dead: 0
13.0626   0.0509327   0.258558  12.536  	Dead: 0
13.0489   0.0531053   0.269587  12.536  	Dead: 0
13.0189   0.046254    0.234807  12.536  	Dead: 0
13.0487   0.0516571   0.262236  12.536  	Dead: 0
13.0019   0.0490808   0.249157  12.536  	Dead: 0
12.9925   0.0453699   0.230319  12.536  	Dead: 0
13.0055   0.0474365   0.24081   12.536  	Dead: 0
13.0333   0.0533769   0.270966  12.536  	Dead: 0
12.985    0.0455852   0.231412  12.536  	Dead: 0
13.0168   0.0502263   0.254972  12.4742 	Dead: 0
13.0078   0.0529133   0.268613  12.4742 	Dead: 0
13.0046   0.0512016   0.259923  12.4742 	Dead: 0
13.0175   0.0529497   0.268798  12.4742 	Dead: 0
12.9626   0.047116    0.239183  12.4742 	Dead: 0
12.9788   0.050689    0.257321  12.4742 	Dead: 0
12.9641   0.0478529   0.242924  12.4742 	Dead: 0
12.9902   0.0519107   0.263523  12.4742 	Dead: 0
13.014    0.0505419   0.256574  12.4742 	Dead: 0
12.9811   0.0497268   0.252437  12.4742 	Dead: 0
12.9822   0.0559968   0.284266  12.4742 	Dead: 0
12.9632   0.0548828   0.278611  12.4742 	Dead: 0
12.9835   0.0525373   0.266704  12.4742 	Dead: 0
12.9905   0.0503713   0.255708  12.4742 	Dead: 0
12.984    0.0531317   0.269721  12.4742 	Dead: 0
12.9644   0.0520757   0.264361  12.4742 	Dead: 0
12.9868   0.0535075   0.271629  12.4742 	Dead: 0
12.9437   0.0513056   0.260451  12.4742 	Dead: 0
13.0013   0.058097    0.294928  12.4742 	Dead: 0
12.9814   0.0525514   0.266776  12.4742 	Dead: 0
13.0162   0.0530873   0.269496  12.4742 	Dead: 0
13.0207   0.061931    0.31439   12.4742 	Dead: 0
13.0013   0.0525801   0.266921  12.4742 	Dead: 0
12.9876   0.0535102   0.271643  12.4742 	Dead: 0
12.9923   0.0499122   0.253378  12.4742 	Dead: 0
13.0133   0.0520585   0.264273  12.4742 	Dead: 0
12.9871   0.0537768   0.272996  12.4742 	Dead: 0
12.9817   0.0551351   0.279891  12.3739 	Dead: 0
12.9797   0.0537441   0.27283   12.3739 	Dead: 0
12.9789   0.0551738   0.280088  12.3739 	Dead: 0
13.0103   0.0562334   0.285467  12.3739 	Dead: 0
12.9895   0.0591408   0.300226  12.3739 	Dead: 0
12.9877   0.0522206   0.265096  12.3739 	Dead: 0
12.9576   0.0491048   0.249279  12.3739 	Dead: 0
12.9602   0.0547608   0.277992  12.3739 	Dead: 0
12.9639   0.0532483   0.270313  12.3739 	Dead: 0
12.9895   0.0573801   0.291288  12.3739 	Dead: 0
13.0006   0.0533597   0.270879  12.3739 	Dead: 0
12.9773   0.0528964   0.268527  12.3739 	Dead: 0
12.995    0.0563557   0.286088  12.3739 	Dead: 0
12.9783   0.0553787   0.281128  12.3739 	Dead: 0
12.9526   0.0510695   0.259253  12.3739 	Dead: 0
12.9662   0.0547566   0.27797   12.3739 	Dead: 0
12.9766   0.0523389   0.265697  12.3739 	Dead: 0
12.9682   0.0547454   0.277913  12.3739 	Dead: 0
12.9503   0.05295     0.268799  12.3739 	Dead: 0
12.9821   0.0571994   0.290371  12.3739 	Dead: 0
12.977    0.0549692   0.279049  12.3739 	Dead: 0
12.9966   0.0644471   0.327164  12.3739 	Dead: 0
12.9777   0.0599427   0.304297  12.3739 	Dead: 0
12.9675   0.0526603   0.267328  12.3739 	Dead: 0
12.9651   0.0532406   0.270274  12.3739 	Dead: 0
12.9576   0.0517046   0.262476  12.3739 	Dead: 0
12.9581   0.0519696   0.263822  12.3739 	Dead: 0
12.9685   0.0565541   0.287095  12.3739 	Dead: 0
12.9762   0.0551482   0.279958  12.3739 	Dead: 0
12.942    0.0529465   0.268781  12.3739 	Dead: 0
12.9523   0.0533968   0.271067  12.3739 	Dead: 0
12.9346   0.0487973   0.247718  12.3739 	Dead: 0
12.9379   0.0528471   0.268276  12.3739 	Dead: 0
12.9476   0.0564852   0.286745  12.3739 	Dead: 0
12.9533   0.0542423   0.275359  12.3739 	Dead: 0
12.9956   0.0586      0.297481  12.3739 	Dead: 0
12.9771   0.0651051   0.330504  12.3739 	Dead: 0
12.9576   0.0523848   0.265929  12.3739 	Dead: 0
12.9656   0.0549897   0.279153  12.3739 	Dead: 0
12.9515   0.0529141   0.268617  12.3739 	Dead: 0
12.9567   0.0526998   0.267529  12.3739 	Dead: 0
12.965    0.0543472   0.275892  12.3739 	Dead: 0
12.9485   0.0536562   0.272384  12.3739 	Dead: 0
12.935    0.0541295   0.274786  12.3739 	Dead: 0
12.9939   0.0600257   0.304719  12.3739 	Dead: 0
12.9511   0.0527573   0.267821  12.3739 	Dead: 0
12.9819   0.0544376   0.276351  12.3739 	Dead: 0
12.9394   0.0540529   0.274397  12.3739 	Dead: 0
12.9435   0.0517639   0.262778  12.3739 	Dead: 0
12.9446   0.0542462   0.275379  12.3739 	Dead: 0
12.9423   0.0556872   0.282694  12.3739 	Dead: 0
