14.5609   0.0824407   0.418507  13.8794 	Dead: 0
13.3171   0.0392192   0.199095  12.8208 	Dead: 0
13.0599   0.0422454   0.214457  12.6181 	Dead: 0
13.0326   0.0467221   0.237183  12.6048 	Dead: 0
13.0187   0.049427    0.250915  12.5838 	Dead: 0
12.9875   0.0502493   0.255089  12.5838 	Dead: 0
12.9597   0.047207    0.239645  12.5838 	Dead: 0
12.9328   0.0505501   0.256616  12.5451 	Dead: 0
12.9346   0.0587284   0.298133  12.4554 	Dead: 0
12.8748   0.052539    0.266712  12.3636 	Dead: 0
12.7298   0.0489      0.248239  12.3384 	Dead: 0
12.6551   0.0463422   0.235255  12.3024 	Dead: 0
12.6243   0.0498029   0.252823  12.0081 	Dead: 0
12.2417   0.0523884   0.265948  11.8115 	Dead: 0
12.2252   0.0564172   0.2864    11.8115 	Dead: 0
12.1383   0.0499557   0.253598  11.6854 	Dead: 0
12.2274   0.0781039   0.396492  11.6854 	Dead: 0
12.1429   0.0550215   0.279315  11.6481 	Dead: 0
12.1964   0.0702527   0.356635  11.6481 	Dead: 0
12.1578   0.0549318   0.278859  11.6481 	Dead: 0
12.1639   0.060501    0.307131  11.6481 	Dead: 0
12.1909   0.0705062   0.357922  11.6481 	Dead: 0
12.1761   0.0591171   0.300106  11.6481 	Dead: 0
12.1464   0.0639485   0.324633  11.6481 	Dead: 0
12.1692   0.0638991   0.324381  11.6481 	Dead: 0
12.1546   0.0650252   0.330098  11.6481 	Dead: 0
12.1605   0.0798004   0.405104  11.6481 	Dead: 0
12.1855   0.0656497   0.333268  11.6481 	Dead: 0
12.2094   0.0704391   0.357582  11.6481 	Dead: 0
12.1758   0.0758439   0.385019  11.6481 	Dead: 0
12.1793   0.0721086   0.366057  11.6481 	Dead: 0
12.1747   0.0732896   0.372052  11.6481 	Dead: 0
12.1815   0.0612671   0.311021  11.6481 	Dead: 0
12.1474   0.0590941   0.299989  11.6481 	Dead: 0
12.1535   0.0637315   0.323531  11.6481 	Dead: 0
12.156    0.0732512   0.371857  11.6481 	Dead: 0
12.1775   0.0687887   0.349203  11.6481 	Dead: 0
12.1612   0.0788388   0.400222  11.6481 	Dead: 0
12.1835   0.075037    0.380923  11.6481 	Dead: 0
12.1815   0.0805555   0.408937  11.6481 	Dead: 0
12.1067   0.0577483   0.293157  11.6481 	Dead: 0
12.107    0.0580911   0.294897  11.5818 	Dead: 0
12.1772   0.0924155   0.469144  11.5818 	Dead: 0
12.1778   0.081266    0.412544  11.5818 	Dead: 0
12.1918   0.0941919   0.478162  11.5818 	Dead: 0
12.1567   0.0740904   0.376118  11.5818 	Dead: 0
12.1538   0.0703765   0.357264  11.5818 	Dead: 0
12.1616   0.0657777   0.333918  11.5818 	Dead: 0
12.1355   0.0634259   0.321979  11.5818 	Dead: 0
12.1703   0.0814641   0.41355   11.5818 	Dead: 0
12.1744   0.088165    0.447567  11.5818 	Dead: 0
12.119    0.0783578   0.397781  11.5203 	Dead: 0
12.1532   0.0726906   0.369011  11.5203 	Dead: 0
12.1404   0.0797085   0.404638  11.5203 	Dead: 0
12.1656   0.0832614   0.422674  11.5203 	Dead: 0
12.1072   0.0624351   0.31695   11.5203 	Dead: 0
12.168    0.0761704   0.386677  11.5203 	Dead: 0
12.1401   0.0600377   0.304779  11.5203 	Dead: 0
12.1248   0.0659727   0.334908  11.5203 	Dead: 0
12.1739   0.082602    0.419326  11.5203 	Dead: 0
12.1137   0.0671399   0.340833  11.5203 	Dead: 0
12.1345   0.083105    0.42188   11.5203 	Dead: 0
12.1287   0.0664504   0.337333  11.5203 	Dead: 0
12.1222   0.0766412   0.389067  11.5203 	Dead: 0
12.1138   0.0707213   0.359015  11.5203 	Dead: 0
12.1268   0.0769557   0.390663  11.5203 	Dead: 0
12.1049   0.0718793   0.364893  11.5203 	Dead: 0
12.1181   0.0727923   0.369528  11.5203 	Dead: 0
12.1409   0.0797069   0.404629  11.5203 	Dead: 0
12.1272   0.0645874   0.327876  11.5203 	Dead: 0
12.1399   0.0820263   0.416404  11.5203 	Dead: 0
12.1214   0.0672615   0.341451  11.5203 	Dead: 0
12.1206   0.0661904   0.336013  11.5203 	Dead: 0
12.1828   0.0907667   0.460774  11.5203 	Dead: 0
12.1349   0.085426    0.433662  11.5203 	Dead: 0
12.1238   0.0689508   0.350026  11.5203 	Dead: 0
12.1098   0.0695183   0.352907  11.5203 	Dead: 0
12.1246   0.0627398   0.318497  11.5203 	Dead: 0
12.1239   0.0756101   0.383832  11.5203 	Dead: 0
12.1696   0.076293    0.387299  11.5203 	Dead: 0
12.1205   0.0743725   0.37755   11.5203 	Dead: 0
12.1169   0.0674698   0.342508  11.5203 	Dead: 0
12.0858   0.0637117   0.32343   11.5203 	Dead: 0
12.1062   0.0661177   0.335644  11.5203 	Dead: 0
12.116    0.0871882   0.442608  11.5203 	Dead: 0
12.0992   0.0657039   0.333544  11.5203 	Dead: 0
12.1255   0.0696696   0.353675  11.5203 	Dead: 0
12.1016   0.0619629   0.314552  11.5203 	Dead: 0
12.0927   0.0635919   0.322822  11.5203 	Dead: 0
12.1306   0.0676486   0.343416  11.5203 	Dead: 0
12.1219   0.0715682   0.363314  11.5203 	Dead: 0
12.1371   0.074006    0.375689  11.5203 	Dead: 0
12.1332   0.077149    0.391645  11.5203 	Dead: 0
12.0918   0.0612541   0.310954  11.5203 	Dead: 0
12.0789   0.0742646   0.377002  11.5203 	Dead: 0
12.0533   0.0561468   0.285028  11.5203 	Dead: 0
12.1083   0.0724654   0.367868  11.5203 	Dead: 0
12.0991   0.0672166   0.341223  11.5203 	Dead: 0
12.1191   0.0664555   0.337359  11.5203 	Dead: 0
12.1105   0.0759906   0.385764  11.5203 	Dead: 0
12.0923   0.0647685   0.328795  11.5203 	Dead: 0
