14.6638   0.080571    0.409016  13.9582 	Dead: 0
13.4526   0.0463096   0.235089  13.0957 	Dead: 0
13.3926   0.0616      0.31271   12.9133 	Dead: 0
13.3359   0.0703355   0.357056  12.9133 	Dead: 0
13.1764   0.046935    0.238264  12.7787 	Dead: 0
13.0937   0.0488352   0.24791   12.6013 	Dead: 0
13.0221   0.0437871   0.222284  12.6013 	Dead: 0
12.9936   0.0431526   0.219063  12.5789 	Dead: 0
12.9613   0.0417901   0.212146  12.5789 	Dead: 0
12.949    0.0492852   0.250195  12.5789 	Dead: 0
12.9433   0.0436891   0.221786  12.5789 	Dead: 0
12.9366   0.0445863   0.226341  12.5789 	Dead: 0
12.9088   0.0435077   0.220865  12.4725 	Dead: 0
12.8806   0.039554    0.200794  12.4725 	Dead: 0
12.9095   0.0433209   0.219917  12.4083 	Dead: 0
12.9229   0.047476    0.24101   12.4083 	Dead: 0
12.939    0.0622066   0.31579   12.4083 	Dead: 0
12.8782   0.0452031   0.229472  12.4083 	Dead: 0
12.8425   0.0434038   0.220338  12.4083 	Dead: 0
12.8563   0.0471428   0.239319  12.4083 	Dead: 0
12.872    0.055072    0.279571  12.4083 	Dead: 0
12.8228   0.0441587   0.22417   12.4059 	Dead: 0
12.7967   0.0431976   0.219291  12.4059 	Dead: 0
12.8219   0.044053    0.223633  12.4059 	Dead: 0
12.8129   0.0445812   0.226315  12.3503 	Dead: 0
12.795    0.0460949   0.233999  12.3503 	Dead: 0
12.8056   0.0459312   0.233168  12.3503 	Dead: 0
12.782    0.0436963   0.221823  12.3503 	Dead: 0
12.7759   0.0448786   0.227825  12.3375 	Dead: 0
12.7369   0.0452033   0.229473  12.3375 	Dead: 0
12.7633   0.0491448   0.249482  12.3375 	Dead: 0
12.7623   0.0477822   0.242565  12.3375 	Dead: 0
12.7488   0.0457851   0.232427  12.3375 	Dead: 0
12.7485   0.04737     0.240472  12.3375 	Dead: 0
12.7296   0.0458359   0.232685  12.3375 	Dead: 0
12.7455   0.0486881   0.247163  12.3375 	Dead: 0
12.7335   0.0489563   0.248525  12.3375 	Dead: 0
12.7132   0.0459953   0.233493  12.3375 	Dead: 0
12.7283   0.0499002   0.253317  12.3375 	Dead: 0
12.7356   0.0469757   0.238471  12.3375 	Dead: 0
12.7313   0.0482166   0.24477   12.3375 	Dead: 0
12.7475   0.0493537   0.250542  12.3375 	Dead: 0
12.7133   0.0499766   0.253705  12.3375 	Dead: 0
12.7138   0.0508096   0.257933  12.3375 	Dead: 0
12.7025   0.0506704   0.257226  12.3375 	Dead: 0
12.7423   0.0513962   0.260911  12.3375 	Dead: 0
12.7322   0.0530723   0.26942   12.3375 	Dead: 0
12.7058   0.0434323   0.220483  12.3375 	Dead: 0
12.7478   0.050781    0.257788  12.3328 	Dead: 0
12.7343   0.0496045   0.251816  12.3328 	Dead: 0
12.7292   0.0469901   0.238543  12.309  	Dead: 0
12.745    0.0480299   0.243822  12.309  	Dead: 0
12.7269   0.0468656   0.237911  12.309  	Dead: 0
12.723    0.0474347   0.240801  12.309  	Dead: 0
12.7225   0.048421    0.245808  12.1948 	Dead: 0
12.7373   0.0527127   0.267594  12.1948 	Dead: 0
12.7179   0.050523    0.256479  12.1948 	Dead: 0
12.7641   0.0555528   0.282012  12.1948 	Dead: 0
12.7387   0.0502071   0.254875  12.1948 	Dead: 0
12.7421   0.050593    0.256834  12.1948 	Dead: 0
12.7429   0.0496708   0.252152  12.1948 	Dead: 0
12.7435   0.0529597   0.268848  12.1948 	Dead: 0
12.7624   0.0491992   0.249758  12.1948 	Dead: 0
12.7554   0.0522218   0.265102  12.1948 	Dead: 0
12.7114   0.0450492   0.228691  12.1948 	Dead: 0
12.728    0.0518429   0.263178  12.1948 	Dead: 0
12.7557   0.0621788   0.315648  12.1948 	Dead: 0
12.7348   0.0504356   0.256035  12.1948 	Dead: 0
12.7533   0.0492591   0.250062  12.1948 	Dead: 0
12.7304   0.0492656   0.250095  12.1948 	Dead: 0
12.7266   0.0546224   0.277289  12.1948 	Dead: 0
12.7127   0.0480272   0.243809  12.1948 	Dead: 0
12.7415   0.0549817   0.279113  12.1948 	Dead: 0
12.7523   0.0573233   0.291     12.1948 	Dead: 0
12.7367   0.0540227   0.274245  12.1948 	Dead: 0
12.7141   0.0487611   0.247534  12.1948 	Dead: 0
12.7178   0.0502032   0.254855  12.1948 	Dead: 0
12.7407   0.0529068   0.26858   12.1948 	Dead: 0
12.7234   0.0497062   0.252332  12.1948 	Dead: 0
12.7466   0.0517796   0.262858  12.1948 	Dead: 0
12.7294   0.0513494   0.260674  12.1948 	Dead: 0
12.7507   0.0559808   0.284185  12.1948 	Dead: 0
12.7206   0.0582589   0.295749  12.1948 	Dead: 0
12.7244   0.0534582   0.271379  12.1948 	Dead: 0
12.7304   0.0528395   0.268238  12.1948 	Dead: 0
12.7185   0.0503413   0.255556  12.1948 	Dead: 0
12.7548   0.0632146   0.320907  12.1948 	Dead: 0
12.7184   0.0478167   0.24274   12.1948 	Dead: 0
12.7285   0.051371    0.260783  12.1948 	Dead: 0
12.7104   0.0490632   0.249068  12.1948 	Dead: 0
12.7287   0.0514039   0.26095   12.1948 	Dead: 0
12.7304   0.049376    0.250656  12.1948 	Dead: 0
12.7563   0.0545417   0.276879  12.1948 	Dead: 0
12.7185   0.0521335   0.264654  12.1948 	Dead: 0
12.7128   0.0478006   0.242658  12.1948 	Dead: 0
12.7362   0.0490344   0.248922  12.1948 	Dead: 0
12.723    0.0523992   0.266003  12.1948 	Dead: 0
12.7313   0.0519589   0.263767  12.1948 	Dead: 0
12.7342   0.050397    0.255839  12.1948 	Dead: 0
12.7446   0.0511585   0.259704  12.1948 	Dead: 0
12.7249   0.0523584   0.265796  12.1948 	Dead: 0
