0   6.59344   0.175531    0.891077  5.38038 	Dead: 0
1   5.07835   0.0698108   0.354392  4.5086  	Dead: 0
2   4.90423   0.0785268   0.398638  4.17693 	Dead: 0
3   4.88786   0.0853163   0.433105  4.00356 	Dead: 0
4   4.81406   0.0920819   0.467451  4.00356 	Dead: 0
5   4.80939   0.0963253   0.488992  3.96737 	Dead: 0
6   4.74568   0.0931766   0.473008  3.95341 	Dead: 0
7   4.6933    0.109845    0.557623  3.94924 	Dead: 0
8   4.65874   0.109323    0.554973  3.91565 	Dead: 0
9   4.66228   0.112742    0.572329  3.91565 	Dead: 0
10  4.66344   0.10509     0.533487  3.90573 	Dead: 0
11  4.69464   0.126433    0.641831  3.72932 	Dead: 0
12  4.58645   0.113705    0.577217  3.72932 	Dead: 0
13  4.73968   0.128365    0.651642  3.72932 	Dead: 0
14  4.62839   0.117591    0.596947  3.72932 	Dead: 0
15  4.66808   0.114786    0.582708  3.72932 	Dead: 0
16  4.62342   0.107687    0.546668  3.72932 	Dead: 0
17  4.53334   0.11932     0.605722  3.72932 	Dead: 0
18  4.52326   0.111618    0.566623  3.72932 	Dead: 0
19  4.52646   0.108771    0.55217   3.72932 	Dead: 0
20  4.51456   0.111796    0.567528  3.72932 	Dead: 0
21  4.54585   0.123806    0.628496  3.69067 	Dead: 0
22  4.58404   0.118245    0.600269  3.69067 	Dead: 0
23  4.59435   0.126399    0.641659  3.69067 	Dead: 0
24  4.61338   0.125524    0.637217  3.68505 	Dead: 0
25  4.58044   0.12103     0.614403  3.68505 	Dead: 0
26  4.62569   0.128043    0.650008  3.68505 	Dead: 0
27  4.62132   0.125612    0.637668  3.68505 	Dead: 0
28  4.61173   0.127138    0.645412  3.68505 	Dead: 0
29  4.69621   0.128944    0.654578  3.68505 	Dead: 0
30  4.56235   0.122011    0.619387  3.68505 	Dead: 0
31  4.63338   0.122622    0.622485  3.68505 	Dead: 0
32  4.59602   0.12265     0.622627  3.68505 	Dead: 0
33  4.60673   0.130232    0.661117  3.68505 	Dead: 0
34  4.59109   0.128849    0.654099  3.68505 	Dead: 0
35  4.50905   0.110292    0.559894  3.66393 	Dead: 0
36  4.55542   0.130976    0.664895  3.66393 	Dead: 0
37  4.54242   0.115192    0.584769  3.66393 	Dead: 0
38  4.53548   0.116749    0.592671  3.66393 	Dead: 0
39  4.59344   0.12236     0.621157  3.66393 	Dead: 0
40  4.57291   0.129247    0.656119  3.66393 	Dead: 0
41  4.56964   0.138375    0.702456  3.66393 	Dead: 0
42  4.55478   0.124395    0.631489  3.66393 	Dead: 0
43  4.61314   0.134504    0.682804  3.66393 	Dead: 0
44  4.53019   0.124518    0.632113  3.66393 	Dead: 0
45  4.55551   0.117555    0.596764  3.66393 	Dead: 0
46  4.5256    0.126427    0.641801  3.66393 	Dead: 0
47  4.55977   0.131583    0.667978  3.66393 	Dead: 0
48  4.52707   0.121687    0.617741  3.66393 	Dead: 0
49  4.54963   0.130135    0.660625  3.66393 	Dead: 0
50  4.57895   0.131033    0.665184  3.66393 	Dead: 0
51  4.59012   0.120702    0.612741  3.66393 	Dead: 0
52  4.65231   0.126575    0.642556  3.66393 	Dead: 0
53  4.5814    0.122518    0.621959  3.66393 	Dead: 0
54  4.60035   0.136554    0.69321   3.66393 	Dead: 0
55  4.57853   0.127806    0.648804  3.66393 	Dead: 0
56  4.58578   0.12449     0.631969  3.66393 	Dead: 0
57  4.56332   0.13652     0.69304   3.66393 	Dead: 0
58  4.58825   0.128501    0.652332  3.65355 	Dead: 0
59  4.53491   0.127636    0.647941  3.65355 	Dead: 0
60  4.44852   0.128546    0.652559  3.65355 	Dead: 0
61  4.55695   0.131393    0.667011  3.65355 	Dead: 0
62  4.55894   0.128679    0.653236  3.65355 	Dead: 0
63  4.54443   0.136408    0.692472  3.63789 	Dead: 0
64  4.56398   0.142631    0.724063  3.60373 	Dead: 0
65  4.54235   0.138835    0.704794  3.60373 	Dead: 0
66  4.51109   0.122652    0.622641  3.60373 	Dead: 0
67  4.54367   0.130905    0.664536  3.60373 	Dead: 0
68  4.587     0.135746    0.689108  3.60373 	Dead: 0
69  4.50336   0.130407    0.662009  3.60373 	Dead: 0
70  4.6159    0.140106    0.711243  3.60292 	Dead: 0
71  4.52748   0.124895    0.634026  3.60292 	Dead: 0
72  4.46033   0.123637    0.627637  3.60292 	Dead: 0
73  4.48354   0.135618    0.688462  3.5221  	Dead: 0
74  4.52117   0.131951    0.669846  3.5221  	Dead: 0
75  4.47336   0.139121    0.706245  3.5221  	Dead: 0
76  4.43822   0.131672    0.668429  3.5221  	Dead: 0
77  4.50974   0.134012    0.680307  3.5221  	Dead: 0
78  4.54209   0.14101     0.715831  3.5221  	Dead: 0
79  4.64061   0.15        0.76147   3.5221  	Dead: 0
80  4.5593    0.151001    0.766554  3.5221  	Dead: 0
81  4.44352   0.150456    0.763783  3.41507 	Dead: 0
82  4.50704   0.146227    0.742318  3.41507 	Dead: 0
83  4.47207   0.140217    0.711805  3.41507 	Dead: 0
84  4.44883   0.149849    0.760701  3.41507 	Dead: 0
85  4.436     0.154682    0.785237  3.41507 	Dead: 0
86  4.4785    0.153271    0.778073  3.41507 	Dead: 0
87  4.50541   0.159252    0.808436  3.41507 	Dead: 0
88  4.49581   0.150406    0.76353   3.41507 	Dead: 0
89  4.48087   0.156949    0.796745  3.41507 	Dead: 0
90  4.54925   0.163487    0.829937  3.41507 	Dead: 0
91  4.49817   0.150898    0.766029  3.41507 	Dead: 0
92  4.58238   0.157133    0.797682  3.41507 	Dead: 0
93  4.46518   0.147638    0.74948   3.41507 	Dead: 0
94  4.50513   0.147583    0.7492    3.41507 	Dead: 0
95  4.55334   0.157781    0.80097   3.41507 	Dead: 0
96  4.49191   0.141031    0.71594   3.41507 	Dead: 0
97  4.45999   0.153385    0.778654  3.41507 	Dead: 0
98  4.44103   0.143941    0.730713  3.41507 	Dead: 0
99  4.6338    0.163907    0.83207   3.41507 	Dead: 0
100 4.58269   0.15492     0.786444  3.41507 	Dead: 0
