8.41076   0.184865    0.938463  6.25999 	Dead: 0
3.90144   0.0405397   0.205799  3.50192 	Dead: 0
3.1221    0.0337523   0.171342  2.7327  	Dead: 0
2.7737    0.0299605   0.152094  2.51883 	Dead: 0
2.70797   0.0360303   0.182907  2.51883 	Dead: 0
2.65757   0.0266284   0.135178  2.48051 	Dead: 0
2.63625   0.0344333   0.1748    2.43211 	Dead: 0
2.62353   0.0302225   0.153424  2.37668 	Dead: 0
2.63489   0.0453772   0.230356  2.37668 	Dead: 0
2.60687   0.0282041   0.143177  2.37668 	Dead: 0
2.58871   0.0314628   0.15972   2.34445 	Dead: 0
2.59813   0.0365481   0.185535  2.34445 	Dead: 0
2.54383   0.0271495   0.137824  2.34445 	Dead: 0
2.55742   0.0298125   0.151342  2.34445 	Dead: 0
2.54116   0.0231905   0.117726  2.34445 	Dead: 0
2.5532    0.0305259   0.154964  2.34445 	Dead: 0
2.53002   0.0279543   0.141909  2.34321 	Dead: 0
2.55724   0.0420348   0.213388  2.34321 	Dead: 0
2.54249   0.038942    0.197688  2.33914 	Dead: 0
2.55165   0.0455403   0.231184  2.32267 	Dead: 0
2.52467   0.0347938   0.176629  2.32267 	Dead: 0
2.48956   0.027291    0.138542  2.32267 	Dead: 0
2.51193   0.0431731   0.219167  2.32267 	Dead: 0
2.49317   0.0417896   0.212143  2.28133 	Dead: 0
2.46914   0.0374264   0.189994  2.28133 	Dead: 0
2.4316    0.038868    0.197312  2.26715 	Dead: 0
2.43577   0.0425565   0.216037  2.24553 	Dead: 0
2.43712   0.0428252   0.2174    2.24553 	Dead: 0
2.40078   0.0259015   0.131488  2.24553 	Dead: 0
2.3922    0.0295366   0.149941  2.24553 	Dead: 0
2.38254   0.0230943   0.117237  2.23583 	Dead: 0
2.44454   0.0562635   0.28562   2.23583 	Dead: 0
2.39136   0.0371093   0.188384  2.23583 	Dead: 0
2.3863    0.0344555   0.174912  2.23583 	Dead: 0
2.38067   0.0326494   0.165744  2.23583 	Dead: 0
2.3596    0.0223197   0.113305  2.2309  	Dead: 0
2.38785   0.0314048   0.159425  2.2309  	Dead: 0
2.36951   0.0426889   0.216709  2.23028 	Dead: 0
2.37296   0.0274919   0.139562  2.23028 	Dead: 0
2.35519   0.0204656   0.103893  2.20522 	Dead: 0
2.36543   0.0329299   0.167168  2.20522 	Dead: 0
2.3691    0.0296973   0.150757  2.20522 	Dead: 0
2.38228   0.0626003   0.317789  2.19698 	Dead: 0
2.35075   0.0251446   0.127646  2.19682 	Dead: 0
2.36207   0.0325152   0.165063  2.19682 	Dead: 0
2.34957   0.0294366   0.149434  2.19682 	Dead: 0
2.33376   0.0252081   0.127968  2.19682 	Dead: 0
2.3425    0.0325764   0.165373  2.14936 	Dead: 0
2.32787   0.0223051   0.113231  2.14936 	Dead: 0
2.3459    0.0327459   0.166234  2.14936 	Dead: 0
2.34681   0.0380713   0.193268  2.14936 	Dead: 0
2.35518   0.0413826   0.210077  2.14936 	Dead: 0
2.32378   0.0343492   0.174372  2.14936 	Dead: 0
2.36795   0.0535661   0.271926  2.14936 	Dead: 0
2.32953   0.030992    0.15733   2.14936 	Dead: 0
2.30347   0.0227248   0.115362  2.14936 	Dead: 0
2.34762   0.0493947   0.25075   2.14936 	Dead: 0
2.30497   0.0269433   0.136777  2.14936 	Dead: 0
2.31413   0.0349159   0.177249  2.14936 	Dead: 0
2.31183   0.0374599   0.190164  2.14441 	Dead: 0
2.29028   0.0310948   0.157852  2.14114 	Dead: 0
2.29264   0.0309219   0.156974  2.14114 	Dead: 0
2.28923   0.0417597   0.211992  2.10033 	Dead: 0
2.27895   0.0265147   0.134601  2.10033 	Dead: 0
2.29454   0.0343952   0.174606  2.10033 	Dead: 0
2.29851   0.0330574   0.167815  2.10033 	Dead: 0
2.29345   0.0354537   0.179979  2.10033 	Dead: 0
2.28347   0.0340476   0.172842  2.10033 	Dead: 0
2.30423   0.0408426   0.207336  2.10033 	Dead: 0
2.33253   0.052899    0.26854   2.10033 	Dead: 0
2.28119   0.0379425   0.192614  2.10033 	Dead: 0
2.28641   0.0314287   0.159547  2.10033 	Dead: 0
2.28789   0.0343341   0.174296  2.10033 	Dead: 0
2.28704   0.0487317   0.247385  2.10033 	Dead: 0
2.25715   0.0334917   0.170019  2.10033 	Dead: 0
2.24084   0.020333    0.10322   2.10033 	Dead: 0
2.27933   0.034148    0.173351  2.10033 	Dead: 0
2.28054   0.0390361   0.198166  2.10033 	Dead: 0
2.26916   0.0375143   0.19044   2.10033 	Dead: 0
2.2453    0.025308    0.128475  2.10033 	Dead: 0
2.27082   0.0415718   0.211038  2.10033 	Dead: 0
2.24195   0.0476606   0.241947  2.09793 	Dead: 0
2.22498   0.0393293   0.199654  2.04841 	Dead: 0
2.27085   0.0525043   0.266536  2.04841 	Dead: 0
2.21314   0.0371552   0.188617  2.04841 	Dead: 0
2.2002    0.0318837   0.161856  2.04841 	Dead: 0
2.20306   0.0394842   0.20044   2.04455 	Dead: 0
2.22422   0.0479199   0.243264  2.02793 	Dead: 0
2.21852   0.0497282   0.252444  2.02793 	Dead: 0
2.20008   0.0408563   0.207406  2.02793 	Dead: 0
2.18692   0.0331745   0.168409  2.02793 	Dead: 0
2.19711   0.0385224   0.195558  2.02793 	Dead: 0
2.20456   0.0510236   0.259019  2.02793 	Dead: 0
2.19241   0.0319919   0.162406  2.02793 	Dead: 0
2.21706   0.0398651   0.202374  2.02793 	Dead: 0
2.17921   0.0326299   0.165645  2.01331 	Dead: 0
2.1891    0.032003    0.162462  2.01331 	Dead: 0
2.19599   0.0374322   0.190024  2.01331 	Dead: 0
2.19434   0.0368948   0.187295  2.01331 	Dead: 0
2.18862   0.0408938   0.207596  1.98279 	Dead: 0
2.17059   0.0299977   0.152282  1.98279 	Dead: 0
