0   8.81256   0.138786    0.70454   7.27156 	Dead: 0
1   6.93099   0.0779543   0.395733  6.35808 	Dead: 0
2   6.83093   0.0857254   0.435182  6.0363  	Dead: 0
3   6.77533   0.106807    0.542202  6.0363  	Dead: 0
4   6.68587   0.104555    0.530772  5.91184 	Dead: 0
5   6.62488   0.101255    0.514016  5.88023 	Dead: 0
6   6.48932   0.101971    0.517651  5.56097 	Dead: 0
7   6.4229    0.110337    0.560123  5.54095 	Dead: 0
8   6.29115   0.111586    0.56646   5.33847 	Dead: 0
9   6.28323   0.118094    0.5995    5.33847 	Dead: 0
10  6.25118   0.132394    0.672096  5.24924 	Dead: 0
11  6.18834   0.129968    0.659778  5.22843 	Dead: 0
12  6.20055   0.132939    0.674861  5.16151 	Dead: 0
13  6.18456   0.133728    0.678867  5.16151 	Dead: 0
14  6.13668   0.132084    0.670519  5.16151 	Dead: 0
15  6.09016   0.125471    0.63695   4.96637 	Dead: 0
16  6.17022   0.137917    0.700131  4.96637 	Dead: 0
17  6.1443    0.142482    0.723307  4.96637 	Dead: 0
18  6.13258   0.140034    0.710876  4.96637 	Dead: 0
19  6.23205   0.145956    0.740943  4.96637 	Dead: 0
20  6.13179   0.156414    0.794032  4.96637 	Dead: 0
21  6.07672   0.148285    0.752766  4.96637 	Dead: 0
22  6.09453   0.1595      0.809696  4.96074 	Dead: 0
23  6.1275    0.160717    0.815873  4.96074 	Dead: 0
24  6.01252   0.139796    0.70967   4.96074 	Dead: 0
25  6.15945   0.162449    0.824665  4.93822 	Dead: 0
26  6.0779    0.156624    0.795095  4.93822 	Dead: 0
27  6.00575   0.153166    0.777541  4.93822 	Dead: 0
28  5.98164   0.159316    0.80876   4.93822 	Dead: 0
29  6.07647   0.147744    0.750016  4.93822 	Dead: 0
30  6.07787   0.16115     0.818071  4.93822 	Dead: 0
31  6.08343   0.149755    0.760225  4.93822 	Dead: 0
32  6.1168    0.16508     0.838025  4.87151 	Dead: 0
33  6.05848   0.162541    0.825134  4.87151 	Dead: 0
34  6.11974   0.170466    0.865365  4.87151 	Dead: 0
35  5.98209   0.157557    0.799832  4.87151 	Dead: 0
36  5.94711   0.153251    0.777972  4.87151 	Dead: 0
37  6.03278   0.153229    0.77786   4.87151 	Dead: 0
38  5.99352   0.157356    0.798813  4.87151 	Dead: 0
39  6.02977   0.158691    0.805591  4.87151 	Dead: 0
40  5.97057   0.15499     0.786803  4.87151 	Dead: 0
41  6.11426   0.150668    0.76486   4.87151 	Dead: 0
42  6.12116   0.143983    0.730927  4.87151 	Dead: 0
43  6.1429    0.147773    0.750167  4.87151 	Dead: 0
44  6.20271   0.146011    0.741222  4.87151 	Dead: 0
45  6.17897   0.141626    0.718962  4.87151 	Dead: 0
46  6.15919   0.136246    0.69165   4.87151 	Dead: 0
47  6.2006    0.134461    0.682587  4.87151 	Dead: 0
48  6.14518   0.130282    0.661371  4.87151 	Dead: 0
49  6.17396   0.143926    0.730635  4.87151 	Dead: 0
50  6.20177   0.14008     0.711114  4.87151 	Dead: 0
51  6.19418   0.138548    0.703332  4.87151 	Dead: 0
52  6.20224   0.142425    0.723017  4.87151 	Dead: 0
53  6.2403    0.151545    0.769314  4.87151 	Dead: 0
54  6.17992   0.138589    0.70354   4.87151 	Dead: 0
55  6.19101   0.136223    0.691532  4.87151 	Dead: 0
56  6.12509   0.143479    0.728368  4.87151 	Dead: 0
57  6.11392   0.138062    0.700867  4.87151 	Dead: 0
58  6.05249   0.127918    0.64937   4.87151 	Dead: 0
59  6.0699    0.137814    0.699611  4.87151 	Dead: 0
60  6.15731   0.144115    0.731594  4.87151 	Dead: 0
61  5.98926   0.145192    0.73706   4.87151 	Dead: 0
62  6.01937   0.157118    0.797604  4.87151 	Dead: 0
63  6.05641   0.15953     0.809848  4.87151 	Dead: 0
64  6.09685   0.160585    0.815206  4.63999 	Dead: 0
65  6.03191   0.163659    0.830808  4.63999 	Dead: 0
66  6.08773   0.152315    0.773221  4.63999 	Dead: 0
67  6.07264   0.164156    0.833332  4.63999 	Dead: 0
68  6.00734   0.165654    0.840935  4.63999 	Dead: 0
69  5.99247   0.158003    0.802096  4.63999 	Dead: 0
70  5.99055   0.1626      0.825436  4.63999 	Dead: 0
71  5.96903   0.156969    0.796848  4.63999 	Dead: 0
72  5.95224   0.163932    0.832196  4.63999 	Dead: 0
73  5.90459   0.161542    0.82006   4.63999 	Dead: 0
74  6.03049   0.16319     0.828427  4.63999 	Dead: 0
75  6.06147   0.176765    0.897344  4.60402 	Dead: 0
76  5.96986   0.176334    0.895152  4.52772 	Dead: 0
77  5.90722   0.173589    0.881218  4.52772 	Dead: 0
78  6.06672   0.167023    0.847886  4.52772 	Dead: 0
79  6.10008   0.165983    0.842606  4.52772 	Dead: 0
80  6.09766   0.179849    0.913     4.52772 	Dead: 0
81  6.03827   0.183401    0.931029  4.52772 	Dead: 0
82  5.99935   0.170633    0.866211  4.52772 	Dead: 0
83  6.01345   0.183111    0.929557  4.52772 	Dead: 0
84  6.00264   0.181452    0.921134  4.52772 	Dead: 0
85  5.92808   0.177073    0.898903  4.52772 	Dead: 0
86  6.08543   0.187211    0.950372  4.52772 	Dead: 0
87  5.98778   0.171495    0.870586  4.52772 	Dead: 0
88  6.10272   0.17044     0.865231  4.52772 	Dead: 0
89  6.01343   0.171824    0.872259  4.52772 	Dead: 0
90  6.05968   0.186019    0.944322  4.52772 	Dead: 0
91  6.0245    0.184104    0.934598  4.52772 	Dead: 0
92  5.95403   0.183315    0.930595  4.50659 	Dead: 0
93  6.06727   0.193194    0.980743  4.50659 	Dead: 0
94  6.04114   0.184012    0.934131  4.50659 	Dead: 0
95  5.96964   0.187729    0.953     4.50659 	Dead: 0
96  6.04434   0.184345    0.93582   4.50659 	Dead: 0
97  5.95558   0.176801    0.897524  4.50659 	Dead: 0
98  5.96594   0.170323    0.86464   4.50659 	Dead: 0
99  5.98319   0.187421    0.951437  4.50659 	Dead: 0
100 6.00666   0.173745    0.882011  4.50659 	Dead: 0
