16.0094   0.10739     0.545159  14.7422 	Dead: 0
14.3322   0.045132    0.229111  13.6954 	Dead: 0
13.9223   0.0385006   0.195447  13.5446 	Dead: 0
13.6721   0.0365668   0.18563   13.3222 	Dead: 0
13.5493   0.0413606   0.209966  13.1466 	Dead: 0
13.4756   0.0410872   0.208578  13.1466 	Dead: 0
13.4515   0.04343     0.220471  13.1189 	Dead: 0
13.4076   0.0407002   0.206613  13.1111 	Dead: 0
13.3803   0.0462905   0.234992  12.9779 	Dead: 0
13.3352   0.041656    0.211465  12.9421 	Dead: 0
13.2995   0.0407982   0.207111  12.8854 	Dead: 0
13.2888   0.0485378   0.2464    12.8854 	Dead: 0
13.2678   0.0449553   0.228214  12.8338 	Dead: 0
13.2504   0.0466868   0.237004  12.8338 	Dead: 0
13.226    0.0461717   0.234389  12.8338 	Dead: 0
13.2483   0.0466558   0.236847  12.8338 	Dead: 0
13.2194   0.0469659   0.238421  12.8338 	Dead: 0
13.1821   0.045999    0.233512  12.8338 	Dead: 0
13.1539   0.0448726   0.227794  12.8338 	Dead: 0
13.1667   0.0568435   0.288564  12.7751 	Dead: 0
13.1616   0.0452923   0.229925  12.7751 	Dead: 0
13.1349   0.0522982   0.26549   12.7438 	Dead: 0
13.1241   0.0456143   0.23156   12.7438 	Dead: 0
13.1196   0.043655    0.221613  12.7438 	Dead: 0
13.1194   0.0491937   0.24973   12.7438 	Dead: 0
13.1149   0.049765    0.25263   12.7438 	Dead: 0
13.13     0.0520198   0.264077  12.7438 	Dead: 0
13.1297   0.0443809   0.225298  12.7438 	Dead: 0
13.0723   0.049745    0.252529  12.6987 	Dead: 0
13.1106   0.0512126   0.259979  12.6987 	Dead: 0
13.0424   0.0506831   0.257291  12.5802 	Dead: 0
12.9796   0.0568375   0.288534  12.4641 	Dead: 0
12.909    0.0591411   0.300228  12.387  	Dead: 0
12.8631   0.0670363   0.340307  12.3133 	Dead: 0
12.8117   0.0691654   0.351116  12.3133 	Dead: 0
12.8005   0.0647531   0.328717  12.3133 	Dead: 0
12.7852   0.0762838   0.387252  12.3133 	Dead: 0
12.8095   0.0692098   0.351341  12.3133 	Dead: 0
12.8127   0.0715711   0.363328  12.3133 	Dead: 0
12.7944   0.0667598   0.338904  12.3133 	Dead: 0
12.7909   0.0659441   0.334763  12.2277 	Dead: 0
12.7908   0.0659626   0.334857  12.2277 	Dead: 0
12.7752   0.0638753   0.324261  12.2277 	Dead: 0
12.7907   0.0672492   0.341388  12.2277 	Dead: 0
12.8038   0.0761467   0.386556  12.2165 	Dead: 0
12.7977   0.070984    0.360348  12.2165 	Dead: 0
12.8142   0.070467    0.357723  12.2165 	Dead: 0
12.7765   0.0729157   0.370154  12.2165 	Dead: 0
12.7733   0.0685129   0.347804  12.2165 	Dead: 0
12.7731   0.0715576   0.36326   12.2165 	Dead: 0
12.7526   0.0674575   0.342446  12.2165 	Dead: 0
12.7524   0.0677171   0.343764  12.2165 	Dead: 0
12.7672   0.0671958   0.341117  12.2165 	Dead: 0
12.7761   0.0759777   0.385698  12.2165 	Dead: 0
12.7609   0.0692931   0.351764  12.2165 	Dead: 0
12.7722   0.0840669   0.426763  12.2165 	Dead: 0
12.7165   0.0694693   0.352659  12.2165 	Dead: 0
12.6857   0.0699934   0.355319  12.1837 	Dead: 0
12.6301   0.0707144   0.358979  11.8114 	Dead: 0
12.5872   0.0755878   0.383719  11.8114 	Dead: 0
12.6112   0.0836807   0.424802  11.8114 	Dead: 0
12.5681   0.0837408   0.425107  11.8114 	Dead: 0
12.5808   0.0843002   0.427947  11.8114 	Dead: 0
12.6017   0.0914875   0.464433  11.8114 	Dead: 0
12.5786   0.0921974   0.468037  11.8114 	Dead: 0
12.5119   0.0836322   0.424556  11.8114 	Dead: 0
12.5424   0.0918892   0.466472  11.8114 	Dead: 0
12.5163   0.0844343   0.428628  11.8114 	Dead: 0
12.5196   0.0882815   0.448158  11.8114 	Dead: 0
12.5649   0.0936994   0.475662  11.8114 	Dead: 0
12.4681   0.0738569   0.374932  11.8114 	Dead: 0
12.4825   0.0747691   0.379563  11.8114 	Dead: 0
12.5147   0.0978902   0.496936  11.8114 	Dead: 0
12.4973   0.0863726   0.438468  11.8114 	Dead: 0
12.5563   0.093065    0.472442  11.8114 	Dead: 0
12.5093   0.0866287   0.439768  11.8114 	Dead: 0
12.5704   0.0914425   0.464205  11.8114 	Dead: 0
12.5163   0.0909559   0.461734  11.8114 	Dead: 0
12.5148   0.0890954   0.45229   11.8114 	Dead: 0
12.5033   0.0862007   0.437595  11.8114 	Dead: 0
12.5529   0.091738    0.465705  11.773  	Dead: 0
12.5669   0.0902496   0.458149  11.773  	Dead: 0
12.5514   0.0936637   0.47548   11.7604 	Dead: 0
12.4605   0.0874817   0.444098  11.7604 	Dead: 0
12.5116   0.0936397   0.475359  11.7604 	Dead: 0
12.5152   0.0938305   0.476328  11.7604 	Dead: 0
12.4631   0.090173    0.45776   11.7604 	Dead: 0
12.4606   0.0943588   0.479009  11.7604 	Dead: 0
12.4766   0.087417    0.443769  11.7604 	Dead: 0
12.4925   0.0917249   0.465638  11.7604 	Dead: 0
12.4466   0.0884402   0.448964  11.7604 	Dead: 0
12.4564   0.0809356   0.410867  11.7604 	Dead: 0
12.4914   0.0899235   0.456493  11.7604 	Dead: 0
12.4657   0.0859828   0.436489  11.7604 	Dead: 0
12.4795   0.0890853   0.452239  11.7604 	Dead: 0
12.526    0.0986248   0.500665  11.7604 	Dead: 0
12.4663   0.0942218   0.478314  11.7604 	Dead: 0
12.5073   0.0909049   0.461476  11.7604 	Dead: 0
12.4982   0.0919134   0.466596  11.7604 	Dead: 0
12.4892   0.0862128   0.437656  11.7604 	Dead: 0
12.5624   0.0973782   0.494337  11.7604 	Dead: 0
