0   7.40861   0.132442    0.672336  5.76323 	Dead: 0
1   5.01072   0.0469352   0.238265  4.62084 	Dead: 0
2   4.91489   0.0562307   0.285453  4.47746 	Dead: 0
3   4.86226   0.0587001   0.297989  4.47746 	Dead: 0
4   4.79827   0.0597008   0.303069  4.42844 	Dead: 0
5   4.73915   0.0521012   0.26449   4.20911 	Dead: 0
6   4.68954   0.0531831   0.269982  4.20911 	Dead: 0
7   4.69931   0.0590185   0.299605  4.20911 	Dead: 0
8   4.64432   0.0545631   0.276988  4.13922 	Dead: 0
9   4.6271    0.0569638   0.289175  4.13922 	Dead: 0
10  4.5987    0.0537034   0.272623  4.13922 	Dead: 0
11  4.56341   0.0558903   0.283725  4.13922 	Dead: 0
12  4.562     0.0544911   0.276622  4.11462 	Dead: 0
13  4.59538   0.0614976   0.312191  4.11462 	Dead: 0
14  4.54411   0.0576244   0.292528  4.08312 	Dead: 0
15  4.56565   0.0605408   0.307333  4.08312 	Dead: 0
16  4.54421   0.0614366   0.311881  4.08312 	Dead: 0
17  4.52554   0.0558292   0.283415  4.08312 	Dead: 0
18  4.4836    0.0620856   0.315175  4.01327 	Dead: 0
19  4.45763   0.0599427   0.304297  4.01327 	Dead: 0
20  4.43502   0.065654    0.33329   3.95858 	Dead: 0
21  4.40257   0.07099     0.360379  3.91959 	Dead: 0
22  4.368     0.0735705   0.373478  3.91959 	Dead: 0
23  4.33715   0.0735337   0.373291  3.77251 	Dead: 0
24  4.2867    0.0722487   0.366768  3.75445 	Dead: 0
25  4.29773   0.0767715   0.389728  3.75445 	Dead: 0
26  4.28965   0.0815208   0.413838  3.74968 	Dead: 0
27  4.27842   0.0882833   0.448167  3.73813 	Dead: 0
28  4.22594   0.0809206   0.410791  3.7041  	Dead: 0
29  4.25648   0.0822766   0.417674  3.7041  	Dead: 0
30  4.2568    0.0818239   0.415376  3.7041  	Dead: 0
31  4.2299    0.0819179   0.415853  3.67571 	Dead: 0
32  4.22214   0.0831269   0.421991  3.67571 	Dead: 0
33  4.20721   0.080953    0.410955  3.67571 	Dead: 0
34  4.2641    0.0919932   0.467001  3.67571 	Dead: 0
35  4.24115   0.0877497   0.445459  3.67571 	Dead: 0
36  4.24118   0.0884029   0.448774  3.67571 	Dead: 0
37  4.18976   0.0871494   0.442411  3.66664 	Dead: 0
38  4.2324    0.0857262   0.435186  3.66664 	Dead: 0
39  4.24224   0.0804184   0.408241  3.66664 	Dead: 0
40  4.24804   0.0834728   0.423747  3.66664 	Dead: 0
41  4.19431   0.0830585   0.421644  3.66664 	Dead: 0
42  4.23515   0.0908656   0.461276  3.66664 	Dead: 0
43  4.19231   0.0845559   0.429245  3.66664 	Dead: 0
44  4.24684   0.0890905   0.452265  3.65864 	Dead: 0
45  4.23298   0.0876909   0.44516   3.65864 	Dead: 0
46  4.19235   0.0871171   0.442247  3.65864 	Dead: 0
47  4.16323   0.0869792   0.441547  3.62166 	Dead: 0
48  4.16922   0.0827451   0.420053  3.62166 	Dead: 0
49  4.16032   0.0787257   0.399648  3.62166 	Dead: 0
50  4.20587   0.0903685   0.458753  3.59622 	Dead: 0
51  4.15751   0.0858816   0.435975  3.59622 	Dead: 0
52  4.14566   0.0813355   0.412897  3.59622 	Dead: 0
53  4.18606   0.0790617   0.401354  3.59622 	Dead: 0
54  4.1669    0.0876524   0.444964  3.59622 	Dead: 0
55  4.17688   0.0898977   0.456363  3.59622 	Dead: 0
56  4.23559   0.0923287   0.468703  3.59622 	Dead: 0
57  4.17733   0.0886264   0.449909  3.59622 	Dead: 0
58  4.1408    0.0830886   0.421796  3.59622 	Dead: 0
59  4.20374   0.0856362   0.434729  3.59622 	Dead: 0
60  4.20623   0.092562    0.469888  3.59622 	Dead: 0
61  4.23409   0.0945516   0.479988  3.59622 	Dead: 0
62  4.2197    0.0945839   0.480152  3.59622 	Dead: 0
63  4.19698   0.0924507   0.469323  3.59622 	Dead: 0
64  4.26119   0.0970342   0.492591  3.59622 	Dead: 0
65  4.15833   0.0824257   0.418431  3.59622 	Dead: 0
66  4.23464   0.0956967   0.485801  3.59622 	Dead: 0
67  4.16197   0.0949466   0.481993  3.59622 	Dead: 0
68  4.16504   0.0857789   0.435454  3.59611 	Dead: 0
69  4.1952    0.0887452   0.450512  3.59611 	Dead: 0
70  4.21957   0.0928061   0.471127  3.59611 	Dead: 0
71  4.16173   0.0868543   0.440913  3.59611 	Dead: 0
72  4.14677   0.0879731   0.446593  3.59611 	Dead: 0
73  4.17856   0.092312    0.468619  3.59611 	Dead: 0
74  4.17641   0.0912487   0.463221  3.59611 	Dead: 0
75  4.20378   0.0904729   0.459283  3.59611 	Dead: 0
76  4.22013   0.0928122   0.471158  3.59611 	Dead: 0
77  4.2557    0.0900425   0.457098  3.59611 	Dead: 0
78  4.11304   0.0886206   0.449879  3.59611 	Dead: 0
79  4.22766   0.0945235   0.479845  3.59611 	Dead: 0
80  4.22704   0.0958212   0.486433  3.59611 	Dead: 0
81  4.16969   0.0870765   0.442041  3.59611 	Dead: 0
82  4.14746   0.0898146   0.455941  3.56081 	Dead: 0
83  4.19468   0.0907978   0.460932  3.56081 	Dead: 0
84  4.18111   0.0938317   0.476333  3.56081 	Dead: 0
85  4.14899   0.0869752   0.441527  3.56081 	Dead: 0
86  4.14279   0.0836354   0.424573  3.56081 	Dead: 0
87  4.22058   0.0930877   0.472557  3.56081 	Dead: 0
88  4.14887   0.0896207   0.454956  3.56081 	Dead: 0
89  4.16176   0.0878819   0.446129  3.56081 	Dead: 0
90  4.1294    0.0873648   0.443504  3.56081 	Dead: 0
91  4.11985   0.0820004   0.416272  3.56081 	Dead: 0
92  4.16946   0.0871643   0.442487  3.56081 	Dead: 0
93  4.18973   0.0928525   0.471363  3.56081 	Dead: 0
94  4.15083   0.083078    0.421743  3.56081 	Dead: 0
95  4.19337   0.0906962   0.460416  3.56081 	Dead: 0
96  4.15782   0.0945878   0.480172  3.56081 	Dead: 0
97  4.16692   0.0893282   0.453471  3.56081 	Dead: 0
98  4.11405   0.0812395   0.41241   3.56081 	Dead: 0
99  4.16987   0.0906199   0.460029  3.56081 	Dead: 0
100 4.19237   0.0966459   0.49062   3.56081 	Dead: 0
