10.7119   0.0754234   0.382884  9.45685 	Dead: 0
8.15927   0.0532779   0.270463  7.51071 	Dead: 0
6.96811   0.046767    0.237411  6.34606 	Dead: 0
6.23614   0.0529831   0.268967  5.57854 	Dead: 0
5.20566   0.0543838   0.276077  4.67341 	Dead: 0
4.22773   0.0449761   0.22832   3.92475 	Dead: 0
3.8232    0.045947    0.233248  3.44411 	Dead: 0
3.48066   0.0498773   0.253201  3.18023 	Dead: 0
3.41755   0.0635132   0.322423  2.97619 	Dead: 0
3.37061   0.0772302   0.392057  2.96617 	Dead: 0
3.21214   0.0531979   0.270057  2.84808 	Dead: 0
3.21538   0.0764352   0.388021  2.84808 	Dead: 0
3.16656   0.0643893   0.32687   2.78602 	Dead: 0
3.18738   0.0862375   0.437782  2.70177 	Dead: 0
3.16544   0.0939877   0.477125  2.70177 	Dead: 0
3.10115   0.072417    0.367623  2.70177 	Dead: 0
3.10516   0.0951939   0.483249  2.66512 	Dead: 0
3.06711   0.0981786   0.498401  2.64149 	Dead: 0
2.88636   0.0616662   0.313046  2.56571 	Dead: 0
2.88977   0.0748713   0.380082  2.51748 	Dead: 0
2.95311   0.0967806   0.491303  2.51388 	Dead: 0
2.88611   0.0892367   0.453007  2.47082 	Dead: 0
2.86341   0.0784981   0.398493  2.42304 	Dead: 0
2.87351   0.0916406   0.46521   2.42304 	Dead: 0
2.88092   0.104045    0.528181  2.42304 	Dead: 0
2.89486   0.111693    0.567007  2.42304 	Dead: 0
2.9658    0.134631    0.683448  2.42304 	Dead: 0
2.94381   0.117889    0.598459  2.42304 	Dead: 0
2.87692   0.0905175   0.459509  2.4166  	Dead: 0
2.90846   0.101321    0.514353  2.4166  	Dead: 0
2.87434   0.0896779   0.455247  2.4166  	Dead: 0
2.84152   0.0998435   0.506852  2.4166  	Dead: 0
2.84019   0.079575    0.40396   2.4166  	Dead: 0
2.86539   0.0835376   0.424076  2.4166  	Dead: 0
2.89284   0.122889    0.623842  2.4166  	Dead: 0
2.83044   0.0909043   0.461473  2.4166  	Dead: 0
2.83324   0.0866547   0.439899  2.38035 	Dead: 0
2.9275    0.102301    0.51933   2.38035 	Dead: 0
2.88097   0.0966011   0.490392  2.38035 	Dead: 0
2.91286   0.111537    0.566214  2.38035 	Dead: 0
2.82342   0.100294    0.509141  2.38035 	Dead: 0
2.80311   0.0838696   0.425761  2.38035 	Dead: 0
2.72797   0.0871271   0.442298  2.38035 	Dead: 0
2.92155   0.114521    0.581361  2.38035 	Dead: 0
2.85881   0.111359    0.565309  2.38035 	Dead: 0
2.76046   0.0788913   0.400489  2.38035 	Dead: 0
2.80448   0.0979357   0.497167  2.38035 	Dead: 0
2.82209   0.110633    0.561627  2.34064 	Dead: 0
2.80415   0.106954    0.54295   2.34064 	Dead: 0
2.78394   0.125494    0.637068  2.34064 	Dead: 0
2.80984   0.116152    0.589641  2.34064 	Dead: 0
2.71001   0.0883083   0.448294  2.34002 	Dead: 0
2.79061   0.119397    0.606113  2.3202  	Dead: 0
2.81674   0.1181      0.599532  2.3202  	Dead: 0
2.82417   0.111969    0.568406  2.3202  	Dead: 0
2.77159   0.113063    0.573961  2.31748 	Dead: 0
2.67966   0.0984235   0.499644  2.28492 	Dead: 0
2.76182   0.111704    0.567062  2.27928 	Dead: 0
2.74148   0.109291    0.554811  2.27928 	Dead: 0
2.75618   0.119063    0.604417  2.27689 	Dead: 0
2.69293   0.0968912   0.491865  2.27689 	Dead: 0
2.64242   0.0903599   0.458709  2.27689 	Dead: 0
2.7045    0.0970069   0.492452  2.27689 	Dead: 0
2.6058    0.0795453   0.403809  2.23329 	Dead: 0
2.67896   0.106337    0.539818  2.23329 	Dead: 0
2.77906   0.150019    0.761567  2.23329 	Dead: 0
2.71064   0.104694    0.531474  2.23329 	Dead: 0
2.65639   0.0897474   0.4556    2.23329 	Dead: 0
2.65297   0.112238    0.569771  2.23329 	Dead: 0
2.69352   0.123816    0.628549  2.21765 	Dead: 0
2.75385   0.134424    0.682397  2.21765 	Dead: 0
2.63111   0.106165    0.538943  2.21765 	Dead: 0
2.65827   0.0909288   0.461597  2.18299 	Dead: 0
2.64996   0.105568    0.535913  2.18299 	Dead: 0
2.6869    0.108199    0.549267  2.18299 	Dead: 0
2.63584   0.101353    0.514516  2.18299 	Dead: 0
2.63065   0.0900558   0.457165  2.05228 	Dead: 0
2.63493   0.0909501   0.461705  2.05228 	Dead: 0
2.6758    0.120653    0.612493  2.05228 	Dead: 0
2.64618   0.100414    0.509747  2.05228 	Dead: 0
2.66876   0.106373    0.539999  2.05228 	Dead: 0
2.65178   0.10072     0.511302  2.05228 	Dead: 0
2.79956   0.147566    0.749113  2.05228 	Dead: 0
2.67565   0.110976    0.563366  2.05228 	Dead: 0
2.73292   0.140412    0.712799  2.05228 	Dead: 0
2.64699   0.0927626   0.470906  2.05228 	Dead: 0
2.66739   0.109625    0.556507  2.05228 	Dead: 0
2.67558   0.104056    0.528235  2.05228 	Dead: 0
2.61172   0.098223    0.498626  2.05228 	Dead: 0
2.70922   0.132858    0.67445   2.05228 	Dead: 0
2.60901   0.109213    0.554416  2.05228 	Dead: 0
2.67873   0.13755     0.69827   2.05228 	Dead: 0
2.66135   0.109364    0.555185  2.05228 	Dead: 0
2.71012   0.11842     0.601156  2.05228 	Dead: 0
2.75338   0.125801    0.638625  2.05228 	Dead: 0
2.57237   0.0785972   0.398996  2.05228 	Dead: 0
2.64173   0.11064     0.56166   2.05228 	Dead: 0
2.68082   0.116432    0.591064  2.05228 	Dead: 0
2.66021   0.139722    0.709292  2.05228 	Dead: 0
2.65761   0.108851    0.552581  2.05228 	Dead: 0
2.70671   0.120753    0.612998  2.05228 	Dead: 0
