10.6728   0.066341    0.336778  9.68856 	Dead: 0
7.81316   0.0491485   0.249501  7.2063  	Dead: 0
6.77626   0.046993    0.238558  6.33428 	Dead: 0
5.38305   0.0600001   0.304588  4.87648 	Dead: 0
4.75087   0.0413064   0.209691  4.37626 	Dead: 0
4.39972   0.0693389   0.351997  4.05828 	Dead: 0
4.19088   0.0888668   0.451129  3.76377 	Dead: 0
4.04373   0.0707283   0.35905   3.61772 	Dead: 0
3.97459   0.0677268   0.343813  3.59625 	Dead: 0
4.00052   0.0823952   0.418276  3.53076 	Dead: 0
3.90837   0.0686382   0.34844   3.42933 	Dead: 0
3.82652   0.061495    0.312177  3.42519 	Dead: 0
3.82426   0.0876496   0.44495   3.36375 	Dead: 0
3.75144   0.0879099   0.446272  3.31321 	Dead: 0
3.66313   0.0946877   0.480679  3.19499 	Dead: 0
3.61543   0.102139    0.518508  3.10963 	Dead: 0
3.48551   0.0894618   0.45415   3.10498 	Dead: 0
3.4647    0.0846929   0.429941  3.05233 	Dead: 0
3.4492    0.088154    0.447511  2.98365 	Dead: 0
3.38999   0.0860919   0.437043  2.86821 	Dead: 0
3.40714   0.0941831   0.478117  2.86821 	Dead: 0
3.44156   0.0935502   0.474904  2.86821 	Dead: 0
3.34963   0.0789501   0.400787  2.86821 	Dead: 0
3.41568   0.103901    0.527451  2.86821 	Dead: 0
3.35091   0.0886217   0.449885  2.86821 	Dead: 0
3.31617   0.0880067   0.446763  2.86821 	Dead: 0
3.49937   0.142193    0.721837  2.80102 	Dead: 0
3.27587   0.0734203   0.372716  2.80102 	Dead: 0
3.40896   0.111067    0.563828  2.80102 	Dead: 0
3.31111   0.0794505   0.403328  2.80102 	Dead: 0
3.30632   0.0861656   0.437417  2.80102 	Dead: 0
3.34057   0.0924064   0.469098  2.80102 	Dead: 0
3.32962   0.0988819   0.501971  2.80102 	Dead: 0
3.42463   0.141198    0.716785  2.80102 	Dead: 0
3.29245   0.0964058   0.489401  2.80102 	Dead: 0
3.27759   0.0990517   0.502833  2.80102 	Dead: 0
3.30326   0.102958    0.522662  2.80102 	Dead: 0
3.2502    0.0798572   0.405392  2.80102 	Dead: 0
3.42645   0.115931    0.588518  2.80102 	Dead: 0
3.40524   0.110641    0.561665  2.80102 	Dead: 0
3.43978   0.126395    0.641642  2.80102 	Dead: 0
3.31105   0.104336    0.52966   2.80102 	Dead: 0
3.24269   0.082137    0.416966  2.80102 	Dead: 0
3.36172   0.122956    0.62418   2.74251 	Dead: 0
3.32829   0.113766    0.577531  2.74251 	Dead: 0
3.33732   0.103599    0.525918  2.74251 	Dead: 0
3.29921   0.116358    0.590688  2.72216 	Dead: 0
3.36777   0.14612     0.741771  2.72216 	Dead: 0
3.3025    0.115754    0.587623  2.72216 	Dead: 0
3.28121   0.106049    0.538354  2.69836 	Dead: 0
3.29172   0.109859    0.557693  2.69836 	Dead: 0
3.23927   0.0974574   0.494739  2.69836 	Dead: 0
3.27554   0.0998896   0.507086  2.69836 	Dead: 0
3.28483   0.123678    0.627849  2.69836 	Dead: 0
3.22849   0.105868    0.537435  2.69836 	Dead: 0
3.20643   0.089131    0.452471  2.69836 	Dead: 0
3.22016   0.111037    0.563678  2.69836 	Dead: 0
3.22546   0.10082     0.511807  2.69836 	Dead: 0
3.32252   0.131827    0.669217  2.69836 	Dead: 0
3.29715   0.117807    0.598046  2.68645 	Dead: 0
3.20645   0.0931509   0.472877  2.68645 	Dead: 0
3.32387   0.119614    0.607217  2.68645 	Dead: 0
3.35975   0.139328    0.707296  2.68645 	Dead: 0
3.26357   0.113721    0.577299  2.68645 	Dead: 0
3.2748    0.120526    0.611844  2.63331 	Dead: 0
3.21145   0.118782    0.602991  2.63331 	Dead: 0
3.20283   0.0931429   0.472837  2.63331 	Dead: 0
3.20706   0.117198    0.594954  2.63331 	Dead: 0
3.0912    0.083979    0.426317  2.57903 	Dead: 0
3.08872   0.103643    0.52614   2.57903 	Dead: 0
3.13331   0.117952    0.598777  2.57903 	Dead: 0
3.08837   0.08584     0.435764  2.57903 	Dead: 0
3.16223   0.126065    0.639967  2.57903 	Dead: 0
3.13625   0.127555    0.647526  2.57903 	Dead: 0
3.09195   0.110846    0.562708  2.57903 	Dead: 0
3.07544   0.104389    0.529928  2.57903 	Dead: 0
3.05535   0.0996598   0.50592   2.54209 	Dead: 0
3.03506   0.0970918   0.492883  2.54209 	Dead: 0
3.0252    0.0825519   0.419072  2.54209 	Dead: 0
3.07225   0.107775    0.547116  2.54209 	Dead: 0
3.10219   0.126696    0.643168  2.54209 	Dead: 0
3.00419   0.101584    0.515687  2.54209 	Dead: 0
3.05139   0.102542    0.520549  2.54209 	Dead: 0
3.0014    0.0876763   0.445086  2.54209 	Dead: 0
3.06562   0.127878    0.649169  2.54209 	Dead: 0
3.02143   0.104049    0.528199  2.54209 	Dead: 0
3.11017   0.122454    0.621633  2.54209 	Dead: 0
2.99043   0.0917602   0.465817  2.54209 	Dead: 0
2.99328   0.109668    0.556728  2.54209 	Dead: 0
3.03452   0.104824    0.532133  2.54209 	Dead: 0
3.01685   0.120466    0.611543  2.54209 	Dead: 0
3.01496   0.101587    0.515704  2.54209 	Dead: 0
3.10021   0.123383    0.626349  2.50302 	Dead: 0
3.05495   0.112455    0.570873  2.50302 	Dead: 0
2.97884   0.101092    0.51319   2.50302 	Dead: 0
3.10992   0.128634    0.653004  2.50302 	Dead: 0
2.89351   0.0729377   0.370266  2.50302 	Dead: 0
2.98164   0.102902    0.522378  2.50302 	Dead: 0
3.05785   0.134425    0.682404  2.50124 	Dead: 0
3.00712   0.106472    0.540503  2.50124 	Dead: 0
2.95493   0.103016    0.522957  2.50124 	Dead: 0
