0   12.0913   0.11579     0.587802  9.74725 	Dead: 0
1   10.1149   0.0584026   0.296479  9.16325 	Dead: 0
2   10.0241   0.0576893   0.292858  9.16325 	Dead: 0
3   10.0284   0.0708651   0.359744  9.16325 	Dead: 0
4   9.93958   0.0714957   0.362945  9.16325 	Dead: 0
5   9.76825   0.0737276   0.374276  9.05219 	Dead: 0
6   9.70062   0.0754816   0.38318   8.99624 	Dead: 0
7   9.65708   0.0841222   0.427043  8.99624 	Dead: 0
8   9.62698   0.0812324   0.412373  8.73832 	Dead: 0
9   9.46854   0.0801473   0.406865  8.73832 	Dead: 0
10  9.47657   0.0930609   0.47242   8.46446 	Dead: 0
11  9.34957   0.0898474   0.456108  8.46446 	Dead: 0
12  8.3188    0.17028     0.864422  6.98069 	Dead: 0
13  7.97384   0.174247    0.884561  6.85547 	Dead: 0
14  7.8454    0.185198    0.940151  6.66674 	Dead: 0
15  7.94606   0.202947    1.03026   6.66674 	Dead: 0
16  7.80489   0.18176     0.922699  6.66674 	Dead: 0
17  7.89514   0.206534    1.04846   6.66674 	Dead: 0
18  7.76021   0.187018    0.949389  6.66674 	Dead: 0
19  7.56467   0.192663    0.978047  6.36411 	Dead: 0
20  7.5575    0.210307    1.06762   6.27141 	Dead: 0
21  7.71976   0.245578    1.24667   6.27141 	Dead: 0
22  7.45059   0.213872    1.08572   6.27141 	Dead: 0
23  7.49601   0.224392    1.13912   6.09661 	Dead: 0
24  7.69156   0.248479    1.26139   6.09661 	Dead: 0
25  7.52721   0.218623    1.10983   6.09661 	Dead: 0
26  7.51617   0.227477    1.15478   6.09661 	Dead: 0
27  7.57513   0.23604     1.19825   6.09661 	Dead: 0
28  7.68295   0.246494    1.25132   6.09661 	Dead: 0
29  7.35875   0.210889    1.07057   6.06853 	Dead: 0
30  7.62998   0.244279    1.24007   6.06853 	Dead: 0
31  7.34048   0.213826    1.08548   6.04119 	Dead: 0
32  7.43066   0.228973    1.16237   6.04119 	Dead: 0
33  7.60765   0.254715    1.29305   6.04119 	Dead: 0
34  7.45171   0.226492    1.14978   6.04119 	Dead: 0
35  7.28568   0.207093    1.0513    6.01592 	Dead: 0
36  7.48462   0.234232    1.18907   6.01592 	Dead: 0
37  7.402     0.225263    1.14354   6.01592 	Dead: 0
38  7.43497   0.230547    1.17036   6.01592 	Dead: 0
39  7.55786   0.254943    1.29421   5.60476 	Dead: 0
40  7.3587    0.240136    1.21904   5.60476 	Dead: 0
41  7.48583   0.238176    1.20909   5.60476 	Dead: 0
42  7.34695   0.234738    1.19164   5.60476 	Dead: 0
43  7.35646   0.247416    1.256     5.60476 	Dead: 0
44  7.24362   0.235215    1.19406   5.60476 	Dead: 0
45  7.4212    0.248401    1.261     5.60476 	Dead: 0
46  7.36863   0.243263    1.23492   5.60476 	Dead: 0
47  7.22519   0.228223    1.15856   5.60476 	Dead: 0
48  7.45002   0.271533    1.37843   5.60476 	Dead: 0
49  7.4138    0.257698    1.30819   5.60476 	Dead: 0
50  7.44377   0.263105    1.33564   5.60476 	Dead: 0
51  7.08681   0.227455    1.15467   5.60476 	Dead: 0
52  7.16986   0.236808    1.20215   5.60476 	Dead: 0
53  7.2412    0.268721    1.36415   5.60476 	Dead: 0
54  7.14011   0.255312    1.29608   5.60476 	Dead: 0
55  7.36947   0.290195    1.47317   5.60476 	Dead: 0
56  7.11368   0.263205    1.33615   5.60476 	Dead: 0
57  7.5903    0.295996    1.50262   5.60476 	Dead: 0
58  7.28123   0.268165    1.36133   5.60476 	Dead: 0
59  7.22653   0.257835    1.30889   5.60476 	Dead: 0
60  7.22046   0.266126    1.35098   5.60476 	Dead: 0
61  7.06412   0.245493    1.24624   5.60476 	Dead: 0
62  7.22691   0.276151    1.40187   5.60476 	Dead: 0
63  7.20911   0.264668    1.34358   5.60476 	Dead: 0
64  7.41708   0.28685     1.45618   5.43759 	Dead: 0
65  7.105     0.264308    1.34175   5.43759 	Dead: 0
66  7.34414   0.299947    1.52267   5.43759 	Dead: 0
67  7.12526   0.265765    1.34915   5.43759 	Dead: 0
68  7.21415   0.270443    1.3729    5.43759 	Dead: 0
69  7.22518   0.27477     1.39486   5.43759 	Dead: 0
70  7.14416   0.262577    1.33296   5.43759 	Dead: 0
71  7.23715   0.303091    1.53863   5.43759 	Dead: 0
72  7.05615   0.262539    1.33277   5.43759 	Dead: 0
73  7.1237    0.27383     1.39009   5.43759 	Dead: 0
74  7.15967   0.261943    1.32975   5.43759 	Dead: 0
75  7.18441   0.278452    1.41355   5.43759 	Dead: 0
76  7.10332   0.27432     1.39258   5.43759 	Dead: 0
77  7.15941   0.2707      1.3742    5.43759 	Dead: 0
78  7.2174    0.27814     1.41197   5.43759 	Dead: 0
79  7.16701   0.275503    1.39858   5.43759 	Dead: 0
80  7.02715   0.253028    1.28449   5.43759 	Dead: 0
81  7.22664   0.292674    1.48575   5.43759 	Dead: 0
82  7.15699   0.277669    1.40958   5.43759 	Dead: 0
83  7.23528   0.29685     1.50695   5.43759 	Dead: 0
84  7.29898   0.296725    1.50632   5.43759 	Dead: 0
85  7.12407   0.274927    1.39566   5.43759 	Dead: 0
86  7.28368   0.288421    1.46416   5.43759 	Dead: 0
87  7.09389   0.259359    1.31662   5.43759 	Dead: 0
88  6.99909   0.251117    1.27479   5.43759 	Dead: 0
89  7.10516   0.266024    1.35046   5.43759 	Dead: 0
90  7.21494   0.287372    1.45884   5.43759 	Dead: 0
91  7.25917   0.273848    1.39018   5.43759 	Dead: 0
92  7.11892   0.279977    1.42129   5.43759 	Dead: 0
93  7.15234   0.296678    1.50608   5.43759 	Dead: 0
94  7.07088   0.279497    1.41886   5.43759 	Dead: 0
95  7.11643   0.296763    1.50651   5.43759 	Dead: 0
96  7.0275    0.278725    1.41494   5.43759 	Dead: 0
97  7.08811   0.269247    1.36682   5.43759 	Dead: 0
98  7.16281   0.298383    1.51473   5.43759 	Dead: 0
99  7.16806   0.287594    1.45996   5.43759 	Dead: 0
100 7.05799   0.260442    1.32212   5.43759 	Dead: 0
