4.7304    0.125202    0.635584  3.66571 	Dead: 0
3.49052   0.0476535   0.241911  2.98782 	Dead: 0
3.10587   0.0442757   0.224764  2.56915 	Dead: 0
2.99202   0.0428365   0.217458  2.56915 	Dead: 0
2.95391   0.042343    0.214953  2.56604 	Dead: 0
2.94472   0.0465909   0.236517  2.56604 	Dead: 0
2.86869   0.0416411   0.21139   2.54351 	Dead: 0
2.86244   0.0426824   0.216676  2.54351 	Dead: 0
2.83051   0.0430539   0.218561  2.54351 	Dead: 0
2.86183   0.0523294   0.265648  2.50925 	Dead: 0
2.83444   0.0518174   0.263049  2.39232 	Dead: 0
2.79522   0.0448445   0.227652  2.39232 	Dead: 0
2.75203   0.0432764   0.219691  2.39232 	Dead: 0
2.7395    0.0418124   0.212259  2.39232 	Dead: 0
2.70329   0.041888    0.212643  2.39232 	Dead: 0
2.6595    0.0413515   0.209919  2.30511 	Dead: 0
2.63853   0.0389947   0.197955  2.30511 	Dead: 0
2.64727   0.0412772   0.209542  2.30511 	Dead: 0
2.61969   0.0444535   0.225667  2.30511 	Dead: 0
2.58568   0.0398503   0.202299  2.2875  	Dead: 0
2.60497   0.04206     0.213516  2.2875  	Dead: 0
2.58628   0.0414383   0.21036   2.25098 	Dead: 0
2.55924   0.0370048   0.187854  2.25098 	Dead: 0
2.61197   0.0459178   0.2331    2.25098 	Dead: 0
2.58071   0.03916     0.198795  2.25098 	Dead: 0
2.5966    0.0428849   0.217704  2.25098 	Dead: 0
2.53757   0.0360973   0.183247  2.25098 	Dead: 0
2.57137   0.0440575   0.223656  2.23068 	Dead: 0
2.5665    0.0426753   0.21664   2.23068 	Dead: 0
2.57506   0.0449412   0.228142  2.23068 	Dead: 0
2.54501   0.0393235   0.199624  2.23068 	Dead: 0
2.53956   0.0392094   0.199045  2.23068 	Dead: 0
2.54998   0.0457622   0.23231   2.23068 	Dead: 0
2.53265   0.0413354   0.209838  2.22205 	Dead: 0
2.52113   0.0398806   0.202452  2.22205 	Dead: 0
2.51598   0.038815    0.197043  2.22205 	Dead: 0
2.55265   0.0543682   0.275998  2.22205 	Dead: 0
2.53118   0.0439753   0.223239  2.22205 	Dead: 0
2.51899   0.0404815   0.205503  2.22205 	Dead: 0
2.50285   0.0388486   0.197214  2.18649 	Dead: 0
2.52112   0.0455264   0.231113  2.18649 	Dead: 0
2.51449   0.0429398   0.217983  2.18649 	Dead: 0
2.47785   0.0369022   0.187333  2.18649 	Dead: 0
2.50062   0.0420829   0.213633  2.17209 	Dead: 0
2.50722   0.0446479   0.226653  2.17209 	Dead: 0
2.50874   0.0398413   0.202253  2.17209 	Dead: 0
2.49191   0.0396805   0.201437  2.16372 	Dead: 0
2.51055   0.0486251   0.246844  2.16372 	Dead: 0
2.51477   0.0426681   0.216603  2.16372 	Dead: 0
2.50498   0.041262    0.209465  2.16372 	Dead: 0
2.50091   0.0451815   0.229363  2.16372 	Dead: 0
2.46972   0.0398982   0.202542  2.14653 	Dead: 0
2.47049   0.0391662   0.198826  2.14653 	Dead: 0
2.47276   0.0391268   0.198626  2.14653 	Dead: 0
2.45442   0.0396668   0.201367  2.14516 	Dead: 0
2.49248   0.045055    0.22872   2.14516 	Dead: 0
2.48591   0.044686    0.226847  2.12306 	Dead: 0
2.46959   0.0443309   0.225044  2.12306 	Dead: 0
2.44723   0.03757     0.190723  2.12306 	Dead: 0
2.44544   0.0435918   0.221292  2.12306 	Dead: 0
2.45413   0.0413454   0.209889  2.12306 	Dead: 0
2.41915   0.0383763   0.194816  2.12306 	Dead: 0
2.43604   0.0389065   0.197507  2.12306 	Dead: 0
2.42009   0.0382391   0.194119  2.12306 	Dead: 0
2.44221   0.0434676   0.220662  2.12306 	Dead: 0
2.40187   0.0396383   0.201222  2.08219 	Dead: 0
2.40059   0.0403605   0.204889  2.08219 	Dead: 0
2.43743   0.0434256   0.220449  2.08219 	Dead: 0
2.43331   0.0428664   0.21761   2.08219 	Dead: 0
2.42816   0.0393391   0.199703  2.08219 	Dead: 0
2.40764   0.0388827   0.197387  2.08219 	Dead: 0
2.43223   0.0417522   0.211954  2.08219 	Dead: 0
2.44397   0.0476148   0.241715  2.08219 	Dead: 0
2.40915   0.0412942   0.209628  2.08219 	Dead: 0
2.40106   0.039297    0.19949   2.08219 	Dead: 0
2.38048   0.0418186   0.212291  2.08219 	Dead: 0
2.38965   0.0386177   0.196041  2.08219 	Dead: 0
2.38265   0.0410514   0.208396  2.08219 	Dead: 0
2.36454   0.0326647   0.165822  2.07316 	Dead: 0
2.38877   0.0417298   0.21184   2.07316 	Dead: 0
2.3635    0.0391883   0.198938  2.07316 	Dead: 0
2.40207   0.0465223   0.236169  2.07316 	Dead: 0
2.38767   0.0412406   0.209356  2.0668  	Dead: 0
2.40209   0.0429125   0.217844  2.0668  	Dead: 0
2.35739   0.0390041   0.198003  2.0668  	Dead: 0
2.39      0.0418191   0.212293  2.0668  	Dead: 0
2.34344   0.0363672   0.184617  2.0668  	Dead: 0
2.35629   0.0350277   0.177817  2.0668  	Dead: 0
2.37351   0.0411438   0.208865  2.0668  	Dead: 0
2.37444   0.0392323   0.199161  2.0668  	Dead: 0
2.3763    0.0417678   0.212033  2.0668  	Dead: 0
2.39969   0.0490659   0.249081  2.0668  	Dead: 0
2.36323   0.0398614   0.202355  2.03777 	Dead: 0
2.36823   0.0412748   0.20953   2.03777 	Dead: 0
2.36349   0.0404555   0.205371  2.03777 	Dead: 0
2.3402    0.0378258   0.192021  2.03777 	Dead: 0
2.363     0.0377804   0.191791  2.03777 	Dead: 0
2.36527   0.0438407   0.222556  2.03777 	Dead: 0
2.34601   0.0386321   0.196114  2.03777 	Dead: 0
2.3568    0.0387422   0.196673  2.03777 	Dead: 0
2.37077   0.0415636   0.210996  2.03777 	Dead: 0
