6.53347   0.107021    0.54329   5.47138 	Dead: 0
5.29591   0.0448681   0.227771  4.9856  	Dead: 0
5.16413   0.0432167   0.219388  4.77593 	Dead: 0
5.11062   0.041113    0.208709  4.77593 	Dead: 0
5.13655   0.0521219   0.264595  4.77593 	Dead: 0
5.1022    0.0438221   0.222461  4.77593 	Dead: 0
5.10172   0.049055    0.249026  4.74889 	Dead: 0
5.05109   0.0362635   0.18409   4.74889 	Dead: 0
5.0596    0.0453001   0.229964  4.74889 	Dead: 0
5.04165   0.04431     0.224938  4.70325 	Dead: 0
5.03112   0.0440256   0.223495  4.70325 	Dead: 0
5.0212    0.0388912   0.19743   4.70325 	Dead: 0
5.02091   0.0420155   0.213291  4.70325 	Dead: 0
4.99541   0.0384775   0.19533   4.70325 	Dead: 0
5.01745   0.0435281   0.220969  4.64372 	Dead: 0
5.00739   0.0439576   0.223149  4.64372 	Dead: 0
4.99219   0.0421987   0.21422   4.64372 	Dead: 0
4.99017   0.0415649   0.211003  4.64372 	Dead: 0
4.98509   0.0428248   0.217399  4.60412 	Dead: 0
4.9577    0.0399771   0.202942  4.60412 	Dead: 0
4.97712   0.0450914   0.228905  4.60412 	Dead: 0
5.001     0.0441196   0.223972  4.60412 	Dead: 0
4.97927   0.0442712   0.224741  4.60412 	Dead: 0
4.98574   0.0454755   0.230855  4.60412 	Dead: 0
4.99093   0.0456791   0.231888  4.60412 	Dead: 0
4.96412   0.0427988   0.217267  4.60412 	Dead: 0
4.98141   0.0456926   0.231957  4.60412 	Dead: 0
4.97203   0.0433801   0.220218  4.60189 	Dead: 0
4.96487   0.044158    0.224166  4.60189 	Dead: 0
4.93432   0.0400749   0.203439  4.60189 	Dead: 0
4.97891   0.0465341   0.236229  4.60189 	Dead: 0
4.97805   0.0466025   0.236576  4.60189 	Dead: 0
5.00133   0.0507689   0.257726  4.56146 	Dead: 0
4.98363   0.0488077   0.247771  4.56146 	Dead: 0
4.96772   0.0479025   0.243176  4.56146 	Dead: 0
4.97083   0.0480944   0.24415   4.56146 	Dead: 0
4.96217   0.0415175   0.210762  4.56146 	Dead: 0
4.96126   0.0432236   0.219423  4.56146 	Dead: 0
4.96297   0.0448524   0.227692  4.56146 	Dead: 0
4.97586   0.0457956   0.23248   4.56146 	Dead: 0
4.961     0.0431424   0.219011  4.56146 	Dead: 0
4.98292   0.0487775   0.247617  4.56146 	Dead: 0
4.95241   0.044909    0.227979  4.56146 	Dead: 0
4.96539   0.0428522   0.217538  4.56146 	Dead: 0
4.96224   0.0458421   0.232716  4.56146 	Dead: 0
4.97613   0.0451323   0.229112  4.56146 	Dead: 0
4.963     0.0479705   0.24352   4.56146 	Dead: 0
4.96126   0.0449691   0.228284  4.56146 	Dead: 0
4.96616   0.0487448   0.247452  4.56146 	Dead: 0
4.98248   0.0475255   0.241261  4.56146 	Dead: 0
4.94224   0.0452762   0.229843  4.56146 	Dead: 0
4.97599   0.0510744   0.259278  4.56146 	Dead: 0
4.9559    0.0461601   0.23433   4.56146 	Dead: 0
4.98232   0.0491837   0.249679  4.56146 	Dead: 0
4.95547   0.0471306   0.239257  4.56146 	Dead: 0
4.96829   0.0455777   0.231373  4.56146 	Dead: 0
4.97397   0.0449307   0.228089  4.56146 	Dead: 0
4.96883   0.0441586   0.22417   4.56146 	Dead: 0
4.93692   0.0474989   0.241127  4.56146 	Dead: 0
4.95327   0.0441072   0.223909  4.56146 	Dead: 0
4.95603   0.0466863   0.237002  4.54052 	Dead: 0
4.9578    0.0469521   0.238351  4.54052 	Dead: 0
4.94669   0.0478114   0.242713  4.54052 	Dead: 0
4.97295   0.0539371   0.27381   4.54052 	Dead: 0
4.95838   0.0476747   0.242019  4.54052 	Dead: 0
4.92579   0.0448343   0.2276    4.54052 	Dead: 0
4.94342   0.0469664   0.238423  4.54052 	Dead: 0
4.96809   0.0473694   0.240469  4.54052 	Dead: 0
4.93465   0.044598    0.2264    4.54052 	Dead: 0
4.97068   0.0482254   0.244815  4.54052 	Dead: 0
4.93545   0.0450696   0.228794  4.54052 	Dead: 0
4.9333    0.0444756   0.225779  4.54052 	Dead: 0
4.92747   0.0474652   0.240956  4.54052 	Dead: 0
4.92562   0.0431715   0.219159  4.54052 	Dead: 0
4.92234   0.0470263   0.238728  4.54052 	Dead: 0
4.93989   0.0503311   0.255504  4.54052 	Dead: 0
4.93654   0.0478446   0.242882  4.54052 	Dead: 0
4.94394   0.049963    0.253636  4.54052 	Dead: 0
4.92029   0.0419004   0.212706  4.54052 	Dead: 0
4.91636   0.0434319   0.22048   4.54052 	Dead: 0
4.93525   0.0477548   0.242426  4.54052 	Dead: 0
4.93202   0.0496916   0.252258  4.54052 	Dead: 0
4.91097   0.0429084   0.217823  4.54052 	Dead: 0
4.90893   0.0424579   0.215536  4.54052 	Dead: 0
4.93266   0.0460161   0.233599  4.54052 	Dead: 0
4.93264   0.0492006   0.249765  4.54052 	Dead: 0
4.9297    0.0445405   0.226108  4.54052 	Dead: 0
4.92881   0.0439673   0.223198  4.54052 	Dead: 0
4.91191   0.0422733   0.214599  4.54052 	Dead: 0
4.91942   0.0430835   0.218712  4.54052 	Dead: 0
4.93292   0.0471913   0.239565  4.54052 	Dead: 0
4.94342   0.0463876   0.235485  4.54052 	Dead: 0
4.93169   0.0457909   0.232456  4.54052 	Dead: 0
4.90192   0.0398963   0.202532  4.54052 	Dead: 0
4.90063   0.0454704   0.230829  4.54052 	Dead: 0
4.91897   0.0469651   0.238417  4.54052 	Dead: 0
4.94586   0.0508389   0.258082  4.54052 	Dead: 0
4.93207   0.0506138   0.256939  4.54052 	Dead: 0
4.9375    0.0454121   0.230533  4.54052 	Dead: 0
4.8935    0.0433989   0.220313  4.54052 	Dead: 0
4.91005   0.0493017   0.250279  4.54052 	Dead: 0
