6.58273   0.0961677   0.488192  5.29656 	Dead: 0
5.48656   0.0682544   0.346491  4.80956 	Dead: 0
5.3591    0.0714157   0.362539  4.80956 	Dead: 0
5.2911    0.0674111   0.34221   4.80956 	Dead: 0
5.09235   0.0568019   0.288353  4.75247 	Dead: 0
5.0142    0.0515049   0.261463  4.71145 	Dead: 0
4.97072   0.0409569   0.207916  4.67474 	Dead: 0
4.9246    0.0383962   0.194917  4.67474 	Dead: 0
4.95688   0.0509227   0.258508  4.6214  	Dead: 0
4.92028   0.0398986   0.202544  4.6214  	Dead: 0
4.91328   0.0421849   0.21415   4.6214  	Dead: 0
4.91539   0.0455513   0.23124   4.6214  	Dead: 0
4.93982   0.0483082   0.245235  4.59007 	Dead: 0
4.91407   0.048918    0.248331  4.59007 	Dead: 0
4.87009   0.0395522   0.200786  4.59007 	Dead: 0
4.92422   0.0487348   0.2474    4.59007 	Dead: 0
4.90957   0.0535753   0.271973  4.59007 	Dead: 0
4.9009    0.0472783   0.240007  4.59007 	Dead: 0
4.92274   0.0570291   0.289506  4.56856 	Dead: 0
4.91637   0.0509098   0.258442  4.50759 	Dead: 0
4.91241   0.0545384   0.276863  4.50759 	Dead: 0
4.90185   0.0462812   0.234945  4.50759 	Dead: 0
4.89875   0.0476343   0.241814  4.50759 	Dead: 0
4.8659    0.0480357   0.243851  4.50759 	Dead: 0
4.88656   0.0546171   0.277262  4.50759 	Dead: 0
4.91116   0.0565867   0.28726   4.50759 	Dead: 0
4.85161   0.0496063   0.251825  4.50759 	Dead: 0
4.87668   0.0499491   0.253565  4.50759 	Dead: 0
4.87273   0.0528644   0.268364  4.50759 	Dead: 0
4.87633   0.0506012   0.256875  4.50759 	Dead: 0
4.82659   0.0423006   0.214738  4.50759 	Dead: 0
4.84299   0.0475993   0.241636  4.50759 	Dead: 0
4.82442   0.0419313   0.212863  4.50511 	Dead: 0
4.86741   0.0465262   0.236189  4.50511 	Dead: 0
4.79676   0.0386068   0.195986  4.50511 	Dead: 0
4.82279   0.0464807   0.235958  4.47658 	Dead: 0
4.82025   0.049521    0.251392  4.47658 	Dead: 0
4.80324   0.0418729   0.212567  4.47658 	Dead: 0
4.81597   0.0412896   0.209605  4.47658 	Dead: 0
4.8131    0.0459521   0.233274  4.47658 	Dead: 0
4.79135   0.0409764   0.208015  4.47658 	Dead: 0
4.78849   0.0362071   0.183804  4.47658 	Dead: 0
4.80928   0.0437286   0.221987  4.47658 	Dead: 0
4.79409   0.042496    0.21573   4.47658 	Dead: 0
4.78735   0.0446239   0.226532  4.4386  	Dead: 0
4.75444   0.0399103   0.202603  4.4386  	Dead: 0
4.80543   0.0467093   0.237118  4.4386  	Dead: 0
4.7797    0.0387629   0.196779  4.4386  	Dead: 0
4.80854   0.0454068   0.230506  4.4386  	Dead: 0
4.79251   0.0441579   0.224166  4.4386  	Dead: 0
4.78431   0.0436516   0.221596  4.4386  	Dead: 0
4.79185   0.0431941   0.219273  4.4386  	Dead: 0
4.79346   0.0488502   0.247987  4.4386  	Dead: 0
4.75426   0.0396872   0.201471  4.4386  	Dead: 0
4.80883   0.045286    0.229893  4.4386  	Dead: 0
4.78559   0.0429001   0.217781  4.4386  	Dead: 0
4.79748   0.0454442   0.230696  4.4386  	Dead: 0
4.81705   0.0518533   0.263232  4.4386  	Dead: 0
4.81839   0.0526201   0.267124  4.4386  	Dead: 0
4.78798   0.0504536   0.256126  4.4386  	Dead: 0
4.80262   0.0490505   0.249003  4.42702 	Dead: 0
4.8083    0.0449983   0.228432  4.42702 	Dead: 0
4.77807   0.0462372   0.234721  4.39645 	Dead: 0
4.78213   0.0479977   0.243659  4.39645 	Dead: 0
4.76664   0.0420849   0.213643  4.39645 	Dead: 0
4.81212   0.0506837   0.257294  4.39645 	Dead: 0
4.78401   0.0466836   0.236988  4.39645 	Dead: 0
4.77916   0.0443827   0.225307  4.39645 	Dead: 0
4.77288   0.0444461   0.225629  4.39645 	Dead: 0
4.78823   0.0485867   0.246649  4.39645 	Dead: 0
4.78169   0.0458775   0.232896  4.39645 	Dead: 0
4.76467   0.0424328   0.215409  4.39645 	Dead: 0
4.78659   0.0503034   0.255364  4.39645 	Dead: 0
4.80493   0.0499479   0.253559  4.39645 	Dead: 0
4.81296   0.0482825   0.245104  4.39645 	Dead: 0
4.78549   0.0444183   0.225488  4.39645 	Dead: 0
4.75293   0.041599    0.211176  4.39645 	Dead: 0
4.79161   0.05781     0.293471  4.39645 	Dead: 0
4.7555    0.0470967   0.239085  4.39645 	Dead: 0
4.74929   0.0427639   0.217089  4.39645 	Dead: 0
4.76884   0.0443556   0.22517   4.39645 	Dead: 0
4.74891   0.0401097   0.203616  4.39645 	Dead: 0
4.74154   0.0389533   0.197745  4.39645 	Dead: 0
4.76617   0.0446789   0.226811  4.39645 	Dead: 0
4.72705   0.0417221   0.211801  4.39645 	Dead: 0
4.74822   0.0463695   0.235393  4.39645 	Dead: 0
4.73049   0.0409643   0.207954  4.39645 	Dead: 0
4.71799   0.0375887   0.190818  4.39645 	Dead: 0
4.72333   0.0423069   0.21477   4.39645 	Dead: 0
4.73794   0.0427147   0.21684   4.39645 	Dead: 0
4.74274   0.0424083   0.215284  4.39645 	Dead: 0
4.78341   0.0508977   0.25838   4.39645 	Dead: 0
4.73504   0.0445655   0.226235  4.39645 	Dead: 0
4.75062   0.0446058   0.22644   4.39645 	Dead: 0
4.74168   0.0453802   0.230371  4.39645 	Dead: 0
4.74881   0.0461446   0.234252  4.39645 	Dead: 0
4.70437   0.0385874   0.195888  4.39645 	Dead: 0
4.71966   0.0402395   0.204274  4.39645 	Dead: 0
4.74905   0.0490709   0.249107  4.39645 	Dead: 0
4.71018   0.0416997   0.211687  4.39645 	Dead: 0
4.71664   0.0428917   0.217739  4.39645 	Dead: 0
