6.43053   0.0869154   0.441223  5.33992 	Dead: 0
5.22008   0.0395234   0.200639  4.923   	Dead: 0
5.01875   0.0360068   0.182787  4.73328 	Dead: 0
5.01315   0.0414615   0.210478  4.7076  	Dead: 0
5.01339   0.0492197   0.249862  4.7076  	Dead: 0
4.96148   0.0384146   0.19501   4.69232 	Dead: 0
4.99622   0.047349    0.240366  4.67364 	Dead: 0
4.9884    0.0449184   0.228027  4.67364 	Dead: 0
4.95708   0.0432048   0.219328  4.60529 	Dead: 0
4.95578   0.0391245   0.198614  4.60529 	Dead: 0
4.96005   0.0449229   0.22805   4.60529 	Dead: 0
4.96277   0.0461504   0.234281  4.55149 	Dead: 0
4.91457   0.0405805   0.206006  4.55149 	Dead: 0
4.95016   0.0506944   0.257349  4.55149 	Dead: 0
4.92355   0.0439135   0.222925  4.55149 	Dead: 0
4.94012   0.0433936   0.220286  4.55149 	Dead: 0
4.92212   0.0437422   0.222056  4.55149 	Dead: 0
4.88122   0.0400783   0.203456  4.55149 	Dead: 0
4.89563   0.0452655   0.229789  4.55149 	Dead: 0
4.90746   0.0437609   0.222151  4.50635 	Dead: 0
4.87848   0.0442768   0.22477   4.50635 	Dead: 0
4.87447   0.0434152   0.220396  4.50635 	Dead: 0
4.87453   0.0412736   0.209524  4.50635 	Dead: 0
4.88967   0.043681    0.221745  4.50635 	Dead: 0
4.89715   0.0468681   0.237924  4.50635 	Dead: 0
4.89724   0.0525393   0.266714  4.50635 	Dead: 0
4.89196   0.0463095   0.235089  4.50635 	Dead: 0
4.87049   0.045152    0.229213  4.50635 	Dead: 0
4.87464   0.0464763   0.235935  4.50635 	Dead: 0
4.87628   0.0496159   0.251873  4.50635 	Dead: 0
4.90868   0.0481301   0.244331  4.50635 	Dead: 0
4.88405   0.0449502   0.228188  4.50635 	Dead: 0
4.9041    0.0519511   0.263728  4.50635 	Dead: 0
4.87268   0.0471033   0.239118  4.50189 	Dead: 0
4.87795   0.0511609   0.259717  4.47109 	Dead: 0
4.86368   0.0519146   0.263543  4.47109 	Dead: 0
4.84592   0.0433738   0.220185  4.47109 	Dead: 0
4.85368   0.0452508   0.229714  4.47109 	Dead: 0
4.87334   0.0517285   0.262598  4.47109 	Dead: 0
4.85515   0.0411787   0.209042  4.47109 	Dead: 0
4.86452   0.043075    0.218669  4.47109 	Dead: 0
4.86394   0.0506335   0.257039  4.47109 	Dead: 0
4.87061   0.0473529   0.240385  4.47109 	Dead: 0
4.84884   0.0434112   0.220375  4.47109 	Dead: 0
4.87874   0.0471673   0.239443  4.47109 	Dead: 0
4.8805    0.0469594   0.238388  4.47109 	Dead: 0
4.87743   0.0451579   0.229242  4.47109 	Dead: 0
4.8713    0.0480546   0.243948  4.47109 	Dead: 0
4.87694   0.0466919   0.23703   4.47109 	Dead: 0
4.86762   0.0446342   0.226584  4.47109 	Dead: 0
4.85682   0.0472266   0.239744  4.47109 	Dead: 0
4.898     0.0515308   0.261594  4.47109 	Dead: 0
4.83691   0.0412776   0.209544  4.47109 	Dead: 0
4.85038   0.0481323   0.244342  4.47109 	Dead: 0
4.85916   0.048       0.24367   4.47109 	Dead: 0
4.84695   0.0417324   0.211853  4.47109 	Dead: 0
4.87365   0.048387    0.245635  4.47109 	Dead: 0
4.89692   0.0543054   0.27568   4.47109 	Dead: 0
4.85573   0.0482531   0.244955  4.47109 	Dead: 0
4.86209   0.0463775   0.235434  4.47109 	Dead: 0
4.86364   0.0537609   0.272915  4.47109 	Dead: 0
4.8411    0.0466428   0.23678   4.47109 	Dead: 0
4.85206   0.0499158   0.253396  4.47109 	Dead: 0
4.88003   0.0528324   0.268202  4.47109 	Dead: 0
4.85079   0.0437484   0.222087  4.47109 	Dead: 0
4.86159   0.049742    0.252514  4.47109 	Dead: 0
4.86064   0.050032    0.253986  4.47109 	Dead: 0
4.8418    0.0495994   0.25179   4.44332 	Dead: 0
4.86687   0.0554374   0.281426  4.44332 	Dead: 0
4.88212   0.0506094   0.256917  4.44332 	Dead: 0
4.85113   0.049178    0.24965   4.44332 	Dead: 0
4.84876   0.0472076   0.239648  4.44332 	Dead: 0
4.8619    0.0477075   0.242186  4.44332 	Dead: 0
4.84869   0.0502293   0.254987  4.44332 	Dead: 0
4.88864   0.0504317   0.256015  4.44332 	Dead: 0
4.84469   0.0479216   0.243272  4.44332 	Dead: 0
4.88597   0.0602732   0.305975  4.44332 	Dead: 0
4.87901   0.0479752   0.243544  4.44332 	Dead: 0
4.87863   0.0521059   0.264514  4.44332 	Dead: 0
4.84537   0.0465019   0.236065  4.44332 	Dead: 0
4.83345   0.0446307   0.226566  4.44332 	Dead: 0
4.84253   0.0428248   0.217399  4.44332 	Dead: 0
4.86617   0.0494019   0.250787  4.44332 	Dead: 0
4.87805   0.0479394   0.243363  4.44332 	Dead: 0
4.85796   0.0488552   0.248012  4.44332 	Dead: 0
4.85612   0.0476611   0.24195   4.44332 	Dead: 0
4.83867   0.0468657   0.237912  4.44332 	Dead: 0
4.85882   0.0476006   0.241643  4.44332 	Dead: 0
4.82426   0.0454837   0.230896  4.44332 	Dead: 0
4.84336   0.0481227   0.244293  4.44332 	Dead: 0
4.84471   0.0506528   0.257137  4.44332 	Dead: 0
4.84302   0.0561948   0.285271  4.44332 	Dead: 0
4.83421   0.0480896   0.244125  4.44332 	Dead: 0
4.87031   0.0483594   0.245495  4.42395 	Dead: 0
4.84282   0.0465289   0.236203  4.42395 	Dead: 0
4.8547    0.0484127   0.245765  4.42395 	Dead: 0
4.83693   0.0495063   0.251317  4.42395 	Dead: 0
4.83567   0.0490068   0.248781  4.42395 	Dead: 0
4.85881   0.0534914   0.271547  4.42395 	Dead: 0
4.835     0.044799    0.227421  4.42395 	Dead: 0
4.84739   0.0535208   0.271697  4.42395 	Dead: 0
