6.48428   0.0847826   0.430396  5.53855 	Dead: 0
5.18263   0.0382301   0.194074  4.76837 	Dead: 0
5.09348   0.0436149   0.221409  4.76837 	Dead: 0
5.07149   0.0382908   0.194382  4.70888 	Dead: 0
5.05486   0.0412764   0.209538  4.70888 	Dead: 0
5.02634   0.0412302   0.209304  4.70888 	Dead: 0
5.05054   0.0479429   0.24338   4.69238 	Dead: 0
5.00629   0.0410965   0.208625  4.67565 	Dead: 0
4.97523   0.0414006   0.210169  4.67565 	Dead: 0
4.98984   0.0428603   0.217579  4.67565 	Dead: 0
4.95548   0.0410468   0.208373  4.67565 	Dead: 0
4.96483   0.0426345   0.216432  4.67177 	Dead: 0
4.96227   0.0413803   0.210066  4.67177 	Dead: 0
4.96161   0.0431827   0.219215  4.67177 	Dead: 0
4.95097   0.0384402   0.195141  4.67177 	Dead: 0
4.9387    0.0397696   0.201889  4.65913 	Dead: 0
4.97976   0.0475947   0.241613  4.63933 	Dead: 0
4.95961   0.0427448   0.216992  4.63933 	Dead: 0
4.94523   0.0472658   0.239943  4.63933 	Dead: 0
4.93195   0.0432733   0.219676  4.54203 	Dead: 0
4.94341   0.044776    0.227304  4.54203 	Dead: 0
4.91129   0.041728    0.211831  4.54203 	Dead: 0
4.95146   0.0483056   0.245222  4.54203 	Dead: 0
4.90279   0.0435673   0.221168  4.54203 	Dead: 0
4.91969   0.0454885   0.230921  4.54203 	Dead: 0
4.93302   0.0442406   0.224586  4.54203 	Dead: 0
4.90091   0.0398311   0.202201  4.54203 	Dead: 0
4.88077   0.0377868   0.191824  4.54203 	Dead: 0
4.90868   0.0479224   0.243277  4.54203 	Dead: 0
4.89626   0.0464167   0.235633  4.53808 	Dead: 0
4.86444   0.0443257   0.225018  4.53808 	Dead: 0
4.8934    0.0476932   0.242113  4.53808 	Dead: 0
4.8723    0.0473028   0.240131  4.52439 	Dead: 0
4.87051   0.0465441   0.23628   4.52439 	Dead: 0
4.87524   0.04444     0.225598  4.52439 	Dead: 0
4.85531   0.0453222   0.230076  4.52439 	Dead: 0
4.88959   0.0495041   0.251306  4.52439 	Dead: 0
4.84823   0.043331    0.219969  4.52439 	Dead: 0
4.86851   0.0449775   0.228327  4.52439 	Dead: 0
4.86949   0.0459776   0.233404  4.52439 	Dead: 0
4.86655   0.0440688   0.223714  4.52439 	Dead: 0
4.85872   0.0461937   0.234501  4.52439 	Dead: 0
4.85729   0.0422636   0.21455   4.52439 	Dead: 0
4.87208   0.0455704   0.231336  4.52439 	Dead: 0
4.86966   0.0467713   0.237433  4.52439 	Dead: 0
4.86177   0.0455151   0.231056  4.52439 	Dead: 0
4.86278   0.0443815   0.225301  4.52439 	Dead: 0
4.86229   0.0468169   0.237665  4.52439 	Dead: 0
4.84663   0.0435363   0.221011  4.52439 	Dead: 0
4.85053   0.0453619   0.230278  4.52439 	Dead: 0
4.83591   0.04361     0.221385  4.52439 	Dead: 0
4.86179   0.0461538   0.234298  4.52439 	Dead: 0
4.84231   0.0418006   0.2122    4.52439 	Dead: 0
4.8498    0.044071    0.223725  4.52439 	Dead: 0
4.86688   0.0442395   0.22458   4.52439 	Dead: 0
4.837     0.0422617   0.21454   4.52439 	Dead: 0
4.84171   0.0414906   0.210626  4.52439 	Dead: 0
4.84065   0.0427732   0.217137  4.52439 	Dead: 0
4.84907   0.0451065   0.228982  4.52439 	Dead: 0
4.85292   0.0429735   0.218154  4.52439 	Dead: 0
4.8371    0.0423832   0.215157  4.52439 	Dead: 0
4.81954   0.042264    0.214552  4.52439 	Dead: 0
4.85938   0.0443908   0.225349  4.52439 	Dead: 0
4.85158   0.0452361   0.229639  4.52439 	Dead: 0
4.83097   0.0406906   0.206565  4.51108 	Dead: 0
4.85903   0.0442116   0.224438  4.51108 	Dead: 0
4.8239    0.0399712   0.202912  4.51108 	Dead: 0
4.84472   0.0441      0.223872  4.51108 	Dead: 0
4.84405   0.0431738   0.21917   4.51108 	Dead: 0
4.83437   0.0438512   0.222609  4.47086 	Dead: 0
4.88694   0.0487342   0.247398  4.47086 	Dead: 0
4.83042   0.0419021   0.212715  4.47086 	Dead: 0
4.82065   0.0389975   0.197969  4.47086 	Dead: 0
4.8706    0.0486418   0.246928  4.47086 	Dead: 0
4.82522   0.0441868   0.224313  4.47086 	Dead: 0
4.82675   0.0428898   0.217729  4.47086 	Dead: 0
4.85613   0.0468768   0.237968  4.47086 	Dead: 0
4.86345   0.0483388   0.24539   4.47086 	Dead: 0
4.856     0.046727    0.237208  4.47086 	Dead: 0
4.84512   0.046113    0.234091  4.47086 	Dead: 0
4.85304   0.0452417   0.229668  4.47086 	Dead: 0
4.86331   0.0450803   0.228849  4.47086 	Dead: 0
4.87262   0.0464601   0.235853  4.47086 	Dead: 0
4.83337   0.0415843   0.211101  4.46055 	Dead: 0
4.8504    0.0462459   0.234766  4.46055 	Dead: 0
4.84273   0.0449403   0.228138  4.46055 	Dead: 0
4.84528   0.0484349   0.245878  4.46055 	Dead: 0
4.83317   0.0442176   0.224469  4.46055 	Dead: 0
4.85949   0.0481927   0.244649  4.46055 	Dead: 0
4.85076   0.0454078   0.230511  4.46055 	Dead: 0
4.85361   0.0493909   0.250731  4.46055 	Dead: 0
4.83301   0.0456692   0.231838  4.46055 	Dead: 0
4.83168   0.0422357   0.214408  4.46055 	Dead: 0
4.82611   0.0427135   0.216834  4.46055 	Dead: 0
4.82401   0.0450068   0.228475  4.46055 	Dead: 0
4.83142   0.0456316   0.231647  4.46055 	Dead: 0
4.82199   0.0423167   0.214819  4.46055 	Dead: 0
4.83393   0.0437341   0.222015  4.46055 	Dead: 0
4.8206    0.0425049   0.215775  4.46055 	Dead: 0
4.81991   0.0417115   0.211747  4.46055 	Dead: 0
4.84184   0.0476503   0.241895  4.46055 	Dead: 0
