0   6.20171   0.0648665   0.329293  5.19688 	Dead: 0
1   4.77172   0.0374318   0.190021  4.32027 	Dead: 0
2   4.64748   0.0487746   0.247603  4.20274 	Dead: 0
3   4.59721   0.057002    0.289369  4.20274 	Dead: 0
4   4.5737    0.0566938   0.287804  4.17753 	Dead: 0
5   4.50002   0.0527177   0.26762   4.06715 	Dead: 0
6   4.45294   0.052737    0.267718  4.04021 	Dead: 0
7   4.47281   0.0650992   0.330474  4.04021 	Dead: 0
8   4.43208   0.0603539   0.306385  4.04021 	Dead: 0
9   4.44191   0.0722664   0.366858  3.98325 	Dead: 0
10  4.38587   0.0536948   0.27258   3.98325 	Dead: 0
11  4.40179   0.0662261   0.336195  3.94776 	Dead: 0
12  4.36435   0.0638757   0.324263  3.85184 	Dead: 0
13  4.32584   0.0638655   0.324211  3.77387 	Dead: 0
14  4.3582    0.0701095   0.355908  3.77387 	Dead: 0
15  4.38305   0.0746957   0.37919   3.77387 	Dead: 0
16  4.36611   0.0767543   0.389641  3.77387 	Dead: 0
17  4.33366   0.0760137   0.385881  3.77387 	Dead: 0
18  4.29211   0.0688467   0.349498  3.77387 	Dead: 0
19  4.29981   0.0785751   0.398884  3.74951 	Dead: 0
20  4.27119   0.0857295   0.435203  3.74951 	Dead: 0
21  4.34711   0.0828352   0.42051   3.74951 	Dead: 0
22  4.31085   0.0798209   0.405208  3.74951 	Dead: 0
23  4.27034   0.0821259   0.416909  3.74951 	Dead: 0
24  4.32996   0.0979522   0.497251  3.74951 	Dead: 0
25  4.27969   0.0841943   0.42741   3.74951 	Dead: 0
26  4.26806   0.0811699   0.412056  3.70115 	Dead: 0
27  4.2759    0.0850042   0.431521  3.70115 	Dead: 0
28  4.27999   0.0899508   0.456632  3.70115 	Dead: 0
29  4.2807    0.0881298   0.447388  3.6679  	Dead: 0
30  4.29095   0.0894518   0.454099  3.6679  	Dead: 0
31  4.2589    0.083202    0.422372  3.6679  	Dead: 0
32  4.23492   0.0779623   0.395773  3.6679  	Dead: 0
33  4.3017    0.0943307   0.478866  3.6679  	Dead: 0
34  4.26226   0.0852016   0.432523  3.6679  	Dead: 0
35  4.27695   0.0923502   0.468813  3.6679  	Dead: 0
36  4.24567   0.0815175   0.413821  3.65407 	Dead: 0
37  4.23116   0.0907009   0.46044   3.62655 	Dead: 0
38  4.21477   0.0863893   0.438552  3.61593 	Dead: 0
39  4.21971   0.0876351   0.444876  3.61593 	Dead: 0
40  4.19585   0.0864923   0.439075  3.61593 	Dead: 0
41  4.21376   0.0921721   0.467909  3.61593 	Dead: 0
42  4.1938    0.091605    0.46503   3.61593 	Dead: 0
43  4.20341   0.0975052   0.494982  3.61593 	Dead: 0
44  4.19043   0.0849153   0.43107   3.57631 	Dead: 0
45  4.22713   0.0952538   0.483553  3.57631 	Dead: 0
46  4.16429   0.093212    0.473188  3.57631 	Dead: 0
47  4.13698   0.0971782   0.493322  3.52128 	Dead: 0
48  4.16326   0.0922324   0.468215  3.52128 	Dead: 0
49  4.21024   0.0927766   0.470978  3.52128 	Dead: 0
50  4.20585   0.0968334   0.491571  3.52128 	Dead: 0
51  4.20285   0.0995913   0.505572  3.52128 	Dead: 0
52  4.17921   0.0939486   0.476927  3.52128 	Dead: 0
53  4.14422   0.0919734   0.4669    3.52128 	Dead: 0
54  4.21395   0.0961113   0.487906  3.52128 	Dead: 0
55  4.19459   0.097949    0.497235  3.52128 	Dead: 0
56  4.16963   0.102013    0.517863  3.52128 	Dead: 0
57  4.17791   0.099309    0.504139  3.52128 	Dead: 0
58  4.14494   0.0945838   0.480151  3.52128 	Dead: 0
59  4.1733    0.0880327   0.446895  3.52128 	Dead: 0
60  4.1541    0.0921074   0.46758   3.43188 	Dead: 0
61  4.11277   0.0942184   0.478296  3.43188 	Dead: 0
62  4.06307   0.0860762   0.436963  3.43188 	Dead: 0
63  4.16702   0.0955647   0.485131  3.43188 	Dead: 0
64  4.09209   0.0931576   0.472912  3.43188 	Dead: 0
65  4.09625   0.0830203   0.42145   3.43188 	Dead: 0
66  4.18581   0.101325    0.514372  3.40446 	Dead: 0
67  4.16073   0.106022    0.538215  3.40446 	Dead: 0
68  4.17833   0.100505    0.510209  3.40446 	Dead: 0
69  4.0982    0.103725    0.526558  3.40446 	Dead: 0
70  4.14191   0.103737    0.526618  3.40446 	Dead: 0
71  4.14725   0.107739    0.546931  3.40446 	Dead: 0
72  4.14045   0.104546    0.530726  3.40446 	Dead: 0
73  4.11173   0.103989    0.527899  3.40446 	Dead: 0
74  4.13627   0.097677    0.495854  3.40446 	Dead: 0
75  4.10795   0.0973754   0.494323  3.40446 	Dead: 0
76  4.11541   0.108987    0.553271  3.40446 	Dead: 0
77  4.16168   0.10893     0.552977  3.40446 	Dead: 0
78  4.09718   0.0996715   0.505979  3.40446 	Dead: 0
79  4.09459   0.103855    0.527218  3.40446 	Dead: 0
80  4.11449   0.104506    0.530523  3.40446 	Dead: 0
81  4.14175   0.106624    0.541272  3.40446 	Dead: 0
82  4.10658   0.102974    0.522745  3.40446 	Dead: 0
83  4.00432   0.0904609   0.459222  3.40446 	Dead: 0
84  4.07122   0.115775    0.587727  3.40446 	Dead: 0
85  4.07142   0.0972772   0.493824  3.40446 	Dead: 0
86  4.08897   0.102687    0.521285  3.40446 	Dead: 0
87  4.08993   0.106588    0.541088  3.40446 	Dead: 0
88  4.1091    0.104593    0.530965  3.39864 	Dead: 0
89  4.13938   0.114167    0.579567  3.39864 	Dead: 0
90  4.14429   0.102576    0.520724  3.3947  	Dead: 0
91  4.15162   0.107933    0.547917  3.3947  	Dead: 0
92  4.14319   0.10828     0.549681  3.3947  	Dead: 0
93  4.12285   0.0976057   0.495492  3.3947  	Dead: 0
94  4.15159   0.111829    0.567694  3.3947  	Dead: 0
95  4.14213   0.103457    0.525195  3.3947  	Dead: 0
96  4.20119   0.102612    0.520909  3.3947  	Dead: 0
97  4.12496   0.0985956   0.500517  3.3947  	Dead: 0
98  4.16362   0.104604    0.531017  3.3947  	Dead: 0
99  4.17875   0.0990145   0.502644  3.3947  	Dead: 0
100 4.20319   0.105197    0.534027  3.3947  	Dead: 0
