6.55759   0.043052    0.218552  5.92898 	Dead: 0
6.02745   0.0514108   0.260985  5.56373 	Dead: 0
5.86741   0.0509233   0.25851   5.43148 	Dead: 0
5.76544   0.046572    0.236421  5.38039 	Dead: 0
5.75903   0.0517573   0.262744  5.37975 	Dead: 0
5.71964   0.0562042   0.285319  5.15998 	Dead: 0
5.7079    0.0601646   0.305423  5.04904 	Dead: 0
5.64226   0.0588749   0.298876  5.04904 	Dead: 0
5.61791   0.0545702   0.277024  5.04904 	Dead: 0
5.59298   0.0544221   0.276272  5.04904 	Dead: 0
5.59418   0.061362    0.311502  5.04904 	Dead: 0
5.55326   0.0538426   0.27333   5.04904 	Dead: 0
5.54119   0.0599437   0.304302  5.03769 	Dead: 0
5.47131   0.0555284   0.281888  5.03769 	Dead: 0
5.45639   0.0580098   0.294485  5.03769 	Dead: 0
5.45826   0.0539545   0.273898  5.03769 	Dead: 0
5.44017   0.0554508   0.281494  5.03769 	Dead: 0
5.42091   0.055859    0.283566  4.96565 	Dead: 0
5.44001   0.0634901   0.322306  4.93806 	Dead: 0
5.43471   0.0596779   0.302953  4.93806 	Dead: 0
5.37614   0.0504544   0.25613   4.93806 	Dead: 0
5.3997    0.05449     0.276617  4.93806 	Dead: 0
5.38354   0.0535833   0.272014  4.93806 	Dead: 0
5.37734   0.0586255   0.297611  4.93806 	Dead: 0
5.37997   0.0546236   0.277295  4.93806 	Dead: 0
5.38287   0.0527233   0.267648  4.93806 	Dead: 0
5.33675   0.0512525   0.260182  4.93806 	Dead: 0
5.34806   0.0555976   0.282239  4.93806 	Dead: 0
5.33958   0.0553831   0.28115   4.93806 	Dead: 0
5.37653   0.0579065   0.293961  4.93806 	Dead: 0
5.29494   0.0503364   0.255531  4.93806 	Dead: 0
5.31579   0.0524707   0.266366  4.8383  	Dead: 0
5.31431   0.0508451   0.258114  4.8383  	Dead: 0
5.31424   0.0534348   0.27126   4.8383  	Dead: 0
5.29511   0.0527933   0.268003  4.8383  	Dead: 0
5.28081   0.0544951   0.276642  4.83258 	Dead: 0
5.31643   0.0573141   0.290953  4.83258 	Dead: 0
5.29321   0.0563353   0.285984  4.83258 	Dead: 0
5.31312   0.056824    0.288465  4.83258 	Dead: 0
5.28166   0.0566185   0.287422  4.83258 	Dead: 0
5.28633   0.0563361   0.285988  4.75591 	Dead: 0
5.27172   0.0586563   0.297767  4.75591 	Dead: 0
5.29775   0.0615697   0.312557  4.75591 	Dead: 0
5.29056   0.0565463   0.287055  4.75591 	Dead: 0
5.27256   0.0537296   0.272757  4.75591 	Dead: 0
5.24482   0.0531818   0.269976  4.75591 	Dead: 0
5.2538    0.0526384   0.267217  4.75591 	Dead: 0
5.27135   0.0574126   0.291453  4.75591 	Dead: 0
5.29157   0.0634338   0.32202   4.75591 	Dead: 0
5.26421   0.0555676   0.282087  4.75591 	Dead: 0
5.24587   0.0509141   0.258464  4.75591 	Dead: 0
5.27264   0.0590531   0.299781  4.75591 	Dead: 0
5.2623    0.057919    0.294024  4.75591 	Dead: 0
5.27144   0.0606242   0.307757  4.75591 	Dead: 0
5.2627    0.0546583   0.277471  4.75591 	Dead: 0
5.27617   0.0640177   0.324984  4.75591 	Dead: 0
5.24506   0.0611107   0.310227  4.75591 	Dead: 0
5.23567   0.0620758   0.315126  4.73035 	Dead: 0
5.27239   0.0616825   0.313129  4.73035 	Dead: 0
5.21817   0.0603944   0.30659   4.67037 	Dead: 0
5.17485   0.061979    0.314634  4.64056 	Dead: 0
5.14647   0.0565472   0.28706   4.64056 	Dead: 0
5.16865   0.0591618   0.300333  4.63698 	Dead: 0
5.13611   0.0641599   0.325706  4.63698 	Dead: 0
5.15944   0.0606525   0.3079    4.63698 	Dead: 0
5.10748   0.0634651   0.322178  4.63698 	Dead: 0
5.12406   0.0655099   0.332559  4.63698 	Dead: 0
5.12705   0.0650988   0.330472  4.63698 	Dead: 0
5.11031   0.066481    0.337489  4.63698 	Dead: 0
5.06543   0.0615504   0.312459  4.60421 	Dead: 0
5.08343   0.0617552   0.313498  4.60421 	Dead: 0
5.11666   0.0665338   0.337756  4.60421 	Dead: 0
5.07157   0.0585336   0.297144  4.60421 	Dead: 0
5.13933   0.0713837   0.362377  4.60421 	Dead: 0
5.09825   0.0637529   0.323639  4.60421 	Dead: 0
5.1244    0.06353     0.322508  4.60421 	Dead: 0
5.10521   0.0686658   0.348579  4.60421 	Dead: 0
5.13632   0.0664652   0.337408  4.60421 	Dead: 0
5.07885   0.0640892   0.325347  4.60421 	Dead: 0
5.10003   0.0629907   0.31977   4.60421 	Dead: 0
5.09877   0.0683856   0.347157  4.60421 	Dead: 0
5.05703   0.0590677   0.299855  4.60421 	Dead: 0
5.07845   0.0657137   0.333594  4.57423 	Dead: 0
5.05518   0.0640685   0.325242  4.57423 	Dead: 0
5.10239   0.0659558   0.334822  4.57423 	Dead: 0
5.09455   0.0656153   0.333094  4.57423 	Dead: 0
5.04419   0.0600734   0.304961  4.57423 	Dead: 0
5.10623   0.0649992   0.329966  4.57423 	Dead: 0
5.09018   0.0658828   0.334452  4.57423 	Dead: 0
5.05525   0.0603922   0.306579  4.57423 	Dead: 0
5.06875   0.0597968   0.303557  4.57423 	Dead: 0
5.10058   0.06805     0.345454  4.57423 	Dead: 0
5.09199   0.0669265   0.33975   4.57423 	Dead: 0
5.11033   0.0662602   0.336367  4.57423 	Dead: 0
5.07608   0.0629297   0.319461  4.57378 	Dead: 0
5.05844   0.0595728   0.302419  4.57378 	Dead: 0
5.09977   0.0677341   0.34385   4.57378 	Dead: 0
5.09088   0.0637976   0.323867  4.57378 	Dead: 0
5.04839   0.0595296   0.3022    4.57378 	Dead: 0
5.077     0.0641264   0.325536  4.57378 	Dead: 0
5.08313   0.0658113   0.334089  4.57378 	Dead: 0
