9.56679   0.116256    0.590172  7.32047 	Dead: 0
5.99386   0.0833329   0.423037  5.28227 	Dead: 0
5.28657   0.0964435   0.489592  4.49303 	Dead: 0
4.71478   0.0884458   0.448992  4.02877 	Dead: 0
4.45753   0.075368    0.382603  3.88911 	Dead: 0
4.3314    0.0906879   0.460374  3.50333 	Dead: 0
4.30598   0.10366     0.526224  3.50333 	Dead: 0
4.18942   0.0852502   0.43277   3.50333 	Dead: 0
4.12345   0.0842789   0.427839  3.40655 	Dead: 0
4.06552   0.0873821   0.443592  3.40655 	Dead: 0
4.05046   0.0816142   0.414312  3.40655 	Dead: 0
4.03753   0.0887216   0.450392  3.40655 	Dead: 0
4.0528    0.0810541   0.411468  3.40655 	Dead: 0
3.99864   0.0792364   0.402241  3.38892 	Dead: 0
3.98711   0.0877265   0.44534   3.33087 	Dead: 0
4.02101   0.0958607   0.486634  3.32344 	Dead: 0
3.93164   0.0854736   0.433904  3.32344 	Dead: 0
3.92405   0.0797384   0.404789  3.32344 	Dead: 0
3.92571   0.0851495   0.432259  3.32344 	Dead: 0
3.91953   0.10001     0.507696  3.32344 	Dead: 0
3.91576   0.102005    0.517827  3.32344 	Dead: 0
3.90015   0.0823902   0.418251  3.32344 	Dead: 0
3.87969   0.0805354   0.408835  3.32344 	Dead: 0
3.90932   0.0916901   0.465462  3.32344 	Dead: 0
3.84774   0.0769323   0.390544  3.32344 	Dead: 0
3.87619   0.0832824   0.42278   3.32344 	Dead: 0
3.83277   0.0774983   0.393418  3.32344 	Dead: 0
3.84262   0.0758325   0.384961  3.32344 	Dead: 0
3.92144   0.0929699   0.471958  3.32344 	Dead: 0
3.87151   0.0823442   0.418018  3.32344 	Dead: 0
3.87437   0.0860603   0.436882  3.26679 	Dead: 0
3.89627   0.0891629   0.452633  3.2447  	Dead: 0
3.90355   0.0955496   0.485054  3.2447  	Dead: 0
3.82761   0.0832461   0.422596  3.2447  	Dead: 0
3.89196   0.0811857   0.412137  3.2447  	Dead: 0
3.95237   0.109919    0.557998  3.2447  	Dead: 0
3.82238   0.078497    0.398488  3.2447  	Dead: 0
3.84697   0.0916547   0.465282  3.2447  	Dead: 0
3.88828   0.0855766   0.434427  3.2447  	Dead: 0
3.85928   0.0876823   0.445116  3.2447  	Dead: 0
3.85693   0.0874506   0.44394   3.2447  	Dead: 0
3.85632   0.0858667   0.435899  3.2447  	Dead: 0
3.90072   0.0909678   0.461795  3.2447  	Dead: 0
3.93965   0.0941964   0.478185  3.2447  	Dead: 0
3.90454   0.0913794   0.463884  3.2447  	Dead: 0
3.84195   0.0743673   0.377523  3.2447  	Dead: 0
3.83232   0.0904292   0.459061  3.2447  	Dead: 0
3.87364   0.0914838   0.464414  3.2447  	Dead: 0
3.82425   0.0741299   0.376318  3.2447  	Dead: 0
3.88305   0.0887443   0.450508  3.2447  	Dead: 0
3.83996   0.078474    0.398371  3.2447  	Dead: 0
3.86856   0.0955447   0.485029  3.2447  	Dead: 0
3.82316   0.0827653   0.420155  3.2447  	Dead: 0
3.85212   0.084348    0.42819   3.2447  	Dead: 0
3.80279   0.0802665   0.40747   3.2447  	Dead: 0
3.78096   0.0841637   0.427254  3.19447 	Dead: 0
3.78614   0.0808785   0.410577  3.19447 	Dead: 0
3.83871   0.0862599   0.437896  3.19447 	Dead: 0
3.84209   0.0815052   0.413758  3.19447 	Dead: 0
3.83921   0.0872373   0.442857  3.19447 	Dead: 0
3.79047   0.0787993   0.400022  3.19447 	Dead: 0
3.83539   0.0861278   0.437225  3.19447 	Dead: 0
3.83965   0.0945929   0.480198  3.19447 	Dead: 0
3.7697    0.0790115   0.401099  3.19447 	Dead: 0
3.819     0.0930471   0.47235   3.19447 	Dead: 0
3.73361   0.0753095   0.382306  3.19447 	Dead: 0
3.83977   0.0849568   0.431281  3.19447 	Dead: 0
3.77464   0.0758651   0.385127  3.19447 	Dead: 0
3.90035   0.101502    0.515271  3.19447 	Dead: 0
3.79787   0.077363    0.392731  3.19447 	Dead: 0
3.7148    0.0692856   0.351726  3.19447 	Dead: 0
3.79744   0.0852487   0.432762  3.19447 	Dead: 0
3.84413   0.0960116   0.4874    3.19447 	Dead: 0
3.83474   0.0959702   0.48719   3.19447 	Dead: 0
3.82216   0.0858246   0.435686  3.19447 	Dead: 0
3.77505   0.0852063   0.432547  3.19447 	Dead: 0
3.77315   0.0810877   0.411639  3.19447 	Dead: 0
3.78464   0.0814546   0.413502  3.19447 	Dead: 0
3.75901   0.0806023   0.409175  3.19447 	Dead: 0
3.7914    0.0813616   0.413029  3.19447 	Dead: 0
3.78139   0.0970407   0.492624  3.13309 	Dead: 0
3.79175   0.0852737   0.432889  3.13309 	Dead: 0
3.74219   0.0761339   0.386491  3.13309 	Dead: 0
3.74023   0.0815651   0.414063  3.13309 	Dead: 0
3.77773   0.0925158   0.469653  3.13309 	Dead: 0
3.72462   0.0801644   0.406952  3.13309 	Dead: 0
3.76568   0.08609     0.437033  3.13309 	Dead: 0
3.7351    0.0975909   0.495417  3.13309 	Dead: 0
3.77402   0.0947154   0.480819  3.13309 	Dead: 0
3.75023   0.0837188   0.424996  3.13309 	Dead: 0
3.7985    0.107697    0.54672   3.13309 	Dead: 0
3.79346   0.103919    0.527541  3.13309 	Dead: 0
3.72979   0.0919499   0.466781  3.13309 	Dead: 0
3.71002   0.090037    0.45707   3.13309 	Dead: 0
3.78376   0.100237    0.508849  3.13309 	Dead: 0
3.74133   0.0951023   0.482783  3.13309 	Dead: 0
3.71161   0.0779299   0.395608  3.13309 	Dead: 0
3.69981   0.0827879   0.42027   3.13309 	Dead: 0
3.75978   0.0959773   0.487226  3.13309 	Dead: 0
3.66991   0.0739812   0.375563  3.10877 	Dead: 0
3.66879   0.0770497   0.39114   3.10877 	Dead: 0
