5.96329   0.202327    1.02711   3.90176 	Dead: 0
3.56935   0.0487846   0.247653  3.18078 	Dead: 0
3.50789   0.061779    0.313619  3.11555 	Dead: 0
3.29676   0.037978    0.192794  2.97638 	Dead: 0
3.23622   0.0332056   0.168567  2.97638 	Dead: 0
3.24024   0.0407428   0.206829  2.90324 	Dead: 0
3.20791   0.0345911   0.175601  2.90324 	Dead: 0
3.20527   0.0435619   0.221141  2.83314 	Dead: 0
3.17238   0.0388681   0.197313  2.83314 	Dead: 0
3.16633   0.0384588   0.195235  2.83314 	Dead: 0
3.15828   0.0379812   0.19281   2.83314 	Dead: 0
3.15654   0.0413771   0.21005   2.83314 	Dead: 0
3.11761   0.0352701   0.179048  2.83314 	Dead: 0
3.09219   0.035265    0.179022  2.83314 	Dead: 0
3.11123   0.0340345   0.172775  2.83314 	Dead: 0
3.11026   0.0358064   0.18177   2.83314 	Dead: 0
3.13024   0.0429425   0.217996  2.83314 	Dead: 0
3.10267   0.0375434   0.190588  2.83314 	Dead: 0
3.11012   0.0418927   0.212667  2.83314 	Dead: 0
3.14636   0.0464718   0.235913  2.83314 	Dead: 0
3.11894   0.0425829   0.216171  2.6699  	Dead: 0
3.10511   0.0413431   0.209877  2.6699  	Dead: 0
3.0711    0.0395105   0.200574  2.6699  	Dead: 0
3.07743   0.0412525   0.209417  2.6699  	Dead: 0
3.09876   0.0421103   0.213772  2.6699  	Dead: 0
3.07568   0.0405705   0.205955  2.6699  	Dead: 0
3.05612   0.0405541   0.205871  2.6699  	Dead: 0
3.03886   0.038554    0.195718  2.6699  	Dead: 0
3.06498   0.0395316   0.200681  2.6699  	Dead: 0
3.05062   0.0388602   0.197272  2.6699  	Dead: 0
3.06462   0.041247    0.209389  2.6699  	Dead: 0
3.05625   0.0396324   0.201193  2.6699  	Dead: 0
3.04854   0.0390724   0.19835   2.6699  	Dead: 0
3.03993   0.0357583   0.181526  2.6699  	Dead: 0
3.04993   0.0371758   0.188721  2.6699  	Dead: 0
3.06794   0.0401583   0.203862  2.6699  	Dead: 0
3.0613    0.0397472   0.201776  2.6699  	Dead: 0
3.03254   0.0341479   0.173351  2.6699  	Dead: 0
3.07358   0.041559    0.210973  2.6699  	Dead: 0
3.04269   0.0378783   0.192288  2.6699  	Dead: 0
3.05694   0.0406498   0.206357  2.6699  	Dead: 0
3.02931   0.0372856   0.189279  2.6699  	Dead: 0
3.04103   0.0388197   0.197067  2.6699  	Dead: 0
3.03881   0.0388433   0.197187  2.6699  	Dead: 0
3.04492   0.0379081   0.192439  2.6699  	Dead: 0
3.04906   0.0396231   0.201146  2.6699  	Dead: 0
3.02557   0.0402924   0.204543  2.6699  	Dead: 0
3.04371   0.0371529   0.188605  2.6699  	Dead: 0
3.0494    0.0386374   0.196142  2.6699  	Dead: 0
3.01591   0.0351015   0.178192  2.6699  	Dead: 0
3.04464   0.0368182   0.186906  2.6699  	Dead: 0
3.04471   0.0410253   0.208263  2.6699  	Dead: 0
3.03047   0.0376766   0.191264  2.6699  	Dead: 0
3.00914   0.0334721   0.16992   2.6699  	Dead: 0
3.03536   0.0391406   0.198696  2.6699  	Dead: 0
3.04163   0.0398098   0.202093  2.6699  	Dead: 0
3.04396   0.0417381   0.211882  2.6699  	Dead: 0
3.03239   0.0395137   0.20059   2.6699  	Dead: 0
3.04143   0.0365231   0.185408  2.6699  	Dead: 0
3.03198   0.040796    0.2071    2.6699  	Dead: 0
3.04122   0.0385595   0.195746  2.6699  	Dead: 0
3.04004   0.0399924   0.20302   2.6699  	Dead: 0
3.02628   0.0403388   0.204779  2.6699  	Dead: 0
3.01518   0.0374851   0.190292  2.6699  	Dead: 0
3.03611   0.0410704   0.208493  2.6699  	Dead: 0
3.03191   0.0414298   0.210317  2.6699  	Dead: 0
3.039     0.0458576   0.232794  2.6699  	Dead: 0
3.02241   0.0434733   0.220691  2.6699  	Dead: 0
3.01028   0.0364806   0.185192  2.6699  	Dead: 0
3.02017   0.0403015   0.204589  2.6699  	Dead: 0
3.02179   0.0387786   0.196858  2.6699  	Dead: 0
2.99607   0.0379468   0.192636  2.6699  	Dead: 0
2.98207   0.0344183   0.174723  2.6699  	Dead: 0
2.9956    0.0329904   0.167474  2.6699  	Dead: 0
2.98535   0.0365352   0.18547   2.6699  	Dead: 0
3.01287   0.041506    0.210704  2.6699  	Dead: 0
3.00248   0.0406444   0.20633   2.6699  	Dead: 0
3.00226   0.0376051   0.190901  2.6699  	Dead: 0
3.00664   0.0379192   0.192495  2.6699  	Dead: 0
3.02273   0.0419348   0.212881  2.6699  	Dead: 0
3.01502   0.0443471   0.225126  2.6699  	Dead: 0
2.98346   0.0367824   0.186724  2.6699  	Dead: 0
2.99099   0.0397159   0.201617  2.66726 	Dead: 0
2.99237   0.0407961   0.2071    2.66726 	Dead: 0
2.99074   0.0384991   0.195439  2.66726 	Dead: 0
2.97568   0.0367633   0.186628  2.66726 	Dead: 0
2.98778   0.0400395   0.203259  2.66696 	Dead: 0
3.00673   0.0395671   0.200861  2.66696 	Dead: 0
2.98548   0.0392655   0.19933   2.66696 	Dead: 0
2.98522   0.0375377   0.190559  2.66696 	Dead: 0
2.98688   0.0415754   0.211056  2.66696 	Dead: 0
2.97788   0.037097    0.188321  2.66696 	Dead: 0
2.96581   0.0346177   0.175736  2.66696 	Dead: 0
2.98482   0.0411632   0.208964  2.66696 	Dead: 0
2.96883   0.0372413   0.189054  2.66696 	Dead: 0
3.00217   0.0443342   0.225061  2.66696 	Dead: 0
2.98809   0.0378845   0.192319  2.66696 	Dead: 0
2.99969   0.0420972   0.213705  2.66696 	Dead: 0
2.99084   0.0384365   0.195121  2.66696 	Dead: 0
3.00109   0.0420524   0.213478  2.66696 	Dead: 0
2.98892   0.0395729   0.200891  2.66696 	Dead: 0
