6.74251   0.0568845   0.288772  5.90323 	Dead: 0
5.93929   0.0408076   0.207159  5.37481 	Dead: 0
5.76591   0.0430896   0.218743  5.37481 	Dead: 0
5.71464   0.0483363   0.245378  5.35779 	Dead: 0
5.65024   0.0503981   0.255844  5.31083 	Dead: 0
5.58579   0.0437965   0.222332  5.2595  	Dead: 0
5.51184   0.0441537   0.224145  5.12157 	Dead: 0
5.46624   0.041789    0.21214   5.12157 	Dead: 0
5.46988   0.0405688   0.205946  5.07222 	Dead: 0
5.40059   0.0422523   0.214492  5.07222 	Dead: 0
5.4101    0.0420606   0.213519  5.01364 	Dead: 0
5.41899   0.0440333   0.223533  5.01364 	Dead: 0
5.38033   0.0428867   0.217713  5.01364 	Dead: 0
5.38964   0.0469626   0.238404  5.01364 	Dead: 0
5.34442   0.04188     0.212602  4.9921  	Dead: 0
5.36747   0.0423309   0.214891  4.9921  	Dead: 0
5.34019   0.0504585   0.256151  4.9921  	Dead: 0
5.3533    0.0462862   0.23497   4.9921  	Dead: 0
5.36329   0.049146    0.249488  4.9921  	Dead: 0
5.34321   0.0478221   0.242767  4.9921  	Dead: 0
5.31423   0.0416272   0.211319  4.93089 	Dead: 0
5.26997   0.0411245   0.208767  4.93089 	Dead: 0
5.29054   0.0431182   0.218888  4.93089 	Dead: 0
5.28599   0.0455103   0.231031  4.90338 	Dead: 0
5.26131   0.0485113   0.246266  4.90338 	Dead: 0
5.2436    0.0425357   0.215931  4.8277  	Dead: 0
5.24695   0.0419257   0.212834  4.8277  	Dead: 0
5.23217   0.0450205   0.228545  4.8277  	Dead: 0
5.16272   0.0471954   0.239586  4.78359 	Dead: 0
5.13102   0.041086    0.208572  4.78359 	Dead: 0
5.13904   0.0416669   0.211521  4.78359 	Dead: 0
5.1316    0.0468739   0.237954  4.7569  	Dead: 0
5.11777   0.0413019   0.209668  4.7569  	Dead: 0
5.13988   0.0453926   0.230434  4.74276 	Dead: 0
5.09523   0.0431959   0.219283  4.69455 	Dead: 0
5.09874   0.0481676   0.244521  4.69455 	Dead: 0
5.07641   0.0446109   0.226466  4.69339 	Dead: 0
5.10334   0.0471258   0.239233  4.69339 	Dead: 0
5.06879   0.0421255   0.213849  4.69339 	Dead: 0
5.06992   0.0427409   0.216973  4.69339 	Dead: 0
5.06698   0.0434876   0.220763  4.69339 	Dead: 0
5.06002   0.0461458   0.234257  4.69339 	Dead: 0
5.05859   0.0455618   0.231293  4.68482 	Dead: 0
5.0786    0.0477781   0.242544  4.68482 	Dead: 0
5.09483   0.0544141   0.276231  4.68482 	Dead: 0
5.06809   0.0484058   0.245731  4.68482 	Dead: 0
5.05978   0.0497606   0.252608  4.68482 	Dead: 0
5.06209   0.0479586   0.24346   4.68482 	Dead: 0
5.05771   0.048115    0.244254  4.68482 	Dead: 0
5.03155   0.0504283   0.255997  4.68482 	Dead: 0
5.09055   0.0557752   0.283141  4.68482 	Dead: 0
5.05957   0.0515463   0.261673  4.68482 	Dead: 0
5.05589   0.0512743   0.260292  4.59608 	Dead: 0
5.04254   0.0502706   0.255197  4.59608 	Dead: 0
5.02485   0.0479222   0.243276  4.59608 	Dead: 0
5.03648   0.0494168   0.250863  4.59608 	Dead: 0
5.00226   0.0453098   0.230013  4.59608 	Dead: 0
5.00027   0.0473009   0.240121  4.59608 	Dead: 0
5.00526   0.0505256   0.256492  4.58607 	Dead: 0
5.02069   0.0483764   0.245581  4.58607 	Dead: 0
5.01508   0.0505253   0.25649   4.58607 	Dead: 0
4.96919   0.0479292   0.243311  4.58607 	Dead: 0
4.98107   0.0469934   0.23856   4.58607 	Dead: 0
4.94693   0.0430762   0.218675  4.58303 	Dead: 0
4.9534    0.0462498   0.234785  4.58303 	Dead: 0
4.99035   0.0508062   0.257916  4.58303 	Dead: 0
4.96203   0.0475898   0.241588  4.58303 	Dead: 0
4.94283   0.0430845   0.218717  4.58303 	Dead: 0
4.94598   0.0448351   0.227604  4.56629 	Dead: 0
4.94369   0.0455037   0.230998  4.54903 	Dead: 0
4.94285   0.0441882   0.22432   4.54903 	Dead: 0
4.93719   0.0452834   0.22988   4.54903 	Dead: 0
4.95731   0.0554089   0.281282  4.54024 	Dead: 0
4.89627   0.0443326   0.225053  4.54024 	Dead: 0
4.89502   0.0449576   0.228226  4.54024 	Dead: 0
4.90587   0.0458835   0.232926  4.54024 	Dead: 0
4.89175   0.0475077   0.241171  4.54024 	Dead: 0
4.9101    0.0496611   0.252103  4.54024 	Dead: 0
4.89865   0.0504586   0.256152  4.518   	Dead: 0
4.92784   0.057826    0.293552  4.518   	Dead: 0
4.88576   0.0528991   0.268541  4.38333 	Dead: 0
4.86682   0.0446811   0.226822  4.38333 	Dead: 0
4.89401   0.0636599   0.323167  4.38333 	Dead: 0
4.86683   0.0560135   0.284351  4.38333 	Dead: 0
4.84817   0.0569194   0.288949  4.38333 	Dead: 0
4.86647   0.0585198   0.297074  4.38333 	Dead: 0
4.85112   0.0525806   0.266924  4.38333 	Dead: 0
4.83417   0.0553269   0.280865  4.38333 	Dead: 0
4.86017   0.0592243   0.30065   4.38333 	Dead: 0
4.8222    0.0547294   0.277832  4.38333 	Dead: 0
4.82278   0.0604448   0.306846  4.38333 	Dead: 0
4.86147   0.0691634   0.351106  4.38333 	Dead: 0
4.87245   0.0650526   0.330238  4.38333 	Dead: 0
4.83054   0.0593584   0.301331  4.38333 	Dead: 0
4.82861   0.0601384   0.305291  4.38333 	Dead: 0
4.85102   0.0602358   0.305785  4.38333 	Dead: 0
4.83921   0.060626    0.307766  4.38333 	Dead: 0
4.81057   0.0539432   0.273841  4.38333 	Dead: 0
4.89452   0.0652409   0.331193  4.38333 	Dead: 0
4.82589   0.0553047   0.280752  4.38333 	Dead: 0
4.84719   0.0622879   0.316202  4.38333 	Dead: 0
