14.1576   0.0862269   0.437728  13.038  	Dead: 0
12.6426   0.0449      0.227933  12.0565 	Dead: 0
12.3211   0.0558156   0.283346  11.7014 	Dead: 0
12.1983   0.0593493   0.301285  11.6259 	Dead: 0
12.0502   0.0581388   0.29514   11.3938 	Dead: 0
11.8907   0.0528629   0.268357  11.288  	Dead: 0
11.8287   0.0606758   0.308019  11.288  	Dead: 0
11.7368   0.0615616   0.312515  10.9904 	Dead: 0
11.6921   0.0617689   0.313568  10.9904 	Dead: 0
11.7079   0.0681206   0.345812  10.9904 	Dead: 0
11.6236   0.0652939   0.331462  10.9904 	Dead: 0
11.5768   0.0619014   0.314241  10.9904 	Dead: 0
11.58     0.0712287   0.36159   10.9904 	Dead: 0
11.455    0.0661459   0.335788  10.7449 	Dead: 0
11.382    0.0672312   0.341297  10.7449 	Dead: 0
11.2847   0.0673352   0.341825  10.5539 	Dead: 0
11.2787   0.0650396   0.330172  10.5219 	Dead: 0
11.2408   0.0697553   0.35411   10.5219 	Dead: 0
11.291    0.077301    0.392416  10.5219 	Dead: 0
11.2155   0.0756146   0.383855  10.4468 	Dead: 0
11.1963   0.0749501   0.380482  10.4468 	Dead: 0
11.2366   0.0774864   0.393357  10.4468 	Dead: 0
11.1555   0.0652428   0.331203  10.4468 	Dead: 0
11.162    0.0751071   0.381279  10.4468 	Dead: 0
11.1993   0.0776637   0.394257  10.3436 	Dead: 0
11.1673   0.0774696   0.393272  10.3436 	Dead: 0
11.0107   0.0747761   0.379599  10.2556 	Dead: 0
10.8999   0.0747776   0.379606  10.2556 	Dead: 0
10.8781   0.0783943   0.397966  10.187  	Dead: 0
10.7729   0.0745747   0.378576  10.0575 	Dead: 0
10.7958   0.0771487   0.391643  10.0575 	Dead: 0
10.7885   0.0798829   0.405523  10.0575 	Dead: 0
10.8083   0.0871491   0.442409  10.0575 	Dead: 0
10.8017   0.0821401   0.416982  10.0575 	Dead: 0
10.7203   0.0757512   0.384549  10.0575 	Dead: 0
10.7232   0.0825276   0.418948  9.95688 	Dead: 0
10.7359   0.0873205   0.443279  9.95688 	Dead: 0
10.5916   0.0863765   0.438487  9.54805 	Dead: 0
10.4655   0.0897511   0.455618  9.54805 	Dead: 0
10.3839   0.0793057   0.402593  9.54805 	Dead: 0
10.2882   0.0761147   0.386394  9.54805 	Dead: 0
10.3185   0.0902655   0.45823   9.52099 	Dead: 0
10.324    0.0975931   0.495428  9.52099 	Dead: 0
10.2246   0.0812025   0.412222  9.51219 	Dead: 0
10.1948   0.0906179   0.460019  9.39495 	Dead: 0
9.65529   0.0720173   0.365593  8.88697 	Dead: 0
9.54699   0.0757984   0.384788  8.84153 	Dead: 0
9.41351   0.0749799   0.380633  8.84153 	Dead: 0
9.39702   0.0829386   0.421035  8.66113 	Dead: 0
9.38651   0.0826868   0.419757  8.66113 	Dead: 0
9.40748   0.0837634   0.425222  8.66113 	Dead: 0
9.39751   0.0895372   0.454533  8.62667 	Dead: 0
9.43845   0.106105    0.538641  8.62667 	Dead: 0
9.34334   0.0868647   0.440966  8.62667 	Dead: 0
9.30469   0.0900774   0.457275  8.45411 	Dead: 0
9.36905   0.0998001   0.506632  8.45411 	Dead: 0
9.35843   0.0930744   0.472489  8.45411 	Dead: 0
9.34547   0.0918703   0.466377  8.45411 	Dead: 0
9.36456   0.101355    0.514525  8.45411 	Dead: 0
9.25271   0.0784571   0.398285  8.45411 	Dead: 0
9.29358   0.0856857   0.43498   8.45411 	Dead: 0
9.35798   0.098151    0.49826   8.45411 	Dead: 0
9.26841   0.0880904   0.447188  8.45411 	Dead: 0
9.29126   0.090663    0.460248  8.45411 	Dead: 0
9.23975   0.0867601   0.440435  8.45411 	Dead: 0
9.2499    0.10018     0.508561  8.45411 	Dead: 0
9.26544   0.0987227   0.501162  8.45411 	Dead: 0
9.20813   0.095428    0.484437  8.45411 	Dead: 0
9.31253   0.111767    0.567383  8.45411 	Dead: 0
9.20491   0.0971525   0.493191  8.45411 	Dead: 0
9.25724   0.0999771   0.507531  8.45411 	Dead: 0
9.22624   0.103445    0.525137  8.37441 	Dead: 0
9.18715   0.0984448   0.499752  8.37441 	Dead: 0
9.19658   0.0913915   0.463946  8.37441 	Dead: 0
9.1641    0.091331    0.463639  8.37441 	Dead: 0
9.17928   0.0893893   0.453782  8.37441 	Dead: 0
9.1821    0.0966994   0.490891  8.29147 	Dead: 0
9.20442   0.0935383   0.474844  8.29147 	Dead: 0
9.17863   0.100319    0.509267  8.29147 	Dead: 0
9.16142   0.0973073   0.493977  8.29147 	Dead: 0
8.98258   0.0957295   0.485967  8.22978 	Dead: 0
8.756     0.0986753   0.500922  8.06972 	Dead: 0
8.63395   0.0856345   0.434721  8.05008 	Dead: 0
8.57319   0.065579    0.332909  7.86554 	Dead: 0
8.59      0.0820301   0.416423  7.86554 	Dead: 0
8.57649   0.0926842   0.470508  7.86554 	Dead: 0
8.52251   0.0805899   0.409112  7.86554 	Dead: 0
8.51816   0.0849429   0.43121   7.86554 	Dead: 0
8.43995   0.0746356   0.378885  7.86554 	Dead: 0
8.45549   0.0692651   0.351622  7.86554 	Dead: 0
8.43955   0.0788576   0.400318  7.86554 	Dead: 0
8.45352   0.0755582   0.383568  7.86554 	Dead: 0
8.51867   0.0987691   0.501398  7.86554 	Dead: 0
8.4754    0.0830382   0.42154   7.86554 	Dead: 0
8.42463   0.0805245   0.40878   7.86554 	Dead: 0
8.44151   0.0776628   0.394253  7.86554 	Dead: 0
8.44303   0.0899035   0.456392  7.86554 	Dead: 0
8.48435   0.0867154   0.440208  7.86554 	Dead: 0
8.44481   0.0718834   0.364914  7.86554 	Dead: 0
8.41844   0.0778972   0.395442  7.86554 	Dead: 0
8.46376   0.095681    0.485721  7.86554 	Dead: 0
