14.2585   0.0757421   0.384502  13.4502 	Dead: 0
12.9508   0.041153    0.208912  12.5672 	Dead: 0
12.5337   0.0489425   0.248455  11.9878 	Dead: 0
12.4585   0.0656173   0.333104  11.8402 	Dead: 0
12.3681   0.0602113   0.30566   11.8402 	Dead: 0
12.3569   0.0631954   0.320809  11.8402 	Dead: 0
12.2594   0.0581407   0.29515   11.7841 	Dead: 0
12.1723   0.0585034   0.29699   11.4401 	Dead: 0
12.0529   0.0560041   0.284303  11.4401 	Dead: 0
12.0297   0.0635221   0.322468  11.4401 	Dead: 0
11.9093   0.0562385   0.285493  11.4401 	Dead: 0
11.837    0.056465    0.286643  11.0964 	Dead: 0
11.6301   0.0571897   0.290322  11.0964 	Dead: 0
11.5371   0.0684112   0.347287  10.8329 	Dead: 0
11.4348   0.0683809   0.347133  10.8329 	Dead: 0
11.3705   0.064643    0.328158  10.7569 	Dead: 0
11.3867   0.0688916   0.349726  10.7569 	Dead: 0
11.2993   0.0693336   0.35197   10.7006 	Dead: 0
11.2895   0.0724009   0.367541  10.7006 	Dead: 0
11.3292   0.0792609   0.402365  10.7006 	Dead: 0
11.3166   0.071148    0.36118   10.7006 	Dead: 0
11.2637   0.0699106   0.354899  10.622  	Dead: 0
11.2018   0.0728623   0.369883  10.5271 	Dead: 0
10.8659   0.0664849   0.337508  10.1409 	Dead: 0
10.7539   0.0663957   0.337056  10.1409 	Dead: 0
10.7569   0.077509    0.393472  10.1409 	Dead: 0
10.7139   0.0745139   0.378267  10.1409 	Dead: 0
10.7835   0.0840742   0.4268    10.1409 	Dead: 0
10.7222   0.0651813   0.330891  10.1384 	Dead: 0
10.4813   0.0687864   0.349192  9.70833 	Dead: 0
10.307    0.0697815   0.354244  9.52987 	Dead: 0
10.2483   0.0781514   0.396733  9.52557 	Dead: 0
10.1947   0.0736649   0.373957  9.36799 	Dead: 0
9.72341   0.0717946   0.364463  9.05116 	Dead: 0
9.49794   0.0625661   0.317615  8.83084 	Dead: 0
9.52885   0.0982417   0.498721  8.76708 	Dead: 0
9.49358   0.0850279   0.431641  8.76708 	Dead: 0
9.49219   0.0870891   0.442105  8.76708 	Dead: 0
9.52085   0.0922371   0.468239  8.76708 	Dead: 0
9.51338   0.0874952   0.444166  8.76708 	Dead: 0
9.42479   0.0790824   0.401459  8.76708 	Dead: 0
9.49737   0.0923526   0.468825  8.76708 	Dead: 0
9.43013   0.0852051   0.432541  8.76708 	Dead: 0
9.4048    0.0753103   0.38231   8.74935 	Dead: 0
9.44799   0.0947686   0.48109   8.74935 	Dead: 0
9.43826   0.0866088   0.439667  8.74935 	Dead: 0
9.45715   0.0985995   0.500537  8.74935 	Dead: 0
9.39186   0.0870819   0.442068  8.74935 	Dead: 0
8.66437   0.0561297   0.284941  7.95819 	Dead: 0
8.53173   0.0677414   0.343887  7.95819 	Dead: 0
8.45149   0.065767    0.333864  7.95819 	Dead: 0
8.4231    0.0812261   0.412342  7.95819 	Dead: 0
8.36838   0.0738124   0.374706  7.85149 	Dead: 0
8.31984   0.0625056   0.317308  7.85149 	Dead: 0
8.32793   0.0565362   0.287004  7.85149 	Dead: 0
8.39866   0.090745    0.460664  7.79997 	Dead: 0
8.33938   0.067509    0.342707  7.79997 	Dead: 0
8.2911    0.0598279   0.303714  7.79997 	Dead: 0
8.32178   0.0732246   0.371722  7.79997 	Dead: 0
8.28065   0.0685382   0.347932  7.79997 	Dead: 0
8.30516   0.0756333   0.38395   7.79997 	Dead: 0
8.25681   0.0676653   0.3435    7.76151 	Dead: 0
8.28053   0.0772653   0.392235  7.76151 	Dead: 0
8.27304   0.0876143   0.444771  7.76151 	Dead: 0
8.24596   0.0784354   0.398175  7.68736 	Dead: 0
8.25795   0.0837791   0.425302  7.63435 	Dead: 0
8.27202   0.0889127   0.451363  7.63435 	Dead: 0
8.23399   0.0756683   0.384127  7.63435 	Dead: 0
8.19008   0.064416    0.327006  7.63435 	Dead: 0
8.18527   0.0635464   0.322591  7.44593 	Dead: 0
8.1859    0.0665367   0.337771  7.44593 	Dead: 0
8.21073   0.0746407   0.378911  7.44593 	Dead: 0
8.18031   0.0622074   0.315794  7.44593 	Dead: 0
8.22438   0.0895967   0.454835  7.44593 	Dead: 0
8.10454   0.0681792   0.34611   7.44593 	Dead: 0
8.10872   0.0703098   0.356925  7.44593 	Dead: 0
8.11017   0.0635781   0.322752  7.44593 	Dead: 0
8.03829   0.0660651   0.335377  7.44593 	Dead: 0
8.00817   0.0605504   0.307382  7.44593 	Dead: 0
8.05487   0.081541    0.41394   7.44593 	Dead: 0
8.00035   0.0648056   0.328984  7.44593 	Dead: 0
7.95998   0.0741949   0.376648  7.44593 	Dead: 0
8.03277   0.0901286   0.457535  7.44593 	Dead: 0
7.95202   0.0699285   0.35499   7.4048  	Dead: 0
7.95438   0.0743165   0.377265  7.35818 	Dead: 0
7.99765   0.0849681   0.431338  7.35818 	Dead: 0
7.93897   0.0727083   0.369101  7.35818 	Dead: 0
7.95392   0.0945018   0.479735  7.19945 	Dead: 0
7.8929    0.0692463   0.351527  7.19945 	Dead: 0
7.91099   0.0708947   0.359895  7.19945 	Dead: 0
7.94737   0.088205    0.44777   7.19945 	Dead: 0
7.91899   0.0748635   0.380042  7.19945 	Dead: 0
7.92183   0.104945    0.532749  7.19945 	Dead: 0
7.96131   0.0871374   0.44235   7.19945 	Dead: 0
7.94887   0.0850001   0.4315    7.19945 	Dead: 0
7.94559   0.0885194   0.449366  7.19945 	Dead: 0
7.87888   0.0683697   0.347076  7.19945 	Dead: 0
7.93952   0.0764633   0.388163  7.19945 	Dead: 0
7.91439   0.0854322   0.433693  7.19945 	Dead: 0
7.8403    0.0716158   0.363555  7.19945 	Dead: 0
7.82683   0.0835492   0.424135  7.19945 	Dead: 0
