12.2198   0.0517478   0.262696  11.6225 	Dead: 0
10.574    0.030696    0.155827  10.2404 	Dead: 0
10.3953   0.0252027   0.127941  10.1616 	Dead: 0
10.4069   0.0303033   0.153834  10.1616 	Dead: 0
10.3903   0.0320895   0.162901  10.1616 	Dead: 0
10.3664   0.0330642   0.167849  10.0905 	Dead: 0
10.2819   0.026907    0.136592  10.0653 	Dead: 0
10.2466   0.034964    0.177493  10.0323 	Dead: 0
10.2112   0.0269726   0.136925  10.0018 	Dead: 0
10.2225   0.028633    0.145355  10.0018 	Dead: 0
10.2119   0.0324476   0.164719  9.91336 	Dead: 0
10.2076   0.031855    0.161711  9.91336 	Dead: 0
10.1923   0.0302202   0.153412  9.91336 	Dead: 0
10.1846   0.0338208   0.17169   9.91336 	Dead: 0
10.1378   0.0277921   0.141086  9.88704 	Dead: 0
10.1229   0.0269307   0.136713  9.88704 	Dead: 0
10.1369   0.035058    0.177971  9.88704 	Dead: 0
10.1117   0.0288467   0.14644   9.88704 	Dead: 0
10.1028   0.0326549   0.165771  9.88162 	Dead: 0
10.0983   0.0285225   0.144794  9.88162 	Dead: 0
10.0953   0.0353317   0.17936   9.84803 	Dead: 0
10.0971   0.0308383   0.156549  9.84803 	Dead: 0
10.0903   0.0307067   0.155882  9.7778  	Dead: 0
10.076    0.0332502   0.168794  9.7778  	Dead: 0
10.1011   0.0373523   0.189618  9.7778  	Dead: 0
10.0842   0.0316522   0.160681  9.7778  	Dead: 0
10.0614   0.0332446   0.168765  9.7778  	Dead: 0
10.0726   0.0321071   0.16299   9.7778  	Dead: 0
10.0465   0.0299422   0.152     9.7778  	Dead: 0
10.0729   0.0347785   0.176552  9.7778  	Dead: 0
10.0568   0.0337434   0.171297  9.7778  	Dead: 0
10.0699   0.0355089   0.18026   9.7778  	Dead: 0
10.0573   0.0341666   0.173445  9.7778  	Dead: 0
10.074    0.038837    0.197155  9.7778  	Dead: 0
10.0684   0.0353804   0.179607  9.7778  	Dead: 0
10.0457   0.0321453   0.163184  9.77413 	Dead: 0
10.0396   0.0332348   0.168716  9.77413 	Dead: 0
10.0525   0.0343891   0.174575  9.77413 	Dead: 0
10.0626   0.0321513   0.163215  9.77413 	Dead: 0
10.0594   0.0339548   0.17237   9.77413 	Dead: 0
10.0717   0.0453487   0.230211  9.77413 	Dead: 0
10.0709   0.0372449   0.189072  9.77413 	Dead: 0
10.0462   0.0335987   0.170563  9.77413 	Dead: 0
10.0734   0.037101    0.188342  9.77413 	Dead: 0
10.0306   0.0300766   0.152683  9.77413 	Dead: 0
10.049    0.032919    0.167112  9.77413 	Dead: 0
10.0548   0.0348068   0.176695  9.77413 	Dead: 0
10.0472   0.0331238   0.168152  9.77413 	Dead: 0
10.0364   0.0318507   0.161689  9.77413 	Dead: 0
10.0475   0.0338053   0.171612  9.77413 	Dead: 0
10.059    0.0342752   0.173997  9.77413 	Dead: 0
10.0899   0.0486957   0.247202  9.77413 	Dead: 0
10.0653   0.0383752   0.19481   9.77413 	Dead: 0
10.0567   0.0357219   0.181341  9.77413 	Dead: 0
10.0456   0.0365697   0.185645  9.77413 	Dead: 0
10.0666   0.0411948   0.209124  9.77413 	Dead: 0
10.0415   0.0351361   0.178367  9.77413 	Dead: 0
10.0302   0.0310886   0.15782   9.77413 	Dead: 0
10.044    0.0364819   0.185199  9.75988 	Dead: 0
10.0273   0.0317202   0.161026  9.75988 	Dead: 0
10.0416   0.0364181   0.184875  9.75988 	Dead: 0
10.0333   0.0327847   0.16643   9.75988 	Dead: 0
10.0439   0.0347288   0.1763    9.75988 	Dead: 0
10.0392   0.0403177   0.204671  9.75988 	Dead: 0
10.0369   0.0381482   0.193658  9.75988 	Dead: 0
10.0273   0.0318423   0.161646  9.75988 	Dead: 0
10.0247   0.0356249   0.180849  9.75988 	Dead: 0
10.012    0.0305306   0.154988  9.75988 	Dead: 0
10.0275   0.0348973   0.177155  9.75988 	Dead: 0
10.0289   0.0338208   0.17169   9.75988 	Dead: 0
9.99857   0.0299496   0.152038  9.75988 	Dead: 0
10.0343   0.0350748   0.178056  9.75988 	Dead: 0
10.0405   0.0370018   0.187838  9.75988 	Dead: 0
10.0229   0.0354969   0.180199  9.75988 	Dead: 0
10.0208   0.0332246   0.168664  9.75988 	Dead: 0
10.0447   0.0449552   0.228213  9.75102 	Dead: 0
10.0178   0.0292695   0.148586  9.75102 	Dead: 0
10.0328   0.0341797   0.173512  9.75102 	Dead: 0
10.0134   0.035622    0.180834  9.75102 	Dead: 0
10.0065   0.0305449   0.15506   9.75102 	Dead: 0
10.0053   0.032835    0.166686  9.75102 	Dead: 0
10.0088   0.0326784   0.165891  9.75102 	Dead: 0
10.023    0.034254    0.17389   9.75102 	Dead: 0
10.0322   0.0352824   0.17911   9.75102 	Dead: 0
10.0056   0.0335328   0.170228  9.75102 	Dead: 0
10.0319   0.0373663   0.189689  9.75102 	Dead: 0
10.0042   0.033813    0.171651  9.74754 	Dead: 0
10.0238   0.0429298   0.217932  9.72566 	Dead: 0
10.0072   0.0345551   0.175418  9.68591 	Dead: 0
9.97631   0.0303651   0.154147  9.68591 	Dead: 0
9.97594   0.0321799   0.16336   9.68591 	Dead: 0
9.98456   0.035748    0.181474  9.68591 	Dead: 0
9.98999   0.0352842   0.179119  9.66563 	Dead: 0
9.98033   0.0326367   0.165679  9.66563 	Dead: 0
9.98544   0.0356897   0.181178  9.66563 	Dead: 0
9.98102   0.031257    0.158675  9.66563 	Dead: 0
9.95027   0.031229    0.158533  9.66563 	Dead: 0
9.97245   0.0363139   0.184346  9.66563 	Dead: 0
9.95889   0.0349763   0.177556  9.66563 	Dead: 0
9.93155   0.0347417   0.176365  9.66563 	Dead: 0
9.97372   0.0497313   0.252459  9.66563 	Dead: 0
