9.52354   0.121072    0.614617  8.46357 	Dead: 0
8.05268   0.0678947   0.344665  7.41118 	Dead: 0
7.60843   0.0666062   0.338124  6.76746 	Dead: 0
7.34198   0.0720438   0.365728  6.52971 	Dead: 0
7.20187   0.0726853   0.368984  6.52971 	Dead: 0
7.14788   0.0735531   0.37339   6.52971 	Dead: 0
7.20512   0.0791508   0.401806  6.52971 	Dead: 0
7.11106   0.0766918   0.389323  6.52971 	Dead: 0
7.09478   0.0771432   0.391615  6.52971 	Dead: 0
7.11472   0.0858354   0.435741  6.52971 	Dead: 0
7.09366   0.0842081   0.42748   6.50619 	Dead: 0
7.01858   0.0785153   0.39858   6.48278 	Dead: 0
7.01272   0.0839753   0.426298  6.43612 	Dead: 0
7.02867   0.0835881   0.424332  6.43612 	Dead: 0
7.02331   0.0878136   0.445783  6.27344 	Dead: 0
6.94474   0.083333    0.423037  6.22956 	Dead: 0
6.91886   0.0788722   0.400392  6.22956 	Dead: 0
6.97406   0.0943239   0.478832  6.22746 	Dead: 0
6.93635   0.0933671   0.473975  6.02205 	Dead: 0
6.7963    0.0916355   0.465185  5.95568 	Dead: 0
6.64915   0.0903504   0.458661  5.66328 	Dead: 0
6.52295   0.0899565   0.456661  5.66328 	Dead: 0
6.50884   0.0966779   0.490782  5.51999 	Dead: 0
6.49159   0.0983215   0.499126  5.51999 	Dead: 0
6.44555   0.100692    0.511159  5.51999 	Dead: 0
6.41576   0.0956023   0.485322  5.51999 	Dead: 0
6.40793   0.0891811   0.452725  5.51999 	Dead: 0
6.37135   0.0917574   0.465804  5.51999 	Dead: 0
6.361     0.0990119   0.502631  5.44634 	Dead: 0
6.44382   0.114784    0.582699  5.44634 	Dead: 0
6.41541   0.109058    0.553629  5.44634 	Dead: 0
6.32252   0.0913642   0.463807  5.44634 	Dead: 0
6.37002   0.100419    0.509774  5.44634 	Dead: 0
6.41461   0.104996    0.533008  5.44634 	Dead: 0
6.36384   0.10568     0.536483  5.44634 	Dead: 0
6.38837   0.0985412   0.500241  5.44634 	Dead: 0
6.36116   0.0981246   0.498126  5.44634 	Dead: 0
6.37364   0.104417    0.53007   5.44634 	Dead: 0
6.35359   0.0976167   0.495548  5.44634 	Dead: 0
6.27722   0.0895227   0.454459  5.44634 	Dead: 0
6.33589   0.093231    0.473284  5.44634 	Dead: 0
6.36076   0.0986956   0.501025  5.44634 	Dead: 0
6.3685    0.107975    0.548132  5.44634 	Dead: 0
6.37874   0.0993465   0.504329  5.44634 	Dead: 0
6.39328   0.104873    0.532384  5.44634 	Dead: 0
6.40731   0.116115    0.589452  5.44634 	Dead: 0
6.27515   0.0979251   0.497114  5.44634 	Dead: 0
6.36997   0.119714    0.607723  5.44634 	Dead: 0
6.30458   0.0946402   0.480438  5.44634 	Dead: 0
6.33252   0.101567    0.515599  5.44634 	Dead: 0
6.35823   0.103536    0.525599  5.44634 	Dead: 0
6.39233   0.105763    0.536903  5.44634 	Dead: 0
6.2735    0.0923689   0.468908  5.44634 	Dead: 0
6.31063   0.0978501   0.496733  5.44634 	Dead: 0
6.30072   0.10357     0.525772  5.44634 	Dead: 0
6.3688    0.111194    0.564474  5.44634 	Dead: 0
6.30634   0.100574    0.510561  5.44634 	Dead: 0
6.34163   0.114171    0.579584  5.44634 	Dead: 0
6.34409   0.0995674   0.505451  5.44634 	Dead: 0
6.26973   0.0997513   0.506384  5.44634 	Dead: 0
6.24216   0.102873    0.52223   5.44634 	Dead: 0
6.33056   0.113766    0.577528  5.44634 	Dead: 0
6.32783   0.124857    0.633834  5.44634 	Dead: 0
6.27508   0.103358    0.524693  5.44634 	Dead: 0
6.27182   0.103624    0.526043  5.44634 	Dead: 0
6.35337   0.10654     0.540847  5.44634 	Dead: 0
6.27416   0.101931    0.517448  5.44634 	Dead: 0
6.25257   0.0970981   0.492915  5.41315 	Dead: 0
6.21668   0.0944316   0.479379  5.41315 	Dead: 0
6.29567   0.098916    0.502144  5.41315 	Dead: 0
6.26994   0.0981451   0.49823   5.41315 	Dead: 0
6.3201    0.106937    0.542864  5.41315 	Dead: 0
6.30192   0.107853    0.547513  5.41315 	Dead: 0
6.3733    0.105758    0.536875  5.41315 	Dead: 0
6.30069   0.0994047   0.504624  5.41315 	Dead: 0
6.31747   0.10374     0.526634  5.41315 	Dead: 0
6.29234   0.11168     0.566938  5.41315 	Dead: 0
6.29219   0.102398    0.519817  5.41315 	Dead: 0
6.26963   0.103215    0.523966  5.41315 	Dead: 0
6.28638   0.102245    0.519044  5.41315 	Dead: 0
6.27967   0.102375    0.519706  5.41315 	Dead: 0
6.35358   0.104547    0.530732  5.41315 	Dead: 0
6.29148   0.101112    0.51329   5.41315 	Dead: 0
6.21437   0.0910843   0.462386  5.41315 	Dead: 0
6.28922   0.101147    0.513469  5.41315 	Dead: 0
6.23835   0.105561    0.535877  5.41315 	Dead: 0
6.27205   0.0990725   0.502938  5.41315 	Dead: 0
6.26588   0.0995052   0.505135  5.41315 	Dead: 0
6.26552   0.101582    0.515678  5.41315 	Dead: 0
6.16771   0.095229    0.483427  5.41315 	Dead: 0
6.19825   0.108232    0.549436  5.39624 	Dead: 0
6.16873   0.0984404   0.49973   5.39624 	Dead: 0
6.18427   0.096359    0.489163  5.39624 	Dead: 0
6.11754   0.0835421   0.424099  5.39624 	Dead: 0
6.17065   0.0890594   0.452107  5.39624 	Dead: 0
6.19191   0.104708    0.531544  5.39624 	Dead: 0
6.15294   0.0921478   0.467785  5.39624 	Dead: 0
6.12315   0.0895988   0.454845  5.27139 	Dead: 0
6.08701   0.10353     0.525565  5.27139 	Dead: 0
6.18584   0.12246     0.621664  5.27139 	Dead: 0
6.10209   0.0958942   0.486804  5.27139 	Dead: 0
