5.54297   0.130272    0.661319  4.57347 	Dead: 0
4.4722    0.0386056   0.19598   3.97821 	Dead: 0
4.33641   0.0464571   0.235838  3.86231 	Dead: 0
4.20884   0.0426805   0.216666  3.81294 	Dead: 0
4.24672   0.0547242   0.277806  3.81294 	Dead: 0
4.14268   0.0443182   0.22498   3.76508 	Dead: 0
4.17489   0.0607187   0.308236  3.74287 	Dead: 0
4.1562    0.0565477   0.287063  3.72862 	Dead: 0
4.15534   0.0627613   0.318606  3.70841 	Dead: 0
4.09065   0.0554247   0.281362  3.60884 	Dead: 0
4.11924   0.0614986   0.312196  3.60884 	Dead: 0
4.08852   0.0612917   0.311145  3.60806 	Dead: 0
4.08465   0.0673573   0.341937  3.58987 	Dead: 0
4.03429   0.0596984   0.303057  3.58987 	Dead: 0
4.09521   0.0704991   0.357886  3.47361 	Dead: 0
4.1107    0.0683568   0.347011  3.47361 	Dead: 0
4.06365   0.0659206   0.334644  3.47361 	Dead: 0
4.07576   0.0663896   0.337024  3.47361 	Dead: 0
4.12204   0.0700757   0.355737  3.47361 	Dead: 0
4.11637   0.0753045   0.382281  3.47361 	Dead: 0
4.10138   0.0720761   0.365892  3.47361 	Dead: 0
4.07502   0.0740405   0.375864  3.47361 	Dead: 0
4.10964   0.0743065   0.377214  3.47361 	Dead: 0
4.11499   0.0752586   0.382048  3.47361 	Dead: 0
4.08673   0.0729794   0.370477  3.47361 	Dead: 0
4.10161   0.0725595   0.368346  3.47361 	Dead: 0
4.06532   0.0707473   0.359146  3.47361 	Dead: 0
4.08282   0.0730088   0.370627  3.47361 	Dead: 0
4.09413   0.0744095   0.377737  3.47361 	Dead: 0
4.06384   0.0758218   0.384907  3.47361 	Dead: 0
4.09867   0.0711424   0.361152  3.47361 	Dead: 0
4.06775   0.0673912   0.342109  3.47361 	Dead: 0
4.04602   0.0676162   0.343251  3.47361 	Dead: 0
4.07799   0.0691181   0.350876  3.47361 	Dead: 0
4.05469   0.0691794   0.351187  3.47361 	Dead: 0
4.09116   0.0723082   0.36707   3.47361 	Dead: 0
4.01927   0.0593035   0.301052  3.47361 	Dead: 0
4.05153   0.0668464   0.339344  3.47361 	Dead: 0
4.02974   0.0651337   0.330649  3.47361 	Dead: 0
4.06099   0.069247    0.35153   3.47361 	Dead: 0
4.03744   0.0614891   0.312148  3.47361 	Dead: 0
4.04627   0.0726572   0.368842  3.47361 	Dead: 0
4.03711   0.0658024   0.334044  3.47361 	Dead: 0
4.05656   0.0690865   0.350715  3.47361 	Dead: 0
4.06318   0.0685284   0.347882  3.47361 	Dead: 0
4.08587   0.072143    0.366231  3.47361 	Dead: 0
4.06932   0.0665247   0.337711  3.47361 	Dead: 0
4.02825   0.0632818   0.321248  3.47361 	Dead: 0
4.07216   0.0698298   0.354488  3.47361 	Dead: 0
4.01731   0.0635976   0.322851  3.47361 	Dead: 0
4.0273    0.0708329   0.359581  3.47361 	Dead: 0
4.08768   0.0704991   0.357886  3.47361 	Dead: 0
4.05061   0.0709355   0.360102  3.47361 	Dead: 0
4.05094   0.0654921   0.332468  3.47361 	Dead: 0
4.04745   0.0670255   0.340253  3.47361 	Dead: 0
4.00794   0.0636347   0.32304   3.47361 	Dead: 0
4.07877   0.0721877   0.366458  3.47361 	Dead: 0
4.07996   0.0724027   0.36755   3.47361 	Dead: 0
4.03883   0.0643676   0.32676   3.47361 	Dead: 0
4.08616   0.0776253   0.394062  3.47361 	Dead: 0
4.07606   0.0713913   0.362416  3.47361 	Dead: 0
4.02848   0.0667624   0.338917  3.47361 	Dead: 0
4.0493    0.0612059   0.31071   3.47361 	Dead: 0
4.03652   0.0669396   0.339817  3.47361 	Dead: 0
4.03438   0.0693737   0.352173  3.47361 	Dead: 0
4.02561   0.0609912   0.30962   3.47361 	Dead: 0
4.04254   0.0726591   0.368851  3.47361 	Dead: 0
4.04613   0.0695879   0.353261  3.47361 	Dead: 0
4.06571   0.0739899   0.375607  3.47361 	Dead: 0
4.06149   0.0746115   0.378763  3.46505 	Dead: 0
4.04307   0.0725076   0.368082  3.46505 	Dead: 0
4.04129   0.0674069   0.342189  3.46505 	Dead: 0
4.01468   0.0771213   0.391504  3.46505 	Dead: 0
4.02703   0.0696309   0.353479  3.46505 	Dead: 0
4.02684   0.0674871   0.342596  3.46505 	Dead: 0
4.00786   0.0652637   0.331309  3.46505 	Dead: 0
3.96014   0.0607491   0.308391  3.46505 	Dead: 0
3.99995   0.0673245   0.341771  3.46505 	Dead: 0
4.06132   0.0807395   0.409871  3.42736 	Dead: 0
4.00075   0.0687921   0.349221  3.42736 	Dead: 0
3.98925   0.0718713   0.364852  3.42736 	Dead: 0
4.03278   0.0734762   0.373     3.42736 	Dead: 0
4.0237    0.0733996   0.372611  3.42736 	Dead: 0
4.02052   0.0705532   0.358161  3.42736 	Dead: 0
4.01127   0.069048    0.35052   3.42736 	Dead: 0
3.96464   0.0646868   0.328381  3.42736 	Dead: 0
4.03954   0.0778777   0.395343  3.42736 	Dead: 0
3.99785   0.062787    0.318736  3.42736 	Dead: 0
4.03002   0.0731885   0.371539  3.42736 	Dead: 0
4.0355    0.070388    0.357322  3.42736 	Dead: 0
4.03208   0.072813    0.369633  3.42736 	Dead: 0
3.96426   0.0626439   0.31801   3.42736 	Dead: 0
3.99426   0.0652016   0.330994  3.42736 	Dead: 0
4.02949   0.0761546   0.386597  3.42736 	Dead: 0
4.0036    0.0721448   0.366241  3.42736 	Dead: 0
3.9769    0.0701274   0.355999  3.42736 	Dead: 0
4.00951   0.0718354   0.36467   3.42736 	Dead: 0
3.95783   0.0650087   0.330014  3.42736 	Dead: 0
3.92645   0.0636335   0.323033  3.42736 	Dead: 0
3.9474    0.0675567   0.342949  3.42736 	Dead: 0
3.97006   0.0644169   0.32701   3.42736 	Dead: 0
