11.8551   0.0855039   0.434058  10.5788 	Dead: 0
10.3364   0.0458939   0.232979  9.8487  	Dead: 0
9.95246   0.0410306   0.208291  9.46287 	Dead: 0
9.82354   0.046436    0.235731  9.20522 	Dead: 0
9.7271    0.0492027   0.249776  9.20522 	Dead: 0
9.71304   0.0591126   0.300083  9.20522 	Dead: 0
9.65171   0.0571831   0.290288  9.20522 	Dead: 0
9.53141   0.0498571   0.253098  9.06325 	Dead: 0
9.43197   0.0502501   0.255093  8.99422 	Dead: 0
9.31148   0.0482032   0.244702  8.84216 	Dead: 0
9.28257   0.0554515   0.281498  8.84216 	Dead: 0
9.21446   0.0517357   0.262635  8.73921 	Dead: 0
9.21458   0.0546056   0.277203  8.73921 	Dead: 0
9.29571   0.0613288   0.311334  8.73921 	Dead: 0
9.29215   0.0625608   0.317588  8.73921 	Dead: 0
9.27396   0.0668362   0.339292  8.73921 	Dead: 0
9.22086   0.0568149   0.288419  8.73921 	Dead: 0
9.22887   0.059352    0.301298  8.73921 	Dead: 0
9.22195   0.0637231   0.323488  8.73921 	Dead: 0
9.21638   0.0614133   0.311762  8.66362 	Dead: 0
9.20407   0.0575837   0.292321  8.66362 	Dead: 0
9.23124   0.0667911   0.339063  8.58635 	Dead: 0
9.21184   0.0603955   0.306596  8.58635 	Dead: 0
9.15189   0.0574836   0.291814  8.58635 	Dead: 0
9.16156   0.0596887   0.303008  8.58635 	Dead: 0
9.15766   0.0652092   0.331032  8.58635 	Dead: 0
9.20193   0.0658984   0.334531  8.58635 	Dead: 0
9.18272   0.0654396   0.332202  8.58635 	Dead: 0
9.17952   0.062434    0.316944  8.58635 	Dead: 0
9.12174   0.0634272   0.321986  8.58635 	Dead: 0
9.15967   0.0611721   0.310538  8.58635 	Dead: 0
9.1245    0.0601768   0.305485  8.58635 	Dead: 0
9.14004   0.0598594   0.303874  8.58635 	Dead: 0
9.12687   0.0618225   0.31384   8.58635 	Dead: 0
9.17318   0.0657478   0.333766  8.58635 	Dead: 0
9.10229   0.0615414   0.312413  8.58635 	Dead: 0
9.12649   0.0665003   0.337586  8.58635 	Dead: 0
9.11194   0.0621372   0.315437  8.58635 	Dead: 0
9.07678   0.0630114   0.319875  8.58635 	Dead: 0
9.05017   0.063895    0.324361  8.56485 	Dead: 0
9.07998   0.0658458   0.334264  8.56485 	Dead: 0
9.0645    0.0734802   0.37302   8.52502 	Dead: 0
9.0388    0.0725181   0.368136  8.42397 	Dead: 0
9.03371   0.0685378   0.34793   8.42397 	Dead: 0
9.0179    0.0701639   0.356185  8.3179  	Dead: 0
9.02728   0.0694889   0.352758  8.3179  	Dead: 0
8.99559   0.0655461   0.332743  8.3179  	Dead: 0
9.03439   0.0690409   0.350484  8.3179  	Dead: 0
9.02715   0.0790415   0.401252  8.3179  	Dead: 0
9.03254   0.0789109   0.400589  8.3179  	Dead: 0
9.01793   0.0726794   0.368954  8.3179  	Dead: 0
9.05943   0.084259    0.427738  8.3179  	Dead: 0
8.98026   0.0723343   0.367203  8.3179  	Dead: 0
8.99763   0.0742159   0.376755  8.3179  	Dead: 0
8.9973    0.0760617   0.386125  8.3179  	Dead: 0
8.96087   0.0702438   0.35659   8.3179  	Dead: 0
9.01748   0.0746639   0.379029  8.3179  	Dead: 0
8.96834   0.0756491   0.38403   8.3179  	Dead: 0
9.02204   0.0833603   0.423176  8.3179  	Dead: 0
8.98184   0.0715082   0.363009  8.3179  	Dead: 0
9.00554   0.0747288   0.379358  8.3179  	Dead: 0
8.99407   0.0730605   0.370889  8.3179  	Dead: 0
8.98083   0.0735525   0.373387  8.3179  	Dead: 0
8.98034   0.070407    0.357419  8.3179  	Dead: 0
8.96105   0.07238     0.367434  8.3179  	Dead: 0
8.99805   0.0783693   0.397839  8.3179  	Dead: 0
8.91001   0.0659785   0.334937  8.3179  	Dead: 0
8.97774   0.0717322   0.364146  8.3179  	Dead: 0
9.00392   0.0755708   0.383633  8.3179  	Dead: 0
8.96592   0.0692416   0.351503  8.3179  	Dead: 0
9.00151   0.0694454   0.352537  8.3179  	Dead: 0
9.02888   0.0784275   0.398134  8.3179  	Dead: 0
9.00041   0.078026    0.396096  8.3179  	Dead: 0
9.00648   0.0815767   0.414122  8.3179  	Dead: 0
8.9586    0.0724828   0.367956  8.3179  	Dead: 0
8.99298   0.0755554   0.383554  8.3179  	Dead: 0
8.96296   0.0706225   0.358513  8.3179  	Dead: 0
8.98827   0.0738338   0.374815  8.3179  	Dead: 0
8.98734   0.0745975   0.378692  8.3179  	Dead: 0
8.93944   0.0742946   0.377154  8.30791 	Dead: 0
8.94411   0.0801097   0.406674  8.25305 	Dead: 0
8.96906   0.0877848   0.445637  8.25305 	Dead: 0
8.96607   0.0855083   0.43408   8.25305 	Dead: 0
8.97745   0.0856006   0.434548  8.25305 	Dead: 0
8.95275   0.0784186   0.398089  8.25305 	Dead: 0
8.96984   0.0829326   0.421004  8.25305 	Dead: 0
8.97297   0.0814649   0.413554  8.25305 	Dead: 0
8.94585   0.0816321   0.414402  8.25305 	Dead: 0
8.93703   0.0792042   0.402078  8.25305 	Dead: 0
8.94158   0.0798625   0.405419  8.25305 	Dead: 0
8.96952   0.0788779   0.400421  8.25305 	Dead: 0
8.95416   0.0861761   0.43747   8.25305 	Dead: 0
8.98387   0.0917631   0.465832  8.25305 	Dead: 0
8.97509   0.0798272   0.40524   8.25305 	Dead: 0
9.00364   0.0820863   0.416708  8.25305 	Dead: 0
8.91909   0.0708996   0.35992   8.25305 	Dead: 0
8.94089   0.0794635   0.403394  8.25305 	Dead: 0
9.00337   0.0877773   0.445599  8.25305 	Dead: 0
9.01025   0.0758658   0.38513   8.25305 	Dead: 0
8.98046   0.0795885   0.404029  8.25305 	Dead: 0
8.96768   0.0786022   0.399021  8.25305 	Dead: 0
