14.3685   0.0832658   0.422696  13.3661 	Dead: 0
12.5021   0.0503351   0.255524  11.9812 	Dead: 0
12.008    0.0402217   0.204184  11.6416 	Dead: 0
11.4141   0.0563138   0.285875  10.947  	Dead: 0
11.1879   0.0524322   0.26617   10.8132 	Dead: 0
11.0523   0.0580759   0.294821  10.6379 	Dead: 0
10.5743   0.136963    0.695289  9.93815 	Dead: 0
9.97741   0.072864    0.369892  9.63868 	Dead: 0
9.98088   0.106382    0.540044  9.59209 	Dead: 0
9.96425   0.124674    0.632904  9.42492 	Dead: 0
9.92525   0.126731    0.643345  9.42492 	Dead: 0
9.6771    0.0974312   0.494606  9.26415 	Dead: 0
9.55327   0.083149    0.422103  9.23005 	Dead: 0
9.59719   0.125144    0.635291  9.15826 	Dead: 0
9.43108   0.0796883   0.404535  9.14134 	Dead: 0
9.36628   0.0819902   0.41622   9.04018 	Dead: 0
9.40186   0.0959219   0.486944  9.01652 	Dead: 0
9.30054   0.0789008   0.400537  8.87932 	Dead: 0
9.31607   0.0897941   0.455837  8.8488  	Dead: 0
9.26778   0.0921355   0.467723  8.8488  	Dead: 0
9.26957   0.0808726   0.410547  8.8488  	Dead: 0
9.23798   0.0712619   0.361759  8.8488  	Dead: 0
9.20836   0.0697441   0.354054  8.8488  	Dead: 0
9.2172    0.0666409   0.3383    8.8488  	Dead: 0
9.23835   0.0755569   0.383562  8.8488  	Dead: 0
9.2255    0.0946536   0.480506  8.8488  	Dead: 0
9.2207    0.0915235   0.464616  8.8488  	Dead: 0
9.2311    0.0977644   0.496298  8.8488  	Dead: 0
9.17929   0.0797223   0.404707  8.84291 	Dead: 0
9.13964   0.0710933   0.360903  8.83219 	Dead: 0
9.12946   0.0786327   0.399176  8.83032 	Dead: 0
9.06579   0.0620118   0.314801  8.75463 	Dead: 0
8.99822   0.064079    0.325295  8.75463 	Dead: 0
8.97843   0.0590361   0.299695  8.71679 	Dead: 0
8.95924   0.0580174   0.294523  8.60359 	Dead: 0
8.91047   0.058067    0.294775  8.52663 	Dead: 0
8.84089   0.0570943   0.289837  8.52663 	Dead: 0
8.86758   0.0886702   0.450131  8.52663 	Dead: 0
8.82968   0.0529313   0.268704  8.52663 	Dead: 0
8.87607   0.0789689   0.400883  8.52663 	Dead: 0
8.82673   0.0682509   0.346473  8.52663 	Dead: 0
8.81094   0.0664385   0.337273  8.47908 	Dead: 0
8.73967   0.0427888   0.217216  8.44382 	Dead: 0
8.82454   0.0778644   0.395276  8.44382 	Dead: 0
8.84806   0.0900741   0.457258  8.44382 	Dead: 0
8.79784   0.0696864   0.353761  8.39037 	Dead: 0
8.76206   0.0752461   0.381985  8.39037 	Dead: 0
8.7605    0.0723138   0.367099  8.39037 	Dead: 0
8.75418   0.0693555   0.352081  8.39037 	Dead: 0
8.75121   0.0793655   0.402896  8.38009 	Dead: 0
8.72229   0.0727367   0.369245  8.38009 	Dead: 0
8.76837   0.0887506   0.45054   8.38009 	Dead: 0
8.71664   0.0699686   0.355193  8.38009 	Dead: 0
8.7348    0.0762967   0.387318  8.38009 	Dead: 0
8.72915   0.0726302   0.368705  8.38009 	Dead: 0
8.65446   0.0416488   0.211429  8.38009 	Dead: 0
8.71446   0.0809792   0.411088  8.38009 	Dead: 0
8.75519   0.107503    0.545734  8.30717 	Dead: 0
8.67701   0.0853613   0.433334  8.30717 	Dead: 0
8.67721   0.0701016   0.355869  8.30717 	Dead: 0
8.7189    0.090001    0.456887  8.30717 	Dead: 0
8.63948   0.0584921   0.296933  8.30717 	Dead: 0
8.65425   0.07144     0.362663  8.29192 	Dead: 0
8.662     0.0577936   0.293387  8.29192 	Dead: 0
8.65176   0.0784162   0.398077  8.29192 	Dead: 0
8.68442   0.0823401   0.417997  8.29192 	Dead: 0
8.66863   0.0757325   0.384454  8.29192 	Dead: 0
8.69501   0.0789486   0.40078   8.29192 	Dead: 0
8.67224   0.0799678   0.405954  8.29192 	Dead: 0
8.65917   0.0633752   0.321722  8.29192 	Dead: 0
8.639     0.0576434   0.292625  8.29192 	Dead: 0
8.69866   0.0923611   0.468868  8.29192 	Dead: 0
8.6201    0.0570461   0.289593  8.29192 	Dead: 0
8.65303   0.0728184   0.36966   8.29192 	Dead: 0
8.64317   0.0747681   0.379558  8.29192 	Dead: 0
8.70183   0.083733    0.425068  8.29192 	Dead: 0
8.7401    0.100231    0.508819  8.27609 	Dead: 0
8.66281   0.0795706   0.403937  8.27609 	Dead: 0
8.64885   0.077375    0.392792  8.27609 	Dead: 0
8.65232   0.0749958   0.380714  8.27609 	Dead: 0
8.63277   0.0762507   0.387084  8.24974 	Dead: 0
8.64683   0.086977    0.441536  8.23958 	Dead: 0
8.62892   0.0828406   0.420537  8.23036 	Dead: 0
8.63169   0.092867    0.471436  8.23036 	Dead: 0
8.60637   0.0893699   0.453683  8.23036 	Dead: 0
8.59592   0.0741065   0.376199  8.23036 	Dead: 0
8.6306    0.0927004   0.47059   8.23036 	Dead: 0
8.59093   0.0892808   0.453231  8.20833 	Dead: 0
8.57621   0.0878146   0.445788  8.15133 	Dead: 0
8.51628   0.0917464   0.465748  8.10654 	Dead: 0
8.47805   0.0842424   0.427654  8.08942 	Dead: 0
8.41608   0.0565442   0.287044  8.08942 	Dead: 0
8.55276   0.110827    0.562607  8.08942 	Dead: 0
8.45726   0.082871    0.420692  8.08942 	Dead: 0
8.49272   0.0987869   0.501488  8.0874  	Dead: 0
8.47795   0.0819408   0.41597   8.08203 	Dead: 0
8.45148   0.0781412   0.396681  8.08203 	Dead: 0
8.52716   0.105097    0.533522  8.08203 	Dead: 0
8.43601   0.0635775   0.322749  8.08203 	Dead: 0
8.44988   0.0609188   0.309252  8.08203 	Dead: 0
8.55848   0.111167    0.564336  8.07464 	Dead: 0
