14.3683   0.0904504   0.459168  13.3946 	Dead: 0
12.4275   0.0341474   0.173348  12.0499 	Dead: 0
11.8672   0.0387959   0.196946  11.4798 	Dead: 0
10.8169   0.0605041   0.307147  10.4888 	Dead: 0
10.2068   0.0302009   0.153314  9.94417 	Dead: 0
10.0385   0.0518107   0.263015  9.70022 	Dead: 0
9.8826    0.0575752   0.292279  9.51083 	Dead: 0
9.80932   0.0608801   0.309056  9.44991 	Dead: 0
9.76531   0.0814456   0.413456  9.44991 	Dead: 0
9.7035    0.0601138   0.305166  9.35502 	Dead: 0
9.67706   0.0785686   0.398851  9.35502 	Dead: 0
9.57296   0.0530205   0.269157  9.28838 	Dead: 0
9.58591   0.0742393   0.376873  9.26885 	Dead: 0
9.49487   0.0639649   0.324716  9.10343 	Dead: 0
9.44667   0.0546273   0.277314  9.10343 	Dead: 0
9.503     0.0953773   0.48418   9.10343 	Dead: 0
9.43289   0.0662006   0.336065  9.10343 	Dead: 0
9.41286   0.0694564   0.352593  9.10336 	Dead: 0
9.4387    0.0805681   0.409001  9.06222 	Dead: 0
9.42364   0.0862298   0.437743  9.05869 	Dead: 0
9.39058   0.0721062   0.366045  9.05076 	Dead: 0
9.41346   0.0950286   0.48241   8.93674 	Dead: 0
9.32518   0.0634183   0.321941  8.93674 	Dead: 0
9.37679   0.0881812   0.447649  8.93674 	Dead: 0
9.29761   0.0734095   0.372661  8.93674 	Dead: 0
9.263     0.0712694   0.361797  8.93674 	Dead: 0
9.18734   0.0497751   0.252682  8.93674 	Dead: 0
9.21845   0.0722514   0.366782  8.86619 	Dead: 0
9.19656   0.0596609   0.302867  8.83392 	Dead: 0
9.16515   0.058184    0.295369  8.83392 	Dead: 0
9.11472   0.0739923   0.375619  8.7788  	Dead: 0
9.07835   0.0519735   0.263842  8.7788  	Dead: 0
9.14588   0.085268    0.43286   8.7788  	Dead: 0
9.14481   0.09503     0.482417  8.73905 	Dead: 0
9.06115   0.0715045   0.36299   8.73905 	Dead: 0
9.05625   0.0677066   0.34371   8.7028  	Dead: 0
9.08796   0.0782818   0.397395  8.70245 	Dead: 0
9.01221   0.0583337   0.296129  8.62558 	Dead: 0
9.04867   0.075007    0.380771  8.62558 	Dead: 0
9.04739   0.071877    0.364881  8.62558 	Dead: 0
9.03513   0.0670174   0.340211  8.62558 	Dead: 0
8.99206   0.056805    0.288368  8.62558 	Dead: 0
9.01245   0.0723787   0.367428  8.62558 	Dead: 0
8.99117   0.0684196   0.34733   8.62558 	Dead: 0
8.95424   0.0406105   0.206158  8.62558 	Dead: 0
8.99816   0.0698953   0.354821  8.62558 	Dead: 0
8.97785   0.0624307   0.316927  8.62558 	Dead: 0
9.00053   0.0799415   0.405821  8.62558 	Dead: 0
8.96198   0.0623314   0.316423  8.62558 	Dead: 0
8.97097   0.0853384   0.433217  8.62558 	Dead: 0
8.95425   0.064416    0.327006  8.61506 	Dead: 0
8.94622   0.0620545   0.315018  8.61506 	Dead: 0
8.96404   0.0820714   0.416632  8.61506 	Dead: 0
8.92049   0.0558818   0.283682  8.61506 	Dead: 0
8.97407   0.0914782   0.464386  8.61506 	Dead: 0
8.92539   0.0610434   0.309885  8.61506 	Dead: 0
8.88197   0.0454706   0.23083   8.61506 	Dead: 0
8.94068   0.0687885   0.349202  8.53358 	Dead: 0
8.89397   0.0568471   0.288582  8.53358 	Dead: 0
8.90413   0.0575596   0.292199  8.53358 	Dead: 0
8.88496   0.0572258   0.290505  8.53358 	Dead: 0
8.83265   0.0494574   0.251069  8.53358 	Dead: 0
8.86125   0.0601887   0.305546  8.53358 	Dead: 0
8.86893   0.0655946   0.332989  8.53358 	Dead: 0
8.83903   0.0500247   0.253949  8.52605 	Dead: 0
8.83219   0.066211    0.336118  8.52605 	Dead: 0
8.87255   0.0763849   0.387765  8.52605 	Dead: 0
8.8915    0.0949883   0.482205  8.52605 	Dead: 0
8.9127    0.0899953   0.456858  8.50569 	Dead: 0
8.84149   0.084387    0.428388  8.50569 	Dead: 0
8.80743   0.0591054   0.300047  8.50569 	Dead: 0
8.81908   0.061421    0.311802  8.4861  	Dead: 0
8.84382   0.0737664   0.374473  8.4861  	Dead: 0
8.76708   0.0564532   0.286583  8.4861  	Dead: 0
8.76889   0.0586211   0.297588  8.4861  	Dead: 0
8.81533   0.0665466   0.337821  8.4861  	Dead: 0
8.75075   0.0422976   0.214722  8.4861  	Dead: 0
8.74249   0.0576659   0.292739  8.4861  	Dead: 0
8.7824    0.0599061   0.304111  8.45615 	Dead: 0
8.84334   0.0804948   0.408629  8.45615 	Dead: 0
8.77916   0.0687403   0.348958  8.45615 	Dead: 0
8.74013   0.0550155   0.279284  8.45615 	Dead: 0
8.74326   0.062993    0.319782  8.43146 	Dead: 0
8.75289   0.0718999   0.364998  8.41861 	Dead: 0
8.72199   0.061961    0.314543  8.41861 	Dead: 0
8.78092   0.0790561   0.401325  8.41861 	Dead: 0
8.7021    0.0524082   0.266048  8.41632 	Dead: 0
8.69195   0.059231    0.300684  8.41458 	Dead: 0
8.69982   0.0668326   0.339273  8.41458 	Dead: 0
8.73504   0.0807059   0.409701  8.41458 	Dead: 0
8.69673   0.0597964   0.303554  8.40675 	Dead: 0
8.68823   0.0676026   0.343183  8.40675 	Dead: 0
8.69492   0.0717818   0.364398  8.33681 	Dead: 0
8.65923   0.0545398   0.276869  8.33681 	Dead: 0
8.61878   0.0427708   0.217124  8.33681 	Dead: 0
8.69401   0.0749688   0.380577  8.33681 	Dead: 0
8.64692   0.0573278   0.291023  8.33681 	Dead: 0
8.61772   0.0528538   0.268311  8.32303 	Dead: 0
8.61668   0.0617292   0.313366  8.32303 	Dead: 0
8.68754   0.0799945   0.406089  8.32303 	Dead: 0
8.62706   0.0614892   0.312148  8.28859 	Dead: 0
