12.8974   0.0773206   0.392515  11.9547 	Dead: 0
11.1466   0.0817744   0.415125  10.2887 	Dead: 0
10.537    0.0712977   0.36194   9.87753 	Dead: 0
10.4826   0.0685436   0.347959  9.87753 	Dead: 0
10.3856   0.0676446   0.343396  9.87753 	Dead: 0
10.3711   0.0725794   0.368447  9.82604 	Dead: 0
10.3223   0.0695449   0.353042  9.72173 	Dead: 0
10.3159   0.0874035   0.443701  9.72173 	Dead: 0
10.242    0.0853796   0.433427  9.38031 	Dead: 0
10.2041   0.0855784   0.434436  9.38031 	Dead: 0
10.2157   0.0883909   0.448714  9.38031 	Dead: 0
10.183    0.0851664   0.432345  9.38031 	Dead: 0
10.1527   0.0860134   0.436644  9.38031 	Dead: 0
10.1342   0.0848185   0.430578  9.38031 	Dead: 0
10.1173   0.08217     0.417133  9.38031 	Dead: 0
10.1219   0.0883084   0.448294  9.37932 	Dead: 0
10.1516   0.090643    0.460146  9.37932 	Dead: 0
10.1267   0.0856864   0.434984  9.37932 	Dead: 0
10.1418   0.0927371   0.470777  9.37932 	Dead: 0
10.1149   0.0991471   0.503317  9.37932 	Dead: 0
10.0359   0.0806559   0.409447  9.37932 	Dead: 0
10.0509   0.0807314   0.40983   9.37932 	Dead: 0
10.1427   0.0910879   0.462405  9.37932 	Dead: 0
10.0597   0.0868777   0.441032  9.25543 	Dead: 0
9.99337   0.0834212   0.423485  9.25543 	Dead: 0
9.93054   0.080584    0.409082  9.15374 	Dead: 0
9.92369   0.0789296   0.400684  9.15374 	Dead: 0
9.88003   0.0815377   0.413923  9.15374 	Dead: 0
9.9107    0.0939013   0.476687  9.15374 	Dead: 0
9.87589   0.0963125   0.488927  9.15374 	Dead: 0
9.83423   0.0845119   0.429022  9.12138 	Dead: 0
9.81403   0.091682    0.46542   9.12138 	Dead: 0
9.86173   0.0964062   0.489403  9.12138 	Dead: 0
9.76142   0.0837791   0.425302  9.04077 	Dead: 0
9.79157   0.0934682   0.474488  9.04077 	Dead: 0
9.75519   0.0869458   0.441378  9.04077 	Dead: 0
9.79007   0.0878472   0.445953  9.04077 	Dead: 0
9.81094   0.0913652   0.463812  9.04077 	Dead: 0
9.75746   0.0884683   0.449106  9.04077 	Dead: 0
9.74591   0.0873351   0.443354  8.97646 	Dead: 0
9.783     0.0908591   0.461243  8.97646 	Dead: 0
9.75991   0.0856346   0.434721  8.97646 	Dead: 0
9.78142   0.0898202   0.455969  8.97646 	Dead: 0
9.74526   0.0927646   0.470917  8.97646 	Dead: 0
9.72078   0.100291    0.509124  8.8473  	Dead: 0
9.70487   0.0952048   0.483304  8.8473  	Dead: 0
9.7421    0.0986939   0.501016  8.8473  	Dead: 0
9.72698   0.0883351   0.44843   8.8473  	Dead: 0
9.75391   0.0931512   0.472879  8.8473  	Dead: 0
9.71613   0.0889597   0.451601  8.8473  	Dead: 0
9.69515   0.0849453   0.431222  8.8473  	Dead: 0
9.72513   0.0938203   0.476276  8.8473  	Dead: 0
9.72964   0.0948638   0.481573  8.8473  	Dead: 0
9.73307   0.0937012   0.475671  8.79742 	Dead: 0
9.69682   0.088447    0.448998  8.79742 	Dead: 0
9.74881   0.104347    0.529716  8.79742 	Dead: 0
9.73396   0.103716    0.526511  8.79742 	Dead: 0
9.72573   0.0940053   0.477215  8.79742 	Dead: 0
9.69878   0.0880488   0.446977  8.79742 	Dead: 0
9.67225   0.0861818   0.437499  8.79742 	Dead: 0
9.67867   0.0919239   0.466649  8.79742 	Dead: 0
9.71969   0.0962844   0.488784  8.79742 	Dead: 0
9.71608   0.110689    0.561908  8.79742 	Dead: 0
9.71774   0.0980211   0.497601  8.79742 	Dead: 0
9.6471    0.0780659   0.396299  8.79742 	Dead: 0
9.7616    0.108189    0.549216  8.79742 	Dead: 0
9.693     0.0986641   0.500865  8.79742 	Dead: 0
9.69012   0.0948916   0.481714  8.79742 	Dead: 0
9.69492   0.0980644   0.497821  8.79742 	Dead: 0
9.73002   0.101636    0.515954  8.79742 	Dead: 0
9.71086   0.0967498   0.491147  8.79742 	Dead: 0
9.70256   0.0952395   0.48348   8.79742 	Dead: 0
9.75084   0.0964669   0.489711  8.79742 	Dead: 0
9.67468   0.0909009   0.461455  8.79742 	Dead: 0
9.68569   0.0937237   0.475785  8.79742 	Dead: 0
9.76597   0.103204    0.523913  8.79742 	Dead: 0
9.68622   0.0993273   0.504232  8.79742 	Dead: 0
9.69965   0.0950625   0.482582  8.79742 	Dead: 0
9.69692   0.0958908   0.486786  8.79742 	Dead: 0
9.68652   0.0937723   0.476032  8.79742 	Dead: 0
9.67537   0.094263    0.478523  8.79742 	Dead: 0
9.71169   0.103971    0.527805  8.79742 	Dead: 0
9.68436   0.0969934   0.492384  8.79742 	Dead: 0
9.69721   0.10143     0.514908  8.79742 	Dead: 0
9.67425   0.092993    0.472076  8.79742 	Dead: 0
9.74876   0.105305    0.534578  8.79742 	Dead: 0
9.7609    0.105601    0.53608   8.79742 	Dead: 0
9.74666   0.105189    0.533986  8.79742 	Dead: 0
9.73819   0.0984048   0.499549  8.79742 	Dead: 0
9.71394   0.0940211   0.477295  8.79742 	Dead: 0
9.72235   0.10397     0.527802  8.79742 	Dead: 0
9.72723   0.107233    0.544364  8.79742 	Dead: 0
9.71138   0.0948812   0.481661  8.79742 	Dead: 0
9.72787   0.0975159   0.495036  8.79742 	Dead: 0
9.72598   0.103381    0.524811  8.79742 	Dead: 0
9.6889    0.104321    0.529581  8.79742 	Dead: 0
9.66387   0.0921836   0.467967  8.79742 	Dead: 0
9.66602   0.0966471   0.490626  8.79742 	Dead: 0
9.63692   0.0902751   0.458278  8.79742 	Dead: 0
9.66383   0.0957477   0.48606   8.79742 	Dead: 0
9.73087   0.101133    0.513399  8.79742 	Dead: 0
