4.94924   0.133972    0.680104  4.03314 	Dead: 0
4.12823   0.067944    0.344915  3.68187 	Dead: 0
3.86214   0.0465252   0.236184  3.38585 	Dead: 0
3.8563    0.0658183   0.334124  3.38585 	Dead: 0
3.80606   0.0699595   0.355147  3.38585 	Dead: 0
3.80471   0.0773206   0.392516  3.35957 	Dead: 0
3.74323   0.0575377   0.292088  3.35957 	Dead: 0
3.73656   0.0736423   0.373843  3.25574 	Dead: 0
3.761     0.071687    0.363917  3.25574 	Dead: 0
3.7393    0.0821622   0.417094  3.25574 	Dead: 0
3.72882   0.0782658   0.397314  3.25574 	Dead: 0
3.70133   0.0648066   0.328989  3.25574 	Dead: 0
3.67834   0.0678323   0.344349  3.25574 	Dead: 0
3.65351   0.0615959   0.312689  3.25574 	Dead: 0
3.6882    0.0716834   0.363898  3.25574 	Dead: 0
3.67956   0.078209    0.397025  3.25574 	Dead: 0
3.63565   0.069794    0.354307  3.25574 	Dead: 0
3.66574   0.0659774   0.334932  3.25574 	Dead: 0
3.63361   0.0663115   0.336628  3.25574 	Dead: 0
3.65947   0.0703454   0.357106  3.25574 	Dead: 0
3.719     0.0931046   0.472642  3.25574 	Dead: 0
3.65165   0.0539833   0.274044  3.25574 	Dead: 0
3.603     0.0491206   0.249359  3.25574 	Dead: 0
3.64004   0.060761    0.308451  3.24566 	Dead: 0
3.57576   0.0439538   0.22313   3.24566 	Dead: 0
3.62567   0.0650609   0.330279  3.24566 	Dead: 0
3.59389   0.0464453   0.235778  3.24566 	Dead: 0
3.6549    0.074356    0.377466  3.24566 	Dead: 0
3.59466   0.052014    0.264047  3.24566 	Dead: 0
3.62872   0.0565436   0.287042  3.22022 	Dead: 0
3.56349   0.0463138   0.235111  3.22022 	Dead: 0
3.59144   0.0505991   0.256865  3.22022 	Dead: 0
3.61674   0.0626574   0.318078  3.22022 	Dead: 0
3.54466   0.0528452   0.268267  3.22022 	Dead: 0
3.59579   0.0569074   0.288889  3.22022 	Dead: 0
3.59105   0.0577906   0.293372  3.22022 	Dead: 0
3.55498   0.0539397   0.273823  3.22022 	Dead: 0
3.5517    0.0495309   0.251442  3.21435 	Dead: 0
3.52998   0.0537659   0.272941  3.21435 	Dead: 0
3.52351   0.0512226   0.26003   3.20021 	Dead: 0
3.53125   0.0607524   0.308408  3.20021 	Dead: 0
3.56263   0.0637632   0.323692  3.19336 	Dead: 0
3.52976   0.0513036   0.260441  3.19336 	Dead: 0
3.52223   0.0548374   0.27838   3.19336 	Dead: 0
3.54171   0.063838    0.324072  3.19336 	Dead: 0
3.53854   0.0570646   0.289686  3.19336 	Dead: 0
3.54542   0.0605519   0.30739   3.183   	Dead: 0
3.53134   0.0495186   0.25138   3.183   	Dead: 0
3.49243   0.0552278   0.280362  3.183   	Dead: 0
3.56656   0.0661547   0.335832  3.183   	Dead: 0
3.51351   0.0516727   0.262315  3.183   	Dead: 0
3.51383   0.0575201   0.291999  3.16264 	Dead: 0
3.53926   0.0575239   0.292018  3.16264 	Dead: 0
3.53598   0.056188    0.285236  3.16264 	Dead: 0
3.49354   0.0494014   0.250784  3.16264 	Dead: 0
3.51844   0.0476704   0.241997  3.16264 	Dead: 0
3.51565   0.0526437   0.267244  3.16264 	Dead: 0
3.52101   0.0559629   0.284094  3.16264 	Dead: 0
3.51077   0.0520504   0.264232  3.16264 	Dead: 0
3.53237   0.0577804   0.29332   3.16264 	Dead: 0
3.58498   0.0705391   0.358089  3.16264 	Dead: 0
3.53616   0.0569103   0.288903  3.16264 	Dead: 0
3.54176   0.067199    0.341133  3.15423 	Dead: 0
3.49768   0.0421066   0.213753  3.15423 	Dead: 0
3.5814    0.068751    0.349012  3.15423 	Dead: 0
3.52465   0.0578272   0.293558  3.07983 	Dead: 0
3.51894   0.0587101   0.29804   3.07983 	Dead: 0
3.49839   0.0580067   0.294469  3.07983 	Dead: 0
3.5071    0.0541337   0.274808  3.07983 	Dead: 0
3.52583   0.0659549   0.334818  3.07983 	Dead: 0
3.48921   0.0449047   0.227957  3.07983 	Dead: 0
3.48053   0.0485772   0.2466    3.07983 	Dead: 0
3.54053   0.0659382   0.334733  3.07983 	Dead: 0
3.51976   0.0590302   0.299665  3.07983 	Dead: 0
3.50732   0.0588898   0.298952  3.07983 	Dead: 0
3.52015   0.0593504   0.30129   3.07983 	Dead: 0
3.48296   0.0568191   0.28844   3.07983 	Dead: 0
3.53675   0.070365    0.357206  3.07983 	Dead: 0
3.50228   0.0583075   0.295996  3.07983 	Dead: 0
3.49888   0.0508515   0.258146  3.07983 	Dead: 0
3.49037   0.0642111   0.325966  3.07983 	Dead: 0
3.4707    0.0448623   0.227742  3.07983 	Dead: 0
3.47017   0.0524892   0.26646   3.07983 	Dead: 0
3.50001   0.0568882   0.288791  3.07983 	Dead: 0
3.49352   0.0588797   0.298901  3.07983 	Dead: 0
3.50112   0.056301    0.28581   3.07983 	Dead: 0
3.50807   0.0628132   0.318869  3.07983 	Dead: 0
3.48911   0.0531849   0.269991  3.07983 	Dead: 0
3.50208   0.0610226   0.309779  3.07983 	Dead: 0
3.49596   0.0611672   0.310513  3.04852 	Dead: 0
3.46141   0.0462299   0.234685  3.04852 	Dead: 0
3.52959   0.0673719   0.342011  3.04852 	Dead: 0
3.47489   0.0473277   0.240257  3.04852 	Dead: 0
3.53497   0.0646078   0.327979  3.04852 	Dead: 0
3.4873    0.050173    0.254701  3.04852 	Dead: 0
3.48418   0.054673    0.277546  3.04852 	Dead: 0
3.48725   0.0483532   0.245463  3.04852 	Dead: 0
3.48466   0.0587452   0.298218  3.04852 	Dead: 0
3.46739   0.0531373   0.26975   3.04852 	Dead: 0
3.5067    0.0596829   0.302978  3.04852 	Dead: 0
3.56275   0.0791473   0.401789  3.04852 	Dead: 0
