4.40297   0.146581    0.744113  3.05943 	Dead: 0
2.64393   0.0301086   0.152845  2.31426 	Dead: 0
2.37725   0.0315452   0.160138  2.14396 	Dead: 0
2.26979   0.0342618   0.173929  2.09973 	Dead: 0
2.2071    0.0198369   0.100701  2.0697  	Dead: 0
2.21469   0.0223334   0.113375  2.05575 	Dead: 0
2.19273   0.0195825   0.0994098 2.03823 	Dead: 0
2.1647    0.0252606   0.128235  2.00053 	Dead: 0
2.15616   0.0258421   0.131186  2.00053 	Dead: 0
2.08264   0.0189553   0.0962261 1.95351 	Dead: 0
2.08445   0.038335    0.194606  1.88365 	Dead: 0
2.04991   0.0223861   0.113642  1.88365 	Dead: 0
2.03724   0.0194794   0.0988865 1.88365 	Dead: 0
2.03787   0.0224058   0.113742  1.88365 	Dead: 0
2.0458    0.0245924   0.124843  1.88365 	Dead: 0
2.05962   0.032639    0.165691  1.88365 	Dead: 0
2.04539   0.0221343   0.112364  1.88365 	Dead: 0
2.05511   0.0272599   0.138384  1.88365 	Dead: 0
2.06181   0.0261494   0.132747  1.88365 	Dead: 0
2.03491   0.0202784   0.102943  1.88365 	Dead: 0
2.03318   0.0213908   0.10859   1.88365 	Dead: 0
2.06633   0.0361815   0.183674  1.88365 	Dead: 0
2.0406    0.0254072   0.128979  1.88365 	Dead: 0
2.02343   0.0203071   0.103088  1.88365 	Dead: 0
2.02948   0.022325    0.113332  1.88365 	Dead: 0
2.03194   0.0361941   0.183738  1.88365 	Dead: 0
2.03273   0.0286565   0.145474  1.88365 	Dead: 0
2.01381   0.0192465   0.0977044 1.88365 	Dead: 0
2.03742   0.0356722   0.181089  1.88365 	Dead: 0
2.02862   0.0273638   0.138912  1.88365 	Dead: 0
2.04122   0.0283332   0.143832  1.88365 	Dead: 0
2.03244   0.0253517   0.128697  1.88365 	Dead: 0
2.05095   0.0341526   0.173375  1.88365 	Dead: 0
2.01389   0.0322526   0.163729  1.88365 	Dead: 0
2.03506   0.0271489   0.137821  1.88365 	Dead: 0
2.00889   0.0195665   0.0993284 1.88365 	Dead: 0
2.05266   0.0315835   0.160333  1.88365 	Dead: 0
2.01643   0.0272537   0.138352  1.88365 	Dead: 0
2.02098   0.0203506   0.103309  1.87131 	Dead: 0
2.01837   0.0250747   0.127291  1.87131 	Dead: 0
2.00875   0.0207249   0.105209  1.87131 	Dead: 0
2.01287   0.0231581   0.117561  1.87131 	Dead: 0
2.02254   0.0268082   0.136091  1.87131 	Dead: 0
2.01709   0.0283983   0.144163  1.87131 	Dead: 0
2.01043   0.0223427   0.113422  1.87131 	Dead: 0
2.0088    0.0249431   0.126623  1.87131 	Dead: 0
2.0091    0.0232898   0.11823   1.87131 	Dead: 0
2.03665   0.0308439   0.156578  1.87131 	Dead: 0
2.00178   0.0225085   0.114264  1.87131 	Dead: 0
1.99773   0.0193545   0.0982523 1.87131 	Dead: 0
2.00785   0.021145    0.107342  1.87131 	Dead: 0
2.00976   0.024192    0.12281   1.87131 	Dead: 0
2.02899   0.0283458   0.143896  1.87131 	Dead: 0
2.01647   0.0270444   0.13729   1.87131 	Dead: 0
1.98423   0.0177704   0.0902111 1.86189 	Dead: 0
2.00581   0.0212065   0.107654  1.86189 	Dead: 0
2.02759   0.0415596   0.210976  1.86189 	Dead: 0
2.00255   0.0206072   0.104612  1.86189 	Dead: 0
2.00325   0.0244087   0.12391   1.86189 	Dead: 0
2.00663   0.0223102   0.113257  1.86189 	Dead: 0
2.01277   0.0339512   0.172352  1.86189 	Dead: 0
1.99311   0.0258213   0.131081  1.86189 	Dead: 0
1.98791   0.0179736   0.0912422 1.86189 	Dead: 0
2.00505   0.0264082   0.13406   1.86189 	Dead: 0
1.98754   0.0192101   0.0975192 1.86189 	Dead: 0
1.99687   0.0310612   0.157681  1.86189 	Dead: 0
2.00756   0.0279471   0.141872  1.86189 	Dead: 0
1.97996   0.0189604   0.0962517 1.86189 	Dead: 0
2.00201   0.0291624   0.148042  1.86189 	Dead: 0
1.99208   0.0256859   0.130393  1.84052 	Dead: 0
1.98675   0.0212579   0.107915  1.84052 	Dead: 0
1.98647   0.0200497   0.101782  1.84052 	Dead: 0
1.98838   0.0251208   0.127525  1.84052 	Dead: 0
1.99031   0.0229365   0.116436  1.84052 	Dead: 0
1.98844   0.0238224   0.120934  1.84052 	Dead: 0
2.00289   0.0269296   0.136707  1.84052 	Dead: 0
1.99822   0.0323354   0.16415   1.84052 	Dead: 0
2.00795   0.0300094   0.152342  1.84052 	Dead: 0
1.98714   0.022633    0.114896  1.84052 	Dead: 0
1.9999    0.0285549   0.144958  1.84052 	Dead: 0
2.01098   0.0319812   0.162352  1.84052 	Dead: 0
1.98819   0.0236703   0.120161  1.84052 	Dead: 0
1.98537   0.0227211   0.115343  1.84052 	Dead: 0
1.98176   0.0225262   0.114353  1.84052 	Dead: 0
1.99617   0.0243122   0.12342   1.84052 	Dead: 0
1.98618   0.0207957   0.105569  1.84052 	Dead: 0
1.99754   0.0279115   0.141692  1.84052 	Dead: 0
1.98314   0.0226882   0.115176  1.84052 	Dead: 0
1.99475   0.0285115   0.144738  1.84052 	Dead: 0
1.98407   0.0190076   0.0964914 1.84052 	Dead: 0
1.9885    0.0299903   0.152245  1.84052 	Dead: 0
1.99487   0.027306    0.138618  1.84052 	Dead: 0
1.99736   0.0316298   0.160568  1.84052 	Dead: 0
1.96451   0.0171185   0.0869015 1.84052 	Dead: 0
1.96938   0.0200014   0.101537  1.84052 	Dead: 0
1.96472   0.0200298   0.10168   1.84052 	Dead: 0
1.96878   0.034467    0.174971  1.84052 	Dead: 0
1.98618   0.0252124   0.12799   1.84052 	Dead: 0
1.96948   0.019201    0.0974733 1.84052 	Dead: 0
1.98218   0.0221296   0.11234   1.84052 	Dead: 0
1.96167   0.0184896   0.0938619 1.84052 	Dead: 0
