5.14004   0.0914712   0.46435   4.02157 	Dead: 0
3.80319   0.0464772   0.23594   3.24858 	Dead: 0
3.68747   0.0472595   0.239911  3.23587 	Dead: 0
3.62783   0.0525171   0.266601  3.23587 	Dead: 0
3.63524   0.0601367   0.305282  3.17413 	Dead: 0
3.61395   0.0583442   0.296182  3.17413 	Dead: 0
3.58469   0.0588887   0.298947  3.17413 	Dead: 0
3.56946   0.0540832   0.274552  3.17194 	Dead: 0
3.55891   0.0546249   0.277301  3.17194 	Dead: 0
3.5891    0.056176    0.285176  3.17194 	Dead: 0
3.56964   0.0606218   0.307745  3.1661  	Dead: 0
3.5814    0.0582338   0.295622  3.1661  	Dead: 0
3.53435   0.0516076   0.261984  3.1661  	Dead: 0
3.54037   0.0597364   0.30325   3.14553 	Dead: 0
3.52206   0.0546464   0.277411  3.12781 	Dead: 0
3.53737   0.0573981   0.29138   3.08682 	Dead: 0
3.55324   0.0606928   0.308105  3.05126 	Dead: 0
3.51389   0.0573943   0.29136   3.05126 	Dead: 0
3.51478   0.0600285   0.304733  3.05126 	Dead: 0
3.58492   0.0632642   0.321159  3.05126 	Dead: 0
3.50827   0.0557313   0.282918  3.05126 	Dead: 0
3.52651   0.0612124   0.310743  3.05126 	Dead: 0
3.47586   0.0531359   0.269743  3.05126 	Dead: 0
3.46375   0.0570282   0.289502  3.05126 	Dead: 0
3.4646    0.0568077   0.288382  3.05126 	Dead: 0
3.46421   0.0582972   0.295944  2.94654 	Dead: 0
3.46175   0.0561962   0.285278  2.94654 	Dead: 0
3.45077   0.0557475   0.283     2.94654 	Dead: 0
3.43502   0.0560359   0.284464  2.94654 	Dead: 0
3.40823   0.0516226   0.26206   2.94654 	Dead: 0
3.42172   0.0557874   0.283203  2.94654 	Dead: 0
3.39361   0.0494804   0.251185  2.94654 	Dead: 0
3.44312   0.0565609   0.28713   2.94654 	Dead: 0
3.42418   0.0543481   0.275896  2.94654 	Dead: 0
3.44948   0.0595332   0.302218  2.94654 	Dead: 0
3.4169    0.056951    0.28911   2.94654 	Dead: 0
3.43229   0.0588952   0.29898   2.94654 	Dead: 0
3.41659   0.0560957   0.284768  2.94654 	Dead: 0
3.40939   0.0554596   0.281539  2.93429 	Dead: 0
3.41274   0.0604759   0.307004  2.93429 	Dead: 0
3.41887   0.0646721   0.328306  2.93429 	Dead: 0
3.40873   0.0620935   0.315216  2.93429 	Dead: 0
3.41758   0.0590125   0.299575  2.93429 	Dead: 0
3.40676   0.0595749   0.30243   2.84133 	Dead: 0
3.42294   0.0614304   0.311849  2.84133 	Dead: 0
3.3828    0.0558427   0.283484  2.84133 	Dead: 0
3.37766   0.0594636   0.301865  2.84133 	Dead: 0
3.3973    0.0569592   0.289151  2.84133 	Dead: 0
3.39736   0.0571955   0.290351  2.84133 	Dead: 0
3.37837   0.0528832   0.26846   2.84133 	Dead: 0
3.40249   0.0562035   0.285315  2.84133 	Dead: 0
3.44556   0.0653814   0.331907  2.84133 	Dead: 0
3.40007   0.0577207   0.293017  2.84133 	Dead: 0
3.40369   0.0599598   0.304384  2.84133 	Dead: 0
3.38331   0.0590433   0.299731  2.84133 	Dead: 0
3.39643   0.0580486   0.294682  2.84133 	Dead: 0
3.42407   0.0624892   0.317224  2.84133 	Dead: 0
3.35777   0.0553049   0.280754  2.84133 	Dead: 0
3.39347   0.0621804   0.315657  2.84133 	Dead: 0
3.38381   0.0603079   0.306151  2.84133 	Dead: 0
3.36207   0.0556809   0.282662  2.84133 	Dead: 0
3.39476   0.0607136   0.30821   2.84133 	Dead: 0
3.39098   0.0604652   0.30695   2.84133 	Dead: 0
3.34493   0.0535483   0.271836  2.84133 	Dead: 0
3.40158   0.0600949   0.30507   2.84133 	Dead: 0
3.39646   0.0644009   0.326929  2.84133 	Dead: 0
3.40207   0.0600708   0.304948  2.84133 	Dead: 0
3.36232   0.0574904   0.291848  2.84133 	Dead: 0
3.37076   0.0540515   0.274391  2.84133 	Dead: 0
3.3828    0.0589556   0.299286  2.84133 	Dead: 0
3.38666   0.0588667   0.298835  2.84133 	Dead: 0
3.37263   0.0622904   0.316215  2.84133 	Dead: 0
3.38262   0.0644105   0.326978  2.84133 	Dead: 0
3.38725   0.0602048   0.305628  2.84133 	Dead: 0
3.3711    0.0561417   0.285002  2.84133 	Dead: 0
3.39604   0.0612626   0.310997  2.84133 	Dead: 0
3.37439   0.0593014   0.301041  2.84133 	Dead: 0
3.3306    0.054482    0.276576  2.84133 	Dead: 0
3.38969   0.0627351   0.318473  2.84133 	Dead: 0
3.36044   0.0570924   0.289828  2.84133 	Dead: 0
3.37866   0.0571625   0.290184  2.84133 	Dead: 0
3.35422   0.0552877   0.280666  2.84133 	Dead: 0
3.40301   0.064956    0.329747  2.84133 	Dead: 0
3.38067   0.0595058   0.302079  2.84133 	Dead: 0
3.38348   0.0609631   0.309477  2.84133 	Dead: 0
3.35754   0.0587264   0.298122  2.84133 	Dead: 0
3.35577   0.0582588   0.295749  2.84133 	Dead: 0
3.35566   0.0613918   0.311654  2.84133 	Dead: 0
3.33773   0.0611163   0.310255  2.84133 	Dead: 0
3.34532   0.0552041   0.280242  2.84133 	Dead: 0
3.3426    0.053113    0.269626  2.84133 	Dead: 0
3.35412   0.0603513   0.306371  2.84133 	Dead: 0
3.30887   0.0538325   0.273279  2.84133 	Dead: 0
3.40075   0.0660422   0.335261  2.84133 	Dead: 0
3.36274   0.0594796   0.301946  2.84133 	Dead: 0
3.3178    0.057416    0.29147   2.84133 	Dead: 0
3.35265   0.0607955   0.308626  2.84133 	Dead: 0
3.32054   0.0560982   0.284781  2.84133 	Dead: 0
3.34925   0.0603476   0.306353  2.84133 	Dead: 0
3.3329    0.0580023   0.294447  2.84133 	Dead: 0
3.32414   0.056414    0.286384  2.84133 	Dead: 0
