14.0918   0.118856    0.603369  12.5581 	Dead: 0
10.9594   0.0401567   0.203854  10.522  	Dead: 0
9.94358   0.0549058   0.278727  9.50244 	Dead: 0
9.25983   0.0576455   0.292635  8.91128 	Dead: 0
8.80328   0.0552525   0.280488  8.42926 	Dead: 0
8.44225   0.0787393   0.399717  8.107   	Dead: 0
8.03909   0.0616927   0.313181  7.71691 	Dead: 0
7.5834    0.0448147   0.2275    7.27022 	Dead: 0
7.34252   0.0588261   0.298629  7.05806 	Dead: 0
7.19943   0.070626    0.358531  6.85491 	Dead: 0
7.04404   0.0598777   0.303967  6.76712 	Dead: 0
6.89359   0.069568    0.35316   6.55276 	Dead: 0
6.81447   0.080846    0.410412  6.45268 	Dead: 0
6.50078   0.056701    0.287841  6.28225 	Dead: 0
6.4934    0.0972621   0.493748  6.08194 	Dead: 0
6.29854   0.0834714   0.42374   5.86409 	Dead: 0
6.1256    0.06977     0.354185  5.77455 	Dead: 0
6.02772   0.0898023   0.455878  5.63998 	Dead: 0
5.6807    0.0678016   0.344192  5.36489 	Dead: 0
5.55863   0.111823    0.567665  5.02658 	Dead: 0
5.25573   0.10963     0.556534  4.6636  	Dead: 0
5.11532   0.0896415   0.455062  4.6636  	Dead: 0
5.04329   0.0774696   0.393272  4.61605 	Dead: 0
4.85185   0.0851199   0.432108  4.42041 	Dead: 0
4.88734   0.125964    0.639451  4.38083 	Dead: 0
4.86377   0.14115     0.716544  4.25332 	Dead: 0
4.68344   0.112576    0.571489  4.20569 	Dead: 0
4.55724   0.111847    0.567789  4.1024  	Dead: 0
4.42221   0.106783    0.542081  3.93656 	Dead: 0
4.32503   0.145068    0.736431  3.70275 	Dead: 0
4.19594   0.14603     0.741314  3.65192 	Dead: 0
4.16805   0.128313    0.651376  3.63411 	Dead: 0
3.99081   0.11562     0.58694   3.58373 	Dead: 0
4.07868   0.142473    0.723257  3.52066 	Dead: 0
3.97585   0.138384    0.702502  3.46329 	Dead: 0
3.91299   0.149796    0.760435  3.3998  	Dead: 0
3.81657   0.121618    0.617388  3.34803 	Dead: 0
3.91955   0.164208    0.833597  3.27209 	Dead: 0
3.75721   0.152483    0.774076  3.23625 	Dead: 0
3.83037   0.167259    0.849085  3.17157 	Dead: 0
3.7632    0.156648    0.795218  3.17157 	Dead: 0
3.75921   0.168383    0.854788  3.17157 	Dead: 0
3.72022   0.153384    0.778651  3.14021 	Dead: 0
3.72221   0.161947    0.822117  3.12882 	Dead: 0
3.64585   0.157323    0.798644  3.10586 	Dead: 0
3.62764   0.161237    0.818513  3.01674 	Dead: 0
3.71028   0.18947     0.961837  2.97873 	Dead: 0
3.6786    0.175144    0.889112  2.90299 	Dead: 0
3.58569   0.187867    0.953699  2.90299 	Dead: 0
3.66926   0.205541    1.04342   2.90299 	Dead: 0
3.44013   0.169134    0.858601  2.81357 	Dead: 0
3.48382   0.181224    0.919977  2.78105 	Dead: 0
3.2491    0.135185    0.686262  2.69892 	Dead: 0
3.38453   0.192656    0.978014  2.63246 	Dead: 0
3.21206   0.185396    0.941158  2.57377 	Dead: 0
3.2359    0.183942    0.933778  2.52956 	Dead: 0
3.2643    0.206595    1.04877   2.52511 	Dead: 0
3.04954   0.150544    0.764231  2.46565 	Dead: 0
3.15024   0.181568    0.921726  2.46274 	Dead: 0
3.03337   0.173526    0.880897  2.46274 	Dead: 0
3.15571   0.204658    1.03894   2.43973 	Dead: 0
3.27497   0.231273    1.17405   2.41983 	Dead: 0
3.11512   0.186908    0.948834  2.36384 	Dead: 0
3.01142   0.194892    0.989363  2.32751 	Dead: 0
2.96195   0.183956    0.933845  2.27576 	Dead: 0
2.96958   0.191437    0.971823  2.27576 	Dead: 0
2.99301   0.192035    0.974862  2.26488 	Dead: 0
2.97097   0.189836    0.963694  2.26488 	Dead: 0
2.88956   0.18691     0.94884   2.23271 	Dead: 0
3.19977   0.230885    1.17208   2.23271 	Dead: 0
3.05739   0.234827    1.19209   2.23271 	Dead: 0
2.89452   0.200004    1.01531   2.23271 	Dead: 0
2.90358   0.186038    0.944414  2.18093 	Dead: 0
3.00049   0.241481    1.22587   2.18093 	Dead: 0
3.07377   0.215518    1.09407   2.18028 	Dead: 0
2.86809   0.195742    0.993676  2.16862 	Dead: 0
2.83646   0.193534    0.98247   2.13928 	Dead: 0
2.83923   0.19266     0.978032  2.13928 	Dead: 0
3.02831   0.248421    1.2611    2.13928 	Dead: 0
2.80711   0.201761    1.02423   2.13513 	Dead: 0
2.77953   0.179266    0.91004   2.13513 	Dead: 0
2.94307   0.22458     1.14007   2.13513 	Dead: 0
2.94062   0.22667     1.15068   2.13513 	Dead: 0
2.84995   0.222155    1.12776   2.10934 	Dead: 0
2.79982   0.193996    0.984813  2.10934 	Dead: 0
2.8797    0.193972    0.984692  2.08804 	Dead: 0
2.75802   0.185825    0.943334  2.08804 	Dead: 0
3.05814   0.245846    1.24803   2.08804 	Dead: 0
2.87928   0.221249    1.12316   2.08739 	Dead: 0
2.98444   0.237149    1.20388   2.08739 	Dead: 0
2.99816   0.249106    1.26458   2.08739 	Dead: 0
2.81425   0.201697    1.02391   2.08739 	Dead: 0
2.92574   0.231013    1.17273   2.08739 	Dead: 0
2.99184   0.247167    1.25474   2.06963 	Dead: 0
2.77544   0.189545    0.962218  2.04553 	Dead: 0
2.88681   0.236543    1.2008    2.04553 	Dead: 0
2.98329   0.231448    1.17494   2.04553 	Dead: 0
2.77685   0.195331    0.99159   2.04553 	Dead: 0
2.95829   0.228738    1.16118   2.04388 	Dead: 0
2.75346   0.188085    0.954808  2.03103 	Dead: 0
2.75613   0.207831    1.05505   2.01959 	Dead: 0
