6.78695   0.0684795   0.347634  5.98963 	Dead: 0
5.9456    0.0509341   0.258565  5.46603 	Dead: 0
5.77868   0.0598029   0.303587  5.38864 	Dead: 0
5.59039   0.0626443   0.318012  4.90441 	Dead: 0
5.49475   0.061472    0.312061  4.90441 	Dead: 0
5.45724   0.0622895   0.31621   4.90441 	Dead: 0
5.43868   0.0632121   0.320894  4.90441 	Dead: 0
5.40676   0.0645227   0.327547  4.89551 	Dead: 0
5.36678   0.0674847   0.342584  4.86788 	Dead: 0
5.4092    0.0750234   0.380854  4.86788 	Dead: 0
5.38749   0.0744593   0.37799   4.86227 	Dead: 0
5.3418    0.0672091   0.341185  4.86227 	Dead: 0
5.33482   0.0708639   0.359738  4.78935 	Dead: 0
5.36073   0.0698626   0.354655  4.78935 	Dead: 0
5.36909   0.0784064   0.398027  4.78935 	Dead: 0
5.36313   0.0747485   0.379458  4.78935 	Dead: 0
5.28615   0.0700518   0.355616  4.78935 	Dead: 0
5.25249   0.0619514   0.314494  4.7595  	Dead: 0
5.24848   0.0723084   0.367071  4.69682 	Dead: 0
5.21434   0.0660904   0.335506  4.5837  	Dead: 0
5.21456   0.0721294   0.366163  4.5837  	Dead: 0
5.18369   0.0744525   0.377955  4.5837  	Dead: 0
5.18822   0.0669874   0.340059  4.5837  	Dead: 0
5.20274   0.0743384   0.377376  4.5837  	Dead: 0
5.15557   0.0764728   0.388212  4.56936 	Dead: 0
5.08718   0.0635389   0.322553  4.56936 	Dead: 0
5.0904    0.0634807   0.322258  4.56936 	Dead: 0
5.10589   0.0761571   0.386609  4.56021 	Dead: 0
5.08505   0.071615    0.363551  4.56021 	Dead: 0
5.1445    0.0668888   0.339559  4.56021 	Dead: 0
5.06717   0.0691017   0.350793  4.56021 	Dead: 0
5.13808   0.0790971   0.401534  4.50422 	Dead: 0
5.09862   0.0705525   0.358157  4.50422 	Dead: 0
5.08859   0.0694699   0.352662  4.50422 	Dead: 0
5.02648   0.0591718   0.300384  4.50422 	Dead: 0
5.04695   0.0680265   0.345334  4.50422 	Dead: 0
5.03803   0.0695716   0.353178  4.43252 	Dead: 0
5.03734   0.0763903   0.387793  4.43252 	Dead: 0
5.06475   0.0783162   0.397569  4.43252 	Dead: 0
5.03476   0.0718598   0.364794  4.43252 	Dead: 0
4.99634   0.0666318   0.338254  4.43252 	Dead: 0
5.04611   0.0673327   0.341812  4.43252 	Dead: 0
5.02669   0.0721065   0.366046  4.43252 	Dead: 0
4.99838   0.0645259   0.327563  4.43252 	Dead: 0
5.03413   0.0766239   0.388979  4.43252 	Dead: 0
5.05289   0.0742385   0.376869  4.43252 	Dead: 0
4.97848   0.0692854   0.351725  4.43252 	Dead: 0
4.99202   0.0649334   0.329632  4.43252 	Dead: 0
4.96557   0.0701689   0.35621   4.43252 	Dead: 0
4.99981   0.0656169   0.333102  4.43252 	Dead: 0
4.97672   0.0686657   0.348579  4.43252 	Dead: 0
4.95476   0.0670526   0.34039   4.43252 	Dead: 0
5.03429   0.0774585   0.393216  4.42099 	Dead: 0
4.94521   0.0699741   0.355221  4.42099 	Dead: 0
5.01008   0.0778173   0.395037  4.42099 	Dead: 0
4.98496   0.0755002   0.383274  4.42099 	Dead: 0
4.99242   0.073899    0.375146  4.42099 	Dead: 0
4.98906   0.0712128   0.36151   4.42099 	Dead: 0
4.98122   0.0742651   0.377004  4.42099 	Dead: 0
4.96631   0.0758592   0.385097  4.42099 	Dead: 0
4.98984   0.0731407   0.371296  4.42099 	Dead: 0
5.0014    0.0740802   0.376066  4.42099 	Dead: 0
4.96928   0.0707121   0.358968  4.42099 	Dead: 0
5.00227   0.0711074   0.360975  4.42099 	Dead: 0
4.98609   0.0717481   0.364227  4.42099 	Dead: 0
4.9853    0.074503    0.378212  4.42099 	Dead: 0
4.99939   0.0773623   0.392727  4.42099 	Dead: 0
4.97398   0.0714219   0.362571  4.42099 	Dead: 0
4.9857    0.0794136   0.403141  4.42099 	Dead: 0
4.96061   0.0702587   0.356666  4.42099 	Dead: 0
5.00143   0.0777371   0.39463   4.42099 	Dead: 0
5.00045   0.0740632   0.375979  4.42099 	Dead: 0
4.99666   0.0783444   0.397713  4.42099 	Dead: 0
4.98653   0.0776621   0.394249  4.42099 	Dead: 0
4.93932   0.0704256   0.357513  4.42099 	Dead: 0
4.99439   0.0744735   0.378062  4.42099 	Dead: 0
4.98403   0.0736742   0.374005  4.42099 	Dead: 0
4.96822   0.0697785   0.354228  4.39823 	Dead: 0
4.97842   0.0720664   0.365843  4.39823 	Dead: 0
5.0147    0.0814886   0.413674  4.39823 	Dead: 0
4.93784   0.0695409   0.353022  4.39823 	Dead: 0
4.96421   0.0735441   0.373344  4.39823 	Dead: 0
4.95731   0.0670555   0.340405  4.39823 	Dead: 0
4.9938    0.0781774   0.396865  4.39823 	Dead: 0
4.97866   0.0747783   0.379609  4.39823 	Dead: 0
4.96524   0.0750534   0.381006  4.39823 	Dead: 0
4.97199   0.0740634   0.37598   4.39823 	Dead: 0
4.96918   0.0756827   0.384201  4.39823 	Dead: 0
4.91745   0.0747157   0.379292  4.36745 	Dead: 0
4.92415   0.0676957   0.343655  4.36745 	Dead: 0
4.95459   0.0737787   0.374535  4.36745 	Dead: 0
4.9109    0.0681667   0.346046  4.36745 	Dead: 0
4.94939   0.0789967   0.401024  4.36745 	Dead: 0
4.91473   0.0664578   0.337371  4.36745 	Dead: 0
4.93483   0.0716606   0.363783  4.36745 	Dead: 0
4.96308   0.0794853   0.403504  4.24165 	Dead: 0
4.95934   0.073372    0.372471  4.24165 	Dead: 0
4.918     0.0674858   0.34259   4.24165 	Dead: 0
4.93651   0.0712159   0.361525  4.24165 	Dead: 0
4.93592   0.0748049   0.379745  4.24165 	Dead: 0
4.91093   0.0708522   0.359679  4.24165 	Dead: 0
