5.51218   0.0982611   0.498819  4.4248  	Dead: 0
3.80409   0.0473913   0.24058   3.28463 	Dead: 0
3.37803   0.0436058   0.221363  2.89438 	Dead: 0
3.2284    0.039512    0.200582  2.82909 	Dead: 0
3.16471   0.0454699   0.230826  2.8189  	Dead: 0
3.12297   0.0448977   0.227922  2.73513 	Dead: 0
3.0122    0.0372295   0.188994  2.73423 	Dead: 0
3.00434   0.03901     0.198033  2.67441 	Dead: 0
3.00644   0.0422125   0.21429   2.66956 	Dead: 0
2.98209   0.0428608   0.217581  2.59326 	Dead: 0
2.96594   0.0445536   0.226175  2.53968 	Dead: 0
2.95841   0.0452854   0.22989   2.53968 	Dead: 0
2.9231    0.0429724   0.218148  2.53704 	Dead: 0
2.90026   0.0443512   0.225147  2.53704 	Dead: 0
2.85512   0.0410957   0.208621  2.53704 	Dead: 0
2.8681    0.0404466   0.205326  2.48118 	Dead: 0
2.81871   0.0392612   0.199308  2.48118 	Dead: 0
2.80107   0.0418209   0.212303  2.48118 	Dead: 0
2.82951   0.0461557   0.234308  2.48118 	Dead: 0
2.7916    0.0386913   0.196415  2.48118 	Dead: 0
2.77834   0.0400519   0.203322  2.48118 	Dead: 0
2.78371   0.0433529   0.22008   2.4355  	Dead: 0
2.75236   0.0381692   0.193765  2.4355  	Dead: 0
2.73757   0.0415203   0.210776  2.40498 	Dead: 0
2.65982   0.0376045   0.190898  2.32437 	Dead: 0
2.64616   0.0412233   0.209269  2.29762 	Dead: 0
2.64608   0.041115    0.208719  2.29762 	Dead: 0
2.61604   0.0360859   0.183189  2.29762 	Dead: 0
2.64463   0.0446714   0.226773  2.29762 	Dead: 0
2.62095   0.0392249   0.199124  2.29762 	Dead: 0
2.59678   0.037869    0.19224   2.29762 	Dead: 0
2.56482   0.0387322   0.196623  2.29762 	Dead: 0
2.54518   0.0358034   0.181755  2.28044 	Dead: 0
2.5285    0.0328943   0.166987  2.22485 	Dead: 0
2.51979   0.0356678   0.181066  2.21759 	Dead: 0
2.53291   0.0401077   0.203605  2.21759 	Dead: 0
2.53666   0.0443921   0.225355  2.21759 	Dead: 0
2.51791   0.0398255   0.202173  2.21759 	Dead: 0
2.48437   0.038734    0.196632  2.15208 	Dead: 0
2.4925    0.0412341   0.209323  2.15208 	Dead: 0
2.47664   0.0367975   0.186801  2.15208 	Dead: 0
2.49133   0.0422824   0.214645  2.15208 	Dead: 0
2.4912    0.0462759   0.234918  2.15208 	Dead: 0
2.47906   0.0398173   0.202131  2.15208 	Dead: 0
2.48391   0.0402984   0.204573  2.15208 	Dead: 0
2.47591   0.043232    0.219466  2.15208 	Dead: 0
2.47792   0.0405073   0.205634  2.15208 	Dead: 0
2.47285   0.0418245   0.212321  2.15208 	Dead: 0
2.45849   0.0379311   0.192556  2.15208 	Dead: 0
2.45327   0.0397522   0.201801  2.15208 	Dead: 0
2.46435   0.0425881   0.216197  2.15208 	Dead: 0
2.46024   0.0387348   0.196636  2.15208 	Dead: 0
2.44504   0.0379007   0.192402  2.15208 	Dead: 0
2.44821   0.0421685   0.214067  2.07198 	Dead: 0
2.42569   0.0432917   0.219769  2.07198 	Dead: 0
2.38324   0.0346813   0.176058  2.07198 	Dead: 0
2.39951   0.0392458   0.19923   2.07198 	Dead: 0
2.39292   0.0393622   0.199821  2.07198 	Dead: 0
2.40584   0.0416518   0.211444  2.07198 	Dead: 0
2.38292   0.0362914   0.184232  2.07198 	Dead: 0
2.36948   0.0369616   0.187634  2.07198 	Dead: 0
2.35547   0.0413881   0.210105  2.07198 	Dead: 0
2.33976   0.0408307   0.207276  2.02486 	Dead: 0
2.36147   0.0445369   0.22609   1.99858 	Dead: 0
2.32654   0.0411558   0.208926  1.99858 	Dead: 0
2.33935   0.0393984   0.200005  1.99858 	Dead: 0
2.32754   0.0387324   0.196624  1.99858 	Dead: 0
2.31954   0.0433477   0.220053  1.99277 	Dead: 0
2.31802   0.0429305   0.217935  1.99277 	Dead: 0
2.33654   0.0438443   0.222574  1.99277 	Dead: 0
2.32033   0.0419051   0.21273   1.99277 	Dead: 0
2.30014   0.0394838   0.200438  1.98664 	Dead: 0
2.30219   0.038279    0.194322  1.98664 	Dead: 0
2.29415   0.0367845   0.186735  1.98664 	Dead: 0
2.29717   0.0385863   0.195882  1.9801  	Dead: 0
2.29283   0.0405166   0.205681  1.9801  	Dead: 0
2.28402   0.036605    0.185824  1.9801  	Dead: 0
2.2867    0.0394777   0.200407  1.9801  	Dead: 0
2.33343   0.0440865   0.223803  1.91974 	Dead: 0
2.28974   0.0413931   0.210131  1.91974 	Dead: 0
2.26151   0.0352215   0.178801  1.91974 	Dead: 0
2.26904   0.0388343   0.197141  1.91974 	Dead: 0
2.2739    0.0390824   0.198401  1.91974 	Dead: 0
2.27198   0.044328    0.22503   1.91974 	Dead: 0
2.26478   0.039795    0.202018  1.91974 	Dead: 0
2.24958   0.0399376   0.202742  1.91974 	Dead: 0
2.29741   0.0430744   0.218666  1.91974 	Dead: 0
2.26688   0.0408341   0.207293  1.91974 	Dead: 0
2.28429   0.0416239   0.211302  1.91974 	Dead: 0
2.28877   0.0410968   0.208627  1.91974 	Dead: 0
2.28948   0.0453281   0.230107  1.91974 	Dead: 0
2.23844   0.0366172   0.185886  1.91974 	Dead: 0
2.28453   0.0479474   0.243403  1.91974 	Dead: 0
2.25225   0.0384279   0.195078  1.91974 	Dead: 0
2.23204   0.034919    0.177265  1.91974 	Dead: 0
2.2436    0.0364082   0.184825  1.91974 	Dead: 0
2.22046   0.0391498   0.198743  1.91974 	Dead: 0
2.20541   0.0324445   0.164703  1.91974 	Dead: 0
2.21199   0.0364964   0.185273  1.91974 	Dead: 0
2.22675   0.0403581   0.204877  1.91974 	Dead: 0
2.22104   0.0363468   0.184513  1.91974 	Dead: 0
