13.7011   0.0996631   0.505937  12.6907 	Dead: 0
12.3997   0.0390647   0.198311  12.0429 	Dead: 0
12.2809   0.0433313   0.21997   11.7924 	Dead: 0
12.2496   0.0446452   0.22664   11.7924 	Dead: 0
12.1853   0.0467189   0.237167  11.7924 	Dead: 0
12.0922   0.0417124   0.211752  11.5566 	Dead: 0
12.059    0.0436984   0.221833  11.5566 	Dead: 0
12.0585   0.0541918   0.275103  11.5566 	Dead: 0
12.0428   0.0500375   0.254014  11.5566 	Dead: 0
12.009    0.0517494   0.262704  11.5566 	Dead: 0
11.9822   0.0521316   0.264644  11.5566 	Dead: 0
11.9803   0.0533358   0.270757  11.5566 	Dead: 0
11.9728   0.0472275   0.239749  11.5248 	Dead: 0
11.9883   0.0522876   0.265436  11.5248 	Dead: 0
11.9804   0.050353    0.255615  11.5248 	Dead: 0
11.987    0.0561578   0.285083  11.5248 	Dead: 0
11.9525   0.0520395   0.264177  11.5247 	Dead: 0
11.9624   0.050165    0.254661  11.5247 	Dead: 0
11.9639   0.0683788   0.347123  11.4545 	Dead: 0
11.9198   0.0530149   0.269128  11.4545 	Dead: 0
11.9287   0.0531945   0.27004   11.4545 	Dead: 0
11.9351   0.0534208   0.271189  11.4545 	Dead: 0
11.9565   0.0498858   0.253244  11.4545 	Dead: 0
11.932    0.056275    0.285678  11.4545 	Dead: 0
11.9145   0.0521376   0.264675  11.4545 	Dead: 0
11.8784   0.0477724   0.242515  11.4545 	Dead: 0
11.9105   0.0517793   0.262856  11.3712 	Dead: 0
11.8924   0.0524048   0.266031  11.3712 	Dead: 0
11.9241   0.0540564   0.274416  11.3712 	Dead: 0
11.921    0.0559119   0.283835  11.3712 	Dead: 0
11.8994   0.0491239   0.249376  11.3712 	Dead: 0
11.9233   0.0542856   0.275579  11.3712 	Dead: 0
11.9555   0.0656247   0.333142  11.3712 	Dead: 0
11.9093   0.0558469   0.283505  11.3712 	Dead: 0
11.9196   0.0536562   0.272384  11.3712 	Dead: 0
11.9091   0.05635     0.286059  11.3712 	Dead: 0
11.9092   0.0562845   0.285726  11.3712 	Dead: 0
11.9069   0.0633851   0.321773  11.3712 	Dead: 0
11.9023   0.0562319   0.28546   11.3712 	Dead: 0
11.9175   0.0557789   0.283159  11.3712 	Dead: 0
11.888    0.0511466   0.259644  11.3712 	Dead: 0
11.9142   0.062532    0.317442  11.3712 	Dead: 0
11.9042   0.0568721   0.288709  11.3712 	Dead: 0
11.9064   0.0554865   0.281675  11.3712 	Dead: 0
11.9111   0.0562843   0.285725  11.3712 	Dead: 0
11.9137   0.0695696   0.353168  11.3712 	Dead: 0
11.9258   0.0615317   0.312364  11.3712 	Dead: 0
11.8823   0.0596706   0.302916  11.3712 	Dead: 0
11.8898   0.0670671   0.340464  11.3712 	Dead: 0
11.867    0.0550045   0.279228  11.3712 	Dead: 0
11.8911   0.0570908   0.28982   11.3712 	Dead: 0
11.8574   0.0573451   0.29111   11.3712 	Dead: 0
11.8774   0.0558957   0.283753  11.3712 	Dead: 0
11.8609   0.0535803   0.271999  11.3712 	Dead: 0
11.8892   0.0561452   0.285019  11.3712 	Dead: 0
11.8677   0.055977    0.284165  11.3712 	Dead: 0
11.8426   0.0529851   0.268977  11.3712 	Dead: 0
11.8373   0.0525041   0.266535  11.3712 	Dead: 0
11.8626   0.0581158   0.295023  11.3712 	Dead: 0
11.8366   0.0472595   0.239911  11.3712 	Dead: 0
11.8306   0.0519795   0.263872  11.3712 	Dead: 0
11.8656   0.0590178   0.299602  11.3712 	Dead: 0
11.8891   0.0563682   0.286151  11.3712 	Dead: 0
11.8566   0.0540403   0.274334  11.3712 	Dead: 0
11.8531   0.0574068   0.291423  11.3712 	Dead: 0
11.8504   0.0540422   0.274343  11.3712 	Dead: 0
11.9011   0.0618217   0.313836  11.3712 	Dead: 0
11.8874   0.0588183   0.298589  11.3712 	Dead: 0
11.854    0.0557851   0.283191  11.3712 	Dead: 0
11.8194   0.0492776   0.250156  11.3712 	Dead: 0
11.84     0.0526912   0.267485  11.3712 	Dead: 0
11.8321   0.0512548   0.260193  11.3712 	Dead: 0
11.8629   0.0578337   0.293591  11.3712 	Dead: 0
11.8481   0.0582934   0.295924  11.2876 	Dead: 0
11.8152   0.0511727   0.259777  11.2876 	Dead: 0
11.8837   0.0603585   0.306408  11.2876 	Dead: 0
11.851    0.0537947   0.273087  11.2876 	Dead: 0
11.8165   0.0474088   0.240669  11.2876 	Dead: 0
11.8298   0.050329    0.255494  11.2876 	Dead: 0
11.8389   0.0578168   0.293505  11.2876 	Dead: 0
11.8311   0.0493047   0.250294  11.2876 	Dead: 0
11.8202   0.056983    0.289272  11.2876 	Dead: 0
11.8441   0.0562482   0.285542  11.2876 	Dead: 0
11.8474   0.0576316   0.292565  11.2876 	Dead: 0
11.8382   0.0548129   0.278256  11.2876 	Dead: 0
11.8309   0.0541553   0.274918  11.2876 	Dead: 0
11.862    0.0612895   0.311134  11.2876 	Dead: 0
11.8317   0.0518461   0.263195  11.2876 	Dead: 0
11.8795   0.0661475   0.335795  11.2876 	Dead: 0
11.7967   0.0504752   0.256236  11.2876 	Dead: 0
11.8151   0.0463675   0.235383  11.2876 	Dead: 0
11.8482   0.0525387   0.266711  11.2876 	Dead: 0
11.8266   0.0553811   0.28114   11.2876 	Dead: 0
11.806    0.0496964   0.252282  11.2876 	Dead: 0
11.8307   0.057988    0.294374  11.2876 	Dead: 0
11.84     0.0535085   0.271634  11.2876 	Dead: 0
11.8138   0.0559675   0.284117  11.2876 	Dead: 0
11.799    0.0576767   0.292794  11.2876 	Dead: 0
11.8258   0.054963    0.279018  11.2876 	Dead: 0
11.8134   0.0552117   0.28028   11.2876 	Dead: 0
11.7909   0.0501747   0.25471   11.2876 	Dead: 0
