0   6.16149   0.0636093   0.322911  5.50019 	Dead: 0
1   3.94151   0.0498968   0.253299  3.52448 	Dead: 0
2   3.85264   0.0612674   0.311022  3.38937 	Dead: 0
3   3.77569   0.0610067   0.309699  3.31197 	Dead: 0
4   3.7032    0.0602682   0.30595   3.31197 	Dead: 0
5   3.68183   0.0561384   0.284985  3.28845 	Dead: 0
6   3.61496   0.0500698   0.254178  3.24672 	Dead: 0
7   3.63361   0.0569299   0.289003  3.17439 	Dead: 0
8   3.61502   0.0571644   0.290193  3.17439 	Dead: 0
9   3.58515   0.057984    0.294354  3.16041 	Dead: 0
10  3.58128   0.0599239   0.304201  3.14282 	Dead: 0
11  3.55965   0.057387    0.291323  3.14282 	Dead: 0
12  3.54465   0.0555316   0.281904  3.14282 	Dead: 0
13  3.55328   0.0625555   0.317561  3.14282 	Dead: 0
14  3.59265   0.0685196   0.347837  3.14282 	Dead: 0
15  3.57196   0.0739078   0.37519   3.05621 	Dead: 0
16  3.49377   0.0544368   0.276347  3.01703 	Dead: 0
17  3.5045    0.0585369   0.297161  3.01703 	Dead: 0
18  3.52606   0.0649427   0.329679  3.01703 	Dead: 0
19  3.46146   0.0549536   0.27897   3.01703 	Dead: 0
20  3.45065   0.0576237   0.292525  3.01703 	Dead: 0
21  3.44108   0.0546855   0.277609  3.01703 	Dead: 0
22  3.44313   0.053145    0.269789  3.01703 	Dead: 0
23  3.46439   0.0704595   0.357685  3.01703 	Dead: 0
24  3.40119   0.0533198   0.270676  3.01703 	Dead: 0
25  3.40642   0.0559314   0.283934  3.00446 	Dead: 0
26  3.43253   0.0733232   0.372223  3.00446 	Dead: 0
27  3.39421   0.0563571   0.286095  2.98826 	Dead: 0
28  3.37998   0.0588046   0.29852   2.98826 	Dead: 0
29  3.39576   0.0559472   0.284014  2.98826 	Dead: 0
30  3.42089   0.0571157   0.289946  2.96738 	Dead: 0
31  3.40698   0.0569549   0.289129  2.96738 	Dead: 0
32  3.39511   0.0591173   0.300107  2.96738 	Dead: 0
33  3.34984   0.0493828   0.25069   2.96738 	Dead: 0
34  3.34478   0.0495617   0.251598  2.96738 	Dead: 0
35  3.36281   0.0550199   0.279307  2.96738 	Dead: 0
36  3.32682   0.0462228   0.234648  2.94611 	Dead: 0
37  3.34835   0.053537    0.271779  2.94611 	Dead: 0
38  3.35588   0.0540811   0.274541  2.94611 	Dead: 0
39  3.37318   0.055719    0.282856  2.94611 	Dead: 0
40  3.38117   0.0614986   0.312195  2.94611 	Dead: 0
41  3.37063   0.058707    0.298024  2.94611 	Dead: 0
42  3.33942   0.0488549   0.24801   2.94611 	Dead: 0
43  3.3576    0.0574241   0.291512  2.94611 	Dead: 0
44  3.37583   0.0601795   0.305499  2.94611 	Dead: 0
45  3.36806   0.0590122   0.299573  2.94611 	Dead: 0
46  3.36121   0.0507268   0.257513  2.94611 	Dead: 0
47  3.33455   0.0502425   0.255055  2.90829 	Dead: 0
48  3.27939   0.0436895   0.221788  2.90829 	Dead: 0
49  3.31369   0.0506087   0.256913  2.90829 	Dead: 0
50  3.291     0.0500109   0.253879  2.90829 	Dead: 0
51  3.30132   0.0513004   0.260425  2.90829 	Dead: 0
52  3.3194    0.0561465   0.285026  2.90829 	Dead: 0
53  3.30127   0.0511664   0.259744  2.90829 	Dead: 0
54  3.29634   0.0529251   0.268673  2.90829 	Dead: 0
55  3.2971    0.0556579   0.282545  2.86831 	Dead: 0
56  3.31514   0.0561497   0.285042  2.86831 	Dead: 0
57  3.28116   0.0472261   0.239742  2.86831 	Dead: 0
58  3.31796   0.0663578   0.336863  2.86831 	Dead: 0
59  3.24591   0.0456846   0.231916  2.86831 	Dead: 0
60  3.28985   0.0603647   0.306439  2.86831 	Dead: 0
61  3.31384   0.05859     0.29743   2.86831 	Dead: 0
62  3.26968   0.0529279   0.268687  2.86831 	Dead: 0
63  3.28303   0.0493613   0.250581  2.86831 	Dead: 0
64  3.2394    0.0514388   0.261127  2.86831 	Dead: 0
65  3.25816   0.0525139   0.266585  2.86831 	Dead: 0
66  3.25181   0.0552771   0.280613  2.86831 	Dead: 0
67  3.19817   0.0449694   0.228286  2.78387 	Dead: 0
68  3.21075   0.052962    0.26886   2.78387 	Dead: 0
69  3.1899    0.0471509   0.23936   2.78387 	Dead: 0
70  3.21827   0.0497248   0.252426  2.78387 	Dead: 0
71  3.18766   0.0472653   0.23994   2.78387 	Dead: 0
72  3.16438   0.0465812   0.236468  2.78387 	Dead: 0
73  3.17385   0.0471088   0.239146  2.78387 	Dead: 0
74  3.1626    0.0457027   0.232008  2.78387 	Dead: 0
75  3.15224   0.041414    0.210237  2.78387 	Dead: 0
76  3.19568   0.0522104   0.265044  2.78387 	Dead: 0
77  3.14936   0.0420874   0.213655  2.78387 	Dead: 0
78  3.17478   0.0528362   0.268221  2.78387 	Dead: 0
79  3.16266   0.0495314   0.251444  2.78387 	Dead: 0
80  3.17577   0.0495325   0.25145   2.78387 	Dead: 0
81  3.14795   0.0505436   0.256583  2.78387 	Dead: 0
82  3.14545   0.045914    0.233081  2.78387 	Dead: 0
83  3.10186   0.0469831   0.238508  2.78387 	Dead: 0
84  3.11852   0.0486477   0.246958  2.78387 	Dead: 0
85  3.10814   0.0493352   0.250448  2.75462 	Dead: 0
86  3.09724   0.0498627   0.253126  2.71767 	Dead: 0
87  3.06591   0.0440771   0.223756  2.71767 	Dead: 0
88  3.10585   0.0445265   0.226037  2.71767 	Dead: 0
89  3.11002   0.0506366   0.257055  2.71767 	Dead: 0
90  3.11077   0.0547278   0.277824  2.71767 	Dead: 0
91  3.09104   0.0450507   0.228698  2.71767 	Dead: 0
92  3.09402   0.0482578   0.244979  2.71767 	Dead: 0
93  3.11552   0.0570851   0.28979   2.71767 	Dead: 0
94  3.12959   0.0488561   0.248016  2.71767 	Dead: 0
95  3.12363   0.0524444   0.266232  2.71767 	Dead: 0
96  3.10759   0.0504611   0.256164  2.71767 	Dead: 0
97  3.08573   0.0453337   0.230135  2.71767 	Dead: 0
98  3.08505   0.046814    0.23765   2.68638 	Dead: 0
99  3.06145   0.0455118   0.231039  2.68638 	Dead: 0
100 3.07361   0.0484142   0.245773  2.68638 	Dead: 0
