6.05268   0.152737    0.775364  4.37896 	Dead: 0
3.71673   0.0425683   0.216097  3.30732 	Dead: 0
3.66286   0.0423328   0.214901  3.27188 	Dead: 0
3.63704   0.0405583   0.205893  3.27188 	Dead: 0
3.59052   0.0423494   0.214985  3.21785 	Dead: 0
3.65065   0.0561311   0.284948  3.21785 	Dead: 0
3.55232   0.0433656   0.220144  3.21773 	Dead: 0
3.63037   0.0605654   0.307458  3.21773 	Dead: 0
3.58085   0.0444175   0.225484  3.20775 	Dead: 0
3.64176   0.0529071   0.268581  3.20775 	Dead: 0
3.59312   0.0521248   0.26461   3.20775 	Dead: 0
3.61164   0.0516621   0.262261  3.20775 	Dead: 0
3.60295   0.0509241   0.258515  3.20775 	Dead: 0
3.58977   0.0487518   0.247487  3.20775 	Dead: 0
3.56413   0.0479035   0.243181  3.20775 	Dead: 0
3.54735   0.0498613   0.253119  3.17278 	Dead: 0
3.56296   0.0506176   0.256959  3.17278 	Dead: 0
3.53849   0.0465014   0.236063  3.17278 	Dead: 0
3.56469   0.0489919   0.248706  3.17278 	Dead: 0
3.58598   0.0489011   0.248245  3.17015 	Dead: 0
3.5722    0.0500553   0.254104  3.17015 	Dead: 0
3.56466   0.055267    0.280561  3.17015 	Dead: 0
3.54499   0.0497258   0.252431  3.17015 	Dead: 0
3.54989   0.0522472   0.265231  3.17015 	Dead: 0
3.57144   0.0489721   0.248605  3.17015 	Dead: 0
3.52755   0.0462355   0.234713  3.17015 	Dead: 0
3.52424   0.0436792   0.221736  3.1272  	Dead: 0
3.57537   0.0547797   0.278087  3.1272  	Dead: 0
3.53984   0.044861    0.227735  3.1272  	Dead: 0
3.5192    0.0427459   0.216998  3.1272  	Dead: 0
3.56053   0.0495464   0.251521  3.1272  	Dead: 0
3.5576    0.0531951   0.270043  3.1272  	Dead: 0
3.53897   0.0494615   0.25109   3.1272  	Dead: 0
3.5386    0.0496251   0.25192   3.1272  	Dead: 0
3.53182   0.0466221   0.236675  3.1272  	Dead: 0
3.54128   0.0488141   0.247803  3.1272  	Dead: 0
3.53219   0.04834     0.245396  3.1272  	Dead: 0
3.54221   0.0509503   0.258648  3.1272  	Dead: 0
3.54598   0.0526006   0.267025  3.1272  	Dead: 0
3.54446   0.0514007   0.260934  3.1272  	Dead: 0
3.56645   0.0486282   0.246859  3.1272  	Dead: 0
3.53849   0.0491821   0.249672  3.1272  	Dead: 0
3.53256   0.0502958   0.255325  3.1272  	Dead: 0
3.53326   0.0518202   0.263063  3.1272  	Dead: 0
3.53915   0.0511372   0.259596  3.1272  	Dead: 0
3.5296    0.0532471   0.270307  3.1272  	Dead: 0
3.51486   0.0491678   0.249599  3.1272  	Dead: 0
3.53635   0.0521931   0.264956  3.1272  	Dead: 0
3.57088   0.0539262   0.273755  3.1272  	Dead: 0
3.55207   0.0509657   0.258726  3.1272  	Dead: 0
3.53314   0.0528003   0.268039  3.1272  	Dead: 0
3.582     0.0557933   0.283233  3.1272  	Dead: 0
3.56775   0.051469    0.261281  3.1272  	Dead: 0
3.56709   0.0516012   0.261952  3.1272  	Dead: 0
3.55672   0.0558735   0.28364   3.1272  	Dead: 0
3.52669   0.0520646   0.264304  3.1272  	Dead: 0
3.53712   0.0483582   0.245489  3.1272  	Dead: 0
3.5479    0.0532485   0.270314  3.1272  	Dead: 0
3.52117   0.0472142   0.239681  3.1272  	Dead: 0
3.55938   0.0530954   0.269537  3.1272  	Dead: 0
3.56824   0.0545871   0.277109  3.1272  	Dead: 0
3.53476   0.0535446   0.271818  3.1272  	Dead: 0
3.57083   0.0623673   0.316605  3.1272  	Dead: 0
3.53811   0.0497009   0.252305  3.1272  	Dead: 0
3.52455   0.0483677   0.245537  3.1272  	Dead: 0
3.53761   0.0496935   0.252267  3.1272  	Dead: 0
3.54088   0.0536117   0.272158  3.1272  	Dead: 0
3.54032   0.0493696   0.250623  3.1272  	Dead: 0
3.53508   0.0506081   0.25691   3.1272  	Dead: 0
3.51947   0.049048    0.248991  3.1272  	Dead: 0
3.56579   0.0554564   0.281522  3.1272  	Dead: 0
3.52833   0.054411    0.276216  3.1272  	Dead: 0
3.54349   0.0533509   0.270834  3.1272  	Dead: 0
3.55277   0.0545488   0.276915  3.1272  	Dead: 0
3.52525   0.0514784   0.261329  3.07838 	Dead: 0
3.5397    0.0587139   0.298059  3.07838 	Dead: 0
3.52108   0.0490605   0.249054  3.07838 	Dead: 0
3.54391   0.0528004   0.268039  3.07838 	Dead: 0
3.51392   0.0482278   0.244827  3.07838 	Dead: 0
3.51423   0.0470107   0.238648  3.07838 	Dead: 0
3.50938   0.0542286   0.27529   3.07838 	Dead: 0
3.56135   0.0561838   0.285215  3.07838 	Dead: 0
3.53778   0.0540477   0.274371  3.07838 	Dead: 0
3.52886   0.0495779   0.251681  3.07838 	Dead: 0
3.56778   0.0544781   0.276556  3.07838 	Dead: 0
3.50332   0.0499309   0.253473  3.07838 	Dead: 0
3.52807   0.0521509   0.264743  3.07838 	Dead: 0
3.53486   0.0532772   0.27046   3.07838 	Dead: 0
3.52401   0.0509478   0.258635  3.07838 	Dead: 0
3.53408   0.0540149   0.274205  3.07838 	Dead: 0
3.50642   0.0495692   0.251636  3.07838 	Dead: 0
3.54178   0.0535171   0.271678  3.07838 	Dead: 0
3.56867   0.0550973   0.279699  3.07838 	Dead: 0
3.53561   0.0528276   0.268178  3.07838 	Dead: 0
3.5068    0.0465276   0.236196  3.07838 	Dead: 0
3.543     0.0518682   0.263307  3.07838 	Dead: 0
3.53105   0.0513556   0.260705  3.07838 	Dead: 0
3.54512   0.0558225   0.283381  3.07838 	Dead: 0
3.51511   0.0491236   0.249374  3.07838 	Dead: 0
3.5418    0.055598    0.282241  3.07838 	Dead: 0
3.55212   0.05531     0.280779  3.07838 	Dead: 0
