15.4796   0.0740613   0.37597   14.6518 	Dead: 0
14.0949   0.0306573   0.155631  13.7971 	Dead: 0
13.8901   0.0342474   0.173856  13.574  	Dead: 0
13.7164   0.0313084   0.158936  13.3786 	Dead: 0
13.615    0.0312213   0.158494  13.2549 	Dead: 0
13.5839   0.0417543   0.211964  13.2549 	Dead: 0
13.5647   0.0443822   0.225305  13.2549 	Dead: 0
13.5507   0.0451991   0.229452  13.1165 	Dead: 0
13.5486   0.0449327   0.2281    13.1165 	Dead: 0
13.5192   0.0414688   0.210515  13.1165 	Dead: 0
13.5378   0.0457462   0.232229  13.1165 	Dead: 0
13.5325   0.0466614   0.236875  13.1165 	Dead: 0
13.513    0.0469155   0.238165  13.1165 	Dead: 0
13.5083   0.044179    0.224273  13.1165 	Dead: 0
13.5106   0.0498567   0.253096  13.0755 	Dead: 0
13.5037   0.0435948   0.221308  13.0755 	Dead: 0
13.4863   0.0451788   0.229349  13.0713 	Dead: 0
13.4804   0.0513118   0.260483  13.0713 	Dead: 0
13.4409   0.0437029   0.221856  13.0713 	Dead: 0
13.3194   0.0440254   0.223494  12.946  	Dead: 0
13.2424   0.0411251   0.20877   12.8628 	Dead: 0
13.0941   0.0372409   0.189052  12.7922 	Dead: 0
12.9642   0.0367288   0.186452  12.5346 	Dead: 0
12.8907   0.0402397   0.204275  12.5346 	Dead: 0
12.4867   0.0405157   0.205677  12.148  	Dead: 0
12.4505   0.039171    0.19885   12.148  	Dead: 0
12.4377   0.0386286   0.196097  12.1404 	Dead: 0
12.3541   0.0346599   0.17595   12.0908 	Dead: 0
12.2794   0.035164    0.178509  12.0122 	Dead: 0
12.2696   0.0493301   0.250423  11.9365 	Dead: 0
12.2204   0.0422336   0.214397  11.9201 	Dead: 0
12.23     0.0412837   0.209575  11.918  	Dead: 0
12.2593   0.0566937   0.287804  11.918  	Dead: 0
12.2268   0.0422627   0.214545  11.918  	Dead: 0
12.2186   0.0421901   0.214176  11.916  	Dead: 0
12.2029   0.0464698   0.235902  11.904  	Dead: 0
12.1944   0.0444264   0.225529  11.904  	Dead: 0
12.2489   0.0522216   0.265101  11.8607 	Dead: 0
12.1988   0.0513299   0.260575  11.5608 	Dead: 0
12.1465   0.0616501   0.312965  11.5608 	Dead: 0
12.0883   0.0609698   0.309511  11.5608 	Dead: 0
12.099    0.0679348   0.344869  11.5608 	Dead: 0
12.0917   0.0645134   0.3275    11.5608 	Dead: 0
12.0918   0.0658132   0.334098  11.5608 	Dead: 0
12.0691   0.0701376   0.356051  11.5608 	Dead: 0
12.073    0.0673675   0.341989  11.5608 	Dead: 0
12.0882   0.0677766   0.344066  11.5608 	Dead: 0
12.0595   0.065492    0.332468  11.5608 	Dead: 0
12.0568   0.0659187   0.334634  11.5608 	Dead: 0
12.0901   0.0678859   0.34462   11.5608 	Dead: 0
12.0784   0.0722845   0.36695   11.5608 	Dead: 0
12.0523   0.0617234   0.313337  11.5608 	Dead: 0
12.0417   0.0607336   0.308312  11.5608 	Dead: 0
12.0212   0.0626014   0.317794  11.5608 	Dead: 0
12.0384   0.0643571   0.326707  11.5608 	Dead: 0
12.0512   0.0613779   0.311583  11.5608 	Dead: 0
12.0641   0.0622776   0.31615   11.5608 	Dead: 0
12.0386   0.0658495   0.334283  11.5608 	Dead: 0
12.0368   0.0572929   0.290845  11.5608 	Dead: 0
12.0584   0.0684259   0.347362  11.5608 	Dead: 0
12.049    0.0695475   0.353056  11.5608 	Dead: 0
12.0638   0.0738237   0.374764  11.5608 	Dead: 0
12.0644   0.0650635   0.330293  11.5608 	Dead: 0
12.0372   0.060487    0.30706   11.5608 	Dead: 0
12.0277   0.0630612   0.320128  11.5608 	Dead: 0
11.9943   0.0542496   0.275396  11.5608 	Dead: 0
12.0481   0.0619369   0.314421  11.5608 	Dead: 0
12.018    0.0655274   0.332648  11.5608 	Dead: 0
12.0711   0.0696492   0.353572  11.5608 	Dead: 0
12.049    0.0648304   0.329109  11.5608 	Dead: 0
12.037    0.0664347   0.337254  11.5608 	Dead: 0
12.0315   0.0625362   0.317463  11.5608 	Dead: 0
12.0229   0.0597283   0.303209  11.5608 	Dead: 0
12.0309   0.0619323   0.314397  11.5608 	Dead: 0
12.0246   0.0671114   0.340689  11.5608 	Dead: 0
12.0118   0.0600366   0.304774  11.5608 	Dead: 0
12.0283   0.0614636   0.312018  11.5608 	Dead: 0
12.0292   0.0697504   0.354086  11.5608 	Dead: 0
12.0304   0.0662523   0.336327  11.5608 	Dead: 0
12.0411   0.0718951   0.364973  11.5608 	Dead: 0
12.0366   0.0633082   0.321382  11.5608 	Dead: 0
12.0324   0.0598322   0.303736  11.5608 	Dead: 0
12.0153   0.0633484   0.321586  11.5608 	Dead: 0
11.987    0.0625487   0.317526  11.5608 	Dead: 0
12.008    0.065626    0.333148  11.5608 	Dead: 0
12.0183   0.0666801   0.338499  11.5608 	Dead: 0
12.0492   0.0667373   0.338789  11.5608 	Dead: 0
12.0274   0.0688038   0.34928   11.5608 	Dead: 0
12.0234   0.0643185   0.326511  11.5608 	Dead: 0
12.0054   0.0636699   0.323218  11.5608 	Dead: 0
12.0079   0.0607884   0.30859   11.5608 	Dead: 0
11.9917   0.0657483   0.333769  11.5608 	Dead: 0
12.028    0.0602113   0.305661  11.5608 	Dead: 0
12.03     0.0645807   0.327842  11.5608 	Dead: 0
12.0096   0.0627977   0.31879   11.5608 	Dead: 0
12.0244   0.0604657   0.306952  11.5608 	Dead: 0
12.0141   0.0564842   0.28674   11.5608 	Dead: 0
12.0304   0.0703781   0.357272  11.5608 	Dead: 0
12.026    0.059796    0.303552  11.5608 	Dead: 0
12.0172   0.0637587   0.323669  11.5608 	Dead: 0
12.0429   0.0659671   0.33488   11.5608 	Dead: 0
