0   10.0334   0.119341    0.605829  8.7025  	Dead: 0
1   6.97763   0.130778    0.663889  5.44126 	Dead: 0
2   6.59374   0.117989    0.598969  5.44126 	Dead: 0
3   6.35118   0.114077    0.579108  5.32717 	Dead: 0
4   6.28823   0.134993    0.685288  5.13454 	Dead: 0
5   6.25203   0.145571    0.738989  5.13454 	Dead: 0
6   6.17193   0.147937    0.750999  5.13454 	Dead: 0
7   6.21527   0.152798    0.775676  5.13454 	Dead: 0
8   6.16879   0.154192    0.78275   4.95012 	Dead: 0
9   6.20645   0.152437    0.773842  4.95012 	Dead: 0
10  6.20244   0.16677     0.846605  4.95012 	Dead: 0
11  6.18528   0.16824     0.854067  4.95012 	Dead: 0
12  6.16776   0.162112    0.822954  4.95012 	Dead: 0
13  6.15753   0.164614    0.835659  4.95012 	Dead: 0
14  6.19316   0.160698    0.81578   4.95012 	Dead: 0
15  6.11057   0.148776    0.755259  4.95012 	Dead: 0
16  6.11323   0.157546    0.799779  4.95012 	Dead: 0
17  6.05703   0.16277     0.826295  4.94431 	Dead: 0
18  5.98974   0.151603    0.769606  4.86307 	Dead: 0
19  5.94409   0.15519     0.787816  4.78285 	Dead: 0
20  6.00452   0.171975    0.873027  4.58125 	Dead: 0
21  5.85245   0.171297    0.869585  4.58125 	Dead: 0
22  5.86288   0.188522    0.957026  4.58125 	Dead: 0
23  5.80792   0.175702    0.891945  4.58125 	Dead: 0
24  5.78754   0.167865    0.85216   4.58125 	Dead: 0
25  5.685     0.173125    0.878862  4.58125 	Dead: 0
26  5.76329   0.190426    0.966692  4.58125 	Dead: 0
27  5.75377   0.189681    0.96291   4.50762 	Dead: 0
28  5.7413    0.187864    0.953685  4.50762 	Dead: 0
29  5.68888   0.172542    0.875905  4.50762 	Dead: 0
30  5.79429   0.199967    1.01513   4.50762 	Dead: 0
31  5.70525   0.189842    0.963725  4.50762 	Dead: 0
32  5.7319    0.192294    0.976175  4.50762 	Dead: 0
33  5.78201   0.206552    1.04855   4.41294 	Dead: 0
34  5.72527   0.207876    1.05528   4.386   	Dead: 0
35  5.68366   0.199897    1.01477   4.386   	Dead: 0
36  5.7862    0.208557    1.05873   4.3099  	Dead: 0
37  5.76143   0.204417    1.03772   4.3099  	Dead: 0
38  5.75385   0.211389    1.07311   4.3099  	Dead: 0
39  5.75276   0.20216     1.02626   4.3099  	Dead: 0
40  5.83545   0.202848    1.02975   4.3099  	Dead: 0
41  5.82977   0.221135    1.12259   4.3099  	Dead: 0
42  5.78567   0.192937    0.97944   4.3099  	Dead: 0
43  5.79692   0.201491    1.02286   4.21523 	Dead: 0
44  5.78767   0.203822    1.0347    4.21523 	Dead: 0
45  5.85322   0.224033    1.13729   4.21523 	Dead: 0
46  5.84208   0.218508    1.10925   4.21523 	Dead: 0
47  5.74729   0.220312    1.11841   4.21523 	Dead: 0
48  5.76642   0.2247      1.14068   4.21523 	Dead: 0
49  5.71459   0.212489    1.07869   4.20335 	Dead: 0
50  5.65597   0.235187    1.19392   4.14028 	Dead: 0
51  5.78113   0.219537    1.11447   4.14028 	Dead: 0
52  5.79691   0.222812    1.1311    4.14028 	Dead: 0
53  5.79947   0.230523    1.17024   4.09871 	Dead: 0
54  5.68631   0.228928    1.16215   4.09871 	Dead: 0
55  5.56011   0.225445    1.14446   4.09871 	Dead: 0
56  5.66421   0.221089    1.12235   3.9821  	Dead: 0
57  5.61053   0.230884    1.17207   3.9821  	Dead: 0
58  5.63199   0.241613    1.22654   3.95466 	Dead: 0
59  5.60749   0.228524    1.16009   3.73244 	Dead: 0
60  5.64958   0.249244    1.26528   3.73244 	Dead: 0
61  5.6278    0.234952    1.19273   3.73244 	Dead: 0
62  5.66901   0.244619    1.2418    3.73244 	Dead: 0
63  5.50563   0.239377    1.21519   3.73244 	Dead: 0
64  5.67388   0.255171    1.29537   3.73244 	Dead: 0
65  5.61448   0.233545    1.18558   3.73244 	Dead: 0
66  5.73846   0.255808    1.2986    3.71775 	Dead: 0
67  5.65876   0.24648     1.25125   3.71775 	Dead: 0
68  5.71238   0.263611    1.33821   3.71775 	Dead: 0
69  5.50906   0.251836    1.27844   3.71775 	Dead: 0
70  5.70699   0.257693    1.30817   3.71775 	Dead: 0
71  5.65114   0.251211    1.27527   3.71775 	Dead: 0
72  5.48632   0.241845    1.22772   3.71775 	Dead: 0
73  5.69501   0.255059    1.2948    3.71775 	Dead: 0
74  5.72671   0.249002    1.26405   3.71775 	Dead: 0
75  5.51711   0.249714    1.26767   3.62588 	Dead: 0
76  5.58824   0.270625    1.37382   3.62588 	Dead: 0
77  5.62      0.260102    1.3204    3.62588 	Dead: 0
78  5.5608    0.260841    1.32415   3.58542 	Dead: 0
79  5.62291   0.25865     1.31303   3.58542 	Dead: 0
80  5.66568   0.269881    1.37004   3.58542 	Dead: 0
81  5.72365   0.264934    1.34493   3.58542 	Dead: 0
82  5.66532   0.259725    1.31848   3.58542 	Dead: 0
83  5.64577   0.251735    1.27792   3.58542 	Dead: 0
84  5.65811   0.258851    1.31405   3.58542 	Dead: 0
85  5.82372   0.259424    1.31696   3.58542 	Dead: 0
86  5.65858   0.251671    1.2776    3.58542 	Dead: 0
87  5.76408   0.257769    1.30856   3.58542 	Dead: 0
88  5.75087   0.268108    1.36104   3.58542 	Dead: 0
89  5.66977   0.266623    1.3535    3.58542 	Dead: 0
90  5.54493   0.264948    1.345     3.58277 	Dead: 0
91  5.63215   0.266106    1.35088   3.58277 	Dead: 0
92  5.77689   0.259148    1.31556   3.58277 	Dead: 0
93  5.71729   0.267732    1.35913   3.58277 	Dead: 0
94  5.65962   0.263165    1.33595   3.56477 	Dead: 0
95  5.76105   0.258822    1.3139    3.56477 	Dead: 0
96  5.62686   0.234049    1.18814   3.56477 	Dead: 0
97  5.63009   0.276803    1.40518   3.56477 	Dead: 0
98  5.74009   0.262881    1.33451   3.56477 	Dead: 0
99  5.78898   0.272804    1.38488   3.37539 	Dead: 0
100 5.71938   0.281719    1.43014   3.37539 	Dead: 0
