13.8811   0.0925911   0.470036  12.8831 	Dead: 0
12.3495   0.0660116   0.335106  11.7857 	Dead: 0
12.1044   0.0669522   0.33988   11.4508 	Dead: 0
11.754    0.0617624   0.313535  11.0499 	Dead: 0
11.6313   0.0608449   0.308877  11.0499 	Dead: 0
11.5537   0.0576955   0.292889  11.0396 	Dead: 0
11.524    0.068394    0.3472    10.8654 	Dead: 0
11.5139   0.0674949   0.342636  10.8654 	Dead: 0
11.4505   0.0699748   0.355225  10.8566 	Dead: 0
11.3051   0.0707984   0.359406  10.634  	Dead: 0
11.2838   0.0783722   0.397854  10.634  	Dead: 0
11.2149   0.0773338   0.392582  10.634  	Dead: 0
11.2056   0.0724198   0.367637  10.5991 	Dead: 0
11.169    0.0718341   0.364663  10.3842 	Dead: 0
11.0742   0.0718563   0.364776  10.3842 	Dead: 0
11.0425   0.0774394   0.393118  10.3842 	Dead: 0
10.9945   0.0830042   0.421368  10.2799 	Dead: 0
10.9268   0.078567    0.398843  10.2344 	Dead: 0
10.9056   0.0829086   0.420883  10.1412 	Dead: 0
10.8406   0.0819698   0.416117  10.0944 	Dead: 0
10.7982   0.0740606   0.375966  10.0944 	Dead: 0
10.7668   0.0784857   0.39843   10.0944 	Dead: 0
10.7981   0.0809507   0.410944  10.0944 	Dead: 0
10.7666   0.0850203   0.431603  10.0944 	Dead: 0
10.7488   0.0840814   0.426836  10.0944 	Dead: 0
10.7499   0.0806671   0.409504  10.0944 	Dead: 0
10.805    0.089684    0.455278  10.0944 	Dead: 0
10.8176   0.0876173   0.444786  10.0944 	Dead: 0
10.7415   0.0905059   0.45945   10.0944 	Dead: 0
10.7419   0.0846508   0.429727  9.84391 	Dead: 0
10.7319   0.0808501   0.410433  9.84391 	Dead: 0
10.7251   0.091555    0.464776  9.84391 	Dead: 0
10.7961   0.0919657   0.466861  9.84391 	Dead: 0
10.7658   0.0934124   0.474205  9.84391 	Dead: 0
10.7548   0.0912315   0.463133  9.84391 	Dead: 0
10.7145   0.0846778   0.429864  9.84391 	Dead: 0
10.7862   0.0909313   0.46161   9.84391 	Dead: 0
10.7009   0.0845562   0.429246  9.84391 	Dead: 0
10.6467   0.0792145   0.40213   9.84391 	Dead: 0
10.6926   0.0895007   0.454347  9.84391 	Dead: 0
10.7323   0.0911616   0.462779  9.84391 	Dead: 0
10.7707   0.0903301   0.458558  9.84391 	Dead: 0
10.7001   0.087265    0.442998  9.84391 	Dead: 0
10.7256   0.0897974   0.455853  9.84391 	Dead: 0
10.7036   0.086429    0.438754  9.84391 	Dead: 0
10.6785   0.0856948   0.435027  9.84391 	Dead: 0
10.7298   0.0913334   0.463651  9.84391 	Dead: 0
10.7679   0.0967595   0.491196  9.84391 	Dead: 0
10.6958   0.0905422   0.459635  9.84391 	Dead: 0
10.6796   0.092605    0.470106  9.84391 	Dead: 0
10.6837   0.0951885   0.483221  9.84391 	Dead: 0
10.7098   0.0902981   0.458395  9.84391 	Dead: 0
10.6869   0.0989364   0.502247  9.84391 	Dead: 0
10.666    0.0916792   0.465406  9.84391 	Dead: 0
10.6913   0.0941121   0.477757  9.84391 	Dead: 0
10.6772   0.0929997   0.47211   9.84391 	Dead: 0
10.6615   0.096773    0.491265  9.84391 	Dead: 0
10.6533   0.0932641   0.473452  9.84391 	Dead: 0
10.6778   0.0879493   0.446472  9.84391 	Dead: 0
10.6828   0.0911032   0.462482  9.84391 	Dead: 0
10.6784   0.0914466   0.464226  9.84391 	Dead: 0
10.7326   0.0991718   0.503442  9.84391 	Dead: 0
10.6612   0.0947811   0.481153  9.84391 	Dead: 0
10.6574   0.0881347   0.447413  9.84391 	Dead: 0
10.6801   0.0892902   0.453279  9.84391 	Dead: 0
10.6502   0.0862178   0.437682  9.84391 	Dead: 0
10.6109   0.0893363   0.453513  9.84391 	Dead: 0
10.6061   0.0888412   0.450999  9.84391 	Dead: 0
10.6864   0.101753    0.516544  9.84391 	Dead: 0
10.6109   0.0905804   0.459829  9.84391 	Dead: 0
10.5358   0.0774164   0.393002  9.76348 	Dead: 0
10.6504   0.0929596   0.471906  9.76348 	Dead: 0
10.5307   0.0883686   0.4486    9.76348 	Dead: 0
10.4022   0.0734105   0.372666  9.76348 	Dead: 0
10.3627   0.100588    0.510633  9.70478 	Dead: 0
10.3367   0.100319    0.509267  9.70478 	Dead: 0
10.2959   0.0886997   0.450281  9.58529 	Dead: 0
10.3157   0.099465    0.504931  9.54706 	Dead: 0
10.3349   0.104106    0.528492  9.54706 	Dead: 0
10.2339   0.0935632   0.474971  9.43868 	Dead: 0
10.225    0.105174    0.533912  9.40579 	Dead: 0
10.1925   0.101715    0.516352  9.40579 	Dead: 0
10.1748   0.101994    0.517768  8.88354 	Dead: 0
10.2167   0.11033     0.560088  8.88354 	Dead: 0
10.1738   0.114371    0.580601  8.88354 	Dead: 0
10.1601   0.106472    0.540504  8.88354 	Dead: 0
10.2462   0.119729    0.607802  8.88354 	Dead: 0
10.1854   0.107194    0.544165  8.88354 	Dead: 0
10.1939   0.097392    0.494407  8.88354 	Dead: 0
10.2488   0.130747    0.663734  8.88354 	Dead: 0
10.1961   0.113503    0.576194  8.88354 	Dead: 0
10.1791   0.0979361   0.497169  8.88354 	Dead: 0
10.1229   0.10615     0.538868  8.88354 	Dead: 0
10.0906   0.0907864   0.460874  8.88354 	Dead: 0
10.1056   0.103607    0.525956  8.88354 	Dead: 0
10.1152   0.109691    0.556843  8.88354 	Dead: 0
10.1513   0.104702    0.531516  8.88354 	Dead: 0
10.1521   0.102559    0.520636  8.88354 	Dead: 0
10.1558   0.11148     0.565923  8.88354 	Dead: 0
10.0976   0.0931321   0.472782  8.88354 	Dead: 0
10.1391   0.10659     0.541098  8.88354 	Dead: 0
