13.8427   0.0958821   0.486742  12.815  	Dead: 0
12.174    0.0486203   0.246819  11.4583 	Dead: 0
11.9798   0.0585823   0.297391  11.3774 	Dead: 0
11.9067   0.0776416   0.394145  11.1785 	Dead: 0
11.8017   0.0650586   0.330268  11.1785 	Dead: 0
11.8161   0.0803657   0.407974  11.1344 	Dead: 0
11.5196   0.0750699   0.38109   10.9361 	Dead: 0
11.2325   0.0798154   0.40518   10.569  	Dead: 0
11.1177   0.0686741   0.348622  10.3388 	Dead: 0
11.0726   0.0770957   0.391374  10.3388 	Dead: 0
11.0344   0.0728725   0.369935  10.3388 	Dead: 0
11.0244   0.0800999   0.406625  10.3388 	Dead: 0
11.0292   0.0867534   0.440401  10.3128 	Dead: 0
10.9774   0.0790868   0.401482  10.3128 	Dead: 0
10.8983   0.0833838   0.423295  10.1243 	Dead: 0
10.915    0.0807781   0.410067  10.1243 	Dead: 0
10.8844   0.0941249   0.477822  10.1243 	Dead: 0
10.8066   0.0899828   0.456795  10.0636 	Dead: 0
10.7401   0.0884566   0.449047  9.95597 	Dead: 0
10.6994   0.101566    0.515594  9.95597 	Dead: 0
10.4305   0.0800695   0.40647   9.38224 	Dead: 0
10.3326   0.089254    0.453095  9.38224 	Dead: 0
10.2922   0.0888685   0.451138  9.38224 	Dead: 0
10.329    0.0988401   0.501759  9.38224 	Dead: 0
10.25     0.0947217   0.480851  9.38224 	Dead: 0
10.2323   0.1003      0.509171  9.38224 	Dead: 0
10.2163   0.0882142   0.447816  9.38224 	Dead: 0
10.1928   0.0948476   0.481491  9.38224 	Dead: 0
10.1693   0.0897977   0.455855  9.38224 	Dead: 0
10.156    0.102161    0.518618  9.0892  	Dead: 0
10.0856   0.092754    0.470863  9.0892  	Dead: 0
10.0841   0.0883556   0.448534  9.0892  	Dead: 0
10.089    0.0963087   0.488908  9.0892  	Dead: 0
10.121    0.102555    0.520615  9.0892  	Dead: 0
10.0407   0.101047    0.512964  9.0892  	Dead: 0
10.013    0.106802    0.542174  9.04929 	Dead: 0
9.99657   0.0959436   0.487054  9.04929 	Dead: 0
9.97891   0.100954    0.512487  9.04929 	Dead: 0
9.9738    0.0969716   0.492273  9.04929 	Dead: 0
9.98699   0.11487     0.583135  9.04929 	Dead: 0
10.0009   0.106283    0.539541  9.04929 	Dead: 0
9.96334   0.105944    0.537819  9.04929 	Dead: 0
9.90805   0.0960221   0.487453  9.04929 	Dead: 0
9.972     0.107407    0.545247  9.04929 	Dead: 0
9.91743   0.108654    0.551576  9.04929 	Dead: 0
9.96674   0.113539    0.576379  9.04929 	Dead: 0
10.09     0.120235    0.61037   9.04929 	Dead: 0
9.95377   0.100657    0.510981  9.04929 	Dead: 0
9.9466    0.105424    0.535182  9.04929 	Dead: 0
9.98056   0.106059    0.538403  8.97835 	Dead: 0
9.93995   0.104192    0.528929  8.97835 	Dead: 0
9.91935   0.107473    0.545583  8.97835 	Dead: 0
9.90544   0.0994539   0.504874  8.97835 	Dead: 0
9.9366    0.106462    0.540452  8.97835 	Dead: 0
9.91028   0.101497    0.515245  8.97835 	Dead: 0
9.96934   0.116155    0.589656  8.97835 	Dead: 0
9.87584   0.100787    0.511642  8.97835 	Dead: 0
9.94181   0.110129    0.559064  8.97835 	Dead: 0
9.902     0.109019    0.55343   8.97835 	Dead: 0
9.93263   0.108323    0.549899  8.97835 	Dead: 0
9.94291   0.108595    0.551279  8.97835 	Dead: 0
9.88326   0.101215    0.513813  8.97835 	Dead: 0
9.95625   0.108164    0.549089  8.97835 	Dead: 0
9.94083   0.113258    0.574951  8.97835 	Dead: 0
9.94834   0.1085      0.550798  8.97835 	Dead: 0
9.8788    0.0992557   0.503868  8.97835 	Dead: 0
9.89382   0.0980788   0.497894  8.97835 	Dead: 0
9.87431   0.0992623   0.503901  8.97835 	Dead: 0
9.90291   0.102449    0.520079  8.97835 	Dead: 0
9.9173    0.104395    0.529956  8.97835 	Dead: 0
9.89875   0.103333    0.524565  8.97835 	Dead: 0
9.84067   0.108221    0.549382  8.97835 	Dead: 0
9.99177   0.121429    0.61643   8.97835 	Dead: 0
9.86367   0.104441    0.530192  8.97835 	Dead: 0
9.8982    0.109777    0.55728   8.97835 	Dead: 0
9.94294   0.114905    0.58331   8.97835 	Dead: 0
9.83519   0.101406    0.514784  8.97835 	Dead: 0
9.84901   0.10688     0.542574  8.97835 	Dead: 0
9.90082   0.107238    0.544391  8.97835 	Dead: 0
9.84723   0.0946691   0.480585  8.97835 	Dead: 0
9.86473   0.102662    0.521159  8.97835 	Dead: 0
9.82905   0.0998604   0.506938  8.97835 	Dead: 0
9.90081   0.109313    0.554926  8.97835 	Dead: 0
9.91788   0.10537     0.534905  8.97835 	Dead: 0
9.87304   0.103371    0.52476   8.97835 	Dead: 0
9.83327   0.0979434   0.497206  8.97835 	Dead: 0
9.88489   0.104253    0.529237  8.97835 	Dead: 0
9.94918   0.109073    0.553705  8.97835 	Dead: 0
9.9084    0.108211    0.54933   8.97835 	Dead: 0
9.96894   0.109061    0.553646  8.97835 	Dead: 0
9.87558   0.110247    0.559664  8.97835 	Dead: 0
9.9206    0.110745    0.562192  8.97835 	Dead: 0
9.8821    0.101622    0.515879  8.97835 	Dead: 0
9.84462   0.109203    0.554368  8.97835 	Dead: 0
9.81868   0.102447    0.52007   8.97835 	Dead: 0
9.89886   0.108824    0.552439  8.97835 	Dead: 0
9.87526   0.108819    0.552415  8.97835 	Dead: 0
9.88834   0.0973306   0.494095  8.97835 	Dead: 0
9.92284   0.11234     0.570289  8.97835 	Dead: 0
9.85987   0.0984562   0.49981   8.97835 	Dead: 0
9.91739   0.110428    0.560586  8.97835 	Dead: 0
