5.71313   0.095526    0.484935  4.65636 	Dead: 0
4.48684   0.0566863   0.287766  3.98462 	Dead: 0
4.39954   0.0491408   0.249462  3.98462 	Dead: 0
4.38249   0.0557576   0.283051  3.85549 	Dead: 0
4.34437   0.0572291   0.290521  3.85549 	Dead: 0
4.29173   0.0605554   0.307408  3.85549 	Dead: 0
4.21214   0.0549306   0.278854  3.82045 	Dead: 0
4.15997   0.0583268   0.296094  3.64476 	Dead: 0
4.08567   0.0558446   0.283493  3.64476 	Dead: 0
4.04195   0.0480172   0.243758  3.64476 	Dead: 0
4.05251   0.0578385   0.293615  3.58439 	Dead: 0
4.01697   0.0535825   0.27201   3.49402 	Dead: 0
4.00112   0.0498483   0.253053  3.49402 	Dead: 0
4.02676   0.0608689   0.308999  3.49402 	Dead: 0
3.97408   0.0489704   0.248596  3.49402 	Dead: 0
3.97743   0.0563767   0.286195  3.49402 	Dead: 0
3.98481   0.0556256   0.282382  3.49402 	Dead: 0
3.96198   0.0480181   0.243762  3.49402 	Dead: 0
3.97323   0.054955    0.278977  3.49402 	Dead: 0
3.94881   0.0480025   0.243683  3.49402 	Dead: 0
3.95787   0.0521602   0.264789  3.49402 	Dead: 0
4.02086   0.0638403   0.324083  3.49402 	Dead: 0
3.96651   0.0547597   0.277986  3.49402 	Dead: 0
3.98424   0.0545584   0.276964  3.49402 	Dead: 0
3.98476   0.0610477   0.309907  3.49402 	Dead: 0
3.96787   0.0582539   0.295724  3.49402 	Dead: 0
3.99477   0.0626502   0.318041  3.49402 	Dead: 0
3.94151   0.0555188   0.28184   3.49402 	Dead: 0
3.98659   0.0637948   0.323852  3.49402 	Dead: 0
3.97677   0.0579752   0.294309  3.49402 	Dead: 0
3.94658   0.0530209   0.269159  3.49402 	Dead: 0
3.9678    0.0590605   0.299819  3.49402 	Dead: 0
3.95425   0.056279    0.285699  3.49402 	Dead: 0
3.92475   0.0575549   0.292175  3.49402 	Dead: 0
3.92375   0.0547026   0.277696  3.49402 	Dead: 0
3.94429   0.0584392   0.296665  3.47106 	Dead: 0
3.98152   0.0647854   0.328881  3.43835 	Dead: 0
3.91317   0.0532656   0.270401  3.43835 	Dead: 0
3.93626   0.0551797   0.280118  3.43835 	Dead: 0
3.92039   0.0547664   0.27802   3.43835 	Dead: 0
3.92982   0.0599725   0.304448  3.43835 	Dead: 0
3.93795   0.0589394   0.299204  3.43835 	Dead: 0
3.93335   0.0570789   0.289759  3.43835 	Dead: 0
3.94584   0.0602611   0.305914  3.43835 	Dead: 0
3.9678    0.0618603   0.314032  3.43835 	Dead: 0
3.91086   0.0532303   0.270222  3.43835 	Dead: 0
3.93444   0.0584299   0.296617  3.43835 	Dead: 0
3.94361   0.0644268   0.327061  3.43835 	Dead: 0
3.95361   0.0574863   0.291827  3.43835 	Dead: 0
3.96512   0.0625181   0.317371  3.43835 	Dead: 0
3.94776   0.0582161   0.295532  3.43835 	Dead: 0
3.93001   0.0597585   0.303362  3.43835 	Dead: 0
3.92959   0.0571567   0.290154  3.43835 	Dead: 0
3.926     0.0578211   0.293527  3.43835 	Dead: 0
3.93778   0.060575    0.307507  3.43835 	Dead: 0
3.9158    0.0560779   0.284678  3.43835 	Dead: 0
3.9283    0.0587146   0.298063  3.43835 	Dead: 0
3.92748   0.0526571   0.267312  3.43835 	Dead: 0
3.96764   0.0613643   0.311514  3.43835 	Dead: 0
3.95261   0.0623358   0.316446  3.43835 	Dead: 0
3.94973   0.0647578   0.328741  3.43835 	Dead: 0
3.89317   0.0561847   0.28522   3.43835 	Dead: 0
3.9638    0.0655762   0.332895  3.43835 	Dead: 0
3.96511   0.0611457   0.310404  3.43835 	Dead: 0
3.94676   0.0651153   0.330556  3.43835 	Dead: 0
3.90737   0.0547989   0.278185  3.43835 	Dead: 0
3.92435   0.0672309   0.341296  3.43835 	Dead: 0
3.90564   0.0571379   0.290059  3.43835 	Dead: 0
3.90353   0.0564023   0.286324  3.43835 	Dead: 0
3.8771    0.0531273   0.269699  3.43835 	Dead: 0
3.8971    0.0580652   0.294766  3.43835 	Dead: 0
3.86844   0.0517624   0.26277   3.43835 	Dead: 0
3.84502   0.044491    0.225857  3.43835 	Dead: 0
3.91249   0.0547333   0.277852  3.43835 	Dead: 0
3.86321   0.0557481   0.283004  3.43835 	Dead: 0
3.89721   0.060942    0.30937   3.43835 	Dead: 0
3.88028   0.0561139   0.28486   3.43835 	Dead: 0
3.90504   0.0573654   0.291214  3.43835 	Dead: 0
3.89603   0.0527411   0.267738  3.43835 	Dead: 0
3.86903   0.0565295   0.28697   3.43835 	Dead: 0
3.86934   0.0525621   0.26683   3.43835 	Dead: 0
3.87474   0.0547001   0.277683  3.43835 	Dead: 0
3.85557   0.0540973   0.274623  3.43835 	Dead: 0
3.86027   0.0518454   0.263191  3.43835 	Dead: 0
3.89339   0.0613388   0.311384  3.43835 	Dead: 0
3.88219   0.0572845   0.290803  3.43835 	Dead: 0
3.84607   0.0540054   0.274157  3.43835 	Dead: 0
3.85337   0.0542475   0.275385  3.43835 	Dead: 0
3.8423    0.0510911   0.259362  3.43835 	Dead: 0
3.84275   0.057514    0.291968  3.43835 	Dead: 0
3.87376   0.060936    0.30934   3.43835 	Dead: 0
3.8776    0.0592969   0.301019  3.43835 	Dead: 0
3.81291   0.0545297   0.276818  3.43835 	Dead: 0
3.82221   0.0547728   0.278052  3.43835 	Dead: 0
3.81146   0.0478841   0.243082  3.43835 	Dead: 0
3.79677   0.0450832   0.228863  3.43835 	Dead: 0
3.87003   0.0533478   0.270818  3.43835 	Dead: 0
3.84301   0.0527974   0.268024  3.43835 	Dead: 0
3.79791   0.0475909   0.241594  3.43835 	Dead: 0
3.79753   0.0462092   0.234579  3.42774 	Dead: 0
3.82793   0.0598365   0.303758  3.42774 	Dead: 0
