5.64756   0.105617    0.53616   4.53958 	Dead: 0
4.23233   0.0511086   0.259451  3.83241 	Dead: 0
4.07366   0.0521459   0.264717  3.65685 	Dead: 0
4.0084    0.044806    0.227456  3.65685 	Dead: 0
3.9852    0.0492901   0.25022   3.65685 	Dead: 0
3.97039   0.0494687   0.251126  3.58794 	Dead: 0
3.93725   0.044659    0.22671   3.58794 	Dead: 0
3.91597   0.0436804   0.221742  3.58079 	Dead: 0
3.8912    0.0450351   0.228619  3.48354 	Dead: 0
3.89525   0.0520907   0.264437  3.48354 	Dead: 0
3.90238   0.0567396   0.288036  3.48354 	Dead: 0
3.88086   0.045891    0.232964  3.48354 	Dead: 0
3.8762    0.0506826   0.257289  3.44943 	Dead: 0
3.85348   0.0452277   0.229597  3.44943 	Dead: 0
3.89007   0.0539742   0.273998  3.44943 	Dead: 0
3.86243   0.0474136   0.240693  3.44943 	Dead: 0
3.85849   0.0490935   0.249222  3.44943 	Dead: 0
3.83593   0.0410572   0.208425  3.44943 	Dead: 0
3.85233   0.0521838   0.264909  3.44943 	Dead: 0
3.84353   0.0521673   0.264826  3.44943 	Dead: 0
3.86119   0.0487752   0.247606  3.44943 	Dead: 0
3.85427   0.0506495   0.257121  3.44943 	Dead: 0
3.81666   0.0442994   0.224884  3.44943 	Dead: 0
3.82736   0.0511227   0.259523  3.44943 	Dead: 0
3.80472   0.0455379   0.231172  3.44943 	Dead: 0
3.81615   0.0482183   0.244778  3.44943 	Dead: 0
3.83686   0.0486582   0.247012  3.44943 	Dead: 0
3.79549   0.0406445   0.206331  3.44943 	Dead: 0
3.80578   0.0453926   0.230434  3.44943 	Dead: 0
3.81918   0.0463533   0.235311  3.44943 	Dead: 0
3.80645   0.0461143   0.234098  3.44943 	Dead: 0
3.79827   0.046101    0.23403   3.44943 	Dead: 0
3.78848   0.0414074   0.210203  3.44943 	Dead: 0
3.82459   0.0515807   0.261848  3.44943 	Dead: 0
3.79287   0.043165    0.219126  3.44943 	Dead: 0
3.78673   0.0438494   0.2226    3.44943 	Dead: 0
3.82105   0.0499507   0.253573  3.44943 	Dead: 0
3.79961   0.0467304   0.237225  3.44943 	Dead: 0
3.85461   0.0538795   0.273517  3.44943 	Dead: 0
3.80067   0.0444103   0.225448  3.44943 	Dead: 0
3.80035   0.050497    0.256346  3.42883 	Dead: 0
3.79696   0.0467475   0.237312  3.42883 	Dead: 0
3.7866    0.0438496   0.222601  3.42883 	Dead: 0
3.79566   0.0504387   0.256051  3.42883 	Dead: 0
3.75471   0.0458882   0.23295   3.42883 	Dead: 0
3.78013   0.0453016   0.229972  3.42883 	Dead: 0
3.77213   0.0449716   0.228297  3.40563 	Dead: 0
3.75683   0.0482107   0.24474   3.40563 	Dead: 0
3.80369   0.0523478   0.265742  3.40563 	Dead: 0
3.7634    0.0433553   0.220092  3.40563 	Dead: 0
3.78999   0.0493702   0.250626  3.40563 	Dead: 0
3.76053   0.0438247   0.222474  3.40563 	Dead: 0
3.76392   0.0421453   0.213949  3.40563 	Dead: 0
3.74742   0.0459893   0.233463  3.40563 	Dead: 0
3.74418   0.0438587   0.222647  3.40563 	Dead: 0
3.76265   0.0495903   0.251744  3.40563 	Dead: 0
3.73455   0.0421129   0.213785  3.40563 	Dead: 0
3.72796   0.0447232   0.227036  3.40563 	Dead: 0
3.76747   0.0549702   0.279054  3.40563 	Dead: 0
3.74033   0.0454406   0.230678  3.40563 	Dead: 0
3.73794   0.0454054   0.230499  3.40563 	Dead: 0
3.71133   0.041071    0.208496  3.39534 	Dead: 0
3.72613   0.0492434   0.249983  3.39534 	Dead: 0
3.75231   0.0558383   0.283461  3.31393 	Dead: 0
3.7304    0.0507783   0.257774  3.31393 	Dead: 0
3.73165   0.0456603   0.231793  3.31393 	Dead: 0
3.69833   0.0430258   0.218419  3.31393 	Dead: 0
3.73817   0.0492038   0.249781  3.31393 	Dead: 0
3.72725   0.0455614   0.231291  3.31393 	Dead: 0
3.76376   0.0496516   0.252055  3.31393 	Dead: 0
3.71187   0.0427596   0.217068  3.31393 	Dead: 0
3.70311   0.0453306   0.230119  3.31393 	Dead: 0
3.72256   0.0528436   0.268259  3.31393 	Dead: 0
3.72851   0.049398    0.250767  3.31393 	Dead: 0
3.71136   0.0496324   0.251957  3.31393 	Dead: 0
3.74783   0.0484412   0.24591   3.31393 	Dead: 0
3.70398   0.0404888   0.20554   3.31393 	Dead: 0
3.69715   0.043393    0.220283  3.31393 	Dead: 0
3.74492   0.0492813   0.250175  3.31393 	Dead: 0
3.68773   0.0421258   0.21385   3.31393 	Dead: 0
3.75097   0.0501522   0.254596  3.31393 	Dead: 0
3.69223   0.0428332   0.217441  3.31393 	Dead: 0
3.69822   0.0443929   0.225359  3.31393 	Dead: 0
3.70703   0.0439146   0.222931  3.31393 	Dead: 0
3.70471   0.0434728   0.220688  3.31393 	Dead: 0
3.7203    0.0462432   0.234752  3.31393 	Dead: 0
3.73722   0.0498381   0.253001  3.31393 	Dead: 0
3.68974   0.0472864   0.240048  3.31393 	Dead: 0
3.70885   0.0492698   0.250117  3.31393 	Dead: 0
3.71794   0.0498572   0.253098  3.31393 	Dead: 0
3.69729   0.0444746   0.225774  3.31393 	Dead: 0
3.68759   0.0430573   0.218579  3.31393 	Dead: 0
3.72684   0.0500533   0.254094  3.31393 	Dead: 0
3.70487   0.0447551   0.227198  3.31393 	Dead: 0
3.6835    0.046495    0.23603   3.31393 	Dead: 0
3.69871   0.0457994   0.232499  3.31393 	Dead: 0
3.67632   0.042603    0.216273  3.31393 	Dead: 0
3.68984   0.0485278   0.24635   3.31393 	Dead: 0
3.70231   0.0467349   0.237248  3.31393 	Dead: 0
3.70642   0.0476008   0.241644  3.31393 	Dead: 0
3.67449   0.040516    0.205678  3.31393 	Dead: 0
