10.5922   0.136389    0.692376  8.35784 	Dead: 0
6.45944   0.0809819   0.411102  5.6415  	Dead: 0
6.04131   0.0882584   0.448041  5.22246 	Dead: 0
5.78053   0.0899555   0.456656  4.90572 	Dead: 0
5.68988   0.0927645   0.470916  4.90572 	Dead: 0
5.54801   0.0818764   0.415643  4.90572 	Dead: 0
5.53595   0.0834998   0.423884  4.90572 	Dead: 0
5.56063   0.104125    0.528586  4.79365 	Dead: 0
5.52505   0.102675    0.521224  4.79365 	Dead: 0
5.4753    0.101499    0.515254  4.38543 	Dead: 0
5.54459   0.108067    0.548596  4.38543 	Dead: 0
5.47426   0.111245    0.564732  4.38543 	Dead: 0
5.41222   0.102466    0.520164  4.38543 	Dead: 0
5.35577   0.0995565   0.505395  4.38543 	Dead: 0
5.39026   0.104703    0.531523  4.38543 	Dead: 0
5.3571    0.100326    0.509304  4.38543 	Dead: 0
5.3175    0.106673    0.541523  4.38543 	Dead: 0
5.25961   0.0984845   0.499953  4.38543 	Dead: 0
5.17487   0.0835077   0.423924  4.38543 	Dead: 0
5.23379   0.103379    0.524801  4.38543 	Dead: 0
5.2711    0.106344    0.539854  4.38543 	Dead: 0
5.14225   0.0945375   0.479916  4.38543 	Dead: 0
5.19674   0.116663    0.592234  4.38543 	Dead: 0
5.13477   0.09622     0.488458  4.38543 	Dead: 0
5.10577   0.0899745   0.456753  4.38543 	Dead: 0
5.16065   0.114554    0.581531  4.38543 	Dead: 0
5.12335   0.0979966   0.497477  4.38543 	Dead: 0
5.1144    0.103673    0.526291  4.38543 	Dead: 0
5.09401   0.107488    0.545658  4.30363 	Dead: 0
5.10618   0.114906    0.583314  4.30363 	Dead: 0
5.08597   0.0984913   0.499988  4.30363 	Dead: 0
5.11039   0.113773    0.577567  4.30363 	Dead: 0
4.89653   0.0841211   0.427038  4.2602  	Dead: 0
4.87664   0.101765    0.516605  4.02112 	Dead: 0
4.78484   0.0977163   0.496054  4.02112 	Dead: 0
4.77732   0.10393     0.527596  3.9702  	Dead: 0
4.6991    0.0964545   0.489648  3.9702  	Dead: 0
4.77528   0.122589    0.622318  3.9702  	Dead: 0
4.68016   0.0954184   0.484388  3.9702  	Dead: 0
4.72309   0.110651    0.561718  3.96641 	Dead: 0
4.72765   0.111419    0.565617  3.96641 	Dead: 0
4.70017   0.100298    0.509158  3.96641 	Dead: 0
4.6532    0.0963274   0.489003  3.75422 	Dead: 0
4.70412   0.116659    0.592215  3.75422 	Dead: 0
4.66246   0.109018    0.553425  3.75422 	Dead: 0
4.71823   0.106429    0.540281  3.75422 	Dead: 0
4.637     0.101676    0.516152  3.75422 	Dead: 0
4.66885   0.104435    0.530159  3.75422 	Dead: 0
4.71929   0.113835    0.57788   3.75422 	Dead: 0
4.69333   0.103115    0.523459  3.75422 	Dead: 0
4.69891   0.109078    0.553731  3.75422 	Dead: 0
4.63391   0.101097    0.513216  3.75422 	Dead: 0
4.70389   0.114136    0.579406  3.75422 	Dead: 0
4.62073   0.0995957   0.505594  3.75422 	Dead: 0
4.63779   0.112508    0.571141  3.75422 	Dead: 0
4.63244   0.119345    0.605852  3.75422 	Dead: 0
4.68724   0.125606    0.637637  3.75422 	Dead: 0
4.71215   0.115322    0.585427  3.75422 	Dead: 0
4.6075    0.104616    0.53108   3.75422 	Dead: 0
4.65237   0.121567    0.617133  3.75422 	Dead: 0
4.62678   0.109772    0.557254  3.75422 	Dead: 0
4.63094   0.113248    0.574902  3.75422 	Dead: 0
4.66948   0.11245     0.57085   3.75422 	Dead: 0
4.63483   0.109424    0.555487  3.75422 	Dead: 0
4.64503   0.112823    0.572742  3.75422 	Dead: 0
4.65979   0.115406    0.585856  3.75422 	Dead: 0
4.59182   0.102275    0.519193  3.75422 	Dead: 0
4.63275   0.113167    0.574486  3.75422 	Dead: 0
4.65997   0.136009    0.690443  3.75422 	Dead: 0
4.64034   0.121641    0.617507  3.75422 	Dead: 0
4.63907   0.0992143   0.503658  3.75422 	Dead: 0
4.64865   0.112597    0.571594  3.75422 	Dead: 0
4.61096   0.113396    0.57565   3.75422 	Dead: 0
4.63425   0.125564    0.637421  3.75422 	Dead: 0
4.60838   0.111108    0.564034  3.75422 	Dead: 0
4.63719   0.124162    0.630303  3.75422 	Dead: 0
4.58488   0.124088    0.629928  3.75422 	Dead: 0
4.62161   0.113851    0.577959  3.75422 	Dead: 0
4.60007   0.120128    0.609827  3.75422 	Dead: 0
4.72604   0.141862    0.720156  3.75422 	Dead: 0
4.57033   0.0974302   0.494601  3.75422 	Dead: 0
4.65277   0.121843    0.61853   3.75422 	Dead: 0
4.62477   0.11361     0.576735  3.75422 	Dead: 0
4.59945   0.103843    0.527155  3.75422 	Dead: 0
4.61162   0.106591    0.541104  3.75422 	Dead: 0
4.58214   0.105065    0.533361  3.75422 	Dead: 0
4.63891   0.135686    0.688803  3.75422 	Dead: 0
4.67332   0.132207    0.671144  3.75422 	Dead: 0
4.60546   0.122484    0.621787  3.75422 	Dead: 0
4.57628   0.106044    0.538328  3.75422 	Dead: 0
4.61505   0.112862    0.572941  3.75422 	Dead: 0
4.58202   0.110663    0.561776  3.75422 	Dead: 0
4.64253   0.119504    0.606657  3.75422 	Dead: 0
4.62808   0.116328    0.590534  3.75422 	Dead: 0
4.52344   0.100126    0.508288  3.75422 	Dead: 0
4.57765   0.10373     0.526582  3.75422 	Dead: 0
4.55256   0.0934632   0.474463  3.75422 	Dead: 0
4.62455   0.109933    0.558073  3.75422 	Dead: 0
4.56591   0.0958378   0.486517  3.75422 	Dead: 0
4.59036   0.117166    0.594787  3.75422 	Dead: 0
4.65676   0.127105    0.645245  3.75422 	Dead: 0
