5.32857   0.0935156   0.474729  4.31936 	Dead: 0
3.76409   0.0300631   0.152614  3.42426 	Dead: 0
3.41748   0.0284183   0.144265  3.20155 	Dead: 0
3.40182   0.0289534   0.146981  3.20155 	Dead: 0
3.34262   0.0250737   0.127286  3.12839 	Dead: 0
3.31009   0.0434905   0.220778  2.9702  	Dead: 0
3.24741   0.0340471   0.172839  2.9702  	Dead: 0
3.22682   0.0406558   0.206388  2.9702  	Dead: 0
3.17771   0.0240441   0.122059  2.9702  	Dead: 0
3.20216   0.031458    0.159695  2.9702  	Dead: 0
3.14453   0.0290881   0.147665  2.90896 	Dead: 0
3.09068   0.0358864   0.182176  2.75583 	Dead: 0
3.05355   0.0347738   0.176528  2.75583 	Dead: 0
3.01473   0.0336977   0.171065  2.75583 	Dead: 0
2.99418   0.0323464   0.164206  2.71415 	Dead: 0
2.99826   0.0343237   0.174243  2.71415 	Dead: 0
2.99582   0.0542839   0.27557   2.71415 	Dead: 0
2.98819   0.0458454   0.232733  2.71415 	Dead: 0
2.97121   0.0374671   0.1902    2.71415 	Dead: 0
2.9713    0.0398331   0.202211  2.71415 	Dead: 0
2.96174   0.0475095   0.24118   2.71415 	Dead: 0
2.96808   0.0394512   0.200273  2.71415 	Dead: 0
2.93692   0.0280302   0.142294  2.71415 	Dead: 0
2.95198   0.0343751   0.174504  2.71415 	Dead: 0
2.95744   0.0392597   0.199301  2.66813 	Dead: 0
2.94161   0.0466894   0.237017  2.66813 	Dead: 0
2.91854   0.029157    0.148015  2.66813 	Dead: 0
2.93747   0.0316498   0.160669  2.66813 	Dead: 0
2.91962   0.0387379   0.196652  2.66507 	Dead: 0
2.91734   0.0345105   0.175192  2.62879 	Dead: 0
2.92063   0.039012    0.198043  2.62879 	Dead: 0
2.89685   0.0311684   0.158225  2.62879 	Dead: 0
2.91768   0.038713    0.196525  2.62879 	Dead: 0
2.8936    0.0330432   0.167743  2.62879 	Dead: 0
2.89083   0.034608    0.175686  2.62879 	Dead: 0
2.88487   0.0318746   0.16181   2.62879 	Dead: 0
2.91233   0.0358429   0.181955  2.62879 	Dead: 0
2.88651   0.0320593   0.162748  2.62879 	Dead: 0
2.90345   0.0332922   0.169007  2.62879 	Dead: 0
2.89024   0.0362068   0.183803  2.62879 	Dead: 0
2.89835   0.0424561   0.215527  2.62879 	Dead: 0
2.8818    0.033212    0.168599  2.62879 	Dead: 0
2.90202   0.0513524   0.260689  2.62879 	Dead: 0
2.89468   0.0355817   0.180629  2.62879 	Dead: 0
2.87617   0.043443    0.220537  2.62879 	Dead: 0
2.86841   0.0381151   0.19349   2.62879 	Dead: 0
2.87692   0.0385189   0.19554   2.62879 	Dead: 0
2.87622   0.0314295   0.159551  2.62879 	Dead: 0
2.89448   0.0454965   0.230961  2.62879 	Dead: 0
2.87111   0.0358424   0.181953  2.49934 	Dead: 0
2.84586   0.0379974   0.192892  2.49934 	Dead: 0
2.85306   0.0398519   0.202307  2.49934 	Dead: 0
2.84076   0.0367511   0.186566  2.49934 	Dead: 0
2.82176   0.0378112   0.191947  2.49934 	Dead: 0
2.8198    0.0416473   0.211421  2.49934 	Dead: 0
2.82814   0.0436306   0.221489  2.49288 	Dead: 0
2.82722   0.0423266   0.214869  2.49288 	Dead: 0
2.80561   0.0482762   0.245072  2.49288 	Dead: 0
2.81519   0.0388808   0.197377  2.49288 	Dead: 0
2.82422   0.0484688   0.24605   2.49288 	Dead: 0
2.80681   0.0373416   0.189563  2.49288 	Dead: 0
2.79028   0.037556    0.190652  2.49288 	Dead: 0
2.79553   0.0395365   0.200706  2.49288 	Dead: 0
2.7976    0.0404463   0.205324  2.49288 	Dead: 0
2.82047   0.051388    0.260869  2.49288 	Dead: 0
2.78641   0.0363546   0.184553  2.49288 	Dead: 0
2.76513   0.0315721   0.160275  2.49288 	Dead: 0
2.81676   0.0576106   0.292458  2.49288 	Dead: 0
2.74664   0.0325101   0.165036  2.49288 	Dead: 0
2.78391   0.0387111   0.196515  2.49288 	Dead: 0
2.79203   0.0496555   0.252075  2.49288 	Dead: 0
2.78179   0.0398459   0.202276  2.49288 	Dead: 0
2.81236   0.0501414   0.254541  2.49288 	Dead: 0
2.77947   0.0355977   0.18071   2.49288 	Dead: 0
2.78053   0.0425504   0.216006  2.49288 	Dead: 0
2.78586   0.0447904   0.227377  2.48516 	Dead: 0
2.77577   0.0358026   0.181751  2.48516 	Dead: 0
2.79462   0.0477881   0.242595  2.48516 	Dead: 0
2.77723   0.03753     0.19052   2.48516 	Dead: 0
2.77111   0.037273    0.189215  2.48516 	Dead: 0
2.77705   0.0401028   0.20358   2.48516 	Dead: 0
2.79033   0.0642794   0.326312  2.48516 	Dead: 0
2.76861   0.0386979   0.196449  2.48516 	Dead: 0
2.77194   0.0480729   0.244041  2.47946 	Dead: 0
2.76016   0.0398735   0.202417  2.47946 	Dead: 0
2.7714    0.0496553   0.252074  2.47946 	Dead: 0
2.77134   0.043742    0.222055  2.47946 	Dead: 0
2.76523   0.0443949   0.225369  2.47946 	Dead: 0
2.7791    0.0423208   0.21484   2.47946 	Dead: 0
2.7557    0.0361943   0.183739  2.47506 	Dead: 0
2.75016   0.0361101   0.183312  2.47506 	Dead: 0
2.76125   0.0421663   0.214056  2.47506 	Dead: 0
2.74865   0.0422228   0.214343  2.47506 	Dead: 0
2.78114   0.046814    0.23765   2.47506 	Dead: 0
2.77654   0.0401446   0.203793  2.47506 	Dead: 0
2.76233   0.0404093   0.205136  2.47506 	Dead: 0
2.75875   0.0428099   0.217323  2.47506 	Dead: 0
2.75475   0.0357958   0.181716  2.47506 	Dead: 0
2.74322   0.0454066   0.230505  2.44316 	Dead: 0
2.75845   0.0374529   0.190128  2.44316 	Dead: 0
2.76629   0.0455536   0.231252  2.44316 	Dead: 0
