5.26793   0.0955802   0.48521   4.22937 	Dead: 0
3.8082    0.0395514   0.200781  3.44162 	Dead: 0
3.56471   0.0263792   0.133913  3.29879 	Dead: 0
3.51254   0.0237188   0.120408  3.29879 	Dead: 0
3.49315   0.0279842   0.142061  3.28384 	Dead: 0
3.49348   0.035766    0.181565  3.26626 	Dead: 0
3.45559   0.0295788   0.150156  3.24316 	Dead: 0
3.4248    0.030105    0.152827  3.21235 	Dead: 0
3.39053   0.0284933   0.144645  3.16746 	Dead: 0
3.33508   0.0317421   0.161138  3.1038  	Dead: 0
3.25997   0.0272098   0.13813   3.03656 	Dead: 0
3.25744   0.0341193   0.173205  3.03656 	Dead: 0
3.20308   0.0263229   0.133627  3.01753 	Dead: 0
3.2056    0.0286812   0.145599  2.98874 	Dead: 0
3.19088   0.0317712   0.161285  2.92554 	Dead: 0
3.20996   0.0320764   0.162835  2.92554 	Dead: 0
3.16964   0.0302745   0.153687  2.92554 	Dead: 0
3.1757    0.0305718   0.155197  2.92554 	Dead: 0
3.16671   0.0322584   0.163759  2.92554 	Dead: 0
3.18456   0.033302    0.169056  2.92554 	Dead: 0
3.17579   0.039411    0.200068  2.86938 	Dead: 0
3.14837   0.0344267   0.174766  2.86938 	Dead: 0
3.15337   0.0302764   0.153697  2.86938 	Dead: 0
3.14648   0.0288646   0.14653   2.86938 	Dead: 0
3.14664   0.0315807   0.160319  2.86938 	Dead: 0
3.17773   0.0388783   0.197364  2.86938 	Dead: 0
3.14674   0.0346818   0.176061  2.86938 	Dead: 0
3.13544   0.0344345   0.174806  2.86938 	Dead: 0
3.15807   0.0386048   0.195976  2.86938 	Dead: 0
3.13379   0.0348678   0.177005  2.86938 	Dead: 0
3.11627   0.0330778   0.167918  2.83046 	Dead: 0
3.11309   0.0319083   0.161982  2.83046 	Dead: 0
3.11994   0.0402835   0.204498  2.83046 	Dead: 0
3.13632   0.0373006   0.189355  2.83046 	Dead: 0
3.10834   0.0301191   0.152898  2.83046 	Dead: 0
3.11011   0.0343417   0.174334  2.83046 	Dead: 0
3.11599   0.0401566   0.203854  2.83046 	Dead: 0
3.11155   0.0369415   0.187532  2.83046 	Dead: 0
3.09979   0.0324123   0.16454   2.83046 	Dead: 0
3.10751   0.0377028   0.191397  2.83046 	Dead: 0
3.07075   0.0316825   0.160835  2.83046 	Dead: 0
3.08587   0.0339823   0.17251   2.83046 	Dead: 0
3.1086    0.0464196   0.235647  2.83046 	Dead: 0
3.10862   0.0411574   0.208934  2.83046 	Dead: 0
3.08646   0.0331043   0.168053  2.83046 	Dead: 0
3.08649   0.038033    0.193074  2.82276 	Dead: 0
3.10501   0.0371441   0.188561  2.82276 	Dead: 0
3.06012   0.0292994   0.148737  2.82276 	Dead: 0
3.07712   0.0352482   0.178936  2.79222 	Dead: 0
3.09999   0.0426581   0.216552  2.79222 	Dead: 0
3.09005   0.0407654   0.206944  2.79222 	Dead: 0
3.05142   0.0320945   0.162927  2.79222 	Dead: 0
3.0618    0.032532    0.165148  2.79222 	Dead: 0
3.06724   0.03667     0.186154  2.79222 	Dead: 0
3.0522    0.0333547   0.169324  2.79222 	Dead: 0
3.09618   0.0531885   0.27001   2.79222 	Dead: 0
3.07545   0.0419175   0.212793  2.79222 	Dead: 0
3.07981   0.0434552   0.220599  2.79222 	Dead: 0
3.05893   0.0322477   0.163704  2.79222 	Dead: 0
3.07777   0.04808     0.244076  2.79222 	Dead: 0
3.03374   0.034167    0.173448  2.79222 	Dead: 0
3.08339   0.0456285   0.231632  2.79222 	Dead: 0
3.05809   0.034224    0.173737  2.79222 	Dead: 0
3.06553   0.0369713   0.187683  2.79222 	Dead: 0
3.0695    0.038502    0.195454  2.79222 	Dead: 0
3.07401   0.0373651   0.189683  2.79222 	Dead: 0
3.03043   0.03229     0.163919  2.74289 	Dead: 0
3.06033   0.0380716   0.193269  2.74289 	Dead: 0
3.04316   0.0357383   0.181424  2.74289 	Dead: 0
3.0386    0.0367679   0.186651  2.74289 	Dead: 0
3.05068   0.0397881   0.201983  2.74148 	Dead: 0
3.04894   0.0375394   0.190567  2.74148 	Dead: 0
3.01542   0.0338753   0.171967  2.74148 	Dead: 0
3.02769   0.0350393   0.177876  2.74148 	Dead: 0
3.03477   0.0391458   0.198723  2.74148 	Dead: 0
3.04056   0.0408351   0.207298  2.74148 	Dead: 0
3.00814   0.0330246   0.167649  2.74148 	Dead: 0
3.04397   0.0449718   0.228298  2.74148 	Dead: 0
3.01652   0.0355086   0.180258  2.74148 	Dead: 0
3.03163   0.0434063   0.220351  2.74148 	Dead: 0
2.99195   0.038625    0.196078  2.74148 	Dead: 0
3.06405   0.0777162   0.394524  2.73896 	Dead: 0
3.01324   0.0368835   0.187238  2.73896 	Dead: 0
3.01042   0.0372072   0.188881  2.73896 	Dead: 0
3.0024    0.0386183   0.196044  2.73896 	Dead: 0
3.00026   0.0445954   0.226387  2.73896 	Dead: 0
2.97972   0.0349447   0.177396  2.73896 	Dead: 0
2.97686   0.0316408   0.160624  2.65604 	Dead: 0
2.99112   0.0388176   0.197056  2.65604 	Dead: 0
2.98577   0.0356521   0.180987  2.65604 	Dead: 0
2.99611   0.0429192   0.217878  2.65604 	Dead: 0
2.98595   0.0352816   0.179106  2.65604 	Dead: 0
2.99557   0.0407481   0.206856  2.65604 	Dead: 0
2.99065   0.0367829   0.186727  2.65604 	Dead: 0
3.00292   0.0410159   0.208216  2.65604 	Dead: 0
2.97525   0.0359211   0.182352  2.65604 	Dead: 0
3.0027    0.0439794   0.22326   2.65604 	Dead: 0
2.96695   0.0469348   0.238263  2.65604 	Dead: 0
2.98279   0.0386325   0.196117  2.65604 	Dead: 0
2.97331   0.0376464   0.191111  2.65604 	Dead: 0
2.96366   0.0414929   0.210637  2.65604 	Dead: 0
