5.18173   0.0523757   0.265883  4.50695 	Dead: 0
4.76251   0.0499291   0.253463  4.28854 	Dead: 0
4.65892   0.0507389   0.257574  4.25083 	Dead: 0
4.6319    0.0612883   0.311128  4.0336  	Dead: 0
4.54041   0.0476745   0.242018  4.0336  	Dead: 0
4.54475   0.0552142   0.280293  4.0336  	Dead: 0
4.50753   0.0522815   0.265405  4.0336  	Dead: 0
4.5167    0.0554559   0.28152   4.0336  	Dead: 0
4.53399   0.0581825   0.295361  4.0336  	Dead: 0
4.52519   0.0573186   0.290976  4.0336  	Dead: 0
4.51143   0.0621812   0.315661  4.0336  	Dead: 0
4.49878   0.0528894   0.268491  4.0336  	Dead: 0
4.47416   0.0629954   0.319794  3.8567  	Dead: 0
4.47541   0.0619751   0.314615  3.8567  	Dead: 0
4.49188   0.0618291   0.313873  3.8567  	Dead: 0
4.4841    0.0628514   0.319063  3.8567  	Dead: 0
4.44674   0.0606131   0.3077    3.8567  	Dead: 0
4.4541    0.0608697   0.309003  3.8567  	Dead: 0
4.45734   0.0584746   0.296844  3.8567  	Dead: 0
4.45354   0.0615721   0.312569  3.8567  	Dead: 0
4.44431   0.0593647   0.301363  3.8567  	Dead: 0
4.44352   0.0585994   0.297478  3.8567  	Dead: 0
4.47676   0.0673302   0.3418    3.8567  	Dead: 0
4.47144   0.0664276   0.337217  3.8567  	Dead: 0
4.41865   0.0613936   0.311663  3.8567  	Dead: 0
4.42226   0.0627141   0.318366  3.8567  	Dead: 0
4.44235   0.0648323   0.329119  3.8567  	Dead: 0
4.43312   0.0597679   0.30341   3.8567  	Dead: 0
4.40512   0.0590156   0.299591  3.8567  	Dead: 0
4.43016   0.0608289   0.308796  3.8567  	Dead: 0
4.42271   0.0579669   0.294267  3.8567  	Dead: 0
4.44626   0.0629795   0.319713  3.8567  	Dead: 0
4.44772   0.0725347   0.36822   3.8567  	Dead: 0
4.41905   0.0651533   0.330749  3.8567  	Dead: 0
4.43286   0.0683413   0.346932  3.8567  	Dead: 0
4.42888   0.0610581   0.309959  3.8567  	Dead: 0
4.43055   0.0620303   0.314895  3.8567  	Dead: 0
4.38149   0.0601606   0.305403  3.8567  	Dead: 0
4.40909   0.0564232   0.286431  3.8567  	Dead: 0
4.40942   0.0657871   0.333966  3.8567  	Dead: 0
4.36855   0.0566645   0.287655  3.8567  	Dead: 0
4.38261   0.0587146   0.298063  3.8567  	Dead: 0
4.40042   0.0580349   0.294612  3.8567  	Dead: 0
4.37135   0.0564269   0.286449  3.8567  	Dead: 0
4.38606   0.0624795   0.317175  3.8567  	Dead: 0
4.38745   0.0585026   0.296987  3.82113 	Dead: 0
4.3946    0.0599379   0.304273  3.82113 	Dead: 0
4.38242   0.0630199   0.319918  3.82113 	Dead: 0
4.37435   0.0605102   0.307178  3.82113 	Dead: 0
4.38403   0.0638839   0.324304  3.82113 	Dead: 0
4.36572   0.0595301   0.302203  3.82113 	Dead: 0
4.36629   0.0609473   0.309397  3.82113 	Dead: 0
4.36503   0.0626507   0.318044  3.82113 	Dead: 0
4.33616   0.0600666   0.304926  3.82113 	Dead: 0
4.31698   0.0567625   0.288153  3.82113 	Dead: 0
4.31361   0.0619474   0.314474  3.82113 	Dead: 0
4.31484   0.0615669   0.312542  3.82113 	Dead: 0
4.24255   0.0527274   0.267669  3.76149 	Dead: 0
4.27863   0.0624259   0.316903  3.76149 	Dead: 0
4.24941   0.0569077   0.28889   3.76149 	Dead: 0
4.24557   0.0523526   0.265766  3.76149 	Dead: 0
4.26998   0.0620462   0.314976  3.76149 	Dead: 0
4.25491   0.0602476   0.305845  3.76149 	Dead: 0
4.25497   0.0592755   0.30091   3.76149 	Dead: 0
4.24162   0.0572742   0.290751  3.76149 	Dead: 0
4.24468   0.0559829   0.284196  3.76149 	Dead: 0
4.216     0.0534733   0.271455  3.76149 	Dead: 0
4.19917   0.0544841   0.276587  3.76149 	Dead: 0
4.20872   0.0587584   0.298285  3.65772 	Dead: 0
4.20375   0.0563077   0.285844  3.65772 	Dead: 0
4.27691   0.0657828   0.333944  3.65772 	Dead: 0
4.24768   0.058837    0.298684  3.65772 	Dead: 0
4.21306   0.0588347   0.298672  3.65772 	Dead: 0
4.24056   0.058733    0.298156  3.65772 	Dead: 0
4.23813   0.0604048   0.306643  3.65772 	Dead: 0
4.24142   0.0641267   0.325537  3.65772 	Dead: 0
4.19788   0.056457    0.286602  3.65772 	Dead: 0
4.23721   0.0648002   0.328956  3.65772 	Dead: 0
4.24061   0.061245    0.310908  3.65772 	Dead: 0
4.25286   0.060859    0.308949  3.65772 	Dead: 0
4.22918   0.0555396   0.281945  3.65772 	Dead: 0
4.22907   0.0562161   0.285379  3.65772 	Dead: 0
4.26402   0.0575711   0.292258  3.65772 	Dead: 0
4.21815   0.0535464   0.271827  3.65772 	Dead: 0
4.22744   0.0572839   0.2908    3.65772 	Dead: 0
4.22353   0.0621713   0.31561   3.65772 	Dead: 0
4.1994    0.0531315   0.26972   3.65772 	Dead: 0
4.19503   0.0535476   0.271832  3.65772 	Dead: 0
4.2122    0.0558487   0.283514  3.65772 	Dead: 0
4.23468   0.06191     0.314284  3.65772 	Dead: 0
4.20587   0.056912    0.288912  3.65772 	Dead: 0
4.22344   0.0610209   0.30977   3.65772 	Dead: 0
4.21018   0.0586652   0.297812  3.65772 	Dead: 0
4.21462   0.0580823   0.294853  3.65772 	Dead: 0
4.22718   0.0562005   0.2853    3.65772 	Dead: 0
4.21829   0.0614765   0.312083  3.65772 	Dead: 0
4.19311   0.0556722   0.282618  3.65772 	Dead: 0
4.22849   0.0580555   0.294717  3.65772 	Dead: 0
4.22486   0.0630538   0.32009   3.65772 	Dead: 0
4.21219   0.0577741   0.293288  3.65772 	Dead: 0
4.19455   0.0565787   0.28722   3.65772 	Dead: 0
