5.18954   0.0566454   0.287559  4.28696 	Dead: 0
4.75086   0.0551012   0.279719  4.2173  	Dead: 0
4.65993   0.0499362   0.2535    4.2173  	Dead: 0
4.56236   0.0544534   0.276431  4.11457 	Dead: 0
4.51299   0.0498294   0.252958  3.9946  	Dead: 0
4.52795   0.0523624   0.265816  3.9946  	Dead: 0
4.52566   0.0537506   0.272863  3.9946  	Dead: 0
4.51302   0.0541145   0.274711  3.9946  	Dead: 0
4.53696   0.0594951   0.302025  3.90831 	Dead: 0
4.48024   0.0534615   0.271395  3.90831 	Dead: 0
4.51315   0.0606864   0.308072  3.90831 	Dead: 0
4.50928   0.0585996   0.297479  3.90831 	Dead: 0
4.50074   0.0596412   0.302767  3.90831 	Dead: 0
4.48046   0.0582636   0.295773  3.90831 	Dead: 0
4.53481   0.0642504   0.326165  3.90831 	Dead: 0
4.46477   0.0591377   0.300211  3.90831 	Dead: 0
4.51246   0.0637831   0.323793  3.90831 	Dead: 0
4.50572   0.0622154   0.315835  3.90831 	Dead: 0
4.50632   0.0614487   0.311942  3.90831 	Dead: 0
4.53423   0.064438    0.327117  3.90831 	Dead: 0
4.501     0.0678062   0.344216  3.90831 	Dead: 0
4.49831   0.0623591   0.316564  3.90831 	Dead: 0
4.49242   0.060853    0.308918  3.90831 	Dead: 0
4.51581   0.0634229   0.321964  3.90831 	Dead: 0
4.49146   0.063302    0.321351  3.90831 	Dead: 0
4.50985   0.0659644   0.334866  3.90831 	Dead: 0
4.4516    0.0630557   0.3201    3.90831 	Dead: 0
4.46946   0.0636978   0.32336   3.90831 	Dead: 0
4.44501   0.0643695   0.32677   3.90831 	Dead: 0
4.43842   0.0564621   0.286628  3.90831 	Dead: 0
4.52933   0.0672362   0.341323  3.90831 	Dead: 0
4.43782   0.0576219   0.292516  3.90831 	Dead: 0
4.47178   0.0671176   0.34072   3.90831 	Dead: 0
4.45306   0.0664606   0.337385  3.90831 	Dead: 0
4.39615   0.0557198   0.28286   3.90831 	Dead: 0
4.44568   0.0625084   0.317322  3.90831 	Dead: 0
4.40636   0.0577224   0.293026  3.90831 	Dead: 0
4.42527   0.0612243   0.310803  3.90831 	Dead: 0
4.44886   0.0665617   0.337898  3.90831 	Dead: 0
4.45684   0.066016    0.335128  3.90831 	Dead: 0
4.44543   0.0638135   0.323947  3.90831 	Dead: 0
4.42397   0.0616777   0.313105  3.90831 	Dead: 0
4.42423   0.0627003   0.318296  3.87963 	Dead: 0
4.43026   0.0603262   0.306244  3.87963 	Dead: 0
4.44172   0.0672835   0.341563  3.87963 	Dead: 0
4.43681   0.068705    0.348779  3.87963 	Dead: 0
4.40126   0.0582279   0.295592  3.87963 	Dead: 0
4.46222   0.0676649   0.343499  3.87963 	Dead: 0
4.37545   0.0567461   0.28807   3.87963 	Dead: 0
4.40146   0.0596591   0.302857  3.87963 	Dead: 0
4.39578   0.0566341   0.287501  3.87963 	Dead: 0
4.41084   0.0614636   0.312018  3.87963 	Dead: 0
4.41909   0.0656649   0.333346  3.87963 	Dead: 0
4.42254   0.0673821   0.342063  3.87963 	Dead: 0
4.39615   0.0617497   0.313471  3.87963 	Dead: 0
4.37706   0.0604693   0.30697   3.87963 	Dead: 0
4.44996   0.067193    0.341103  3.87963 	Dead: 0
4.3949    0.0662996   0.336568  3.87963 	Dead: 0
4.37389   0.0580197   0.294535  3.87963 	Dead: 0
4.39567   0.0620285   0.314886  3.87963 	Dead: 0
4.39259   0.0581326   0.295108  3.87963 	Dead: 0
4.42156   0.0610287   0.30981   3.87963 	Dead: 0
4.37496   0.0601892   0.305548  3.87963 	Dead: 0
4.34771   0.0552497   0.280473  3.83679 	Dead: 0
4.39197   0.0627177   0.318385  3.83679 	Dead: 0
4.37386   0.0614084   0.311738  3.83679 	Dead: 0
4.36363   0.0616154   0.312789  3.83679 	Dead: 0
4.37788   0.0619842   0.314661  3.83679 	Dead: 0
4.38981   0.0656273   0.333155  3.83679 	Dead: 0
4.3919    0.0658251   0.334159  3.83679 	Dead: 0
4.35568   0.060187    0.305537  3.83679 	Dead: 0
4.38994   0.064639    0.328138  3.83679 	Dead: 0
4.35551   0.0617339   0.31339   3.83679 	Dead: 0
4.37368   0.0667564   0.338886  3.83679 	Dead: 0
4.31086   0.0574277   0.29153   3.83679 	Dead: 0
4.32566   0.0588854   0.29893   3.83679 	Dead: 0
4.34249   0.0622304   0.31591   3.83679 	Dead: 0
4.26478   0.0556268   0.282387  3.78471 	Dead: 0
4.3054    0.0624442   0.316996  3.78471 	Dead: 0
4.32461   0.0621497   0.315501  3.78471 	Dead: 0
4.27665   0.0607652   0.308472  3.78471 	Dead: 0
4.28082   0.0598825   0.303991  3.78471 	Dead: 0
4.24668   0.0599115   0.304139  3.78471 	Dead: 0
4.24967   0.0637113   0.323428  3.78471 	Dead: 0
4.29422   0.0665309   0.337742  3.78471 	Dead: 0
4.26959   0.0610334   0.309834  3.75734 	Dead: 0
4.22495   0.0567673   0.288177  3.75734 	Dead: 0
4.21931   0.0550213   0.279314  3.75734 	Dead: 0
4.22185   0.0545783   0.277065  3.75734 	Dead: 0
4.2806    0.0644032   0.326941  3.75734 	Dead: 0
4.26569   0.0658232   0.334149  3.75734 	Dead: 0
4.22072   0.0563602   0.286111  3.75734 	Dead: 0
4.20431   0.0551974   0.280208  3.75462 	Dead: 0
4.23729   0.0596623   0.302874  3.75462 	Dead: 0
4.17536   0.0558829   0.283688  3.75462 	Dead: 0
4.19474   0.0614922   0.312163  3.75462 	Dead: 0
4.23635   0.0604308   0.306775  3.75462 	Dead: 0
4.19467   0.0543045   0.275675  3.70132 	Dead: 0
4.22053   0.0572714   0.290736  3.70132 	Dead: 0
4.20233   0.0564946   0.286793  3.70132 	Dead: 0
4.18823   0.0641208   0.325507  3.70132 	Dead: 0
