5.13119   0.0604968   0.30711   4.44653 	Dead: 0
4.76049   0.0523101   0.265551  4.33456 	Dead: 0
4.72638   0.0614066   0.311729  4.24849 	Dead: 0
4.65996   0.0546156   0.277254  4.11457 	Dead: 0
4.63543   0.0623028   0.316278  4.11457 	Dead: 0
4.54644   0.0524899   0.266463  4.0984  	Dead: 0
4.58089   0.0645892   0.327885  4.0984  	Dead: 0
4.5551    0.0578571   0.29371   3.99673 	Dead: 0
4.49561   0.0572857   0.290809  3.99673 	Dead: 0
4.46499   0.0524113   0.266064  3.99673 	Dead: 0
4.50005   0.0561474   0.28503   3.99673 	Dead: 0
4.54409   0.0620091   0.314787  3.99673 	Dead: 0
4.51722   0.070395    0.357358  3.94099 	Dead: 0
4.49244   0.057579    0.292298  3.94099 	Dead: 0
4.48312   0.0613372   0.311376  3.94099 	Dead: 0
4.49553   0.0611416   0.310383  3.94099 	Dead: 0
4.52989   0.0709723   0.360288  3.94099 	Dead: 0
4.47216   0.0622464   0.315992  3.94099 	Dead: 0
4.47731   0.0643592   0.326717  3.94099 	Dead: 0
4.46313   0.0587381   0.298182  3.94099 	Dead: 0
4.5002    0.0673139   0.341717  3.94099 	Dead: 0
4.50462   0.063801    0.323884  3.94099 	Dead: 0
4.48221   0.0678852   0.344617  3.94099 	Dead: 0
4.42746   0.0608152   0.308726  3.94099 	Dead: 0
4.43124   0.0630264   0.319951  3.93856 	Dead: 0
4.45394   0.0672099   0.341189  3.93856 	Dead: 0
4.45968   0.0653814   0.331907  3.93856 	Dead: 0
4.45224   0.0655916   0.332974  3.93856 	Dead: 0
4.45481   0.063645    0.323092  3.92568 	Dead: 0
4.45294   0.0620721   0.315107  3.92568 	Dead: 0
4.43604   0.0589916   0.299469  3.92568 	Dead: 0
4.43117   0.0631637   0.320649  3.92568 	Dead: 0
4.42919   0.0674957   0.342639  3.92568 	Dead: 0
4.43823   0.0649934   0.329937  3.90733 	Dead: 0
4.41448   0.0610954   0.310149  3.90733 	Dead: 0
4.38044   0.0615281   0.312345  3.90733 	Dead: 0
4.39355   0.0597364   0.30325   3.90733 	Dead: 0
4.41175   0.0616478   0.312953  3.90733 	Dead: 0
4.40461   0.0652881   0.331433  3.90733 	Dead: 0
4.38191   0.0611936   0.310647  3.90733 	Dead: 0
4.36271   0.057727    0.293049  3.90733 	Dead: 0
4.39876   0.0716434   0.363695  3.90733 	Dead: 0
4.3521    0.0642647   0.326238  3.90733 	Dead: 0
4.3405    0.0620511   0.315001  3.90733 	Dead: 0
4.39034   0.0650532   0.33024   3.87522 	Dead: 0
4.3389    0.0601083   0.305138  3.87522 	Dead: 0
4.36251   0.063523    0.322472  3.86715 	Dead: 0
4.36284   0.0674675   0.342496  3.67686 	Dead: 0
4.38772   0.0676903   0.343627  3.67686 	Dead: 0
4.34809   0.0610981   0.310163  3.67686 	Dead: 0
4.343     0.058048    0.294679  3.67686 	Dead: 0
4.38456   0.0637335   0.323541  3.67686 	Dead: 0
4.329     0.0591949   0.300501  3.67686 	Dead: 0
4.38108   0.0711963   0.361426  3.67686 	Dead: 0
4.33958   0.061961    0.314543  3.67686 	Dead: 0
4.31081   0.0584043   0.296488  3.67686 	Dead: 0
4.34354   0.0645517   0.327695  3.67686 	Dead: 0
4.36284   0.0677451   0.343906  3.67686 	Dead: 0
4.35174   0.0624393   0.316971  3.67686 	Dead: 0
4.3594    0.0632789   0.321233  3.67686 	Dead: 0
4.33909   0.0603981   0.306609  3.67686 	Dead: 0
4.37396   0.0714685   0.362807  3.67686 	Dead: 0
4.33686   0.0593836   0.301459  3.67686 	Dead: 0
4.31645   0.0605782   0.307523  3.67686 	Dead: 0
4.34547   0.0643428   0.326634  3.67686 	Dead: 0
4.33467   0.0663466   0.336806  3.67686 	Dead: 0
4.29839   0.0578579   0.293714  3.67686 	Dead: 0
4.34329   0.0688788   0.349661  3.67686 	Dead: 0
4.33238   0.0650528   0.330238  3.67686 	Dead: 0
4.33181   0.0660959   0.335534  3.67686 	Dead: 0
4.34036   0.0643821   0.326833  3.67686 	Dead: 0
4.37581   0.0665631   0.337905  3.67686 	Dead: 0
4.31213   0.0594412   0.301751  3.67686 	Dead: 0
4.34338   0.0633539   0.321614  3.67686 	Dead: 0
4.34866   0.0658478   0.334274  3.67686 	Dead: 0
4.3522    0.0644245   0.327049  3.67686 	Dead: 0
4.36421   0.0610396   0.309865  3.67686 	Dead: 0
4.32421   0.0608071   0.308685  3.67686 	Dead: 0
4.38896   0.0701421   0.356074  3.67686 	Dead: 0
4.29638   0.0566889   0.287779  3.67686 	Dead: 0
4.3572    0.0641372   0.325591  3.67686 	Dead: 0
4.36861   0.065806    0.334062  3.67686 	Dead: 0
4.34007   0.0649306   0.329618  3.67686 	Dead: 0
4.3083    0.0614701   0.312051  3.67686 	Dead: 0
4.32521   0.0682307   0.346371  3.67686 	Dead: 0
4.28016   0.0586      0.297481  3.67686 	Dead: 0
4.29484   0.0652648   0.331314  3.67686 	Dead: 0
4.26391   0.0603118   0.306171  3.67686 	Dead: 0
4.27119   0.0654873   0.332444  3.67686 	Dead: 0
4.2635    0.0630961   0.320305  3.67686 	Dead: 0
4.25933   0.0597794   0.303468  3.67686 	Dead: 0
4.21886   0.0543766   0.276041  3.67686 	Dead: 0
4.24856   0.0633356   0.321521  3.67686 	Dead: 0
4.26369   0.0615508   0.312461  3.67686 	Dead: 0
4.26378   0.0648995   0.32946   3.67686 	Dead: 0
4.24591   0.0584237   0.296586  3.67686 	Dead: 0
4.24692   0.0601189   0.305191  3.67686 	Dead: 0
4.23329   0.0573687   0.29123   3.67686 	Dead: 0
4.27972   0.0644931   0.327397  3.67686 	Dead: 0
4.27221   0.0632916   0.321298  3.67686 	Dead: 0
4.29271   0.0578709   0.29378   3.67686 	Dead: 0
