5.14704   0.055997    0.284267  4.46896 	Dead: 0
4.76842   0.0492089   0.249807  4.36756 	Dead: 0
4.69817   0.0581619   0.295257  4.23379 	Dead: 0
4.6037    0.0523924   0.265968  4.20042 	Dead: 0
4.57489   0.0520512   0.264236  4.17287 	Dead: 0
4.59444   0.0560878   0.284728  4.04181 	Dead: 0
4.58338   0.0599458   0.304313  4.04181 	Dead: 0
4.54416   0.06132     0.311289  4.03019 	Dead: 0
4.55637   0.0607606   0.308449  4.03019 	Dead: 0
4.53799   0.0610944   0.310144  4.03019 	Dead: 0
4.54012   0.0635981   0.322853  4.03019 	Dead: 0
4.52527   0.0661083   0.335596  4.03019 	Dead: 0
4.52098   0.063565    0.322685  4.03019 	Dead: 0
4.54036   0.0644828   0.327345  4.03019 	Dead: 0
4.49379   0.0627512   0.318554  3.93637 	Dead: 0
4.48772   0.0589056   0.299032  3.93637 	Dead: 0
4.49319   0.0633568   0.321628  3.93637 	Dead: 0
4.468     0.058838    0.298689  3.93637 	Dead: 0
4.45125   0.0597498   0.303318  3.93637 	Dead: 0
4.46911   0.0624236   0.316891  3.93637 	Dead: 0
4.46138   0.0616294   0.312859  3.93637 	Dead: 0
4.4418    0.0603245   0.306235  3.93637 	Dead: 0
4.49417   0.0637258   0.323502  3.93637 	Dead: 0
4.43654   0.0637149   0.323446  3.93637 	Dead: 0
4.45137   0.0633212   0.321448  3.93637 	Dead: 0
4.43445   0.0647695   0.3288    3.93637 	Dead: 0
4.41059   0.0599105   0.304134  3.93637 	Dead: 0
4.43131   0.0631139   0.320396  3.93637 	Dead: 0
4.39863   0.0594884   0.301991  3.93637 	Dead: 0
4.41671   0.0626884   0.318235  3.93637 	Dead: 0
4.39235   0.0573433   0.291102  3.93637 	Dead: 0
4.40052   0.0641083   0.325444  3.93637 	Dead: 0
4.37569   0.0625103   0.317331  3.93637 	Dead: 0
4.39905   0.0572329   0.290541  3.88073 	Dead: 0
4.39989   0.0646084   0.327983  3.8774  	Dead: 0
4.39171   0.0613692   0.311539  3.8774  	Dead: 0
4.38413   0.060728    0.308284  3.8774  	Dead: 0
4.35699   0.0557038   0.282779  3.8774  	Dead: 0
4.40007   0.0610595   0.309967  3.8774  	Dead: 0
4.39113   0.0581248   0.295069  3.8774  	Dead: 0
4.37383   0.0607121   0.308203  3.84865 	Dead: 0
4.37864   0.0614677   0.312039  3.84865 	Dead: 0
4.38659   0.062529    0.317426  3.84865 	Dead: 0
4.35261   0.0627287   0.31844   3.84865 	Dead: 0
4.31491   0.0572177   0.290464  3.84865 	Dead: 0
4.32746   0.0625467   0.317516  3.84865 	Dead: 0
4.34953   0.063261    0.321142  3.84865 	Dead: 0
4.32243   0.0557639   0.283083  3.84865 	Dead: 0
4.32565   0.0551594   0.280015  3.84865 	Dead: 0
4.35773   0.0605122   0.307188  3.84865 	Dead: 0
4.31087   0.0567124   0.287899  3.84865 	Dead: 0
4.31411   0.0620988   0.315242  3.83213 	Dead: 0
4.3334    0.0646346   0.328115  3.83213 	Dead: 0
4.3285    0.0615042   0.312224  3.80552 	Dead: 0
4.29149   0.0554726   0.281605  3.80394 	Dead: 0
4.30495   0.0588583   0.298792  3.80394 	Dead: 0
4.30127   0.0604253   0.306747  3.80394 	Dead: 0
4.29993   0.0613396   0.311389  3.80394 	Dead: 0
4.33329   0.0645765   0.32782   3.80394 	Dead: 0
4.32746   0.0641228   0.325517  3.80394 	Dead: 0
4.36494   0.0739162   0.375233  3.80394 	Dead: 0
4.32713   0.062201    0.315761  3.80394 	Dead: 0
4.31853   0.0647739   0.328822  3.80394 	Dead: 0
4.31297   0.0646483   0.328185  3.80394 	Dead: 0
4.33944   0.0651736   0.330851  3.80394 	Dead: 0
4.35464   0.0713563   0.362238  3.80394 	Dead: 0
4.27962   0.0544181   0.276252  3.80394 	Dead: 0
4.33863   0.0627504   0.31855   3.80394 	Dead: 0
4.34746   0.0709745   0.3603    3.80394 	Dead: 0
4.32978   0.0620082   0.314782  3.80394 	Dead: 0
4.31699   0.0647903   0.328906  3.80394 	Dead: 0
4.2885    0.057203    0.290389  3.79465 	Dead: 0
4.33119   0.0668916   0.339573  3.79465 	Dead: 0
4.31641   0.0680369   0.345387  3.79465 	Dead: 0
4.28876   0.062725    0.318421  3.79465 	Dead: 0
4.28241   0.0603904   0.30657   3.72426 	Dead: 0
4.28516   0.0570681   0.289704  3.72426 	Dead: 0
4.31155   0.0597654   0.303397  3.72426 	Dead: 0
4.29389   0.0689808   0.350179  3.72426 	Dead: 0
4.26715   0.0567169   0.287921  3.72426 	Dead: 0
4.31401   0.0622973   0.31625   3.72426 	Dead: 0
4.33695   0.0655628   0.332827  3.72426 	Dead: 0
4.30563   0.066598    0.338083  3.72426 	Dead: 0
4.32558   0.0604612   0.306929  3.72426 	Dead: 0
4.28246   0.0598864   0.304011  3.72426 	Dead: 0
4.27809   0.0588805   0.298905  3.72426 	Dead: 0
4.26854   0.0589094   0.299052  3.72426 	Dead: 0
4.29312   0.0619932   0.314707  3.72426 	Dead: 0
4.25581   0.0538444   0.273339  3.72426 	Dead: 0
4.30138   0.0661916   0.33602   3.72426 	Dead: 0
4.26487   0.0622191   0.315853  3.72426 	Dead: 0
4.27756   0.0633661   0.321676  3.72426 	Dead: 0
4.30765   0.0671497   0.340883  3.72426 	Dead: 0
4.27162   0.0651495   0.330729  3.72426 	Dead: 0
4.24904   0.0572533   0.290645  3.72426 	Dead: 0
4.27318   0.0601351   0.305274  3.72426 	Dead: 0
4.26674   0.0586448   0.297708  3.72426 	Dead: 0
4.27045   0.0644808   0.327335  3.72426 	Dead: 0
4.22725   0.0552892   0.280674  3.72426 	Dead: 0
4.27696   0.0660042   0.335068  3.72426 	Dead: 0
4.26815   0.0642425   0.326125  3.72426 	Dead: 0
