7.29383   0.0564962   0.286801  6.70937 	Dead: 0
6.74896   0.0428608   0.217582  6.31141 	Dead: 0
6.52361   0.0406991   0.206608  6.13462 	Dead: 0
6.50265   0.055215    0.280297  6.06099 	Dead: 0
6.43377   0.0445438   0.226125  6.0596  	Dead: 0
6.45629   0.0527736   0.267903  6.0596  	Dead: 0
6.39477   0.0512668   0.260254  6.00643 	Dead: 0
6.40125   0.0476058   0.241669  6.00643 	Dead: 0
6.39347   0.0530232   0.269171  6.00643 	Dead: 0
6.40188   0.0540764   0.274517  5.98153 	Dead: 0
6.35741   0.0498387   0.253005  5.98153 	Dead: 0
6.38913   0.0495311   0.251443  5.98153 	Dead: 0
6.37411   0.0492242   0.249885  5.98153 	Dead: 0
6.37893   0.0479223   0.243276  5.98153 	Dead: 0
6.3805    0.0483445   0.245419  5.98153 	Dead: 0
6.37159   0.0461512   0.234285  5.98153 	Dead: 0
6.37843   0.0509583   0.258688  5.98153 	Dead: 0
6.39529   0.0554196   0.281336  5.98153 	Dead: 0
6.38421   0.0542362   0.275328  5.98153 	Dead: 0
6.33416   0.0436935   0.221809  5.98153 	Dead: 0
6.35819   0.0469665   0.238424  5.95135 	Dead: 0
6.39011   0.0606982   0.308133  5.95135 	Dead: 0
6.34321   0.0499001   0.253316  5.95135 	Dead: 0
6.33545   0.0470466   0.238831  5.95135 	Dead: 0
6.35496   0.0523164   0.265583  5.95135 	Dead: 0
6.35702   0.0594468   0.30178   5.95135 	Dead: 0
6.34197   0.0529272   0.268683  5.95135 	Dead: 0
6.33357   0.0485354   0.246388  5.95135 	Dead: 0
6.32031   0.0523439   0.265722  5.85966 	Dead: 0
6.33858   0.0547816   0.278097  5.85966 	Dead: 0
6.33046   0.0512748   0.260295  5.85966 	Dead: 0
6.32245   0.0520636   0.264299  5.85966 	Dead: 0
6.27429   0.0461968   0.234516  5.85966 	Dead: 0
6.27346   0.0527747   0.267909  5.85966 	Dead: 0
6.29968   0.055156    0.279998  5.85966 	Dead: 0
6.29589   0.0596003   0.302559  5.85966 	Dead: 0
6.2547    0.0476574   0.241931  5.85966 	Dead: 0
6.28375   0.0577046   0.292935  5.85966 	Dead: 0
6.24617   0.0480514   0.243931  5.85966 	Dead: 0
6.25948   0.0554469   0.281474  5.82254 	Dead: 0
6.27469   0.0604541   0.306893  5.82254 	Dead: 0
6.2498    0.0537032   0.272622  5.82254 	Dead: 0
6.22812   0.0516164   0.262029  5.81395 	Dead: 0
6.20031   0.0497933   0.252774  5.81395 	Dead: 0
6.22569   0.0529397   0.268747  5.81395 	Dead: 0
6.21081   0.051628    0.262088  5.81395 	Dead: 0
6.21833   0.0553231   0.280846  5.75447 	Dead: 0
6.19927   0.0546983   0.277674  5.71889 	Dead: 0
6.2292    0.0596424   0.302773  5.71889 	Dead: 0
6.20459   0.054459    0.276459  5.71889 	Dead: 0
6.19449   0.0545017   0.276676  5.71889 	Dead: 0
6.22414   0.0549494   0.278949  5.71889 	Dead: 0
6.21594   0.0589019   0.299014  5.71889 	Dead: 0
6.22526   0.0582319   0.295612  5.71889 	Dead: 0
6.19475   0.0561267   0.284925  5.71889 	Dead: 0
6.18026   0.0527748   0.267909  5.71889 	Dead: 0
6.16745   0.0586897   0.297936  5.71889 	Dead: 0
6.15523   0.0592475   0.300768  5.71889 	Dead: 0
6.18171   0.0544094   0.276208  5.71889 	Dead: 0
6.15417   0.0495895   0.25174   5.71889 	Dead: 0
6.17112   0.0628695   0.319155  5.71889 	Dead: 0
6.1706    0.0529742   0.268922  5.71889 	Dead: 0
6.1725    0.0550038   0.279225  5.71889 	Dead: 0
6.16854   0.0536532   0.272369  5.71889 	Dead: 0
6.16938   0.0611768   0.310562  5.71889 	Dead: 0
6.15022   0.0534401   0.271287  5.71889 	Dead: 0
6.20664   0.0577469   0.29315   5.71889 	Dead: 0
6.17953   0.0595793   0.302452  5.71889 	Dead: 0
6.1701    0.0563305   0.28596   5.71889 	Dead: 0
6.18961   0.0541868   0.275077  5.71889 	Dead: 0
6.15293   0.0525298   0.266666  5.71889 	Dead: 0
6.20231   0.0640156   0.324973  5.71889 	Dead: 0
6.14464   0.0521724   0.264851  5.71889 	Dead: 0
6.15797   0.0530846   0.269482  5.71889 	Dead: 0
6.16792   0.0587133   0.298056  5.71889 	Dead: 0
6.21562   0.0640626   0.325212  5.71889 	Dead: 0
6.18501   0.0606627   0.307952  5.71889 	Dead: 0
6.19397   0.0628738   0.319177  5.71889 	Dead: 0
6.17402   0.0604797   0.307023  5.71889 	Dead: 0
6.14684   0.0612331   0.310848  5.71168 	Dead: 0
6.16022   0.0607528   0.30841   5.71168 	Dead: 0
6.16709   0.0601517   0.305358  5.71168 	Dead: 0
6.14546   0.058179    0.295344  5.70275 	Dead: 0
6.14956   0.0588153   0.298574  5.70275 	Dead: 0
6.13595   0.0521203   0.264587  5.70275 	Dead: 0
6.16141   0.0614068   0.31173   5.68518 	Dead: 0
6.14737   0.0574602   0.291695  5.68518 	Dead: 0
6.12395   0.0573564   0.291168  5.68518 	Dead: 0
6.14021   0.0592133   0.300594  5.66667 	Dead: 0
6.12794   0.0566024   0.28734   5.66667 	Dead: 0
6.10645   0.0541463   0.274872  5.66667 	Dead: 0
6.12168   0.0560361   0.284465  5.66667 	Dead: 0
6.12242   0.0557671   0.2831    5.66667 	Dead: 0
6.12874   0.0602969   0.306095  5.66667 	Dead: 0
6.12159   0.0637092   0.323417  5.66667 	Dead: 0
6.13517   0.0662358   0.336244  5.66667 	Dead: 0
6.10817   0.0527009   0.267534  5.66667 	Dead: 0
6.13622   0.0595872   0.302492  5.66667 	Dead: 0
6.15998   0.063775    0.323752  5.66667 	Dead: 0
6.13238   0.0570609   0.289668  5.66667 	Dead: 0
6.17082   0.0642026   0.325923  5.66667 	Dead: 0
