7.27323   0.0634707   0.322207  6.66834 	Dead: 0
6.72949   0.0511376   0.259598  6.34271 	Dead: 0
6.62501   0.0500779   0.254219  6.20217 	Dead: 0
6.53256   0.0500861   0.25426   6.13994 	Dead: 0
6.50609   0.0522513   0.265252  5.96333 	Dead: 0
6.48754   0.0548214   0.278299  5.89577 	Dead: 0
6.46125   0.0534442   0.271308  5.89577 	Dead: 0
6.43728   0.0599646   0.304408  5.89577 	Dead: 0
6.40322   0.0559099   0.283825  5.89577 	Dead: 0
6.38745   0.0577949   0.293394  5.87595 	Dead: 0
6.36281   0.0539681   0.273967  5.87595 	Dead: 0
6.33872   0.052127    0.264621  5.87595 	Dead: 0
6.33402   0.0569141   0.288923  5.87595 	Dead: 0
6.34033   0.0525539   0.266788  5.87595 	Dead: 0
6.35429   0.0585878   0.297419  5.87595 	Dead: 0
6.33075   0.0567128   0.2879    5.87595 	Dead: 0
6.2684    0.0526364   0.267207  5.83353 	Dead: 0
6.29526   0.0570416   0.28957   5.83353 	Dead: 0
6.25586   0.0531972   0.270054  5.83353 	Dead: 0
6.23077   0.0527889   0.267981  5.83353 	Dead: 0
6.19452   0.0487689   0.247574  5.82586 	Dead: 0
6.24247   0.0552559   0.280504  5.82586 	Dead: 0
6.20243   0.050308    0.255387  5.82586 	Dead: 0
6.2158    0.0555661   0.28208   5.82586 	Dead: 0
6.22275   0.0646374   0.328129  5.80056 	Dead: 0
6.21482   0.0668775   0.339501  5.80056 	Dead: 0
6.19021   0.0534035   0.271101  5.7805  	Dead: 0
6.16808   0.0466998   0.23707   5.76982 	Dead: 0
6.18863   0.0557223   0.282872  5.76982 	Dead: 0
6.18595   0.0526228   0.267138  5.76982 	Dead: 0
6.13971   0.0492675   0.250105  5.76982 	Dead: 0
6.16182   0.0507269   0.257513  5.76982 	Dead: 0
6.18746   0.0572856   0.290808  5.76982 	Dead: 0
6.1858    0.0527989   0.268032  5.76982 	Dead: 0
6.16549   0.0500217   0.253934  5.76982 	Dead: 0
6.19781   0.0557173   0.282847  5.76982 	Dead: 0
6.17865   0.0576865   0.292844  5.65795 	Dead: 0
6.19956   0.0561457   0.285022  5.65795 	Dead: 0
6.20604   0.0611055   0.3102    5.65795 	Dead: 0
6.16061   0.0538553   0.273395  5.65795 	Dead: 0
6.16204   0.0614776   0.312089  5.65795 	Dead: 0
6.16174   0.0562881   0.285745  5.65795 	Dead: 0
6.1487    0.0496595   0.252095  5.65795 	Dead: 0
6.18012   0.0617505   0.313474  5.65795 	Dead: 0
6.12488   0.0483294   0.245343  5.65795 	Dead: 0
6.15604   0.0573421   0.291095  5.65795 	Dead: 0
6.15161   0.0538274   0.273253  5.65795 	Dead: 0
6.1418    0.0520365   0.264162  5.65795 	Dead: 0
6.12892   0.0517801   0.26286   5.65795 	Dead: 0
6.14387   0.0549862   0.279135  5.65795 	Dead: 0
6.17377   0.0591555   0.300301  5.65795 	Dead: 0
6.16897   0.0543877   0.276097  5.65795 	Dead: 0
6.13407   0.0566166   0.287412  5.65795 	Dead: 0
6.15208   0.0539281   0.273764  5.65795 	Dead: 0
6.15114   0.0532424   0.270283  5.65795 	Dead: 0
6.17978   0.0577267   0.293048  5.65795 	Dead: 0
6.17311   0.0546223   0.277289  5.65795 	Dead: 0
6.18799   0.0618539   0.313999  5.65795 	Dead: 0
6.14821   0.0606222   0.307746  5.65795 	Dead: 0
6.1736    0.058166    0.295278  5.65795 	Dead: 0
6.15971   0.0540948   0.27461   5.65795 	Dead: 0
6.14561   0.056745    0.288064  5.65795 	Dead: 0
6.15388   0.054617    0.277261  5.65795 	Dead: 0
6.12861   0.0491929   0.249726  5.65795 	Dead: 0
6.1778    0.0601104   0.305149  5.65795 	Dead: 0
6.15447   0.0563784   0.286203  5.65795 	Dead: 0
6.14392   0.0551237   0.279833  5.65795 	Dead: 0
6.17499   0.0585222   0.297086  5.65795 	Dead: 0
6.15785   0.0619945   0.314713  5.65795 	Dead: 0
6.14032   0.0545758   0.277052  5.65795 	Dead: 0
6.14552   0.057083    0.28978   5.65795 	Dead: 0
6.14304   0.0535975   0.272086  5.65795 	Dead: 0
6.13718   0.0519098   0.263518  5.65795 	Dead: 0
6.17926   0.0571384   0.290061  5.65795 	Dead: 0
6.15743   0.0616453   0.31294   5.65795 	Dead: 0
6.12275   0.0552951   0.280704  5.65795 	Dead: 0
6.09731   0.0513249   0.260549  5.65795 	Dead: 0
6.12571   0.0576317   0.292565  5.65795 	Dead: 0
6.14061   0.0570724   0.289726  5.65795 	Dead: 0
6.14388   0.057187    0.290308  5.65795 	Dead: 0
6.10168   0.0555849   0.282175  5.65795 	Dead: 0
6.11127   0.0516452   0.262175  5.65795 	Dead: 0
6.11834   0.0547325   0.277847  5.65795 	Dead: 0
6.15197   0.0579877   0.294373  5.65795 	Dead: 0
6.11291   0.0532071   0.270104  5.65795 	Dead: 0
6.12733   0.0610156   0.309744  5.65795 	Dead: 0
6.11969   0.0556504   0.282507  5.65795 	Dead: 0
6.13633   0.0605443   0.307351  5.65795 	Dead: 0
6.12591   0.0540064   0.274162  5.65795 	Dead: 0
6.10617   0.0560997   0.284788  5.65795 	Dead: 0
6.14855   0.0640377   0.325085  5.65795 	Dead: 0
6.12867   0.0586851   0.297913  5.65795 	Dead: 0
6.12387   0.0551192   0.279811  5.65795 	Dead: 0
6.13409   0.0549983   0.279197  5.65795 	Dead: 0
6.12699   0.0551321   0.279877  5.65795 	Dead: 0
6.12758   0.0575001   0.291897  5.65795 	Dead: 0
6.11074   0.0568287   0.288489  5.65795 	Dead: 0
6.15873   0.0582378   0.295642  5.65795 	Dead: 0
6.11756   0.0537173   0.272694  5.65795 	Dead: 0
6.1209    0.0582341   0.295623  5.65795 	Dead: 0
6.13667   0.0609509   0.309415  5.65795 	Dead: 0
