0   10.3014   0.14173     0.719485  8.67373 	Dead: 0
1   7.40043   0.0553868   0.281169  6.84418 	Dead: 0
2   7.18262   0.0594423   0.301757  6.74322 	Dead: 0
3   7.09849   0.0662808   0.336472  6.4747  	Dead: 0
4   7.01413   0.067578    0.343058  6.4747  	Dead: 0
5   6.96495   0.0770144   0.390961  6.43899 	Dead: 0
6   6.88843   0.075801    0.384801  6.33095 	Dead: 0
7   6.84267   0.0710291   0.360577  6.2904  	Dead: 0
8   6.81038   0.0729174   0.370163  6.26098 	Dead: 0
9   6.8155    0.0852417   0.432727  6.26098 	Dead: 0
10  6.78824   0.0771553   0.391677  6.26098 	Dead: 0
11  6.75181   0.0694792   0.352709  6.21409 	Dead: 0
12  6.76819   0.0816424   0.414455  6.21305 	Dead: 0
13  6.74789   0.0816202   0.414342  6.02235 	Dead: 0
14  6.65997   0.0845703   0.429318  5.96287 	Dead: 0
15  6.62284   0.0922606   0.468358  5.90117 	Dead: 0
16  6.60853   0.097499    0.49495   5.79731 	Dead: 0
17  6.60197   0.106532    0.540808  5.79731 	Dead: 0
18  6.50309   0.0965958   0.490365  5.79731 	Dead: 0
19  6.59317   0.104347    0.529713  5.70993 	Dead: 0
20  6.55515   0.107624    0.546348  5.70993 	Dead: 0
21  6.46433   0.102007    0.517834  5.63506 	Dead: 0
22  6.45915   0.105686    0.536511  5.63506 	Dead: 0
23  6.42856   0.116637    0.592103  5.63506 	Dead: 0
24  6.53676   0.11838     0.600954  5.63506 	Dead: 0
25  6.45048   0.1059      0.537596  5.63506 	Dead: 0
26  6.46187   0.116924    0.593561  5.63506 	Dead: 0
27  6.489     0.11211     0.569122  5.55638 	Dead: 0
28  6.41327   0.117874    0.598385  5.54448 	Dead: 0
29  6.41578   0.112778    0.572515  5.40529 	Dead: 0
30  6.4517    0.116176    0.589764  5.40529 	Dead: 0
31  6.44628   0.123945    0.629204  5.40529 	Dead: 0
32  6.34968   0.107201    0.544203  5.40529 	Dead: 0
33  6.4336    0.11939     0.606081  5.40529 	Dead: 0
34  6.43372   0.123229    0.62557   5.40529 	Dead: 0
35  6.37604   0.127516    0.647329  5.40529 	Dead: 0
36  6.42455   0.114407    0.580783  5.40529 	Dead: 0
37  6.45525   0.128645    0.653061  5.39152 	Dead: 0
38  6.40903   0.125219    0.63567   5.39152 	Dead: 0
39  6.35764   0.110854    0.562745  5.39152 	Dead: 0
40  6.33341   0.110505    0.560975  5.39152 	Dead: 0
41  6.40786   0.119205    0.605141  5.39152 	Dead: 0
42  6.42128   0.119383    0.606043  5.39152 	Dead: 0
43  6.41968   0.124332    0.631169  5.39152 	Dead: 0
44  6.47377   0.1216      0.617296  5.39152 	Dead: 0
45  6.38484   0.125289    0.636025  5.39152 	Dead: 0
46  6.40557   0.119947    0.608905  5.39152 	Dead: 0
47  6.37175   0.12344     0.626638  5.39152 	Dead: 0
48  6.38965   0.115783    0.58777   5.39152 	Dead: 0
49  6.31054   0.122619    0.622471  5.39152 	Dead: 0
50  6.42049   0.123177    0.625304  5.39152 	Dead: 0
51  6.37725   0.126396    0.641643  5.39152 	Dead: 0
52  6.42569   0.141595    0.718803  5.39152 	Dead: 0
53  6.43776   0.124315    0.63108   5.39152 	Dead: 0
54  6.41781   0.128736    0.653522  5.39152 	Dead: 0
55  6.47377   0.135344    0.687071  5.39152 	Dead: 0
56  6.39465   0.129066    0.655198  5.39152 	Dead: 0
57  6.34869   0.121596    0.617279  5.39152 	Dead: 0
58  6.38386   0.12176     0.618112  5.39152 	Dead: 0
59  6.35406   0.123368    0.626274  5.39152 	Dead: 0
60  6.39118   0.118883    0.603507  5.39152 	Dead: 0
61  6.38496   0.122086    0.619768  5.39152 	Dead: 0
62  6.3766    0.120951    0.614001  5.39152 	Dead: 0
63  6.31272   0.129916    0.659513  5.39152 	Dead: 0
64  6.44734   0.123568    0.62729   5.39152 	Dead: 0
65  6.41479   0.124641    0.632738  5.39152 	Dead: 0
66  6.36718   0.122285    0.620775  5.39152 	Dead: 0
67  6.31264   0.125222    0.635687  5.39152 	Dead: 0
68  6.35415   0.121614    0.61737   5.39152 	Dead: 0
69  6.37582   0.126913    0.644268  5.39152 	Dead: 0
70  6.38614   0.130631    0.663142  5.39152 	Dead: 0
71  6.38893   0.134112    0.680815  5.39152 	Dead: 0
72  6.36037   0.129865    0.659256  5.39152 	Dead: 0
73  6.31704   0.122683    0.622796  5.39152 	Dead: 0
74  6.40679   0.121549    0.617038  5.39152 	Dead: 0
75  6.44909   0.131886    0.669513  5.39152 	Dead: 0
76  6.43227   0.145709    0.739686  5.39152 	Dead: 0
77  6.41916   0.119073    0.604472  5.39152 	Dead: 0
78  6.41627   0.125521    0.637203  5.39152 	Dead: 0
79  6.35645   0.126595    0.642656  5.39152 	Dead: 0
80  6.46455   0.128174    0.65067   5.39152 	Dead: 0
81  6.39061   0.12299     0.624355  5.39152 	Dead: 0
82  6.44136   0.132689    0.673591  5.39152 	Dead: 0
83  6.37196   0.128858    0.654142  5.39152 	Dead: 0
84  6.40259   0.130583    0.662898  5.39152 	Dead: 0
85  6.39118   0.11924     0.605317  5.39152 	Dead: 0
86  6.39178   0.126423    0.64178   5.39152 	Dead: 0
87  6.32216   0.124293    0.630969  5.39152 	Dead: 0
88  6.39469   0.126713    0.643253  5.39152 	Dead: 0
89  6.36086   0.133868    0.679579  5.39152 	Dead: 0
90  6.39878   0.122227    0.620482  5.39152 	Dead: 0
91  6.38804   0.125813    0.638685  5.39152 	Dead: 0
92  6.35095   0.117613    0.597058  5.39152 	Dead: 0
93  6.40866   0.132105    0.670624  5.39152 	Dead: 0
94  6.42061   0.129011    0.654922  5.39152 	Dead: 0
95  6.30799   0.123719    0.628055  5.39152 	Dead: 0
96  6.39437   0.125647    0.637841  5.39152 	Dead: 0
97  6.37126   0.124067    0.62982   5.39152 	Dead: 0
98  6.40432   0.122313    0.620918  5.39152 	Dead: 0
99  6.34482   0.137619    0.69862   5.39152 	Dead: 0
100 6.40445   0.125169    0.635416  5.39152 	Dead: 0
