11.7629   0.0578075   0.293458  11.2044 	Dead: 0
10.3063   0.0341869   0.173549  9.96404 	Dead: 0
9.45435   0.0308576   0.156648  9.13511 	Dead: 0
8.24957   0.0492368   0.249949  7.70385 	Dead: 0
6.77669   0.0749988   0.380729  6.00107 	Dead: 0
5.9535    0.0684473   0.34747   5.33899 	Dead: 0
5.25396   0.0931668   0.472958  4.67148 	Dead: 0
4.95085   0.0848556   0.430766  4.5205  	Dead: 0
4.70747   0.105772    0.536948  4.29382 	Dead: 0
4.3301    0.105615    0.536152  3.86745 	Dead: 0
4.25487   0.100148    0.508398  3.82209 	Dead: 0
4.32816   0.137111    0.696042  3.77536 	Dead: 0
4.27869   0.147337    0.747952  3.69798 	Dead: 0
4.2116    0.15005     0.761725  3.53566 	Dead: 0
4.08026   0.123135    0.62509   3.51964 	Dead: 0
4.10077   0.157085    0.797437  3.46035 	Dead: 0
4.02385   0.128481    0.652231  3.46035 	Dead: 0
3.88466   0.125636    0.637787  3.38834 	Dead: 0
4.00109   0.157977    0.801964  3.32165 	Dead: 0
3.8961    0.1455      0.738627  3.32165 	Dead: 0
3.85884   0.140889    0.715216  3.32165 	Dead: 0
3.85242   0.149503    0.758945  3.3136  	Dead: 0
3.79484   0.147528    0.748923  3.3136  	Dead: 0
3.96926   0.172574    0.876065  3.3136  	Dead: 0
3.84831   0.142036    0.721042  3.26996 	Dead: 0
3.89717   0.156567    0.794805  3.25044 	Dead: 0
3.7872    0.139442    0.707874  3.24983 	Dead: 0
3.80733   0.131887    0.669521  3.24983 	Dead: 0
3.80518   0.141094    0.716257  3.18393 	Dead: 0
3.90443   0.175369    0.890252  3.18393 	Dead: 0
3.81197   0.161297    0.818817  3.18393 	Dead: 0
3.76339   0.151051    0.766804  3.13456 	Dead: 0
3.74625   0.160818    0.816385  3.11542 	Dead: 0
3.77393   0.203257    1.03183   3.045   	Dead: 0
3.7939    0.210098    1.06656   3.045   	Dead: 0
3.6723    0.176807    0.897556  3.01389 	Dead: 0
3.59325   0.172126    0.873794  2.97331 	Dead: 0
3.70786   0.204849    1.03991   2.92749 	Dead: 0
3.57643   0.163964    0.832358  2.90406 	Dead: 0
3.56625   0.180052    0.914029  2.88008 	Dead: 0
3.5667    0.192753    0.978506  2.88008 	Dead: 0
3.59568   0.174208    0.884362  2.88008 	Dead: 0
3.53291   0.182636    0.927147  2.8491  	Dead: 0
3.53993   0.184783    0.938045  2.8491  	Dead: 0
3.62429   0.205516    1.04329   2.8491  	Dead: 0
3.50386   0.176548    0.896241  2.79627 	Dead: 0
3.40043   0.144551    0.733809  2.79627 	Dead: 0
3.41029   0.144539    0.733748  2.79627 	Dead: 0
3.42808   0.154571    0.784676  2.79627 	Dead: 0
3.47197   0.172709    0.87675   2.79627 	Dead: 0
3.46031   0.189397    0.961468  2.79627 	Dead: 0
3.37618   0.166907    0.8473    2.79627 	Dead: 0
3.55694   0.199293    1.0117    2.79627 	Dead: 0
3.39967   0.172704    0.876726  2.79627 	Dead: 0
3.47395   0.19        0.96453   2.79627 	Dead: 0
3.48903   0.17966     0.912038  2.79627 	Dead: 0
3.47939   0.180197    0.914764  2.79627 	Dead: 0
3.26094   0.144539    0.733748  2.79627 	Dead: 0
3.55271   0.209293    1.06247   2.67027 	Dead: 0
3.27655   0.145731    0.739798  2.67027 	Dead: 0
3.53318   0.201527    1.02305   2.67027 	Dead: 0
3.55744   0.221429    1.12408   2.67027 	Dead: 0
3.362     0.173496    0.880747  2.67027 	Dead: 0
3.48425   0.180559    0.916601  2.67027 	Dead: 0
3.48969   0.20682     1.04991   2.64807 	Dead: 0
3.50253   0.220513    1.11942   2.64807 	Dead: 0
3.61708   0.235541    1.19571   2.64807 	Dead: 0
3.39069   0.180468    0.916138  2.64807 	Dead: 0
3.47359   0.212845    1.0805    2.64807 	Dead: 0
3.36499   0.209239    1.0622    2.64807 	Dead: 0
3.39635   0.226242    1.14851   2.63459 	Dead: 0
3.29058   0.176278    0.894867  2.63459 	Dead: 0
3.24064   0.20218     1.02636   2.63459 	Dead: 0
3.34592   0.211645    1.07441   2.50766 	Dead: 0
3.38704   0.215466    1.0938    2.50766 	Dead: 0
3.41425   0.230114    1.16817   2.50766 	Dead: 0
3.16124   0.188259    0.955689  2.50766 	Dead: 0
3.31157   0.209       1.06098   2.50766 	Dead: 0
3.39242   0.206827    1.04995   2.50766 	Dead: 0
3.28273   0.209491    1.06347   2.50766 	Dead: 0
3.3325    0.221835    1.12614   2.50766 	Dead: 0
3.21141   0.198416    1.00725   2.50766 	Dead: 0
3.42608   0.24862     1.26211   2.50766 	Dead: 0
3.25331   0.225288    1.14367   2.50766 	Dead: 0
3.25964   0.223201    1.13307   2.50766 	Dead: 0
3.28766   0.233336    1.18452   2.50766 	Dead: 0
3.30493   0.239265    1.21462   2.50766 	Dead: 0
3.25268   0.215592    1.09444   2.50766 	Dead: 0
3.26953   0.203698    1.03406   2.50766 	Dead: 0
3.29085   0.209169    1.06184   2.50766 	Dead: 0
3.18186   0.191168    0.97046   2.50766 	Dead: 0
3.2197    0.206202    1.04678   2.50626 	Dead: 0
3.30755   0.206971    1.05068   2.50626 	Dead: 0
3.1713    0.198802    1.00921   2.50626 	Dead: 0
3.13838   0.196086    0.995426  2.50626 	Dead: 0
3.18098   0.21471     1.08997   2.48855 	Dead: 0
3.13609   0.200663    1.01866   2.48855 	Dead: 0
3.14393   0.18661     0.947317  2.48855 	Dead: 0
3.10843   0.187685    0.952779  2.48855 	Dead: 0
3.21301   0.213274    1.08268   2.48855 	Dead: 0
3.26168   0.214202    1.08739   2.48855 	Dead: 0
