11.7463   0.0725036   0.368062  10.8025 	Dead: 0
9.85735   0.0275532   0.139873  9.56562 	Dead: 0
9.14666   0.032591    0.165447  8.91096 	Dead: 0
8.44451   0.0335779   0.170457  8.07391 	Dead: 0
7.83877   0.0461113   0.234082  7.33092 	Dead: 0
7.38808   0.0666477   0.338335  6.96951 	Dead: 0
7.00763   0.0449653   0.228265  6.71438 	Dead: 0
6.73318   0.0617901   0.313675  6.3891  	Dead: 0
6.42623   0.0694409   0.352514  6.04281 	Dead: 0
6.04581   0.0613881   0.311635  5.68865 	Dead: 0
5.78284   0.0543185   0.275746  5.49706 	Dead: 0
5.6469    0.0752997   0.382256  5.17638 	Dead: 0
5.44494   0.0756231   0.383898  4.96197 	Dead: 0
5.2941    0.0797807   0.405004  4.8869  	Dead: 0
5.08338   0.0851229   0.432123  4.75047 	Dead: 0
5.08648   0.0989241   0.502185  4.52282 	Dead: 0
4.94612   0.097944    0.49721   4.52282 	Dead: 0
4.88216   0.105031    0.533185  4.43486 	Dead: 0
4.91816   0.125065    0.634888  4.43486 	Dead: 0
4.90325   0.119429    0.606277  4.38445 	Dead: 0
4.76183   0.101037    0.512912  4.25085 	Dead: 0
4.74719   0.111112    0.564056  4.25085 	Dead: 0
4.69937   0.10672     0.541763  4.23979 	Dead: 0
4.60679   0.090011    0.456938  4.23542 	Dead: 0
4.62732   0.109019    0.553429  4.21601 	Dead: 0
4.60707   0.115065    0.584122  3.99991 	Dead: 0
4.46142   0.117389    0.595922  3.91418 	Dead: 0
4.20075   0.104695    0.531478  3.7214  	Dead: 0
4.27138   0.173963    0.883118  3.61585 	Dead: 0
4.03768   0.14614     0.741874  3.47461 	Dead: 0
3.98066   0.148286    0.752767  3.36932 	Dead: 0
3.96178   0.169524    0.860585  3.36932 	Dead: 0
4.02857   0.176546    0.89623   3.34162 	Dead: 0
4.05028   0.183394    0.930992  3.34162 	Dead: 0
3.82792   0.121796    0.618295  3.34162 	Dead: 0
4.05407   0.192139    0.97539   3.33429 	Dead: 0
3.8277    0.142685    0.724337  3.33429 	Dead: 0
3.71213   0.106394    0.540103  3.33429 	Dead: 0
3.86932   0.157708    0.8006    3.29965 	Dead: 0
3.87856   0.148456    0.753633  3.23365 	Dead: 0
3.94847   0.178323    0.90525   3.23365 	Dead: 0
3.90307   0.157625    0.80018   3.23365 	Dead: 0
3.81477   0.141179    0.716691  3.23365 	Dead: 0
3.92092   0.171707    0.871665  3.23365 	Dead: 0
3.79721   0.157153    0.797784  3.23365 	Dead: 0
3.91186   0.184619    0.937212  3.23365 	Dead: 0
3.80164   0.157683    0.800472  3.23365 	Dead: 0
3.78263   0.149334    0.758091  3.23365 	Dead: 0
3.93911   0.188345    0.956125  3.23365 	Dead: 0
3.65067   0.133002    0.675182  3.13249 	Dead: 0
3.62385   0.140242    0.711933  3.13249 	Dead: 0
3.79147   0.188704    0.957951  3.13249 	Dead: 0
3.78088   0.158988    0.807099  3.13249 	Dead: 0
3.58648   0.147112    0.746811  3.10464 	Dead: 0
3.62313   0.134732    0.683962  3.09314 	Dead: 0
3.48804   0.116236    0.59007   3.09314 	Dead: 0
3.5485    0.135359    0.687143  3.07982 	Dead: 0
3.61707   0.159396    0.809169  3.06712 	Dead: 0
3.56952   0.144841    0.735279  3.01414 	Dead: 0
3.86582   0.228059    1.15773   2.98054 	Dead: 0
3.69076   0.20863     1.0591    2.98054 	Dead: 0
3.77459   0.212526    1.07888   2.98054 	Dead: 0
3.56873   0.170796    0.867039  2.9718  	Dead: 0
3.57506   0.181845    0.92313   2.9718  	Dead: 0
3.62743   0.203041    1.03073   2.96624 	Dead: 0
3.51923   0.153241    0.777924  2.96624 	Dead: 0
3.63425   0.201391    1.02235   2.93205 	Dead: 0
3.58766   0.172165    0.873992  2.93205 	Dead: 0
3.58939   0.200512    1.01789   2.93205 	Dead: 0
3.65688   0.211339    1.07286   2.93205 	Dead: 0
3.52815   0.161389    0.819288  2.93205 	Dead: 0
3.69935   0.214584    1.08933   2.93205 	Dead: 0
3.47173   0.148926    0.756019  2.93205 	Dead: 0
3.56841   0.180562    0.916615  2.93205 	Dead: 0
3.57698   0.193022    0.979871  2.93205 	Dead: 0
3.6718    0.202536    1.02817   2.93205 	Dead: 0
3.43644   0.160463    0.814584  2.93205 	Dead: 0
3.53225   0.183684    0.932465  2.92009 	Dead: 0
3.54404   0.169968    0.862839  2.85883 	Dead: 0
3.54415   0.191406    0.971665  2.85006 	Dead: 0
3.43032   0.146113    0.74174   2.85006 	Dead: 0
3.50708   0.18966     0.962804  2.85006 	Dead: 0
3.51902   0.19209     0.975139  2.85006 	Dead: 0
3.72434   0.226551    1.15008   2.85006 	Dead: 0
3.61481   0.191788    0.973606  2.85006 	Dead: 0
3.51148   0.19867     1.00854   2.85006 	Dead: 0
3.50312   0.197025    1.00019   2.85006 	Dead: 0
3.6431    0.225983    1.1472    2.85006 	Dead: 0
3.47191   0.165864    0.842002  2.85006 	Dead: 0
3.53219   0.199263    1.01155   2.85006 	Dead: 0
3.55895   0.196711    0.998596  2.85006 	Dead: 0
3.65279   0.223342    1.13379   2.85006 	Dead: 0
3.40889   0.148611    0.754417  2.85006 	Dead: 0
3.50327   0.18218     0.924829  2.85006 	Dead: 0
3.6018    0.211345    1.07288   2.85006 	Dead: 0
3.49506   0.188087    0.954818  2.85006 	Dead: 0
3.47384   0.160158    0.813039  2.85006 	Dead: 0
3.49829   0.175288    0.889841  2.85006 	Dead: 0
3.55714   0.190617    0.967661  2.85006 	Dead: 0
3.61873   0.225873    1.14664   2.85006 	Dead: 0
3.47019   0.185188    0.940099  2.85006 	Dead: 0
