11.1127   0.0781514   0.396733  10.021  	Dead: 0
9.56807   0.045576    0.231365  9.01332 	Dead: 0
9.30674   0.0518525   0.263227  8.90872 	Dead: 0
9.29614   0.0619232   0.314351  8.84153 	Dead: 0
9.14389   0.0566477   0.28757   8.52594 	Dead: 0
9.03653   0.0626185   0.317881  8.41955 	Dead: 0
9.03798   0.0793137   0.402634  8.41955 	Dead: 0
8.98659   0.0723414   0.367239  8.41955 	Dead: 0
8.89236   0.0696489   0.35357   8.41955 	Dead: 0
8.88649   0.0713366   0.362138  8.34226 	Dead: 0
8.92393   0.083066    0.421682  8.34226 	Dead: 0
8.85826   0.0764019   0.387852  8.24598 	Dead: 0
8.81161   0.0857109   0.435108  8.02502 	Dead: 0
8.71303   0.0816653   0.414571  8.02502 	Dead: 0
8.63758   0.0824329   0.418468  7.78611 	Dead: 0
8.60926   0.0952253   0.483408  7.78611 	Dead: 0
8.58233   0.094237    0.478391  7.78611 	Dead: 0
8.49679   0.088351    0.448511  7.78611 	Dead: 0
8.46513   0.0944562   0.479504  7.78611 	Dead: 0
8.45492   0.0933206   0.473739  7.78611 	Dead: 0
8.48191   0.109181    0.554255  7.78611 	Dead: 0
8.42699   0.0956405   0.485516  7.78611 	Dead: 0
8.40807   0.0981596   0.498304  7.78611 	Dead: 0
8.41066   0.107404    0.545234  7.69068 	Dead: 0
8.38436   0.0995552   0.505389  7.55642 	Dead: 0
8.34768   0.0968483   0.491647  7.55642 	Dead: 0
8.32861   0.100233    0.508828  7.55642 	Dead: 0
8.38552   0.0978426   0.496694  7.55642 	Dead: 0
8.42815   0.11019     0.559374  7.55642 	Dead: 0
8.33579   0.100003    0.50766   7.55642 	Dead: 0
8.4076    0.105787    0.537023  7.55642 	Dead: 0
8.38375   0.0987793   0.50145   7.55642 	Dead: 0
8.35226   0.110699    0.56196   7.53782 	Dead: 0
8.34517   0.105266    0.534377  7.53782 	Dead: 0
8.41074   0.10719     0.544148  7.53782 	Dead: 0
8.40143   0.108266    0.549607  7.53782 	Dead: 0
8.3567    0.106925    0.542802  7.53782 	Dead: 0
8.35074   0.1076      0.546229  7.53782 	Dead: 0
8.36007   0.116232    0.590046  7.53782 	Dead: 0
8.35771   0.107943    0.547969  7.53782 	Dead: 0
8.26647   0.104986    0.532958  7.53782 	Dead: 0
8.19761   0.111785    0.56747   7.51997 	Dead: 0
8.09498   0.0933919   0.474101  7.4691  	Dead: 0
8.14958   0.11034     0.560137  7.4691  	Dead: 0
8.11979   0.102515    0.520416  7.4691  	Dead: 0
8.06409   0.103185    0.523813  7.35937 	Dead: 0
8.10599   0.111331    0.565167  7.35937 	Dead: 0
8.1884    0.119714    0.607725  7.26525 	Dead: 0
8.05937   0.114962    0.583602  7.26525 	Dead: 0
8.01547   0.0986344   0.500714  7.26525 	Dead: 0
7.96114   0.0974172   0.494535  7.26525 	Dead: 0
7.93995   0.0999115   0.507197  7.26525 	Dead: 0
7.92276   0.0979572   0.497277  7.26525 	Dead: 0
7.92981   0.104851    0.532271  7.26525 	Dead: 0
7.98478   0.114349    0.580488  7.26525 	Dead: 0
7.85452   0.105795    0.537067  7.13146 	Dead: 0
7.76692   0.110181    0.559328  6.94523 	Dead: 0
7.81183   0.12391     0.629024  6.94523 	Dead: 0
7.68297   0.106744    0.541884  6.94523 	Dead: 0
7.70731   0.117055    0.594226  6.94523 	Dead: 0
7.69458   0.109909    0.557951  6.94523 	Dead: 0
7.72396   0.121876    0.618699  6.94523 	Dead: 0
7.66793   0.111757    0.56733   6.94523 	Dead: 0
7.65456   0.106382    0.540043  6.94523 	Dead: 0
7.74912   0.118735    0.602756  6.94523 	Dead: 0
7.66639   0.11807     0.59938   6.91525 	Dead: 0
7.7175    0.117056    0.594231  6.91525 	Dead: 0
7.76216   0.121272    0.615634  6.91525 	Dead: 0
7.64077   0.106279    0.539521  6.9038  	Dead: 0
7.65276   0.100101    0.508158  6.9038  	Dead: 0
7.59826   0.103694    0.526399  6.9038  	Dead: 0
7.63754   0.110887    0.562912  6.9038  	Dead: 0
7.67751   0.127702    0.648274  6.9038  	Dead: 0
7.68296   0.125189    0.635518  6.9038  	Dead: 0
7.72035   0.129002    0.654874  6.9038  	Dead: 0
7.60494   0.11513     0.584455  6.9038  	Dead: 0
7.61215   0.112492    0.571062  6.9038  	Dead: 0
7.50961   0.107936    0.547935  6.9038  	Dead: 0
7.45128   0.101048    0.512966  6.81247 	Dead: 0
7.49579   0.117586    0.596922  6.79862 	Dead: 0
7.51457   0.120303    0.610715  6.79862 	Dead: 0
7.33899   0.106505    0.540669  6.78702 	Dead: 0
7.34354   0.0993524   0.504359  6.76587 	Dead: 0
7.32025   0.106347    0.539869  6.76587 	Dead: 0
7.36627   0.115918    0.588455  6.75333 	Dead: 0
7.39217   0.125778    0.638507  6.75333 	Dead: 0
7.41293   0.12594     0.639329  6.71293 	Dead: 0
7.32705   0.113438    0.575864  6.71293 	Dead: 0
7.26133   0.102982    0.522784  6.65936 	Dead: 0
7.28543   0.10345     0.525158  6.65936 	Dead: 0
7.33406   0.123264    0.625745  6.65936 	Dead: 0
7.42772   0.135504    0.687884  6.65936 	Dead: 0
7.28596   0.112506    0.571135  6.65936 	Dead: 0
7.2872    0.116687    0.592355  6.65936 	Dead: 0
7.33694   0.120671    0.612584  6.65936 	Dead: 0
7.32893   0.117044    0.59417   6.65936 	Dead: 0
7.36366   0.118071    0.599384  6.65936 	Dead: 0
7.39717   0.120635    0.612398  6.65936 	Dead: 0
7.33427   0.115547    0.586572  6.65936 	Dead: 0
7.29376   0.117445    0.596207  6.65936 	Dead: 0
7.38294   0.133531    0.677867  6.65936 	Dead: 0
