5.87081   0.0735859   0.373556  4.86963 	Dead: 0
5.0791    0.055218    0.280312  4.60999 	Dead: 0
4.99585   0.0566934   0.287802  4.52971 	Dead: 0
4.93881   0.0575524   0.292163  4.40988 	Dead: 0
4.91198   0.0693508   0.352057  4.36139 	Dead: 0
4.83277   0.0608129   0.308714  4.36139 	Dead: 0
4.82183   0.0674471   0.342393  4.31751 	Dead: 0
4.84383   0.0677053   0.343704  4.31751 	Dead: 0
4.7831    0.0685715   0.348101  4.10288 	Dead: 0
4.74205   0.0685529   0.348007  4.09526 	Dead: 0
4.76647   0.0736843   0.374056  4.09526 	Dead: 0
4.74562   0.0704041   0.357404  4.09526 	Dead: 0
4.68285   0.0711516   0.361199  4.09316 	Dead: 0
4.65199   0.0627748   0.318674  4.09316 	Dead: 0
4.67134   0.0730609   0.370891  4.09316 	Dead: 0
4.6741    0.0712056   0.361473  4.09316 	Dead: 0
4.63058   0.0658199   0.334132  3.99157 	Dead: 0
4.60036   0.06448     0.32733   3.99157 	Dead: 0
4.66443   0.0801876   0.407069  3.99157 	Dead: 0
4.63519   0.0713822   0.362369  3.99157 	Dead: 0
4.61866   0.0756168   0.383866  3.99157 	Dead: 0
4.59216   0.0681661   0.346043  3.97505 	Dead: 0
4.60572   0.0710232   0.360547  3.97505 	Dead: 0
4.58135   0.0716869   0.363916  3.97505 	Dead: 0
4.59723   0.0674816   0.342568  3.97505 	Dead: 0
4.62271   0.0720515   0.365767  3.97505 	Dead: 0
4.54671   0.0628043   0.318824  3.97505 	Dead: 0
4.61297   0.0727676   0.369402  3.97505 	Dead: 0
4.64392   0.0728103   0.369619  3.97505 	Dead: 0
4.62179   0.068211    0.346271  3.97505 	Dead: 0
4.59586   0.0698305   0.354492  3.97505 	Dead: 0
4.61638   0.0744218   0.3778    3.97505 	Dead: 0
4.59269   0.0688396   0.349462  3.97505 	Dead: 0
4.62232   0.0719335   0.365168  3.97505 	Dead: 0
4.59085   0.0687746   0.349132  3.97505 	Dead: 0
4.61336   0.0653478   0.331736  3.97505 	Dead: 0
4.58118   0.0626665   0.318125  3.97505 	Dead: 0
4.5754    0.0644803   0.327332  3.97505 	Dead: 0
4.59442   0.0701161   0.355942  3.97505 	Dead: 0
4.59166   0.0744919   0.378156  3.97505 	Dead: 0
4.66401   0.0784336   0.398166  3.97505 	Dead: 0
4.55454   0.0654278   0.332142  3.97505 	Dead: 0
4.6009    0.0713625   0.362269  3.97505 	Dead: 0
4.5707    0.0653414   0.331704  3.97505 	Dead: 0
4.58985   0.0714438   0.362682  3.97505 	Dead: 0
4.58262   0.0748344   0.379894  3.97505 	Dead: 0
4.55311   0.0665097   0.337635  3.97505 	Dead: 0
4.55044   0.0657628   0.333843  3.97505 	Dead: 0
4.54716   0.0713201   0.362054  3.97505 	Dead: 0
4.54381   0.0675824   0.34308   3.97505 	Dead: 0
4.55924   0.0666819   0.338508  3.97505 	Dead: 0
4.58027   0.0694452   0.352536  3.97505 	Dead: 0
4.56845   0.0710828   0.360849  3.97505 	Dead: 0
4.54307   0.0682923   0.346683  3.97505 	Dead: 0
4.54622   0.0692827   0.351711  3.97505 	Dead: 0
4.56643   0.0735762   0.373507  3.97505 	Dead: 0
4.53524   0.0688315   0.349421  3.97505 	Dead: 0
4.56887   0.0696902   0.35378   3.97505 	Dead: 0
4.51866   0.0659683   0.334886  3.96914 	Dead: 0
4.54723   0.0701721   0.356226  3.96914 	Dead: 0
4.52599   0.0667856   0.339035  3.96914 	Dead: 0
4.53407   0.0701344   0.356035  3.96914 	Dead: 0
4.52495   0.070985    0.360353  3.96914 	Dead: 0
4.52283   0.0654289   0.332147  3.96914 	Dead: 0
4.53331   0.0678146   0.344258  3.96914 	Dead: 0
4.51492   0.0632328   0.320999  3.96914 	Dead: 0
4.54332   0.0709472   0.360161  3.95672 	Dead: 0
4.5058    0.0651167   0.330563  3.95672 	Dead: 0
4.54967   0.0695582   0.35311   3.81217 	Dead: 0
4.48218   0.0597881   0.303512  3.81217 	Dead: 0
4.51555   0.0718568   0.364779  3.81217 	Dead: 0
4.52202   0.0657072   0.33356   3.81217 	Dead: 0
4.51767   0.0677332   0.343845  3.81217 	Dead: 0
4.54271   0.068193    0.346179  3.81217 	Dead: 0
4.53703   0.0765827   0.388769  3.81217 	Dead: 0
4.53403   0.0666972   0.338586  3.81217 	Dead: 0
4.47375   0.0626337   0.317958  3.81217 	Dead: 0
4.49176   0.0673559   0.34193   3.81217 	Dead: 0
4.5166    0.0696764   0.35371   3.81217 	Dead: 0
4.51904   0.0719047   0.365022  3.81217 	Dead: 0
4.56743   0.0688424   0.349476  3.81217 	Dead: 0
4.51445   0.0713078   0.361991  3.81217 	Dead: 0
4.51774   0.0735796   0.373524  3.81217 	Dead: 0
4.51113   0.0701427   0.356077  3.81217 	Dead: 0
4.49858   0.0746051   0.37873   3.81217 	Dead: 0
4.51617   0.0745637   0.37852   3.81217 	Dead: 0
4.51197   0.0699946   0.355325  3.81217 	Dead: 0
4.53566   0.0765283   0.388493  3.81217 	Dead: 0
4.48519   0.0654212   0.332109  3.81217 	Dead: 0
4.4559    0.0662151   0.336139  3.81217 	Dead: 0
4.49032   0.0684935   0.347705  3.81217 	Dead: 0
4.47219   0.0689524   0.350035  3.81217 	Dead: 0
4.48948   0.0682642   0.346541  3.81217 	Dead: 0
4.52107   0.0792032   0.402072  3.81217 	Dead: 0
4.4927    0.068688    0.348692  3.81217 	Dead: 0
4.47476   0.0650771   0.330361  3.81217 	Dead: 0
4.5431    0.0760293   0.38596   3.81217 	Dead: 0
4.50289   0.0685976   0.348233  3.81217 	Dead: 0
4.48886   0.0731873   0.371533  3.81217 	Dead: 0
4.46464   0.0664335   0.337247  3.81217 	Dead: 0
4.5323    0.0848586   0.430782  3.81217 	Dead: 0
