5.8176    0.0676833   0.343592  5.04434 	Dead: 0
5.01101   0.0590962   0.3       4.46727 	Dead: 0
4.98119   0.0657153   0.333602  4.42397 	Dead: 0
4.91688   0.0640037   0.324912  4.33285 	Dead: 0
4.87151   0.0602333   0.305772  4.08436 	Dead: 0
4.88885   0.0663139   0.33664   4.08436 	Dead: 0
4.88894   0.0755398   0.383475  4.08436 	Dead: 0
4.86875   0.0754197   0.382865  4.08436 	Dead: 0
4.85408   0.0672655   0.341471  4.08436 	Dead: 0
4.88523   0.0713041   0.361973  4.08436 	Dead: 0
4.85748   0.0730465   0.370818  4.08436 	Dead: 0
4.84856   0.0758375   0.384987  4.08436 	Dead: 0
4.8646    0.0781763   0.396859  4.08436 	Dead: 0
4.80545   0.0672349   0.341316  4.08436 	Dead: 0
4.82817   0.0657776   0.333918  4.08436 	Dead: 0
4.85226   0.0705295   0.358041  4.08436 	Dead: 0
4.80955   0.0740126   0.375722  4.08436 	Dead: 0
4.77785   0.0685344   0.347913  4.08436 	Dead: 0
4.82027   0.0781705   0.39683   4.08436 	Dead: 0
4.83594   0.0757254   0.384418  4.08436 	Dead: 0
4.78867   0.0681173   0.345795  4.08436 	Dead: 0
4.80823   0.0681537   0.34598   4.08436 	Dead: 0
4.7826    0.0610557   0.309947  4.08436 	Dead: 0
4.82184   0.0739395   0.375351  4.08436 	Dead: 0
4.82051   0.0761147   0.386394  4.08436 	Dead: 0
4.80666   0.071319    0.362048  4.08436 	Dead: 0
4.80026   0.0726087   0.368596  4.08436 	Dead: 0
4.79181   0.0707494   0.359157  4.08436 	Dead: 0
4.82768   0.0756248   0.383907  4.08436 	Dead: 0
4.80714   0.0709146   0.359995  4.08436 	Dead: 0
4.78911   0.0709041   0.359942  4.08436 	Dead: 0
4.82586   0.0748975   0.380215  4.08436 	Dead: 0
4.77056   0.0725247   0.368169  4.08436 	Dead: 0
4.77547   0.0789796   0.400937  4.08436 	Dead: 0
4.76919   0.0733914   0.372569  4.08436 	Dead: 0
4.75948   0.0717747   0.364362  4.08436 	Dead: 0
4.782     0.0811792   0.412103  4.08436 	Dead: 0
4.79895   0.072459    0.367835  4.08436 	Dead: 0
4.77297   0.0717525   0.364249  4.08436 	Dead: 0
4.80059   0.067927    0.344829  4.08436 	Dead: 0
4.78471   0.0697542   0.354105  4.08436 	Dead: 0
4.77156   0.0686583   0.348541  4.08436 	Dead: 0
4.78037   0.0726765   0.36894   4.08436 	Dead: 0
4.76894   0.0746367   0.378891  4.08436 	Dead: 0
4.77833   0.0756481   0.384025  4.08436 	Dead: 0
4.80352   0.0797762   0.404981  4.08436 	Dead: 0
4.75683   0.0675871   0.343104  4.08436 	Dead: 0
4.77797   0.0768608   0.390181  4.08436 	Dead: 0
4.77162   0.0742512   0.376934  4.08436 	Dead: 0
4.79619   0.0744079   0.377729  4.08436 	Dead: 0
4.82311   0.0853084   0.433065  4.08436 	Dead: 0
4.80419   0.0772414   0.392113  4.08436 	Dead: 0
4.7678    0.0711707   0.361296  4.08436 	Dead: 0
4.78603   0.0730543   0.370858  4.08436 	Dead: 0
4.77981   0.0740411   0.375867  4.08436 	Dead: 0
4.76282   0.0692916   0.351756  4.08436 	Dead: 0
4.81729   0.0779229   0.395573  4.08436 	Dead: 0
4.76984   0.0716992   0.363979  4.08436 	Dead: 0
4.77196   0.0737806   0.374545  4.08436 	Dead: 0
4.78248   0.0822268   0.417422  4.08436 	Dead: 0
4.7394    0.0713173   0.36204   4.08436 	Dead: 0
4.79313   0.0817469   0.414985  4.08436 	Dead: 0
4.76212   0.0756912   0.384244  4.08436 	Dead: 0
4.77791   0.0733989   0.372607  4.08436 	Dead: 0
4.75843   0.0744765   0.378078  4.08436 	Dead: 0
4.78971   0.0742212   0.376782  4.08436 	Dead: 0
4.7697    0.0744608   0.377998  4.08436 	Dead: 0
4.77135   0.0727118   0.369119  4.08436 	Dead: 0
4.7818    0.0776835   0.394357  4.08436 	Dead: 0
4.77556   0.0777103   0.394494  4.08436 	Dead: 0
4.82701   0.0794591   0.403372  4.08436 	Dead: 0
4.72381   0.0718934   0.364965  4.08436 	Dead: 0
4.74099   0.0748735   0.380093  4.08436 	Dead: 0
4.72975   0.0688347   0.349437  4.08436 	Dead: 0
4.79125   0.0767421   0.389579  4.08436 	Dead: 0
4.7463    0.0727878   0.369505  4.08436 	Dead: 0
4.77484   0.0725543   0.368319  4.08436 	Dead: 0
4.7842    0.0810643   0.41152   4.08436 	Dead: 0
4.74537   0.0724982   0.368035  4.08436 	Dead: 0
4.78004   0.0748917   0.380185  4.08436 	Dead: 0
4.79001   0.0799847   0.406039  4.08436 	Dead: 0
4.73471   0.0719121   0.365059  4.08436 	Dead: 0
4.7488    0.0788606   0.400333  4.08436 	Dead: 0
4.79145   0.0792573   0.402347  4.08436 	Dead: 0
4.77006   0.0736049   0.373653  4.08436 	Dead: 0
4.80312   0.0812554   0.41249   4.08436 	Dead: 0
4.76213   0.0769252   0.390508  4.08436 	Dead: 0
4.72763   0.0743721   0.377548  4.08436 	Dead: 0
4.77388   0.0745702   0.378553  4.08436 	Dead: 0
4.75093   0.0737463   0.374371  4.08436 	Dead: 0
4.74512   0.0715408   0.363175  4.08436 	Dead: 0
4.74249   0.0698713   0.3547    4.08436 	Dead: 0
4.79807   0.0753184   0.382351  4.08436 	Dead: 0
4.7625    0.078832    0.400188  4.08436 	Dead: 0
4.74501   0.068992    0.350236  4.08436 	Dead: 0
4.72318   0.0672137   0.341208  4.08436 	Dead: 0
4.7662    0.06981     0.354388  4.08436 	Dead: 0
4.73307   0.0671903   0.341089  4.08436 	Dead: 0
4.73566   0.0765131   0.388416  4.08436 	Dead: 0
4.7592    0.0752067   0.381784  4.08436 	Dead: 0
4.7185    0.0723139   0.367099  4.08436 	Dead: 0
