4.97686   0.0679866   0.345132  4.32619 	Dead: 0
4.48891   0.0380233   0.193024  4.10058 	Dead: 0
4.40505   0.0374176   0.189949  4.10058 	Dead: 0
4.35852   0.039057    0.198271  4.05805 	Dead: 0
4.33186   0.0370918   0.188295  4.00026 	Dead: 0
4.30007   0.0395586   0.200818  3.88947 	Dead: 0
4.2641    0.0371134   0.188405  3.88947 	Dead: 0
4.24489   0.0349832   0.177591  3.88947 	Dead: 0
4.20926   0.0341695   0.17346   3.88947 	Dead: 0
4.22427   0.0368262   0.186947  3.88947 	Dead: 0
4.20986   0.0376403   0.191079  3.88947 	Dead: 0
4.19644   0.0373789   0.189753  3.87291 	Dead: 0
4.17214   0.0356802   0.181129  3.87291 	Dead: 0
4.19744   0.0380962   0.193394  3.87291 	Dead: 0
4.20647   0.0400726   0.203427  3.87291 	Dead: 0
4.16444   0.0358709   0.182098  3.87291 	Dead: 0
4.1872    0.0417713   0.21205   3.85637 	Dead: 0
4.20349   0.0451965   0.229438  3.85637 	Dead: 0
4.19426   0.0404635   0.205412  3.85637 	Dead: 0
4.18195   0.0389605   0.197782  3.85637 	Dead: 0
4.20867   0.0431374   0.218986  3.85637 	Dead: 0
4.19184   0.0427156   0.216844  3.84822 	Dead: 0
4.1958    0.0421425   0.213935  3.84822 	Dead: 0
4.21325   0.0442495   0.224631  3.84822 	Dead: 0
4.18541   0.0382562   0.194206  3.84822 	Dead: 0
4.20555   0.0400474   0.2033    3.84822 	Dead: 0
4.1934    0.0428171   0.21736   3.84822 	Dead: 0
4.19081   0.0413782   0.210055  3.84822 	Dead: 0
4.18485   0.0423157   0.214814  3.77213 	Dead: 0
4.2029    0.043814    0.222421  3.77213 	Dead: 0
4.18946   0.0427938   0.217241  3.77213 	Dead: 0
4.17989   0.0415478   0.210916  3.77213 	Dead: 0
4.17508   0.0392205   0.199101  3.77213 	Dead: 0
4.17797   0.0432577   0.219596  3.77213 	Dead: 0
4.17575   0.0406034   0.206122  3.77213 	Dead: 0
4.18387   0.0436364   0.221519  3.77213 	Dead: 0
4.18054   0.0419809   0.213115  3.77213 	Dead: 0
4.17828   0.041949    0.212953  3.77213 	Dead: 0
4.17687   0.0438397   0.222551  3.77213 	Dead: 0
4.17894   0.0417441   0.211912  3.77213 	Dead: 0
4.17628   0.0393217   0.199615  3.77213 	Dead: 0
4.18889   0.0418988   0.212698  3.77213 	Dead: 0
4.19998   0.0429016   0.217788  3.77213 	Dead: 0
4.19813   0.0488935   0.248206  3.77213 	Dead: 0
4.17773   0.0423778   0.21513   3.77213 	Dead: 0
4.1632    0.0390845   0.198411  3.77213 	Dead: 0
4.14301   0.0368424   0.187029  3.77213 	Dead: 0
4.15567   0.0384054   0.194964  3.77213 	Dead: 0
4.15873   0.042283    0.214648  3.77213 	Dead: 0
4.15925   0.0392991   0.1995    3.77213 	Dead: 0
4.16144   0.0403961   0.205069  3.77213 	Dead: 0
4.16779   0.0431182   0.218888  3.77213 	Dead: 0
4.15989   0.0430912   0.218751  3.77213 	Dead: 0
4.15358   0.0419952   0.213187  3.77213 	Dead: 0
4.15977   0.0430297   0.218439  3.77213 	Dead: 0
4.15577   0.0428608   0.217581  3.77213 	Dead: 0
4.15824   0.0465818   0.236471  3.77213 	Dead: 0
4.13506   0.0380793   0.193308  3.77213 	Dead: 0
4.16634   0.0484662   0.246037  3.77213 	Dead: 0
4.16708   0.0435445   0.221052  3.77213 	Dead: 0
4.16205   0.0441795   0.224276  3.77213 	Dead: 0
4.15023   0.0435148   0.220901  3.77213 	Dead: 0
4.13944   0.0431106   0.21885   3.77213 	Dead: 0
4.15538   0.0438529   0.222618  3.77213 	Dead: 0
4.15904   0.0440092   0.223411  3.77213 	Dead: 0
4.16606   0.0454645   0.230799  3.77213 	Dead: 0
4.16007   0.0436522   0.221599  3.77213 	Dead: 0
4.16886   0.0428611   0.217583  3.77213 	Dead: 0
4.15094   0.0405945   0.206076  3.77213 	Dead: 0
4.16695   0.0432782   0.2197    3.77213 	Dead: 0
4.14386   0.0376366   0.191061  3.77213 	Dead: 0
4.15498   0.041164    0.208968  3.77213 	Dead: 0
4.1293    0.0397205   0.20164   3.77213 	Dead: 0
4.14475   0.0402515   0.204335  3.77213 	Dead: 0
4.13212   0.0405525   0.205864  3.77213 	Dead: 0
4.13135   0.0387002   0.19646   3.77213 	Dead: 0
4.14993   0.0416295   0.211331  3.77213 	Dead: 0
4.1119    0.036683    0.18622   3.77213 	Dead: 0
4.12231   0.0405169   0.205683  3.77213 	Dead: 0
4.11289   0.0368998   0.187321  3.77213 	Dead: 0
4.11181   0.0382756   0.194305  3.77213 	Dead: 0
4.1212    0.0411577   0.208936  3.77213 	Dead: 0
4.12978   0.0449916   0.228398  3.77213 	Dead: 0
4.13538   0.0431169   0.218882  3.77213 	Dead: 0
4.12641   0.0374651   0.19019   3.77213 	Dead: 0
4.12583   0.0398117   0.202103  3.77213 	Dead: 0
4.11722   0.0366899   0.186255  3.77213 	Dead: 0
4.11661   0.0423964   0.215224  3.77213 	Dead: 0
4.11814   0.0409121   0.207689  3.77213 	Dead: 0
4.12802   0.0415063   0.210705  3.77213 	Dead: 0
4.13451   0.0408468   0.207357  3.77213 	Dead: 0
4.11492   0.0411934   0.209117  3.77213 	Dead: 0
4.11757   0.0419772   0.213096  3.77213 	Dead: 0
4.10262   0.0420861   0.213649  3.77213 	Dead: 0
4.09305   0.0400941   0.203536  3.75334 	Dead: 0
4.1239    0.0492814   0.250175  3.75334 	Dead: 0
4.11211   0.0426387   0.216454  3.75334 	Dead: 0
4.11286   0.0425999   0.216257  3.75334 	Dead: 0
4.11249   0.0424435   0.215463  3.75334 	Dead: 0
4.10838   0.0416958   0.211668  3.75334 	Dead: 0
4.1029    0.0400182   0.203151  3.75334 	Dead: 0
