6.98989   0.133378    0.677091  5.66986 	Dead: 0
4.3567    0.0492548   0.25004   3.58436 	Dead: 0
4.08524   0.0498648   0.253137  3.57177 	Dead: 0
4.01378   0.0494571   0.251067  3.57177 	Dead: 0
3.97827   0.0547448   0.27791   3.53561 	Dead: 0
3.96848   0.0565836   0.287245  3.51107 	Dead: 0
3.91197   0.056639    0.287526  3.45386 	Dead: 0
3.91669   0.0618739   0.314101  3.40689 	Dead: 0
3.85993   0.0493477   0.250512  3.40689 	Dead: 0
3.90179   0.0619622   0.314549  3.40689 	Dead: 0
3.83901   0.0533962   0.271064  3.40689 	Dead: 0
3.79923   0.0610586   0.309962  3.38153 	Dead: 0
3.84448   0.0580406   0.294641  3.38153 	Dead: 0
3.83371   0.0623821   0.316681  3.27486 	Dead: 0
3.796     0.0552784   0.280619  3.27486 	Dead: 0
3.77265   0.0584324   0.29663   3.27486 	Dead: 0
3.74516   0.0545624   0.276984  3.24119 	Dead: 0
3.74584   0.0572141   0.290445  3.24119 	Dead: 0
3.7553    0.058623    0.297598  3.24119 	Dead: 0
3.76217   0.0619838   0.314659  3.24119 	Dead: 0
3.7326    0.0576007   0.292408  3.24119 	Dead: 0
3.75615   0.0605243   0.307249  3.24119 	Dead: 0
3.70984   0.0549595   0.279     3.24119 	Dead: 0
3.70506   0.0570992   0.289862  3.24119 	Dead: 0
3.65769   0.0492837   0.250187  3.24119 	Dead: 0
3.67867   0.0586655   0.297814  3.19914 	Dead: 0
3.66833   0.0609887   0.309607  3.19914 	Dead: 0
3.65593   0.051616    0.262027  3.19914 	Dead: 0
3.68824   0.0627079   0.318335  3.19914 	Dead: 0
3.67266   0.0594409   0.30175   3.19914 	Dead: 0
3.64155   0.0627264   0.318428  3.19914 	Dead: 0
3.67332   0.061655    0.312989  3.19914 	Dead: 0
3.63048   0.0642076   0.325948  3.19914 	Dead: 0
3.59852   0.0563345   0.28598   3.07587 	Dead: 0
3.56925   0.0553661   0.281064  3.07587 	Dead: 0
3.55873   0.0503798   0.255751  3.07587 	Dead: 0
3.50902   0.0538673   0.273456  3.07587 	Dead: 0
3.53212   0.0592762   0.300914  3.07587 	Dead: 0
3.50856   0.0557737   0.283133  3.07587 	Dead: 0
3.52827   0.0583037   0.295977  3.07587 	Dead: 0
3.45801   0.0462121   0.234594  3.07587 	Dead: 0
3.47279   0.0486714   0.247079  3.07587 	Dead: 0
3.4807    0.0553064   0.280761  3.07587 	Dead: 0
3.49478   0.0569846   0.28928   3.07587 	Dead: 0
3.50015   0.0589062   0.299035  3.07587 	Dead: 0
3.46929   0.05565     0.282505  3.07587 	Dead: 0
3.43772   0.0510964   0.259389  3.07587 	Dead: 0
3.50285   0.0587084   0.298031  3.07587 	Dead: 0
3.48326   0.0601885   0.305545  3.07587 	Dead: 0
3.45959   0.0557579   0.283053  3.07587 	Dead: 0
3.49865   0.0667514   0.338861  3.07587 	Dead: 0
3.50477   0.0667616   0.338913  3.05201 	Dead: 0
3.49125   0.0686272   0.348384  3.05201 	Dead: 0
3.47192   0.0535275   0.27173   3.05201 	Dead: 0
3.4651    0.0574539   0.291663  3.05201 	Dead: 0
3.46896   0.0533856   0.27101   3.05201 	Dead: 0
3.47554   0.0640906   0.325354  3.05201 	Dead: 0
3.45992   0.0562261   0.28543   3.05201 	Dead: 0
3.46394   0.0486483   0.246962  3.00144 	Dead: 0
3.46633   0.0544251   0.276287  3.00144 	Dead: 0
3.45168   0.0535826   0.27201   3.00144 	Dead: 0
3.44909   0.0509726   0.258761  3.00144 	Dead: 0
3.49755   0.0587109   0.298044  3.00144 	Dead: 0
3.48403   0.0582432   0.29567   3.00144 	Dead: 0
3.47691   0.0542647   0.275473  3.00144 	Dead: 0
3.47191   0.0688664   0.349598  3.00144 	Dead: 0
3.45872   0.057518    0.291988  3.00144 	Dead: 0
3.46987   0.0582296   0.295601  3.00144 	Dead: 0
3.4726    0.0628742   0.319179  3.00144 	Dead: 0
3.50131   0.0627768   0.318684  3.00144 	Dead: 0
3.45957   0.0553122   0.280791  3.00144 	Dead: 0
3.47105   0.0621464   0.315484  3.00144 	Dead: 0
3.45201   0.0606166   0.307718  3.00144 	Dead: 0
3.45943   0.0557165   0.282843  3.00144 	Dead: 0
3.48813   0.064221    0.326016  3.00144 	Dead: 0
3.49775   0.0693602   0.352105  3.00144 	Dead: 0
3.44133   0.0532957   0.270554  3.00144 	Dead: 0
3.45389   0.0585212   0.297081  3.00144 	Dead: 0
3.47564   0.0637086   0.323414  3.00144 	Dead: 0
3.46836   0.0582696   0.295803  3.00144 	Dead: 0
3.41371   0.0487875   0.247668  3.00144 	Dead: 0
3.42651   0.0483844   0.245622  3.00144 	Dead: 0
3.42925   0.0538012   0.27312   3.00144 	Dead: 0
3.44866   0.0551146   0.279787  3.00144 	Dead: 0
3.45707   0.0589413   0.299214  3.00144 	Dead: 0
3.4485    0.0548881   0.278638  3.00144 	Dead: 0
3.47153   0.0620791   0.315142  3.00144 	Dead: 0
3.4516    0.0613892   0.31164   3.00144 	Dead: 0
3.46426   0.0581446   0.295169  3.00144 	Dead: 0
3.44458   0.0537393   0.272806  3.00144 	Dead: 0
3.47512   0.0592554   0.300808  3.00144 	Dead: 0
3.47052   0.0549472   0.278937  3.00144 	Dead: 0
3.47405   0.0558926   0.283737  3.00144 	Dead: 0
3.43672   0.0593415   0.301245  3.00144 	Dead: 0
3.44733   0.0541076   0.274676  3.00144 	Dead: 0
3.48376   0.0674761   0.34254   2.96332 	Dead: 0
3.4464    0.0561849   0.285221  2.96332 	Dead: 0
3.42595   0.0502505   0.255095  2.96332 	Dead: 0
3.45768   0.0553246   0.280854  2.93547 	Dead: 0
3.47358   0.0669374   0.339805  2.93547 	Dead: 0
3.44544   0.0564863   0.286751  2.93547 	Dead: 0
