7.92058   0.1076      0.546229  6.76652 	Dead: 0
5.70641   0.061634    0.312883  5.09285 	Dead: 0
5.13589   0.0616777   0.313105  4.59384 	Dead: 0
4.7683    0.0564435   0.286533  4.28078 	Dead: 0
4.56238   0.0606365   0.307819  4.12094 	Dead: 0
4.4911    0.0551891   0.280166  4.05308 	Dead: 0
4.58421   0.0738699   0.374998  4.05308 	Dead: 0
4.45543   0.0687052   0.34878   4.04439 	Dead: 0
4.45063   0.0630799   0.320223  4.04439 	Dead: 0
4.41615   0.0663728   0.336939  3.87687 	Dead: 0
4.39525   0.0650014   0.329978  3.86593 	Dead: 0
4.35486   0.0587183   0.298081  3.86593 	Dead: 0
4.33406   0.058232    0.295613  3.86593 	Dead: 0
4.33724   0.0675774   0.343054  3.80554 	Dead: 0
4.28955   0.0619372   0.314422  3.71568 	Dead: 0
4.27229   0.0679051   0.344718  3.71568 	Dead: 0
4.2428    0.0623303   0.316418  3.71568 	Dead: 0
4.29723   0.0647773   0.32884   3.71568 	Dead: 0
4.26638   0.0631921   0.320792  3.71568 	Dead: 0
4.27004   0.0656126   0.33308   3.71568 	Dead: 0
4.2943    0.0668748   0.339488  3.71568 	Dead: 0
4.28804   0.0791708   0.401908  3.71568 	Dead: 0
4.23163   0.0620474   0.314982  3.71568 	Dead: 0
4.25724   0.0661441   0.335778  3.71568 	Dead: 0
4.22062   0.0682973   0.346709  3.71568 	Dead: 0
4.24545   0.073267    0.371937  3.71568 	Dead: 0
4.19413   0.0614518   0.311958  3.71568 	Dead: 0
4.21502   0.0645268   0.327568  3.71568 	Dead: 0
4.13185   0.0553157   0.280808  3.71568 	Dead: 0
4.08027   0.0598592   0.303873  3.57621 	Dead: 0
4.05826   0.0633707   0.321699  3.57621 	Dead: 0
3.9543    0.056993    0.289323  3.56121 	Dead: 0
3.92715   0.0515671   0.261779  3.56121 	Dead: 0
3.91504   0.0618269   0.313862  3.43046 	Dead: 0
3.89974   0.068646    0.348479  3.43046 	Dead: 0
3.91634   0.0584249   0.296592  3.43046 	Dead: 0
3.88701   0.0592093   0.300574  3.43046 	Dead: 0
3.83973   0.0565637   0.287144  3.33026 	Dead: 0
3.85706   0.0591655   0.300352  3.33026 	Dead: 0
3.83973   0.0705394   0.358091  3.33026 	Dead: 0
3.85788   0.0654284   0.332145  3.33026 	Dead: 0
3.87151   0.0631927   0.320796  3.33026 	Dead: 0
3.86363   0.0572349   0.290551  3.33026 	Dead: 0
3.87145   0.0699061   0.354876  3.33026 	Dead: 0
3.85245   0.0608161   0.308731  3.33026 	Dead: 0
3.87575   0.0682218   0.346326  3.33026 	Dead: 0
3.86569   0.0674081   0.342195  3.33026 	Dead: 0
3.83649   0.0598603   0.303879  3.33026 	Dead: 0
3.82869   0.062902    0.31932   3.33026 	Dead: 0
3.85291   0.0654103   0.332053  3.33026 	Dead: 0
3.83843   0.0715575   0.363259  3.33026 	Dead: 0
3.82853   0.0652496   0.331237  3.33026 	Dead: 0
3.83005   0.0607753   0.308524  3.33026 	Dead: 0
3.82642   0.0637816   0.323785  3.33026 	Dead: 0
3.82393   0.0719175   0.365087  3.33026 	Dead: 0
3.80558   0.0590914   0.299976  3.33026 	Dead: 0
3.80836   0.0650368   0.330157  3.33026 	Dead: 0
3.83083   0.0745052   0.378223  3.33026 	Dead: 0
3.81209   0.0640107   0.324948  3.33026 	Dead: 0
3.81133   0.0706754   0.358781  3.33026 	Dead: 0
3.79545   0.0598186   0.303667  3.33026 	Dead: 0
3.81358   0.0728489   0.369815  3.33026 	Dead: 0
3.81915   0.0735416   0.373332  3.33026 	Dead: 0
3.73656   0.0573401   0.291085  3.24486 	Dead: 0
3.81234   0.0702187   0.356463  3.24486 	Dead: 0
3.71698   0.054108    0.274678  3.24486 	Dead: 0
3.71785   0.0608955   0.309134  3.24486 	Dead: 0
3.70307   0.0563433   0.286025  3.24486 	Dead: 0
3.74161   0.064083    0.325315  3.24486 	Dead: 0
3.73452   0.0656862   0.333454  3.24486 	Dead: 0
3.7139    0.0586994   0.297986  3.24486 	Dead: 0
3.74046   0.0665916   0.33805   3.24486 	Dead: 0
3.68509   0.053845    0.273343  3.24486 	Dead: 0
3.69494   0.0637622   0.323687  3.24486 	Dead: 0
3.72639   0.0674218   0.342264  3.24486 	Dead: 0
3.7246    0.0633372   0.321529  3.24486 	Dead: 0
3.70014   0.0648108   0.32901   3.24486 	Dead: 0
3.77395   0.076184    0.386745  3.24486 	Dead: 0
3.72389   0.0662449   0.33629   3.24486 	Dead: 0
3.70071   0.0671278   0.340772  3.2084  	Dead: 0
3.7012    0.0681262   0.34584   3.2084  	Dead: 0
3.67249   0.0596992   0.303061  3.2084  	Dead: 0
3.68855   0.0654802   0.332408  3.2084  	Dead: 0
3.64958   0.0512794   0.260318  3.2084  	Dead: 0
3.68321   0.0624467   0.317008  3.2084  	Dead: 0
3.66916   0.0574813   0.291802  3.20729 	Dead: 0
3.66846   0.0628686   0.31915   3.20729 	Dead: 0
3.65138   0.0629614   0.319622  3.20729 	Dead: 0
3.66033   0.0624337   0.316942  3.20729 	Dead: 0
3.69977   0.0697761   0.354216  3.20729 	Dead: 0
3.64462   0.0584502   0.296721  3.20729 	Dead: 0
3.64311   0.0687318   0.348914  3.20729 	Dead: 0
3.6308    0.0755154   0.383351  3.16777 	Dead: 0
3.60264   0.0613824   0.311606  3.16777 	Dead: 0
3.58116   0.0664171   0.337164  3.16777 	Dead: 0
3.61533   0.0644389   0.327122  3.16777 	Dead: 0
3.61637   0.07256     0.368349  3.16777 	Dead: 0
3.56281   0.0606315   0.307794  3.16777 	Dead: 0
3.61967   0.0730891   0.371034  3.16777 	Dead: 0
3.59686   0.0595016   0.302058  3.16777 	Dead: 0
3.59451   0.0572803   0.290781  3.16777 	Dead: 0
