7.99249   0.103266    0.524224  6.78266 	Dead: 0
5.92186   0.0619869   0.314675  4.91618 	Dead: 0
5.13204   0.054256    0.275429  4.58944 	Dead: 0
4.95395   0.0598204   0.303676  4.4741  	Dead: 0
4.86557   0.0673216   0.341756  4.2189  	Dead: 0
4.6736    0.0567792   0.288238  4.20154 	Dead: 0
4.64126   0.0622448   0.315983  3.87771 	Dead: 0
4.56028   0.0577619   0.293226  3.87771 	Dead: 0
4.57842   0.0660062   0.335078  3.87771 	Dead: 0
4.53156   0.0659277   0.33468   3.87771 	Dead: 0
4.52267   0.0642208   0.326015  3.87771 	Dead: 0
4.51078   0.0627988   0.318796  3.87771 	Dead: 0
4.52162   0.064179    0.325802  3.87771 	Dead: 0
4.53687   0.0628609   0.319111  3.87771 	Dead: 0
4.51981   0.0694884   0.352756  3.87771 	Dead: 0
4.51561   0.0686468   0.348483  3.87771 	Dead: 0
4.50546   0.0658257   0.334162  3.87771 	Dead: 0
4.50957   0.0662742   0.336439  3.87771 	Dead: 0
4.5294    0.0766824   0.389275  3.87771 	Dead: 0
4.49305   0.0703387   0.357072  3.87771 	Dead: 0
4.39553   0.0647074   0.328485  3.87077 	Dead: 0
4.26853   0.055248    0.280465  3.7317  	Dead: 0
4.26606   0.0650191   0.330067  3.7317  	Dead: 0
4.29198   0.0700041   0.355373  3.7317  	Dead: 0
4.26306   0.0653402   0.331697  3.7317  	Dead: 0
4.24608   0.0613209   0.311294  3.7317  	Dead: 0
4.25473   0.0637735   0.323744  3.7317  	Dead: 0
4.2142    0.0576158   0.292485  3.7317  	Dead: 0
4.22191   0.0634204   0.321952  3.7317  	Dead: 0
4.25217   0.0642077   0.325948  3.7317  	Dead: 0
4.19075   0.0620673   0.315083  3.69451 	Dead: 0
4.18418   0.0617984   0.313717  3.69451 	Dead: 0
4.2096    0.0728829   0.369988  3.69451 	Dead: 0
4.23856   0.0739747   0.37553   3.69451 	Dead: 0
4.23952   0.0692798   0.351696  3.69451 	Dead: 0
4.16049   0.0552063   0.280253  3.69451 	Dead: 0
4.15636   0.0541264   0.274771  3.69451 	Dead: 0
4.13751   0.0553605   0.281036  3.69451 	Dead: 0
4.15132   0.056116    0.284871  3.69451 	Dead: 0
4.15068   0.0615503   0.312458  3.69451 	Dead: 0
4.13963   0.0616278   0.312851  3.69451 	Dead: 0
4.15038   0.0690053   0.350303  3.69451 	Dead: 0
4.14011   0.066019    0.335143  3.65899 	Dead: 0
4.11773   0.0596503   0.302813  3.65899 	Dead: 0
4.17427   0.0754151   0.382842  3.65899 	Dead: 0
4.11242   0.0662756   0.336446  3.65899 	Dead: 0
4.12833   0.0701082   0.355902  3.59124 	Dead: 0
4.06016   0.0569024   0.288863  3.54781 	Dead: 0
4.09465   0.0656015   0.333024  3.54781 	Dead: 0
4.05113   0.0545658   0.277001  3.54781 	Dead: 0
4.08584   0.0630074   0.319855  3.54781 	Dead: 0
4.04258   0.0563771   0.286196  3.54781 	Dead: 0
4.14246   0.0734495   0.372864  3.54781 	Dead: 0
4.04597   0.060071    0.304949  3.54781 	Dead: 0
4.05524   0.0637129   0.323437  3.54781 	Dead: 0
4.06313   0.0740325   0.375823  3.54781 	Dead: 0
4.06225   0.0749553   0.380508  3.54781 	Dead: 0
4.03777   0.0622392   0.315955  3.54781 	Dead: 0
3.99089   0.0596754   0.30294   3.54781 	Dead: 0
4.03265   0.063152    0.320589  3.54781 	Dead: 0
4.01459   0.0629326   0.319475  3.54781 	Dead: 0
3.98348   0.0612703   0.311037  3.54781 	Dead: 0
3.93696   0.0577019   0.292922  3.5293  	Dead: 0
3.93896   0.0586535   0.297753  3.50637 	Dead: 0
3.94942   0.0625213   0.317387  3.50637 	Dead: 0
3.90725   0.0588461   0.29873   3.46982 	Dead: 0
3.87373   0.0514574   0.261222  3.46982 	Dead: 0
3.90245   0.068883    0.349682  3.46982 	Dead: 0
3.94394   0.0626101   0.317838  3.46982 	Dead: 0
3.8502    0.0482916   0.24515   3.46982 	Dead: 0
3.89014   0.0597732   0.303437  3.46982 	Dead: 0
3.91925   0.0628452   0.319031  3.46982 	Dead: 0
3.8716    0.0536549   0.272377  3.46982 	Dead: 0
3.88044   0.0563119   0.285865  3.46982 	Dead: 0
3.91242   0.0642322   0.326073  3.41374 	Dead: 0
3.87332   0.0724585   0.367833  3.41374 	Dead: 0
3.91382   0.0579444   0.294153  3.41374 	Dead: 0
3.87564   0.060926    0.309289  3.41374 	Dead: 0
3.86916   0.0575344   0.292071  3.41374 	Dead: 0
3.90326   0.0621643   0.315575  3.41374 	Dead: 0
3.88258   0.0623575   0.316556  3.41374 	Dead: 0
3.83799   0.0559862   0.284212  3.41374 	Dead: 0
3.88999   0.0626741   0.318163  3.38776 	Dead: 0
3.82626   0.0606298   0.307785  3.38776 	Dead: 0
3.81404   0.0580766   0.294824  3.38776 	Dead: 0
3.77721   0.054844    0.278414  3.38155 	Dead: 0
3.83948   0.0546656   0.277508  3.38155 	Dead: 0
3.79957   0.0578476   0.293662  3.38155 	Dead: 0
3.8706    0.0702263   0.356502  3.38155 	Dead: 0
3.8177    0.0587888   0.298439  3.38155 	Dead: 0
3.76377   0.054004    0.274149  3.38155 	Dead: 0
3.80145   0.0572427   0.29059   3.38155 	Dead: 0
3.80432   0.0650464   0.330206  3.28644 	Dead: 0
3.77415   0.0611596   0.310475  3.28644 	Dead: 0
3.78686   0.061151    0.310431  3.28644 	Dead: 0
3.73353   0.0520318   0.264138  3.28644 	Dead: 0
3.72717   0.0632125   0.320896  3.28644 	Dead: 0
3.75599   0.0625012   0.317285  3.28644 	Dead: 0
3.76346   0.0713801   0.362359  3.28644 	Dead: 0
3.75068   0.0628342   0.318976  3.28644 	Dead: 0
3.72629   0.0554835   0.28166   3.28644 	Dead: 0
