10.2849   0.0936318   0.475319  9.19135 	Dead: 0
7.62899   0.0421174   0.213808  7.28671 	Dead: 0
7.25556   0.0432295   0.219453  6.8887  	Dead: 0
6.85901   0.0431956   0.219281  6.1966  	Dead: 0
6.68462   0.0511304   0.259562  6.1764  	Dead: 0
6.50548   0.0530504   0.269309  5.94755 	Dead: 0
6.35242   0.0511176   0.259497  5.76067 	Dead: 0
6.13068   0.0534455   0.271315  5.63738 	Dead: 0
6.01984   0.0587748   0.298368  5.26133 	Dead: 0
5.94289   0.0595275   0.30219   5.26133 	Dead: 0
5.78026   0.056823    0.28846   5.26133 	Dead: 0
5.6799    0.0579375   0.294118  5.18555 	Dead: 0
5.66329   0.0592999   0.301034  5.18555 	Dead: 0
5.64118   0.0645229   0.327548  5.06568 	Dead: 0
5.61658   0.0653927   0.331964  4.9502  	Dead: 0
5.49196   0.0648317   0.329116  4.90877 	Dead: 0
5.24754   0.0649798   0.329868  4.49642 	Dead: 0
5.09528   0.0626015   0.317794  4.37512 	Dead: 0
5.00362   0.0584429   0.296683  4.37512 	Dead: 0
4.97933   0.0642172   0.325996  4.37512 	Dead: 0
4.8946    0.0630205   0.319921  4.32664 	Dead: 0
4.82761   0.0631116   0.320384  4.2199  	Dead: 0
4.7543    0.0630701   0.320173  4.17377 	Dead: 0
4.74309   0.0672329   0.341306  4.07187 	Dead: 0
4.68002   0.0633045   0.321363  4.07187 	Dead: 0
4.69939   0.0751615   0.381555  4.07187 	Dead: 0
4.61904   0.0650159   0.330051  4.07187 	Dead: 0
4.58895   0.0663049   0.336595  4.02343 	Dead: 0
4.50935   0.0637013   0.323377  4.02343 	Dead: 0
4.53509   0.0761547   0.386597  3.73749 	Dead: 0
4.54037   0.0732881   0.372045  3.73749 	Dead: 0
4.44289   0.0661971   0.336047  3.73749 	Dead: 0
4.46265   0.066595    0.338067  3.73749 	Dead: 0
4.42684   0.0668537   0.33938   3.73749 	Dead: 0
4.36047   0.0604321   0.306782  3.73749 	Dead: 0
4.32789   0.0580978   0.294931  3.73749 	Dead: 0
4.30324   0.063728    0.323513  3.73749 	Dead: 0
4.28065   0.0626075   0.317825  3.73749 	Dead: 0
4.27432   0.0698046   0.354361  3.72929 	Dead: 0
4.19925   0.0666285   0.338238  3.62633 	Dead: 0
4.13438   0.058186    0.295379  3.62633 	Dead: 0
4.08242   0.064552    0.327696  3.62633 	Dead: 0
4.08063   0.070589    0.358343  3.52581 	Dead: 0
4.02379   0.0672142   0.34121   3.52581 	Dead: 0
4.05535   0.0757008   0.384293  3.43312 	Dead: 0
4.01186   0.0763117   0.387394  3.43312 	Dead: 0
3.94319   0.0637331   0.323539  3.43312 	Dead: 0
3.94752   0.0579277   0.294068  3.43312 	Dead: 0
3.90811   0.0645685   0.32778   3.43312 	Dead: 0
3.93344   0.0718789   0.364891  3.43312 	Dead: 0
3.8977    0.0727085   0.369102  3.42501 	Dead: 0
3.83735   0.0592836   0.300951  3.37361 	Dead: 0
3.91769   0.0780815   0.396378  3.35064 	Dead: 0
3.7758    0.0569092   0.288898  3.33929 	Dead: 0
3.79554   0.0625477   0.317521  3.30673 	Dead: 0
3.83466   0.0737021   0.374146  3.30673 	Dead: 0
3.81332   0.0750559   0.381019  3.30673 	Dead: 0
3.79814   0.0728057   0.369596  3.30673 	Dead: 0
3.81591   0.0751541   0.381517  3.30673 	Dead: 0
3.80766   0.0755622   0.383589  3.30673 	Dead: 0
3.85328   0.0856709   0.434905  3.2637  	Dead: 0
3.76304   0.0633697   0.321694  3.2637  	Dead: 0
3.76744   0.0680595   0.345502  3.2637  	Dead: 0
3.78714   0.067341    0.341855  3.2637  	Dead: 0
3.78989   0.0708427   0.359631  3.2637  	Dead: 0
3.68979   0.055912    0.283835  3.2637  	Dead: 0
3.75548   0.0698986   0.354838  3.2637  	Dead: 0
3.77733   0.0710788   0.360829  3.2637  	Dead: 0
3.81288   0.0733092   0.372152  3.2637  	Dead: 0
3.71951   0.0548125   0.278254  3.2637  	Dead: 0
3.73451   0.0671148   0.340706  3.2637  	Dead: 0
3.75598   0.07889     0.400483  3.2637  	Dead: 0
3.71587   0.0653834   0.331917  3.2637  	Dead: 0
3.74333   0.0661884   0.336003  3.2637  	Dead: 0
3.72236   0.0675659   0.342996  3.2637  	Dead: 0
3.76971   0.0752816   0.382164  3.18941 	Dead: 0
3.7528    0.075399    0.38276   3.18941 	Dead: 0
3.72482   0.0737315   0.374295  3.18941 	Dead: 0
3.73392   0.0727117   0.369119  3.18941 	Dead: 0
3.74739   0.0735986   0.373621  3.18941 	Dead: 0
3.73658   0.0786615   0.399322  3.18941 	Dead: 0
3.70753   0.0652675   0.331328  3.18941 	Dead: 0
3.74157   0.075884    0.385223  3.18941 	Dead: 0
3.71022   0.0637031   0.323386  3.18941 	Dead: 0
3.65161   0.0576238   0.292525  3.18941 	Dead: 0
3.67222   0.0732874   0.372041  3.18941 	Dead: 0
3.65578   0.072717    0.369146  3.18941 	Dead: 0
3.72749   0.0838156   0.425487  3.18941 	Dead: 0
3.68159   0.0689599   0.350073  3.18941 	Dead: 0
3.69038   0.0672572   0.341429  3.18941 	Dead: 0
3.66548   0.0679097   0.344742  3.18941 	Dead: 0
3.64712   0.067646    0.343403  3.18941 	Dead: 0
3.67248   0.0672067   0.341173  3.18941 	Dead: 0
3.67745   0.0764814   0.388255  3.18941 	Dead: 0
3.63947   0.062437    0.316959  3.18941 	Dead: 0
3.69534   0.0749675   0.38057   3.18941 	Dead: 0
3.63763   0.0669795   0.340019  3.18941 	Dead: 0
3.67194   0.0723218   0.367139  3.18941 	Dead: 0
3.60016   0.0506633   0.257191  3.18941 	Dead: 0
3.65534   0.0688698   0.349615  3.18941 	Dead: 0
3.66951   0.0720564   0.365792  3.18941 	Dead: 0
