8.05862   0.154961    0.786657  6.09264 	Dead: 0
3.5335    0.0397679   0.201881  3.18753 	Dead: 0
3.12011   0.0380097   0.192955  2.85787 	Dead: 0
2.90344   0.037216    0.188926  2.63734 	Dead: 0
2.80038   0.0315287   0.160054  2.53616 	Dead: 0
2.75397   0.0312122   0.158448  2.50719 	Dead: 0
2.78086   0.0575702   0.292253  2.44482 	Dead: 0
2.75602   0.0502496   0.25509   2.44482 	Dead: 0
2.70415   0.0371903   0.188795  2.44482 	Dead: 0
2.70186   0.040941    0.207836  2.44482 	Dead: 0
2.66001   0.0332389   0.168736  2.41778 	Dead: 0
2.69682   0.0405763   0.205984  2.41778 	Dead: 0
2.67072   0.038838    0.19716   2.41778 	Dead: 0
2.65043   0.0385277   0.195585  2.39616 	Dead: 0
2.6364    0.0345728   0.175508  2.39616 	Dead: 0
2.70392   0.0522689   0.265342  2.34497 	Dead: 0
2.62647   0.0411282   0.208786  2.32457 	Dead: 0
2.63688   0.0497285   0.252445  2.31263 	Dead: 0
2.61955   0.0538363   0.273298  2.31263 	Dead: 0
2.58274   0.0520789   0.264377  2.31263 	Dead: 0
2.56058   0.0448516   0.227688  2.31192 	Dead: 0
2.57292   0.0560452   0.284511  2.30182 	Dead: 0
2.58969   0.0590469   0.299749  2.30182 	Dead: 0
2.55653   0.0468899   0.238035  2.25851 	Dead: 0
2.52998   0.0379893   0.192851  2.25851 	Dead: 0
2.5321    0.0433478   0.220054  2.25851 	Dead: 0
2.57891   0.0546913   0.277639  2.25851 	Dead: 0
2.54378   0.0455118   0.231039  2.25851 	Dead: 0
2.54405   0.0420941   0.213689  2.25851 	Dead: 0
2.52899   0.0453376   0.230155  2.25851 	Dead: 0
2.56559   0.061161    0.310482  2.25851 	Dead: 0
2.54936   0.0491007   0.249258  2.25851 	Dead: 0
2.56      0.0611021   0.310183  2.25851 	Dead: 0
2.55065   0.0494734   0.25115   2.25851 	Dead: 0
2.53116   0.0410085   0.208178  2.25851 	Dead: 0
2.49982   0.0451874   0.229392  2.22536 	Dead: 0
2.47543   0.0375016   0.190375  2.22536 	Dead: 0
2.46754   0.0399546   0.202828  2.21786 	Dead: 0
2.47849   0.0392948   0.199479  2.17312 	Dead: 0
2.48008   0.0472754   0.239992  2.17312 	Dead: 0
2.45377   0.0377447   0.19161   2.17312 	Dead: 0
2.41936   0.0361322   0.183424  2.17312 	Dead: 0
2.43621   0.0460709   0.233877  2.17312 	Dead: 0
2.41423   0.0418428   0.212414  2.12421 	Dead: 0
2.4167    0.0422605   0.214534  2.12421 	Dead: 0
2.44114   0.0554797   0.281641  2.12421 	Dead: 0
2.39372   0.0480108   0.243725  2.1238  	Dead: 0
2.37684   0.0422367   0.214413  2.1238  	Dead: 0
2.38305   0.0466112   0.23662   2.08528 	Dead: 0
2.37596   0.0464915   0.236013  2.08528 	Dead: 0
2.33069   0.0418061   0.212227  2.08528 	Dead: 0
2.34964   0.0496633   0.252114  2.04018 	Dead: 0
2.34593   0.0509835   0.258816  2.04018 	Dead: 0
2.31564   0.0440794   0.223768  2.04018 	Dead: 0
2.36284   0.0739756   0.375535  2.04018 	Dead: 0
2.31495   0.0429117   0.21784   2.04018 	Dead: 0
2.32186   0.0551131   0.27978   2.04018 	Dead: 0
2.26222   0.0339739   0.172467  2.04018 	Dead: 0
2.30318   0.0448106   0.227479  2.04018 	Dead: 0
2.30254   0.046971    0.238447  2.04018 	Dead: 0
2.3063    0.0481566   0.244465  2.04018 	Dead: 0
2.31235   0.0540759   0.274515  2.04018 	Dead: 0
2.28576   0.0428917   0.217738  2.04018 	Dead: 0
2.27962   0.0465189   0.236152  2.04018 	Dead: 0
2.29061   0.0457884   0.232443  2.04018 	Dead: 0
2.29781   0.0473937   0.240593  2.04018 	Dead: 0
2.33028   0.0597676   0.303408  2.04018 	Dead: 0
2.2764    0.040706    0.206643  2.04018 	Dead: 0
2.31758   0.0609894   0.309611  2.04018 	Dead: 0
2.30491   0.0647602   0.328753  2.04018 	Dead: 0
2.28337   0.0447141   0.22699   2.00561 	Dead: 0
2.26144   0.0385333   0.195613  2.00561 	Dead: 0
2.3058    0.0567824   0.288254  2.00561 	Dead: 0
2.25951   0.0411387   0.208839  2.00561 	Dead: 0
2.30937   0.064876    0.329341  2.00561 	Dead: 0
2.27329   0.0422966   0.214717  2.00561 	Dead: 0
2.27467   0.0433454   0.220041  2.00561 	Dead: 0
2.29899   0.058207    0.295486  2.00561 	Dead: 0
2.28524   0.0523664   0.265836  2.00561 	Dead: 0
2.25595   0.0359408   0.182452  2.00561 	Dead: 0
2.31108   0.0587784   0.298387  2.00561 	Dead: 0
2.25601   0.0384641   0.195262  1.99926 	Dead: 0
2.27532   0.0517449   0.262681  1.99926 	Dead: 0
2.27316   0.0517337   0.262624  1.96688 	Dead: 0
2.25829   0.0376127   0.19094   1.96688 	Dead: 0
2.30925   0.0697436   0.354051  1.96688 	Dead: 0
2.25993   0.0483395   0.245394  1.96688 	Dead: 0
2.26673   0.0449238   0.228054  1.96688 	Dead: 0
2.27952   0.050461    0.256163  1.96688 	Dead: 0
2.29028   0.05622     0.285399  1.96688 	Dead: 0
2.2855    0.0585773   0.297366  1.96688 	Dead: 0
2.27668   0.0553605   0.281036  1.96688 	Dead: 0
2.23099   0.0365106   0.185345  1.96688 	Dead: 0
2.25828   0.0536817   0.272513  1.96688 	Dead: 0
2.26448   0.0532105   0.270121  1.96688 	Dead: 0
2.25551   0.0521689   0.264834  1.96688 	Dead: 0
2.26193   0.0619757   0.314618  1.94633 	Dead: 0
2.23377   0.0442581   0.224675  1.94633 	Dead: 0
2.2588    0.0582146   0.295524  1.94633 	Dead: 0
2.26203   0.059205    0.300552  1.94633 	Dead: 0
2.27208   0.0674528   0.342422  1.94633 	Dead: 0
