10.3023   0.0692358   0.351473  9.2812  	Dead: 0
8.7353    0.0316949   0.160898  8.46746 	Dead: 0
8.50091   0.0324092   0.164524  8.1183  	Dead: 0
8.15866   0.0300146   0.152368  7.74754 	Dead: 0
8.10417   0.033156    0.168315  7.74107 	Dead: 0
8.03058   0.0367304   0.186461  7.71616 	Dead: 0
8.00507   0.0376805   0.191284  7.69161 	Dead: 0
7.90029   0.0339744   0.17247   7.55298 	Dead: 0
7.70065   0.0313585   0.15919   7.39709 	Dead: 0
7.5797    0.0283186   0.143759  7.36655 	Dead: 0
7.52399   0.0289544   0.146986  7.22076 	Dead: 0
7.47866   0.0334554   0.169835  7.19828 	Dead: 0
7.40723   0.0424787   0.215642  6.96564 	Dead: 0
7.34751   0.0333522   0.169311  6.96564 	Dead: 0
7.29561   0.0310253   0.157499  6.96564 	Dead: 0
7.27373   0.033852    0.171848  6.95475 	Dead: 0
7.20098   0.0315841   0.160336  6.94166 	Dead: 0
7.15012   0.0366006   0.185802  6.81927 	Dead: 0
7.12407   0.0340578   0.172893  6.81927 	Dead: 0
7.07033   0.0356438   0.180944  6.75331 	Dead: 0
7.06104   0.0326553   0.165774  6.75331 	Dead: 0
7.04651   0.0354522   0.179972  6.75331 	Dead: 0
7.05787   0.038073    0.193276  6.75331 	Dead: 0
7.01532   0.0364522   0.185048  6.75331 	Dead: 0
6.9762    0.0327349   0.166177  6.75331 	Dead: 0
6.97604   0.0333072   0.169083  6.72466 	Dead: 0
6.97533   0.0389825   0.197893  6.7125  	Dead: 0
6.95203   0.0329703   0.167372  6.66713 	Dead: 0
6.90197   0.0324979   0.164974  6.6098  	Dead: 0
6.8738    0.0300822   0.152711  6.59065 	Dead: 0
6.85288   0.0337695   0.17143   6.52675 	Dead: 0
6.81474   0.0322274   0.163601  6.52675 	Dead: 0
6.76129   0.0463179   0.235131  6.52675 	Dead: 0
6.76818   0.0437882   0.22229   6.49072 	Dead: 0
6.74548   0.0428044   0.217295  6.49072 	Dead: 0
6.71738   0.0375846   0.190797  6.38399 	Dead: 0
6.7121    0.036805    0.186839  6.38399 	Dead: 0
6.71827   0.0437034   0.221859  6.38399 	Dead: 0
6.67688   0.0359832   0.182668  6.38399 	Dead: 0
6.681     0.0356258   0.180853  6.38399 	Dead: 0
6.72297   0.056795    0.288318  6.36532 	Dead: 0
6.65928   0.0367894   0.18676   6.36532 	Dead: 0
6.63874   0.0415207   0.210778  6.32292 	Dead: 0
6.59986   0.051755    0.262732  6.27589 	Dead: 0
6.50869   0.0401738   0.203941  6.21825 	Dead: 0
6.49597   0.0426059   0.216288  6.16039 	Dead: 0
6.42205   0.0494192   0.250875  6.02378 	Dead: 0
6.26657   0.047533    0.2413    5.99289 	Dead: 0
6.17719   0.0355515   0.180476  5.91236 	Dead: 0
6.18007   0.035242    0.178905  5.90079 	Dead: 0
6.1915    0.049454    0.251052  5.87547 	Dead: 0
6.18389   0.0463955   0.235525  5.87547 	Dead: 0
6.16144   0.0386433   0.196171  5.87547 	Dead: 0
6.15254   0.0505571   0.256651  5.84693 	Dead: 0
6.15108   0.0615385   0.312398  5.77326 	Dead: 0
6.11222   0.0565838   0.287246  5.74009 	Dead: 0
6.06235   0.0544673   0.276501  5.74009 	Dead: 0
6.01453   0.0540517   0.274392  5.63582 	Dead: 0
6.0507    0.0631147   0.3204    5.62445 	Dead: 0
6.05755   0.0675418   0.342874  5.62445 	Dead: 0
6.043     0.0672029   0.341153  5.62445 	Dead: 0
5.98808   0.0575802   0.292304  5.62445 	Dead: 0
5.99141   0.0607078   0.308181  5.61181 	Dead: 0
6.07369   0.0733848   0.372536  5.61181 	Dead: 0
5.99982   0.07483     0.379872  5.61181 	Dead: 0
6.04346   0.0753037   0.382277  5.61181 	Dead: 0
6.00708   0.0700875   0.355797  5.61181 	Dead: 0
5.98278   0.0644369   0.327112  5.61181 	Dead: 0
5.99581   0.0675851   0.343094  5.61181 	Dead: 0
6.03349   0.0715211   0.363074  5.61181 	Dead: 0
6.00188   0.069882    0.354754  5.61181 	Dead: 0
5.96364   0.067812    0.344246  5.61181 	Dead: 0
5.99744   0.0637167   0.323456  5.61181 	Dead: 0
5.92691   0.0607568   0.30843   5.61181 	Dead: 0
6.00264   0.0700559   0.355637  5.61181 	Dead: 0
5.98899   0.0731244   0.371214  5.61181 	Dead: 0
5.9863    0.0733466   0.372342  5.61181 	Dead: 0
5.98071   0.0714869   0.362901  5.56323 	Dead: 0
5.95417   0.063448    0.322092  5.56323 	Dead: 0
6.02804   0.087496    0.444171  5.56323 	Dead: 0
5.99351   0.0748007   0.379723  5.56323 	Dead: 0
5.99942   0.0757353   0.384468  5.56323 	Dead: 0
6.01047   0.0832374   0.422552  5.56323 	Dead: 0
5.99197   0.0771491   0.391645  5.56323 	Dead: 0
5.99142   0.0747084   0.379255  5.56323 	Dead: 0
5.95971   0.067329    0.341793  5.56323 	Dead: 0
6.00963   0.0784918   0.398461  5.56323 	Dead: 0
5.96774   0.0739475   0.375392  5.56323 	Dead: 0
6.00749   0.0741658   0.3765    5.54709 	Dead: 0
5.9594    0.0697682   0.354176  5.54709 	Dead: 0
5.97757   0.0781701   0.396828  5.5416  	Dead: 0
5.94469   0.0697753   0.354212  5.5416  	Dead: 0
5.9631    0.0740793   0.376061  5.519   	Dead: 0
5.94897   0.0755699   0.383628  5.50682 	Dead: 0
5.92364   0.0684189   0.347326  5.50682 	Dead: 0
5.94077   0.0747261   0.379345  5.50682 	Dead: 0
5.94098   0.0745437   0.378419  5.50682 	Dead: 0
5.93712   0.0878951   0.446196  5.50682 	Dead: 0
5.92213   0.0687646   0.349081  5.49311 	Dead: 0
5.92829   0.0760317   0.385972  5.49311 	Dead: 0
5.90545   0.0744896   0.378144  5.49311 	Dead: 0
