10.2109   0.0640244   0.325018  9.43846 	Dead: 0
8.93919   0.0355265   0.180349  8.56323 	Dead: 0
8.7394    0.0416086   0.211225  8.29077 	Dead: 0
8.62983   0.0377102   0.191435  8.25914 	Dead: 0
8.55989   0.0356359   0.180905  8.25914 	Dead: 0
8.54988   0.0454745   0.23085   8.17276 	Dead: 0
8.26634   0.0350936   0.178152  7.84397 	Dead: 0
8.13406   0.0321846   0.163384  7.84397 	Dead: 0
8.05638   0.0345672   0.175479  7.75834 	Dead: 0
7.99545   0.0358075   0.181775  7.64742 	Dead: 0
7.96528   0.0415953   0.211157  7.55653 	Dead: 0
7.86646   0.0386029   0.195966  7.55653 	Dead: 0
7.78961   0.0376559   0.191159  7.45106 	Dead: 0
7.69981   0.0338506   0.171841  7.45106 	Dead: 0
7.6452    0.0363409   0.184483  7.22399 	Dead: 0
7.57815   0.0465448   0.236283  7.21987 	Dead: 0
7.42345   0.0366283   0.185942  7.05511 	Dead: 0
7.30764   0.0370886   0.188279  6.8467  	Dead: 0
7.26816   0.0479291   0.24331   6.8467  	Dead: 0
7.24692   0.0379533   0.192669  6.8467  	Dead: 0
7.22595   0.0381042   0.193435  6.8467  	Dead: 0
7.20971   0.0382685   0.194269  6.8046  	Dead: 0
7.15039   0.0409057   0.207657  6.71396 	Dead: 0
7.02242   0.0436748   0.221714  6.57564 	Dead: 0
6.88324   0.0507545   0.257654  6.42865 	Dead: 0
6.8355    0.0444164   0.225478  6.42865 	Dead: 0
6.85107   0.0678543   0.34446   6.42865 	Dead: 0
6.8713    0.0716124   0.363538  6.42865 	Dead: 0
6.84706   0.0638969   0.324371  6.35481 	Dead: 0
6.82378   0.061373    0.311558  6.35481 	Dead: 0
6.77847   0.0457152   0.232072  6.35481 	Dead: 0
6.81634   0.0577587   0.29321   6.35481 	Dead: 0
6.85573   0.0827566   0.420111  6.35481 	Dead: 0
6.76095   0.0488637   0.248055  6.35481 	Dead: 0
6.76904   0.0465364   0.236241  6.35481 	Dead: 0
6.72714   0.0438145   0.222423  6.35481 	Dead: 0
6.78854   0.0693053   0.351826  6.35481 	Dead: 0
6.72978   0.0502278   0.25498   6.35481 	Dead: 0
6.78382   0.0693778   0.352194  6.35481 	Dead: 0
6.76844   0.0683315   0.346882  6.31043 	Dead: 0
6.81395   0.0814498   0.413477  6.31043 	Dead: 0
6.76182   0.0776491   0.394183  6.31043 	Dead: 0
6.71055   0.0678114   0.344242  6.31043 	Dead: 0
6.81715   0.0856357   0.434727  6.31043 	Dead: 0
6.72331   0.0526261   0.267155  6.31043 	Dead: 0
6.7382    0.0590816   0.299926  6.31043 	Dead: 0
6.72978   0.06583     0.334184  6.31043 	Dead: 0
6.67734   0.054817    0.278276  6.31043 	Dead: 0
6.69036   0.0753376   0.382449  6.22923 	Dead: 0
6.4943    0.0539512   0.273881  6.20974 	Dead: 0
6.51362   0.0900931   0.457355  6.13875 	Dead: 0
6.44053   0.0561442   0.285014  6.06606 	Dead: 0
6.51292   0.0887413   0.450492  6.06606 	Dead: 0
6.44078   0.0724779   0.367931  6.06606 	Dead: 0
6.42724   0.0791619   0.401863  6.06291 	Dead: 0
6.40043   0.0718361   0.364674  6.06291 	Dead: 0
6.40932   0.0731469   0.371328  6.06291 	Dead: 0
6.35291   0.0494396   0.250979  6.06291 	Dead: 0
6.42088   0.0794301   0.403224  6.06291 	Dead: 0
6.40069   0.0624354   0.316951  6.01621 	Dead: 0
6.43333   0.0801448   0.406852  6.01621 	Dead: 0
6.44264   0.0936912   0.47562   6.01621 	Dead: 0
6.36494   0.0602895   0.306058  6.01621 	Dead: 0
6.40396   0.0694956   0.352792  6.00175 	Dead: 0
6.3368    0.0612883   0.311128  6.00175 	Dead: 0
6.40183   0.078407    0.39803   6.00175 	Dead: 0
6.37007   0.0644077   0.326964  6.00175 	Dead: 0
6.38515   0.085767    0.435394  6.00175 	Dead: 0
6.34349   0.0706131   0.358465  5.98434 	Dead: 0
6.30498   0.0575819   0.292313  5.98434 	Dead: 0
6.35839   0.0802682   0.407479  5.98434 	Dead: 0
6.27151   0.0433541   0.220086  5.91316 	Dead: 0
6.36127   0.0919087   0.466572  5.91316 	Dead: 0
6.35019   0.0741241   0.376289  5.91316 	Dead: 0
6.35734   0.0776374   0.394124  5.91316 	Dead: 0
6.3373    0.0744122   0.377751  5.91316 	Dead: 0
6.34379   0.0837058   0.42493   5.91316 	Dead: 0
6.295     0.0654093   0.332048  5.91316 	Dead: 0
6.29152   0.060292    0.30607   5.91316 	Dead: 0
6.29888   0.0688955   0.349746  5.91316 	Dead: 0
6.35496   0.0977922   0.496439  5.91316 	Dead: 0
6.26677   0.0651251   0.330605  5.8766  	Dead: 0
6.2554    0.0592218   0.300638  5.8766  	Dead: 0
6.26598   0.0658588   0.33433   5.8766  	Dead: 0
6.2131    0.0418364   0.212381  5.8766  	Dead: 0
6.27534   0.0775572   0.393717  5.86832 	Dead: 0
6.24069   0.06027     0.305959  5.86832 	Dead: 0
6.25314   0.076668    0.389202  5.86832 	Dead: 0
6.21833   0.0678329   0.344351  5.86832 	Dead: 0
6.28881   0.0856687   0.434894  5.86832 	Dead: 0
6.23889   0.0750685   0.381083  5.78855 	Dead: 0
6.24698   0.0732886   0.372047  5.78855 	Dead: 0
6.25156   0.0747479   0.379455  5.78855 	Dead: 0
6.2575    0.0803265   0.407775  5.78855 	Dead: 0
6.21676   0.066403    0.337093  5.78855 	Dead: 0
6.23279   0.084257    0.427728  5.78855 	Dead: 0
6.25088   0.0714225   0.362574  5.78855 	Dead: 0
6.24399   0.0780063   0.395997  5.78855 	Dead: 0
6.21248   0.0642808   0.326319  5.78855 	Dead: 0
6.21973   0.076078    0.386207  5.78855 	Dead: 0
6.25731   0.0987985   0.501547  5.78855 	Dead: 0
