0   9.9648    0.120263    0.610511  8.62573 	Dead: 0
1   7.78417   0.0461374   0.234215  7.38463 	Dead: 0
2   7.57215   0.0439597   0.22316   7.17896 	Dead: 0
3   7.25577   0.0509236   0.258512  6.92276 	Dead: 0
4   7.19087   0.0536311   0.272256  6.80084 	Dead: 0
5   7.11871   0.0503387   0.255542  6.62341 	Dead: 0
6   7.06807   0.0606509   0.307892  6.62341 	Dead: 0
7   6.97985   0.0493805   0.250679  6.61907 	Dead: 0
8   6.93883   0.0548358   0.278372  6.54138 	Dead: 0
9   6.89155   0.0449117   0.227993  6.54138 	Dead: 0
10  6.91271   0.0617601   0.313523  6.45717 	Dead: 0
11  6.87958   0.0597262   0.303198  6.40966 	Dead: 0
12  6.87248   0.069738    0.354023  6.40966 	Dead: 0
13  6.88395   0.0757388   0.384485  6.37767 	Dead: 0
14  6.89172   0.0770679   0.391232  6.37767 	Dead: 0
15  6.81088   0.0637525   0.323638  6.23814 	Dead: 0
16  6.86357   0.0746653   0.379036  6.23814 	Dead: 0
17  6.82854   0.0774509   0.393177  6.21731 	Dead: 0
18  6.75146   0.0636712   0.323225  6.21731 	Dead: 0
19  6.82547   0.0772525   0.39217   6.20078 	Dead: 0
20  6.81788   0.0787409   0.399726  6.20078 	Dead: 0
21  6.75862   0.0855388   0.434235  6.17567 	Dead: 0
22  6.7746    0.0825942   0.419287  6.17567 	Dead: 0
23  6.79571   0.0932343   0.473301  6.17567 	Dead: 0
24  6.77883   0.0877272   0.445344  6.1683  	Dead: 0
25  6.79159   0.0846469   0.429707  6.1683  	Dead: 0
26  6.7936    0.083668    0.424738  6.1683  	Dead: 0
27  6.77996   0.080722    0.409783  6.1683  	Dead: 0
28  6.804     0.0864542   0.438882  6.12117 	Dead: 0
29  6.80211   0.0958448   0.486553  6.12114 	Dead: 0
30  6.7319    0.0821925   0.417248  6.11367 	Dead: 0
31  6.7349    0.0875413   0.444401  6.11367 	Dead: 0
32  6.73677   0.0849683   0.431339  6.11367 	Dead: 0
33  6.75152   0.0866426   0.439838  6.11367 	Dead: 0
34  6.73519   0.0911831   0.462888  6.11367 	Dead: 0
35  6.7632    0.0859546   0.436346  6.11367 	Dead: 0
36  6.74861   0.0838827   0.425828  6.11367 	Dead: 0
37  6.78038   0.0853337   0.433194  6.11367 	Dead: 0
38  6.72218   0.0803287   0.407786  6.11367 	Dead: 0
39  6.72932   0.0896447   0.455078  6.11367 	Dead: 0
40  6.73311   0.0816389   0.414437  6.11367 	Dead: 0
41  6.72547   0.0951184   0.482866  6.1113  	Dead: 0
42  6.74261   0.105533    0.535733  6.1113  	Dead: 0
43  6.69505   0.0841835   0.427355  6.1113  	Dead: 0
44  6.74459   0.0909544   0.461727  6.1113  	Dead: 0
45  6.68915   0.0881124   0.4473    6.1113  	Dead: 0
46  6.76302   0.0898084   0.455909  6.1113  	Dead: 0
47  6.75359   0.087744    0.445429  6.1113  	Dead: 0
48  6.74232   0.0855628   0.434356  6.1113  	Dead: 0
49  6.72246   0.0886614   0.450087  6.1113  	Dead: 0
50  6.76882   0.095786    0.486254  6.1113  	Dead: 0
51  6.71006   0.103024    0.522997  6.09862 	Dead: 0
52  6.79551   0.093545    0.474878  6.09862 	Dead: 0
53  6.65811   0.0871818   0.442576  6.09862 	Dead: 0
54  6.72277   0.0970915   0.492882  6.06501 	Dead: 0
55  6.64091   0.0785103   0.398555  6.06501 	Dead: 0
56  6.66984   0.0880997   0.447235  6.06501 	Dead: 0
57  6.69865   0.0913147   0.463556  6.06501 	Dead: 0
58  6.66118   0.0879896   0.446676  5.99104 	Dead: 0
59  6.65858   0.0895717   0.454708  5.99104 	Dead: 0
60  6.66232   0.0872253   0.442797  5.99104 	Dead: 0
61  6.68472   0.0872297   0.442819  5.99104 	Dead: 0
62  6.68074   0.0885081   0.449308  5.99104 	Dead: 0
63  6.69945   0.0974588   0.494746  5.99104 	Dead: 0
64  6.69625   0.0948758   0.481634  5.99104 	Dead: 0
65  6.70131   0.0906668   0.460267  5.99104 	Dead: 0
66  6.71117   0.0970405   0.492623  5.99104 	Dead: 0
67  6.69392   0.0937224   0.475779  5.99104 	Dead: 0
68  6.7273    0.0964452   0.489601  5.99104 	Dead: 0
69  6.6664    0.0826805   0.419725  5.99104 	Dead: 0
70  6.73902   0.10333     0.524552  5.99104 	Dead: 0
71  6.70387   0.0873841   0.443602  5.99104 	Dead: 0
72  6.6998    0.0933582   0.47393   5.99104 	Dead: 0
73  6.72671   0.091685    0.465436  5.99104 	Dead: 0
74  6.75753   0.101087    0.513166  5.99104 	Dead: 0
75  6.62745   0.0798951   0.405585  5.99104 	Dead: 0
76  6.67957   0.0890319   0.451967  5.99104 	Dead: 0
77  6.64509   0.0859766   0.436457  5.99104 	Dead: 0
78  6.72447   0.0979808   0.497396  5.99104 	Dead: 0
79  6.65755   0.0842672   0.42778   5.99104 	Dead: 0
80  6.73189   0.0938019   0.476182  5.99104 	Dead: 0
81  6.65826   0.0898438   0.456089  5.99104 	Dead: 0
82  6.65527   0.0912072   0.46301   5.99104 	Dead: 0
83  6.71424   0.0901101   0.457441  5.99104 	Dead: 0
84  6.65153   0.085451    0.433789  5.99104 	Dead: 0
85  6.70184   0.102286    0.519251  5.99104 	Dead: 0
86  6.60983   0.0832464   0.422598  5.99104 	Dead: 0
87  6.61067   0.0871783   0.442558  5.99104 	Dead: 0
88  6.76823   0.0987111   0.501104  5.99104 	Dead: 0
89  6.67562   0.0889539   0.451572  5.99104 	Dead: 0
90  6.68996   0.0864739   0.438982  5.99104 	Dead: 0
91  6.6574    0.0869009   0.441149  5.99104 	Dead: 0
92  6.67218   0.0926007   0.470085  5.99104 	Dead: 0
93  6.6187    0.0750561   0.38102   5.99104 	Dead: 0
94  6.66932   0.0913237   0.463602  5.99104 	Dead: 0
95  6.63704   0.083932    0.426078  5.99104 	Dead: 0
96  6.6524    0.0858291   0.435709  5.99104 	Dead: 0
97  6.64776   0.0920329   0.467202  5.99104 	Dead: 0
98  6.63697   0.0875211   0.444298  5.99104 	Dead: 0
99  6.62044   0.0846772   0.429861  5.99104 	Dead: 0
100 6.62332   0.0802522   0.407398  5.99104 	Dead: 0
