6.74303   0.0455752   0.231361  6.19878 	Dead: 0
6.24436   0.0346886   0.176096  5.97636 	Dead: 0
6.16595   0.0368823   0.187232  5.76558 	Dead: 0
6.12269   0.0376918   0.191341  5.76558 	Dead: 0
6.11153   0.0394081   0.200054  5.68348 	Dead: 0
6.06843   0.0378801   0.192297  5.68348 	Dead: 0
6.10138   0.0419186   0.212798  5.68348 	Dead: 0
6.08358   0.04085     0.207374  5.68348 	Dead: 0
6.09788   0.0439676   0.2232    5.68348 	Dead: 0
6.07385   0.0427686   0.217113  5.68348 	Dead: 0
6.04801   0.0379888   0.192849  5.68348 	Dead: 0
6.07407   0.0429416   0.217991  5.68348 	Dead: 0
6.02368   0.0408272   0.207258  5.68348 	Dead: 0
6.03626   0.0467552   0.237351  5.68348 	Dead: 0
5.998     0.0407068   0.206647  5.68348 	Dead: 0
6.01378   0.0435508   0.221084  5.64576 	Dead: 0
6.01954   0.0430668   0.218627  5.64576 	Dead: 0
5.9923    0.0420529   0.21348   5.64576 	Dead: 0
6.00477   0.0432279   0.219445  5.64576 	Dead: 0
6.00217   0.0453604   0.230271  5.64576 	Dead: 0
6.00457   0.0450408   0.228648  5.64576 	Dead: 0
6.01724   0.0489749   0.248619  5.64576 	Dead: 0
5.99678   0.043607    0.22137   5.60129 	Dead: 0
5.98231   0.0460353   0.233697  5.60129 	Dead: 0
5.97927   0.0434607   0.220627  5.60129 	Dead: 0
5.96183   0.0430707   0.218647  5.60129 	Dead: 0
5.9934    0.0479783   0.24356   5.60129 	Dead: 0
5.99124   0.0512063   0.259947  5.51347 	Dead: 0
5.96484   0.0436811   0.221746  5.51347 	Dead: 0
5.98584   0.0477092   0.242194  5.51347 	Dead: 0
5.9748    0.0449904   0.228392  5.51347 	Dead: 0
5.9978    0.0495446   0.251511  5.51347 	Dead: 0
5.989     0.047739    0.242345  5.51347 	Dead: 0
5.98159   0.050402    0.255864  5.51347 	Dead: 0
5.97632   0.0500429   0.254041  5.51347 	Dead: 0
5.96596   0.0480032   0.243686  5.51347 	Dead: 0
5.98659   0.0508167   0.257969  5.51347 	Dead: 0
5.97301   0.0471256   0.239231  5.51347 	Dead: 0
5.94152   0.0430392   0.218487  5.51347 	Dead: 0
5.92607   0.0442704   0.224737  5.51347 	Dead: 0
5.94801   0.0438056   0.222378  5.51347 	Dead: 0
5.96279   0.0449839   0.228359  5.51347 	Dead: 0
5.94997   0.0476224   0.241753  5.51347 	Dead: 0
5.95087   0.0504721   0.25622   5.51347 	Dead: 0
5.93279   0.0469126   0.23815   5.51347 	Dead: 0
5.92027   0.0458346   0.232678  5.51347 	Dead: 0
5.94359   0.0480767   0.24406   5.51347 	Dead: 0
5.9549    0.0466726   0.236932  5.51347 	Dead: 0
5.92734   0.0478752   0.243037  5.51347 	Dead: 0
5.95034   0.0496221   0.251905  5.51347 	Dead: 0
5.90646   0.0430786   0.218687  5.51347 	Dead: 0
5.93303   0.0454677   0.230815  5.51347 	Dead: 0
5.93507   0.0503198   0.255447  5.51347 	Dead: 0
5.92577   0.0452782   0.229853  5.51347 	Dead: 0
5.91032   0.046242    0.234746  5.50891 	Dead: 0
5.92427   0.0497329   0.252468  5.50891 	Dead: 0
5.91816   0.0483848   0.245624  5.50891 	Dead: 0
5.92856   0.0460397   0.233719  5.50891 	Dead: 0
5.93232   0.0484222   0.245814  5.50891 	Dead: 0
5.94312   0.0479566   0.24345   5.50891 	Dead: 0
5.92877   0.0486272   0.246855  5.50891 	Dead: 0
5.90029   0.0463928   0.235512  5.50891 	Dead: 0
5.90185   0.0502042   0.25486   5.50891 	Dead: 0
5.91789   0.0472501   0.239863  5.50891 	Dead: 0
5.88586   0.0470385   0.238789  5.50891 	Dead: 0
5.9016    0.0484404   0.245906  5.50891 	Dead: 0
5.88803   0.0422731   0.214598  5.50891 	Dead: 0
5.90365   0.0448117   0.227485  5.50891 	Dead: 0
5.92017   0.0478601   0.24296   5.50891 	Dead: 0
5.8718    0.0419956   0.213189  5.50891 	Dead: 0
5.89095   0.0466154   0.236642  5.49404 	Dead: 0
5.90445   0.055337    0.280916  5.49404 	Dead: 0
5.90308   0.0484931   0.246174  5.49404 	Dead: 0
5.88974   0.0428777   0.217667  5.49404 	Dead: 0
5.88713   0.0473949   0.240598  5.49404 	Dead: 0
5.91813   0.0483385   0.245389  5.49404 	Dead: 0
5.86379   0.0457162   0.232077  5.49404 	Dead: 0
5.87028   0.0456018   0.231496  5.49404 	Dead: 0
5.87207   0.0498738   0.253183  5.49404 	Dead: 0
5.87361   0.0466463   0.236798  5.49404 	Dead: 0
5.88954   0.0461547   0.234303  5.49404 	Dead: 0
5.89882   0.0484089   0.245746  5.49404 	Dead: 0
5.88538   0.0483786   0.245592  5.49404 	Dead: 0
5.8773    0.0474913   0.241088  5.4267  	Dead: 0
5.879     0.0495597   0.251588  5.4267  	Dead: 0
5.88056   0.0488624   0.248048  5.4267  	Dead: 0
5.87891   0.045664    0.231812  5.4267  	Dead: 0
5.86311   0.0448518   0.227689  5.4267  	Dead: 0
5.85834   0.0446991   0.226913  5.4267  	Dead: 0
5.88202   0.0491777   0.249649  5.4267  	Dead: 0
5.87635   0.044643    0.226629  5.4267  	Dead: 0
5.88993   0.046612    0.236624  5.4267  	Dead: 0
5.87207   0.0506223   0.256982  5.4267  	Dead: 0
5.83897   0.0463634   0.235362  5.4267  	Dead: 0
5.84868   0.0448523   0.227691  5.4267  	Dead: 0
5.83521   0.0452      0.229456  5.4267  	Dead: 0
5.83456   0.0462001   0.234533  5.4267  	Dead: 0
5.87557   0.0479362   0.243347  5.4267  	Dead: 0
5.85699   0.043167    0.219136  5.4267  	Dead: 0
5.86753   0.0436144   0.221407  5.4267  	Dead: 0
5.84044   0.0440511   0.223624  5.4267  	Dead: 0
