7.82679   0.108658    0.551599  6.42995 	Dead: 0
4.20254   0.0651768   0.330868  3.49267 	Dead: 0
3.55151   0.0338827   0.172004  3.27208 	Dead: 0
3.41545   0.0269143   0.136629  3.15219 	Dead: 0
3.27803   0.0317698   0.161278  2.98115 	Dead: 0
3.05543   0.0261126   0.13256   2.82989 	Dead: 0
3.00509   0.0298592   0.151579  2.678   	Dead: 0
3.00302   0.0312899   0.158842  2.678   	Dead: 0
2.98991   0.0319201   0.162041  2.678   	Dead: 0
2.97014   0.0292362   0.148417  2.678   	Dead: 0
2.97388   0.0326225   0.165607  2.678   	Dead: 0
2.97218   0.0350178   0.177767  2.678   	Dead: 0
2.93353   0.0310392   0.15757   2.678   	Dead: 0
2.93506   0.0304105   0.154378  2.63237 	Dead: 0
2.94657   0.0358635   0.18206   2.63237 	Dead: 0
2.9192    0.0348768   0.177051  2.63237 	Dead: 0
2.92646   0.037387    0.189794  2.63237 	Dead: 0
2.89173   0.0328071   0.166544  2.63237 	Dead: 0
2.8514    0.0289187   0.146805  2.63237 	Dead: 0
2.84504   0.0301843   0.15323   2.60438 	Dead: 0
2.84889   0.0342308   0.173771  2.60438 	Dead: 0
2.84184   0.036289    0.18422   2.52104 	Dead: 0
2.81823   0.0331712   0.168392  2.52104 	Dead: 0
2.8375    0.0359814   0.182658  2.52104 	Dead: 0
2.81678   0.0325967   0.165476  2.52104 	Dead: 0
2.79444   0.0310545   0.157647  2.52104 	Dead: 0
2.76648   0.0303248   0.153943  2.52104 	Dead: 0
2.76834   0.0342084   0.173658  2.52104 	Dead: 0
2.75308   0.0368046   0.186837  2.50278 	Dead: 0
2.74858   0.0410943   0.208614  2.50278 	Dead: 0
2.72476   0.0318177   0.161522  2.50278 	Dead: 0
2.70929   0.035831    0.181895  2.4345  	Dead: 0
2.69842   0.0333209   0.169153  2.4345  	Dead: 0
2.69789   0.040795    0.207094  2.4345  	Dead: 0
2.67446   0.0375186   0.190462  2.41402 	Dead: 0
2.64583   0.0355978   0.180711  2.40311 	Dead: 0
2.62052   0.035469    0.180057  2.38402 	Dead: 0
2.60027   0.033298    0.169036  2.34996 	Dead: 0
2.56861   0.0331702   0.168388  2.34996 	Dead: 0
2.59215   0.0376217   0.190985  2.34206 	Dead: 0
2.54634   0.0342614   0.173927  2.30177 	Dead: 0
2.52796   0.0321218   0.163065  2.30177 	Dead: 0
2.5372    0.0349763   0.177556  2.30128 	Dead: 0
2.52974   0.0358022   0.181748  2.30128 	Dead: 0
2.51847   0.0353007   0.179203  2.26728 	Dead: 0
2.52886   0.039561    0.20083   2.26728 	Dead: 0
2.52111   0.0352787   0.179091  2.26728 	Dead: 0
2.51951   0.038595    0.195926  2.26728 	Dead: 0
2.4888    0.0324591   0.164778  2.26728 	Dead: 0
2.49971   0.0320204   0.162551  2.24564 	Dead: 0
2.50168   0.0322744   0.16384   2.24564 	Dead: 0
2.45042   0.0293642   0.149066  2.20658 	Dead: 0
2.47928   0.0344508   0.174888  2.20658 	Dead: 0
2.46596   0.0373697   0.189706  2.18246 	Dead: 0
2.41787   0.0385038   0.195463  2.10401 	Dead: 0
2.38712   0.0342908   0.174076  2.10401 	Dead: 0
2.35506   0.038319    0.194525  2.10401 	Dead: 0
2.35939   0.038296    0.194408  2.10401 	Dead: 0
2.34476   0.0371234   0.188455  2.10401 	Dead: 0
2.31761   0.0340783   0.172997  2.09746 	Dead: 0
2.32123   0.0357401   0.181434  2.09746 	Dead: 0
2.30876   0.0324979   0.164974  2.04492 	Dead: 0
2.30335   0.0356366   0.180908  2.04492 	Dead: 0
2.31641   0.0364274   0.184922  2.04492 	Dead: 0
2.30529   0.0394265   0.200147  2.04492 	Dead: 0
2.31112   0.0359993   0.182749  2.03552 	Dead: 0
2.3162    0.039329    0.199652  2.03552 	Dead: 0
2.29833   0.0374796   0.190264  2.03552 	Dead: 0
2.32819   0.0485707   0.246567  2.01877 	Dead: 0
2.29816   0.0442395   0.22458   2.01877 	Dead: 0
2.27411   0.0391981   0.198988  2.01877 	Dead: 0
2.27726   0.0414517   0.210428  2.01877 	Dead: 0
2.27223   0.0381028   0.193428  2.01877 	Dead: 0
2.2882    0.0417981   0.212187  2.01877 	Dead: 0
2.27197   0.0406629   0.206424  2.01877 	Dead: 0
2.26481   0.0375372   0.190556  1.92426 	Dead: 0
2.27095   0.0409151   0.207704  1.92426 	Dead: 0
2.27058   0.0480876   0.244115  1.92426 	Dead: 0
2.24003   0.0336147   0.170644  1.92426 	Dead: 0
2.26134   0.04026     0.204378  1.92426 	Dead: 0
2.25313   0.039051    0.198241  1.92426 	Dead: 0
2.23309   0.038949    0.197723  1.92426 	Dead: 0
2.26656   0.0437962   0.22233   1.92426 	Dead: 0
2.28662   0.045065    0.228771  1.92426 	Dead: 0
2.26239   0.0401456   0.203798  1.92426 	Dead: 0
2.26648   0.0376433   0.191095  1.92426 	Dead: 0
2.2375    0.0379148   0.192473  1.92426 	Dead: 0
2.26239   0.0397619   0.20185   1.92426 	Dead: 0
2.2844    0.0420331   0.213379  1.92426 	Dead: 0
2.26273   0.0441545   0.224149  1.92426 	Dead: 0
2.2658    0.0402852   0.204507  1.92426 	Dead: 0
2.26694   0.0428611   0.217583  1.92426 	Dead: 0
2.25626   0.0408701   0.207476  1.92426 	Dead: 0
2.24216   0.0359568   0.182533  1.92426 	Dead: 0
2.23975   0.0385039   0.195464  1.92426 	Dead: 0
2.25146   0.0411268   0.208779  1.92426 	Dead: 0
2.2533    0.0419829   0.213125  1.92426 	Dead: 0
2.27732   0.0456315   0.231647  1.92426 	Dead: 0
2.25837   0.0382121   0.193982  1.92426 	Dead: 0
2.26525   0.0471921   0.239569  1.92426 	Dead: 0
2.25101   0.0383457   0.194661  1.92426 	Dead: 0
