9.40389   0.0478925   0.243125  8.8035  	Dead: 0
8.75639   0.0306593   0.155641  8.36834 	Dead: 0
8.61517   0.0379587   0.192696  8.27968 	Dead: 0
8.45741   0.031371    0.159254  8.15152 	Dead: 0
8.37408   0.0299555   0.152068  8.1429  	Dead: 0
8.34353   0.0379874   0.192842  8.05508 	Dead: 0
8.3076    0.0325753   0.165367  8.00946 	Dead: 0
8.27068   0.0337103   0.171129  7.95141 	Dead: 0
8.25504   0.0336267   0.170705  7.95141 	Dead: 0
8.23844   0.0332333   0.168708  7.95141 	Dead: 0
8.23777   0.0328195   0.166607  7.95141 	Dead: 0
8.23231   0.0339054   0.17212   7.95141 	Dead: 0
8.22855   0.0355108   0.180269  7.88352 	Dead: 0
8.2133    0.0331298   0.168182  7.88352 	Dead: 0
8.20796   0.0350606   0.177984  7.88352 	Dead: 0
8.2212    0.0392734   0.19937   7.88352 	Dead: 0
8.23291   0.0368807   0.187223  7.88352 	Dead: 0
8.24573   0.0397363   0.20172   7.84749 	Dead: 0
8.23571   0.0370525   0.188096  7.84749 	Dead: 0
8.24136   0.0422244   0.214351  7.84749 	Dead: 0
8.24677   0.0392599   0.199302  7.84749 	Dead: 0
8.23286   0.0371054   0.188365  7.84749 	Dead: 0
8.23918   0.0374265   0.189995  7.84749 	Dead: 0
8.23211   0.0367709   0.186666  7.84749 	Dead: 0
8.23921   0.0383347   0.194605  7.84749 	Dead: 0
8.21025   0.0349514   0.17743   7.84749 	Dead: 0
8.24764   0.0396106   0.201082  7.84749 	Dead: 0
8.23615   0.0387092   0.196506  7.84749 	Dead: 0
8.2189    0.0359709   0.182605  7.84749 	Dead: 0
8.23737   0.0384116   0.194995  7.84749 	Dead: 0
8.23591   0.0404846   0.205519  7.84749 	Dead: 0
8.21453   0.0359974   0.18274   7.84749 	Dead: 0
8.21583   0.0390418   0.198194  7.84749 	Dead: 0
8.22825   0.0398512   0.202303  7.84749 	Dead: 0
8.21948   0.0382537   0.194194  7.84749 	Dead: 0
8.19396   0.0325771   0.165377  7.84749 	Dead: 0
8.21559   0.036071    0.183113  7.84749 	Dead: 0
8.23353   0.0408168   0.207205  7.84749 	Dead: 0
8.22495   0.0388007   0.19697   7.84749 	Dead: 0
8.22051   0.0395433   0.20074   7.84749 	Dead: 0
8.22832   0.0385932   0.195917  7.84749 	Dead: 0
8.21129   0.0423115   0.214793  7.84749 	Dead: 0
8.19559   0.0335792   0.170464  7.84749 	Dead: 0
8.21703   0.0404395   0.20529   7.84749 	Dead: 0
8.21594   0.0355924   0.180684  7.84749 	Dead: 0
8.20108   0.0363504   0.184532  7.84749 	Dead: 0
8.20613   0.0386454   0.196182  7.84749 	Dead: 0
8.24435   0.0425602   0.216056  7.84749 	Dead: 0
8.19412   0.0373844   0.189781  7.84749 	Dead: 0
8.21024   0.0399826   0.20297   7.84749 	Dead: 0
8.20056   0.034783    0.176575  7.84749 	Dead: 0
8.19659   0.035052    0.177941  7.84749 	Dead: 0
8.19911   0.0367427   0.186523  7.84749 	Dead: 0
8.1993    0.0364295   0.184933  7.84749 	Dead: 0
8.21255   0.0376397   0.191077  7.84749 	Dead: 0
8.18825   0.0339015   0.1721    7.84749 	Dead: 0
8.20264   0.0383682   0.194775  7.84749 	Dead: 0
8.20846   0.0390646   0.19831   7.84749 	Dead: 0
8.20471   0.0375686   0.190716  7.84749 	Dead: 0
8.18584   0.0336423   0.170784  7.84749 	Dead: 0
8.20086   0.0383585   0.194726  7.84749 	Dead: 0
8.19586   0.0362169   0.183854  7.84749 	Dead: 0
8.20568   0.0362283   0.183912  7.84749 	Dead: 0
8.2096    0.0367182   0.186399  7.84749 	Dead: 0
8.20864   0.0374195   0.189959  7.84749 	Dead: 0
8.21136   0.0353942   0.179677  7.84749 	Dead: 0
8.18631   0.0352347   0.178868  7.84749 	Dead: 0
8.18772   0.0371031   0.188352  7.84749 	Dead: 0
8.19101   0.0368576   0.187107  7.84749 	Dead: 0
8.20128   0.0380453   0.193136  7.84749 	Dead: 0
8.18956   0.0361696   0.183614  7.8048  	Dead: 0
8.18351   0.038367    0.194769  7.8048  	Dead: 0
8.19267   0.0412281   0.209293  7.8048  	Dead: 0
8.18302   0.0391147   0.198564  7.8048  	Dead: 0
8.18668   0.0391268   0.198626  7.8048  	Dead: 0
8.19717   0.0384968   0.195428  7.8048  	Dead: 0
8.18031   0.0404101   0.205141  7.8048  	Dead: 0
8.18228   0.0399246   0.202676  7.8048  	Dead: 0
8.1731    0.0369053   0.187348  7.8048  	Dead: 0
8.19714   0.0402413   0.204284  7.8048  	Dead: 0
8.17447   0.0387979   0.196956  7.8048  	Dead: 0
8.17883   0.0412126   0.209214  7.8048  	Dead: 0
8.16408   0.0380295   0.193056  7.8048  	Dead: 0
8.16047   0.0342777   0.17401   7.8048  	Dead: 0
8.1555    0.0358331   0.181906  7.8048  	Dead: 0
8.18359   0.03674     0.186509  7.8048  	Dead: 0
8.16124   0.0366033   0.185816  7.8048  	Dead: 0
8.19279   0.039664    0.201353  7.8048  	Dead: 0
8.15567   0.0362053   0.183795  7.8048  	Dead: 0
8.15592   0.0317579   0.161218  7.8048  	Dead: 0
8.18273   0.0375986   0.190868  7.8048  	Dead: 0
8.17703   0.0360804   0.183161  7.8048  	Dead: 0
8.19488   0.0409001   0.207628  7.8048  	Dead: 0
8.1751    0.0382065   0.193954  7.8048  	Dead: 0
8.1916    0.0388257   0.197097  7.8048  	Dead: 0
8.18372   0.0377375   0.191573  7.8048  	Dead: 0
8.15712   0.0359099   0.182295  7.8048  	Dead: 0
8.1613    0.0359404   0.18245   7.8048  	Dead: 0
8.20287   0.0436355   0.221514  7.8048  	Dead: 0
8.16121   0.0378759   0.192276  7.8048  	Dead: 0
8.15992   0.0381141   0.193485  7.8048  	Dead: 0
