6.55767   0.12339     0.626384  4.67526 	Dead: 0
3.18934   0.0269372   0.136746  2.92893 	Dead: 0
2.87746   0.025561    0.12976   2.67421 	Dead: 0
2.84569   0.0270331   0.137233  2.59616 	Dead: 0
2.83289   0.027111    0.137628  2.59616 	Dead: 0
2.81439   0.0301961   0.153289  2.50873 	Dead: 0
2.76024   0.0422639   0.214551  2.50873 	Dead: 0
2.70606   0.0295381   0.149949  2.37338 	Dead: 0
2.71856   0.033679    0.17097   2.37338 	Dead: 0
2.69592   0.0343799   0.174529  2.37338 	Dead: 0
2.67061   0.0331627   0.168349  2.37338 	Dead: 0
2.66079   0.0352091   0.178738  2.37338 	Dead: 0
2.64165   0.0323001   0.163971  2.37338 	Dead: 0
2.64845   0.0317507   0.161181  2.37338 	Dead: 0
2.65005   0.037977    0.192789  2.37338 	Dead: 0
2.62753   0.0312133   0.158454  2.37338 	Dead: 0
2.65503   0.0376274   0.191014  2.37338 	Dead: 0
2.62889   0.0387642   0.196785  2.34124 	Dead: 0
2.64007   0.0368829   0.187235  2.34124 	Dead: 0
2.66142   0.0452456   0.229688  2.34124 	Dead: 0
2.62975   0.0376598   0.191179  2.34124 	Dead: 0
2.59216   0.0336881   0.171016  2.34124 	Dead: 0
2.62658   0.0420256   0.213342  2.31469 	Dead: 0
2.61368   0.0371127   0.188402  2.31469 	Dead: 0
2.58554   0.0312042   0.158407  2.31469 	Dead: 0
2.59646   0.0343667   0.174462  2.31469 	Dead: 0
2.60698   0.038585    0.195875  2.31469 	Dead: 0
2.59707   0.0361337   0.183432  2.31469 	Dead: 0
2.59386   0.0337696   0.17143   2.31469 	Dead: 0
2.58346   0.0364811   0.185195  2.31469 	Dead: 0
2.58403   0.0350968   0.178168  2.31469 	Dead: 0
2.59821   0.041284    0.209577  2.31469 	Dead: 0
2.57298   0.0360014   0.18276   2.31469 	Dead: 0
2.59547   0.0439867   0.223297  2.31469 	Dead: 0
2.58972   0.0363405   0.184481  2.31469 	Dead: 0
2.57547   0.0360427   0.18297   2.31469 	Dead: 0
2.56643   0.0388371   0.197155  2.31469 	Dead: 0
2.57184   0.0343191   0.17422   2.31469 	Dead: 0
2.57031   0.03566     0.181027  2.31469 	Dead: 0
2.54994   0.0334027   0.169568  2.31469 	Dead: 0
2.53656   0.0351694   0.178536  2.31469 	Dead: 0
2.53006   0.0315966   0.160399  2.23496 	Dead: 0
2.55188   0.0330388   0.167721  2.23496 	Dead: 0
2.5642    0.0405204   0.205701  2.23496 	Dead: 0
2.55145   0.0335419   0.170275  2.23496 	Dead: 0
2.56856   0.0381716   0.193777  2.23496 	Dead: 0
2.5287    0.0308589   0.156654  2.23496 	Dead: 0
2.54502   0.0325908   0.165446  2.23496 	Dead: 0
2.57306   0.0393178   0.199595  2.23496 	Dead: 0
2.54558   0.0381423   0.193628  2.23496 	Dead: 0
2.50867   0.0300559   0.152578  2.23496 	Dead: 0
2.53012   0.0347123   0.176216  2.23496 	Dead: 0
2.55624   0.0380416   0.193117  2.23496 	Dead: 0
2.55858   0.0373586   0.18965   2.23496 	Dead: 0
2.52978   0.0330664   0.16786   2.23496 	Dead: 0
2.54275   0.0379348   0.192575  2.23496 	Dead: 0
2.5325    0.0337146   0.171151  2.23496 	Dead: 0
2.54253   0.0373115   0.18941   2.23496 	Dead: 0
2.54634   0.0355338   0.180386  2.23496 	Dead: 0
2.51252   0.0344569   0.174919  2.23496 	Dead: 0
2.52822   0.0343917   0.174588  2.23496 	Dead: 0
2.53007   0.0387185   0.196553  2.23496 	Dead: 0
2.53669   0.0365203   0.185394  2.23496 	Dead: 0
2.49344   0.0325505   0.165242  2.23496 	Dead: 0
2.49344   0.0356137   0.180792  2.23496 	Dead: 0
2.50196   0.0364305   0.184938  2.23496 	Dead: 0
2.4982    0.0376968   0.191366  2.22972 	Dead: 0
2.49984   0.0394103   0.200065  2.22972 	Dead: 0
2.47384   0.033358    0.169341  2.22972 	Dead: 0
2.48101   0.0351891   0.178636  2.22972 	Dead: 0
2.44755   0.0326526   0.16576   2.15775 	Dead: 0
2.44316   0.0325696   0.165339  2.15775 	Dead: 0
2.4383    0.0347872   0.176596  2.15775 	Dead: 0
2.43986   0.033359    0.169346  2.15775 	Dead: 0
2.44513   0.0385432   0.195663  2.15775 	Dead: 0
2.45459   0.0396206   0.201133  2.15775 	Dead: 0
2.42099   0.0314465   0.159637  2.15775 	Dead: 0
2.42962   0.0345216   0.175248  2.15775 	Dead: 0
2.42121   0.0314248   0.159527  2.15775 	Dead: 0
2.43904   0.0408337   0.207291  2.15775 	Dead: 0
2.39575   0.0280779   0.142536  2.15775 	Dead: 0
2.42618   0.0399594   0.202853  2.15775 	Dead: 0
2.41156   0.032136    0.163137  2.15775 	Dead: 0
2.42056   0.0320437   0.162669  2.15775 	Dead: 0
2.4234    0.035392    0.179666  2.12391 	Dead: 0
2.39955   0.0339412   0.172301  2.12391 	Dead: 0
2.40176   0.0340447   0.172827  2.12391 	Dead: 0
2.37376   0.02777     0.140974  2.12391 	Dead: 0
2.39583   0.0351646   0.178512  2.12391 	Dead: 0
2.40003   0.031899    0.161934  2.12391 	Dead: 0
2.38625   0.0353848   0.17963   2.12391 	Dead: 0
2.37782   0.0328821   0.166925  2.12391 	Dead: 0
2.42646   0.0405225   0.205711  2.12391 	Dead: 0
2.38962   0.0307571   0.156137  2.12391 	Dead: 0
2.39481   0.0360807   0.183163  2.12391 	Dead: 0
2.3832    0.0350596   0.177979  2.12391 	Dead: 0
2.39218   0.0367486   0.186553  2.12391 	Dead: 0
2.37074   0.0304048   0.154349  2.12391 	Dead: 0
2.37881   0.0305967   0.155323  2.12391 	Dead: 0
2.38869   0.0336985   0.171069  2.12391 	Dead: 0
2.39714   0.0372652   0.189176  2.12391 	Dead: 0
