6.49094   0.101804    0.516803  5.53043 	Dead: 0
3.76729   0.0441158   0.223952  3.2359  	Dead: 0
3.0705    0.0300306   0.152449  2.76069 	Dead: 0
2.94385   0.0241685   0.12269   2.7346  	Dead: 0
2.92573   0.0343873   0.174566  2.69553 	Dead: 0
2.89507   0.0275805   0.140011  2.69553 	Dead: 0
2.89993   0.0301876   0.153247  2.68543 	Dead: 0
2.87607   0.0340829   0.173021  2.58814 	Dead: 0
2.83064   0.0251518   0.127682  2.58814 	Dead: 0
2.81303   0.0303842   0.154244  2.58814 	Dead: 0
2.81658   0.0312607   0.158694  2.58814 	Dead: 0
2.81178   0.028936    0.146893  2.58814 	Dead: 0
2.80803   0.0314758   0.159786  2.58814 	Dead: 0
2.78347   0.0268963   0.136538  2.58814 	Dead: 0
2.77819   0.0321328   0.163121  2.49222 	Dead: 0
2.7392    0.0303949   0.154299  2.49222 	Dead: 0
2.71787   0.0324026   0.164491  2.49222 	Dead: 0
2.69309   0.0264596   0.134321  2.45752 	Dead: 0
2.71723   0.0362706   0.184126  2.45752 	Dead: 0
2.70922   0.0350873   0.178119  2.45752 	Dead: 0
2.69231   0.0304094   0.154372  2.45752 	Dead: 0
2.70974   0.0345747   0.175517  2.45752 	Dead: 0
2.72025   0.0371022   0.188348  2.45752 	Dead: 0
2.69457   0.0364358   0.184965  2.45752 	Dead: 0
2.69688   0.0348665   0.176999  2.45752 	Dead: 0
2.70201   0.0381618   0.193727  2.45752 	Dead: 0
2.69768   0.033175    0.168412  2.40892 	Dead: 0
2.68314   0.0300327   0.15246   2.40892 	Dead: 0
2.6594    0.0303223   0.15393   2.40892 	Dead: 0
2.66072   0.0305696   0.155185  2.40892 	Dead: 0
2.68334   0.0351688   0.178533  2.40892 	Dead: 0
2.68427   0.0356844   0.181151  2.40892 	Dead: 0
2.67723   0.0358438   0.18196   2.40892 	Dead: 0
2.6536    0.0326962   0.165981  2.40892 	Dead: 0
2.6607    0.03132     0.158995  2.40892 	Dead: 0
2.65504   0.032746    0.166234  2.40892 	Dead: 0
2.65784   0.0325867   0.165425  2.40892 	Dead: 0
2.67565   0.0343755   0.174506  2.40892 	Dead: 0
2.65009   0.0293234   0.148859  2.40892 	Dead: 0
2.65864   0.0293866   0.14918   2.40892 	Dead: 0
2.6469    0.0299694   0.152138  2.40892 	Dead: 0
2.63386   0.025189    0.127871  2.40892 	Dead: 0
2.67338   0.0383476   0.19467   2.40892 	Dead: 0
2.65882   0.0307705   0.156206  2.40892 	Dead: 0
2.64536   0.0303872   0.15426   2.40892 	Dead: 0
2.67236   0.0391395   0.19869   2.40892 	Dead: 0
2.67468   0.0349891   0.177621  2.40892 	Dead: 0
2.65755   0.030392    0.154284  2.40892 	Dead: 0
2.64935   0.0311092   0.157925  2.38721 	Dead: 0
2.65361   0.0323519   0.164233  2.38721 	Dead: 0
2.66249   0.0374823   0.190278  2.38721 	Dead: 0
2.65113   0.0326971   0.165986  2.38721 	Dead: 0
2.64191   0.0299519   0.15205   2.38721 	Dead: 0
2.65142   0.0349009   0.177173  2.38721 	Dead: 0
2.64864   0.0331935   0.168505  2.38721 	Dead: 0
2.65128   0.0303285   0.153962  2.38721 	Dead: 0
2.66774   0.036328    0.184418  2.38721 	Dead: 0
2.63703   0.0295646   0.150084  2.38721 	Dead: 0
2.63473   0.0289659   0.147045  2.38721 	Dead: 0
2.64274   0.031397    0.159386  2.38683 	Dead: 0
2.64565   0.0350697   0.17803   2.38683 	Dead: 0
2.64238   0.0317469   0.161162  2.38683 	Dead: 0
2.64555   0.0316722   0.160783  2.38683 	Dead: 0
2.64217   0.0320861   0.162884  2.38683 	Dead: 0
2.63521   0.0337935   0.171551  2.38683 	Dead: 0
2.64422   0.032277    0.163853  2.38683 	Dead: 0
2.63086   0.0318817   0.161847  2.38683 	Dead: 0
2.64788   0.0354378   0.179899  2.38683 	Dead: 0
2.63695   0.0328534   0.166779  2.38683 	Dead: 0
2.6333    0.0332642   0.168865  2.38683 	Dead: 0
2.6296    0.0296198   0.150364  2.38683 	Dead: 0
2.64893   0.0345141   0.17521   2.38683 	Dead: 0
2.63625   0.0354761   0.180093  2.38683 	Dead: 0
2.65461   0.0380511   0.193165  2.38683 	Dead: 0
2.62259   0.0300483   0.152539  2.38683 	Dead: 0
2.65224   0.0375136   0.190436  2.38683 	Dead: 0
2.64989   0.0375766   0.190757  2.38683 	Dead: 0
2.62465   0.0314354   0.159581  2.38683 	Dead: 0
2.63514   0.0340251   0.172727  2.38683 	Dead: 0
2.6514    0.0374445   0.190086  2.38683 	Dead: 0
2.67404   0.0428588   0.217571  2.38683 	Dead: 0
2.65623   0.0351284   0.178328  2.3395  	Dead: 0
2.61105   0.0294833   0.149671  2.3395  	Dead: 0
2.61704   0.0296391   0.150462  2.3395  	Dead: 0
2.617     0.0296412   0.150472  2.3395  	Dead: 0
2.64826   0.0376303   0.191029  2.3395  	Dead: 0
2.64996   0.0388207   0.197072  2.3395  	Dead: 0
2.64725   0.0334396   0.169755  2.3395  	Dead: 0
2.63042   0.0316861   0.160854  2.3395  	Dead: 0
2.646     0.0381442   0.193638  2.3395  	Dead: 0
2.63051   0.0319061   0.16197   2.3395  	Dead: 0
2.62651   0.0336948   0.171051  2.3395  	Dead: 0
2.62356   0.0336794   0.170972  2.3395  	Dead: 0
2.62556   0.0335617   0.170375  2.3395  	Dead: 0
2.6453    0.0370732   0.188201  2.3395  	Dead: 0
2.63201   0.0311386   0.158074  2.3395  	Dead: 0
2.6444    0.0344068   0.174665  2.3395  	Dead: 0
2.62812   0.0301595   0.153104  2.3395  	Dead: 0
2.63143   0.0328264   0.166642  2.3395  	Dead: 0
2.64227   0.0370219   0.18794   2.3395  	Dead: 0
2.6349    0.0297887   0.151221  2.3395  	Dead: 0
