6.54459   0.130331    0.661622  4.99358 	Dead: 0
3.14876   0.0337257   0.171207  2.74235 	Dead: 0
2.87791   0.0329746   0.167394  2.62118 	Dead: 0
2.83432   0.0305287   0.154978  2.58291 	Dead: 0
2.77114   0.0308054   0.156382  2.53264 	Dead: 0
2.73056   0.0291833   0.148148  2.50271 	Dead: 0
2.72196   0.0317599   0.161228  2.4675  	Dead: 0
2.70686   0.0299287   0.151932  2.4675  	Dead: 0
2.71076   0.0340319   0.172762  2.4675  	Dead: 0
2.6594    0.028351    0.143923  2.40629 	Dead: 0
2.61972   0.027005    0.13709   2.40629 	Dead: 0
2.61043   0.0280284   0.142285  2.40629 	Dead: 0
2.60187   0.0301707   0.153161  2.38658 	Dead: 0
2.56209   0.0279382   0.141827  2.34616 	Dead: 0
2.5623    0.02504     0.127115  2.34616 	Dead: 0
2.55534   0.0286829   0.145608  2.33273 	Dead: 0
2.54764   0.0288911   0.146665  2.33273 	Dead: 0
2.55626   0.0310359   0.157553  2.33273 	Dead: 0
2.56052   0.0302846   0.153739  2.30304 	Dead: 0
2.54043   0.0294815   0.149662  2.30152 	Dead: 0
2.5533    0.0325804   0.165393  2.30152 	Dead: 0
2.51923   0.0268946   0.13653   2.30152 	Dead: 0
2.52806   0.0252339   0.128099  2.30152 	Dead: 0
2.51872   0.0282009   0.143161  2.30152 	Dead: 0
2.51091   0.0308085   0.156398  2.29946 	Dead: 0
2.52218   0.0330107   0.167578  2.29946 	Dead: 0
2.51562   0.0309466   0.157099  2.29946 	Dead: 0
2.52921   0.0341795   0.173511  2.29946 	Dead: 0
2.50722   0.0296037   0.150282  2.29946 	Dead: 0
2.51871   0.0326916   0.165958  2.29145 	Dead: 0
2.49718   0.0274242   0.139218  2.29145 	Dead: 0
2.50098   0.028909    0.146756  2.29145 	Dead: 0
2.50674   0.0306059   0.15537   2.29145 	Dead: 0
2.51588   0.0318781   0.161828  2.29145 	Dead: 0
2.49888   0.0305399   0.155035  2.29033 	Dead: 0
2.4646    0.0291479   0.147968  2.28572 	Dead: 0
2.5113    0.0400649   0.203388  2.28572 	Dead: 0
2.50235   0.0341599   0.173411  2.27807 	Dead: 0
2.47215   0.0274898   0.139551  2.27807 	Dead: 0
2.49051   0.0341434   0.173328  2.24879 	Dead: 0
2.47788   0.0312314   0.158545  2.24879 	Dead: 0
2.48483   0.0333432   0.169266  2.24879 	Dead: 0
2.45767   0.0274845   0.139524  2.24879 	Dead: 0
2.48579   0.0365884   0.18574   2.20572 	Dead: 0
2.50108   0.0395511   0.20078   2.20572 	Dead: 0
2.49198   0.0462442   0.234757  2.20572 	Dead: 0
2.46618   0.0369604   0.187628  2.20572 	Dead: 0
2.45144   0.0392359   0.19918   2.20572 	Dead: 0
2.46569   0.0405193   0.205695  2.20572 	Dead: 0
2.43308   0.0395484   0.200766  2.12952 	Dead: 0
2.4278    0.0396617   0.201341  2.12952 	Dead: 0
2.39646   0.035957    0.182534  2.12952 	Dead: 0
2.41543   0.0394145   0.200086  2.12952 	Dead: 0
2.36719   0.0326543   0.165769  2.09984 	Dead: 0
2.40133   0.0410165   0.208219  2.09984 	Dead: 0
2.39903   0.041639    0.211379  2.09984 	Dead: 0
2.36042   0.0370201   0.187931  2.08253 	Dead: 0
2.37595   0.0390207   0.198087  2.08253 	Dead: 0
2.37958   0.0366036   0.185817  2.08253 	Dead: 0
2.36466   0.0419559   0.212988  2.08253 	Dead: 0
2.36388   0.0385334   0.195613  2.08253 	Dead: 0
2.37122   0.0394935   0.200487  2.08253 	Dead: 0
2.36714   0.0400397   0.20326   2.08253 	Dead: 0
2.34417   0.0321114   0.163012  2.08253 	Dead: 0
2.32507   0.0295228   0.149872  2.08253 	Dead: 0
2.32333   0.0349659   0.177503  2.08253 	Dead: 0
2.33912   0.0343135   0.174191  2.08253 	Dead: 0
2.32987   0.0330436   0.167745  2.08253 	Dead: 0
2.33639   0.0361847   0.183691  2.077   	Dead: 0
2.34029   0.0390678   0.198326  2.077   	Dead: 0
2.34601   0.0355355   0.180395  2.077   	Dead: 0
2.34572   0.0400491   0.203308  2.077   	Dead: 0
2.32581   0.0375496   0.190619  2.03865 	Dead: 0
2.33386   0.0331487   0.168278  2.03865 	Dead: 0
2.33541   0.0420207   0.213316  2.03865 	Dead: 0
2.32606   0.0360434   0.182973  2.03865 	Dead: 0
2.36276   0.048181    0.244589  2.03865 	Dead: 0
2.32862   0.0402955   0.204559  2.03865 	Dead: 0
2.35765   0.0480283   0.243814  2.03375 	Dead: 0
2.34335   0.0425649   0.216079  2.03375 	Dead: 0
2.35613   0.0415203   0.210776  2.03375 	Dead: 0
2.33188   0.0376061   0.190906  2.03375 	Dead: 0
2.35597   0.0435313   0.220985  2.03375 	Dead: 0
2.31307   0.0356753   0.181104  2.03375 	Dead: 0
2.33298   0.0421853   0.214152  2.03375 	Dead: 0
2.30902   0.0392843   0.199425  2.03375 	Dead: 0
2.31035   0.0339835   0.172516  2.03375 	Dead: 0
2.32019   0.0425999   0.216257  2.03375 	Dead: 0
2.32837   0.0409211   0.207735  2.03375 	Dead: 0
2.3354    0.0404934   0.205564  2.03375 	Dead: 0
2.30712   0.0390703   0.198339  2.03375 	Dead: 0
2.34472   0.0458298   0.232654  2.03375 	Dead: 0
2.29882   0.0358672   0.182079  2.03375 	Dead: 0
2.32112   0.0404846   0.205519  2.03375 	Dead: 0
2.31514   0.0439381   0.22305   2.03375 	Dead: 0
2.33538   0.0397895   0.20199   2.03375 	Dead: 0
2.30291   0.0343526   0.17439   2.03375 	Dead: 0
2.30644   0.040451    0.205348  2.03375 	Dead: 0
2.30346   0.0384682   0.195282  2.03375 	Dead: 0
2.32088   0.0392489   0.199246  1.9843  	Dead: 0
2.33425   0.0477221   0.24226   1.9843  	Dead: 0
