7.98698   0.0577979   0.293409  7.4274  	Dead: 0
7.27218   0.0301588   0.1531    7.03711 	Dead: 0
7.1513    0.0325668   0.165324  6.8158  	Dead: 0
7.09048   0.0297922   0.151239  6.80287 	Dead: 0
7.09138   0.0370992   0.188333  6.79833 	Dead: 0
7.06277   0.0344152   0.174708  6.79833 	Dead: 0
7.04474   0.0345799   0.175544  6.79833 	Dead: 0
7.02259   0.0332861   0.168976  6.77092 	Dead: 0
7.01925   0.0343434   0.174343  6.75473 	Dead: 0
7.01323   0.0329377   0.167207  6.75473 	Dead: 0
7.0232    0.0375817   0.190782  6.75473 	Dead: 0
6.98428   0.0332301   0.168691  6.75473 	Dead: 0
6.98002   0.031669    0.160767  6.69746 	Dead: 0
6.96926   0.0341222   0.17322   6.69746 	Dead: 0
6.95941   0.0330172   0.167611  6.69746 	Dead: 0
6.94229   0.0370344   0.188004  6.64667 	Dead: 0
6.92865   0.0340581   0.172895  6.64667 	Dead: 0
6.90666   0.0307304   0.156002  6.62289 	Dead: 0
6.92881   0.0341694   0.17346   6.62289 	Dead: 0
6.93051   0.0340263   0.172734  6.62289 	Dead: 0
6.92256   0.0356671   0.181063  6.62289 	Dead: 0
6.92132   0.0381231   0.19353   6.62289 	Dead: 0
6.91188   0.0336697   0.170923  6.62289 	Dead: 0
6.91679   0.0344377   0.174822  6.62289 	Dead: 0
6.91907   0.0355463   0.180449  6.62289 	Dead: 0
6.90109   0.0339301   0.172245  6.62289 	Dead: 0
6.9017    0.0333517   0.169309  6.55031 	Dead: 0
6.90631   0.0369928   0.187793  6.55031 	Dead: 0
6.89776   0.0382799   0.194327  6.55031 	Dead: 0
6.90737   0.03786     0.192195  6.55031 	Dead: 0
6.91479   0.0396528   0.201296  6.55031 	Dead: 0
6.91      0.0390038   0.198002  6.55031 	Dead: 0
6.90563   0.0389018   0.197484  6.55031 	Dead: 0
6.91485   0.0402163   0.204157  6.55031 	Dead: 0
6.88594   0.0374317   0.190021  6.55031 	Dead: 0
6.89485   0.0388588   0.197266  6.55031 	Dead: 0
6.88545   0.0357314   0.181389  6.55031 	Dead: 0
6.86719   0.0318349   0.161609  6.55031 	Dead: 0
6.86991   0.0342323   0.173779  6.55031 	Dead: 0
6.88647   0.0365924   0.18576   6.55031 	Dead: 0
6.88684   0.0385982   0.195942  6.55031 	Dead: 0
6.86268   0.0367679   0.186651  6.51928 	Dead: 0
6.86349   0.037126    0.188469  6.51928 	Dead: 0
6.85881   0.0351338   0.178356  6.51928 	Dead: 0
6.86247   0.0372354   0.189024  6.51928 	Dead: 0
6.86485   0.0408586   0.207417  6.51928 	Dead: 0
6.83715   0.0373037   0.189371  6.51928 	Dead: 0
6.83014   0.0341851   0.173539  6.51928 	Dead: 0
6.83998   0.0364307   0.184939  6.51928 	Dead: 0
6.83334   0.0353977   0.179695  6.48193 	Dead: 0
6.83867   0.0356305   0.180877  6.48193 	Dead: 0
6.87054   0.0393998   0.200012  6.48193 	Dead: 0
6.84547   0.0390416   0.198193  6.48193 	Dead: 0
6.841     0.0332145   0.168612  6.48193 	Dead: 0
6.81831   0.036019    0.182849  6.48193 	Dead: 0
6.81666   0.0337918   0.171543  6.48193 	Dead: 0
6.83919   0.0376765   0.191263  6.48193 	Dead: 0
6.79346   0.0372532   0.189115  6.48193 	Dead: 0
6.79161   0.0360792   0.183155  6.48193 	Dead: 0
6.79295   0.0352159   0.178772  6.48193 	Dead: 0
6.8001    0.0376276   0.191015  6.48193 	Dead: 0
6.78381   0.0334824   0.169972  6.48193 	Dead: 0
6.77845   0.0334665   0.169892  6.48193 	Dead: 0
6.78153   0.0346779   0.176041  6.48193 	Dead: 0
6.7742    0.0357325   0.181395  6.48193 	Dead: 0
6.77674   0.0334768   0.169944  6.48193 	Dead: 0
6.76468   0.0340651   0.17293   6.48193 	Dead: 0
6.76341   0.0347436   0.176375  6.48193 	Dead: 0
6.75357   0.0364267   0.184919  6.48193 	Dead: 0
6.76466   0.0359694   0.182598  6.48193 	Dead: 0
6.77331   0.0385132   0.195511  6.48193 	Dead: 0
6.75552   0.0361935   0.183735  6.45632 	Dead: 0
6.78541   0.0409409   0.207835  6.45632 	Dead: 0
6.75579   0.0385779   0.195839  6.45632 	Dead: 0
6.7626    0.0400017   0.203068  6.45632 	Dead: 0
6.7684    0.0391107   0.198544  6.45632 	Dead: 0
6.73668   0.0368147   0.186888  6.45632 	Dead: 0
6.76049   0.0390159   0.198063  6.45632 	Dead: 0
6.74196   0.0375107   0.190422  6.45632 	Dead: 0
6.73504   0.0329994   0.16752   6.45632 	Dead: 0
6.75234   0.0349884   0.177617  6.45632 	Dead: 0
6.74694   0.0387972   0.196953  6.45632 	Dead: 0
6.73806   0.035101    0.178189  6.45632 	Dead: 0
6.73891   0.0362063   0.1838    6.42022 	Dead: 0
6.7271    0.0399681   0.202897  6.42022 	Dead: 0
6.74741   0.0366131   0.185865  6.42022 	Dead: 0
6.75209   0.0397202   0.201639  6.42022 	Dead: 0
6.76104   0.0384686   0.195284  6.42022 	Dead: 0
6.7486    0.036595    0.185773  6.42022 	Dead: 0
6.73828   0.0359371   0.182434  6.42022 	Dead: 0
6.73834   0.0372816   0.189259  6.42022 	Dead: 0
6.7566    0.0391248   0.198616  6.42022 	Dead: 0
6.73445   0.0364598   0.185087  6.42022 	Dead: 0
6.75763   0.0387997   0.196965  6.42022 	Dead: 0
6.7505    0.0400344   0.203233  6.42022 	Dead: 0
6.72629   0.0390991   0.198485  6.42022 	Dead: 0
6.72046   0.0353707   0.179558  6.42022 	Dead: 0
6.73052   0.0445541   0.226177  6.42022 	Dead: 0
6.7217    0.0384585   0.195233  6.42022 	Dead: 0
6.73222   0.036978    0.187718  6.42022 	Dead: 0
6.71737   0.0325747   0.165364  6.42022 	Dead: 0
