7.97865   0.0533368   0.270763  7.16361 	Dead: 0
7.10382   0.0294586   0.149545  6.84141 	Dead: 0
6.97668   0.0322917   0.163928  6.70387 	Dead: 0
6.93793   0.0349706   0.177527  6.59723 	Dead: 0
6.89498   0.0332664   0.168876  6.59438 	Dead: 0
6.87133   0.0331875   0.168475  6.59438 	Dead: 0
6.87897   0.0398477   0.202286  6.59438 	Dead: 0
6.83974   0.0318105   0.161485  6.59438 	Dead: 0
6.86482   0.0352127   0.178756  6.52481 	Dead: 0
6.87575   0.0389535   0.197746  6.52481 	Dead: 0
6.86839   0.037325    0.189479  6.52481 	Dead: 0
6.84832   0.0381417   0.193625  6.52481 	Dead: 0
6.82718   0.0362329   0.183935  6.52481 	Dead: 0
6.80244   0.0357626   0.181547  6.52481 	Dead: 0
6.78957   0.0345729   0.175508  6.52481 	Dead: 0
6.79226   0.0360654   0.183085  6.52481 	Dead: 0
6.73944   0.0336691   0.17092   6.44293 	Dead: 0
6.72149   0.0334688   0.169903  6.39687 	Dead: 0
6.70558   0.0341963   0.173596  6.39687 	Dead: 0
6.70052   0.0335768   0.170452  6.39687 	Dead: 0
6.63877   0.0297568   0.151059  6.39687 	Dead: 0
6.63658   0.0300928   0.152765  6.36677 	Dead: 0
6.64664   0.0313181   0.158985  6.36677 	Dead: 0
6.63283   0.0312558   0.158669  6.36677 	Dead: 0
6.6205    0.0303922   0.154285  6.35717 	Dead: 0
6.62919   0.0309006   0.156866  6.2978  	Dead: 0
6.60876   0.0322444   0.163688  6.2978  	Dead: 0
6.626     0.0345779   0.175534  6.2978  	Dead: 0
6.60781   0.0327096   0.166049  6.2978  	Dead: 0
6.61346   0.0330166   0.167608  6.2978  	Dead: 0
6.60915   0.0347767   0.176543  6.2978  	Dead: 0
6.59867   0.0330627   0.167842  6.29475 	Dead: 0
6.59303   0.0335182   0.170154  6.29475 	Dead: 0
6.56987   0.030616    0.155421  6.29475 	Dead: 0
6.56286   0.030018    0.152385  6.29475 	Dead: 0
6.57789   0.0351382   0.178378  6.29475 	Dead: 0
6.55732   0.0303873   0.15426   6.29475 	Dead: 0
6.56676   0.0321028   0.162969  6.29475 	Dead: 0
6.59158   0.0360563   0.183039  6.29475 	Dead: 0
6.56052   0.0331045   0.168054  6.29475 	Dead: 0
6.58419   0.0329069   0.167051  6.29475 	Dead: 0
6.58424   0.0357043   0.181252  6.29475 	Dead: 0
6.58513   0.0368133   0.186882  6.29475 	Dead: 0
6.58561   0.0321489   0.163203  6.29475 	Dead: 0
6.57876   0.0346699   0.176001  6.29475 	Dead: 0
6.57431   0.0389952   0.197958  6.29475 	Dead: 0
6.57344   0.0341324   0.173272  6.29117 	Dead: 0
6.58538   0.0334571   0.169844  6.29117 	Dead: 0
6.59477   0.0383081   0.19447   6.29117 	Dead: 0
6.56804   0.0347344   0.176328  6.29117 	Dead: 0
6.58138   0.034867    0.177001  6.29117 	Dead: 0
6.56386   0.0321612   0.163265  6.29117 	Dead: 0
6.58148   0.0461012   0.234031  6.28839 	Dead: 0
6.56037   0.034619    0.175742  6.28839 	Dead: 0
6.55855   0.0344184   0.174724  6.26646 	Dead: 0
6.56798   0.0357759   0.181615  6.26646 	Dead: 0
6.54716   0.0371438   0.188559  6.26646 	Dead: 0
6.53296   0.0334759   0.169939  6.26646 	Dead: 0
6.56674   0.0367138   0.186376  6.26646 	Dead: 0
6.5592    0.0344752   0.175012  6.26646 	Dead: 0
6.55217   0.0352863   0.17913   6.25752 	Dead: 0
6.54974   0.0350471   0.177916  6.25752 	Dead: 0
6.57303   0.0389997   0.197981  6.25752 	Dead: 0
6.53684   0.0305857   0.155267  6.25752 	Dead: 0
6.54075   0.0322436   0.163683  6.25752 	Dead: 0
6.5455    0.0368279   0.186956  6.25752 	Dead: 0
6.54327   0.0352345   0.178867  6.25752 	Dead: 0
6.54234   0.0366191   0.185896  6.25752 	Dead: 0
6.54385   0.0360487   0.183     6.25752 	Dead: 0
6.54604   0.0371861   0.188774  6.25752 	Dead: 0
6.54168   0.033667    0.170909  6.21358 	Dead: 0
6.56017   0.0357763   0.181617  6.21358 	Dead: 0
6.5379    0.0350941   0.178154  6.21358 	Dead: 0
6.53695   0.0345942   0.175617  6.21358 	Dead: 0
6.5727    0.0399681   0.202897  6.21358 	Dead: 0
6.52929   0.0302428   0.153527  6.21358 	Dead: 0
6.53293   0.0325719   0.16535   6.21358 	Dead: 0
6.52713   0.0322769   0.163853  6.21358 	Dead: 0
6.52643   0.0314098   0.159451  6.21358 	Dead: 0
6.55869   0.0392542   0.199273  6.21358 	Dead: 0
6.53953   0.0347912   0.176617  6.21358 	Dead: 0
6.53609   0.0350219   0.177788  6.21358 	Dead: 0
6.53803   0.035272    0.179057  6.21358 	Dead: 0
6.51612   0.033512    0.170122  6.21358 	Dead: 0
6.55695   0.0405336   0.205768  6.21358 	Dead: 0
6.54334   0.0373245   0.189477  6.21358 	Dead: 0
6.52918   0.0374051   0.189886  6.21358 	Dead: 0
6.54821   0.0435971   0.221319  6.21358 	Dead: 0
6.54288   0.0356279   0.180864  6.21358 	Dead: 0
6.53085   0.0322143   0.163535  6.21358 	Dead: 0
6.52283   0.0331038   0.168051  6.21358 	Dead: 0
6.50769   0.0314097   0.15945   6.21358 	Dead: 0
6.49534   0.0306104   0.155393  6.21358 	Dead: 0
6.51112   0.0327339   0.166172  6.21358 	Dead: 0
6.52226   0.033489    0.170006  6.21358 	Dead: 0
6.52346   0.0420838   0.213637  6.21358 	Dead: 0
6.5365    0.0395209   0.200626  6.21358 	Dead: 0
6.51547   0.0349317   0.177329  6.21358 	Dead: 0
6.52784   0.0359935   0.18272   6.21358 	Dead: 0
6.53955   0.0387973   0.196953  6.21358 	Dead: 0
6.5194    0.0321319   0.163116  6.21358 	Dead: 0
