6.91942   0.207999    1.0559    4.92911 	Dead: 0
4.25305   0.0500537   0.254096  3.98033 	Dead: 0
4.1492    0.0396634   0.20135   3.78275 	Dead: 0
3.97364   0.0354791   0.180108  3.69718 	Dead: 0
3.80991   0.0526329   0.267189  3.52433 	Dead: 0
3.58116   0.0348862   0.177098  3.29974 	Dead: 0
3.57801   0.0661128   0.335619  3.20034 	Dead: 0
3.54596   0.0477279   0.242289  3.19604 	Dead: 0
3.48383   0.0478967   0.243146  3.13548 	Dead: 0
3.41574   0.0401092   0.203613  3.11521 	Dead: 0
3.43317   0.0567297   0.287986  3.09962 	Dead: 0
3.37853   0.0536113   0.272156  3.01303 	Dead: 0
3.37597   0.0552427   0.280438  2.98288 	Dead: 0
3.34335   0.0505725   0.25673   2.98288 	Dead: 0
3.32825   0.0611917   0.310638  2.98288 	Dead: 0
3.31486   0.0432936   0.219779  2.98288 	Dead: 0
3.29143   0.0446244   0.226534  2.98288 	Dead: 0
3.31162   0.0706616   0.358711  2.98288 	Dead: 0
3.31712   0.052555    0.266794  2.97881 	Dead: 0
3.32337   0.0616721   0.313076  2.97881 	Dead: 0
3.27122   0.0426408   0.216464  2.97881 	Dead: 0
3.27233   0.0595187   0.302145  2.97208 	Dead: 0
3.20891   0.0400085   0.203102  2.91077 	Dead: 0
3.25373   0.0679937   0.345168  2.91077 	Dead: 0
3.21472   0.0551603   0.28002   2.87939 	Dead: 0
3.22006   0.0654722   0.332367  2.85051 	Dead: 0
3.16786   0.0468266   0.237714  2.85051 	Dead: 0
3.21748   0.0782371   0.397168  2.77515 	Dead: 0
3.14071   0.0487053   0.247251  2.77515 	Dead: 0
3.19126   0.0847733   0.430349  2.77515 	Dead: 0
3.16357   0.0580521   0.2947    2.77409 	Dead: 0
3.13253   0.0503779   0.255742  2.77409 	Dead: 0
3.09886   0.0387983   0.196958  2.77409 	Dead: 0
3.13055   0.0489002   0.24824   2.77409 	Dead: 0
3.12421   0.0522427   0.265208  2.75128 	Dead: 0
3.14223   0.0763404   0.38754   2.75128 	Dead: 0
3.12874   0.0870805   0.442061  2.75128 	Dead: 0
3.14725   0.0679332   0.344861  2.75128 	Dead: 0
3.08878   0.0422608   0.214536  2.75128 	Dead: 0
3.09784   0.0441747   0.224251  2.75128 	Dead: 0
3.13764   0.0887314   0.450442  2.75128 	Dead: 0
3.11115   0.0634471   0.322087  2.75128 	Dead: 0
3.06951   0.0472822   0.240027  2.75128 	Dead: 0
3.09218   0.0485355   0.246389  2.75128 	Dead: 0
3.08068   0.0514497   0.261182  2.75128 	Dead: 0
3.0922    0.050327    0.255483  2.75128 	Dead: 0
3.06345   0.0488278   0.247873  2.75128 	Dead: 0
3.08373   0.0479254   0.243292  2.75128 	Dead: 0
3.11445   0.0763399   0.387537  2.75128 	Dead: 0
3.09467   0.0630234   0.319936  2.75128 	Dead: 0
3.19818   0.103633    0.52609   2.74403 	Dead: 0
3.10689   0.0719634   0.36532   2.72156 	Dead: 0
3.07435   0.0656753   0.333399  2.72156 	Dead: 0
3.04954   0.0583134   0.296026  2.72156 	Dead: 0
3.11133   0.0647859   0.328884  2.72156 	Dead: 0
3.10492   0.0865154   0.439192  2.72156 	Dead: 0
3.0761    0.0701093   0.355908  2.72156 	Dead: 0
3.06476   0.0501769   0.254721  2.72156 	Dead: 0
3.06234   0.0722315   0.366681  2.72156 	Dead: 0
3.02901   0.0712538   0.361717  2.61389 	Dead: 0
2.99609   0.0748384   0.379915  2.61389 	Dead: 0
2.97049   0.0549127   0.278763  2.61389 	Dead: 0
2.94594   0.0629537   0.319582  2.61389 	Dead: 0
2.96542   0.0738226   0.374758  2.60166 	Dead: 0
2.9342    0.0709822   0.360339  2.56651 	Dead: 0
2.92243   0.0788394   0.400225  2.56651 	Dead: 0
2.91063   0.0541956   0.275122  2.56651 	Dead: 0
2.90031   0.0624066   0.316805  2.56651 	Dead: 0
2.86779   0.0446569   0.226699  2.56651 	Dead: 0
2.92446   0.0802977   0.407629  2.56651 	Dead: 0
2.92154   0.065586    0.332945  2.54989 	Dead: 0
2.87623   0.0583776   0.296352  2.54989 	Dead: 0
2.9031    0.0594052   0.301569  2.54989 	Dead: 0
2.90187   0.0549168   0.278784  2.54989 	Dead: 0
2.91554   0.0774177   0.393008  2.54989 	Dead: 0
2.89161   0.0511018   0.259416  2.54354 	Dead: 0
2.98081   0.0942549   0.478482  2.54354 	Dead: 0
2.87607   0.0650879   0.330417  2.54354 	Dead: 0
2.9303    0.0696019   0.353332  2.54354 	Dead: 0
2.93795   0.0798858   0.405537  2.54354 	Dead: 0
2.97817   0.112613    0.571675  2.54354 	Dead: 0
2.89952   0.0646536   0.328212  2.54354 	Dead: 0
2.93358   0.0858731   0.435932  2.54354 	Dead: 0
2.90491   0.0722968   0.367013  2.54354 	Dead: 0
2.909     0.0676764   0.343557  2.5356  	Dead: 0
2.91361   0.0524736   0.26638   2.5356  	Dead: 0
2.91987   0.0660203   0.33515   2.5356  	Dead: 0
2.9528    0.0725155   0.368123  2.5356  	Dead: 0
2.9389    0.0865258   0.439246  2.5356  	Dead: 0
2.87618   0.0651678   0.330822  2.5356  	Dead: 0
2.84088   0.0516655   0.262278  2.5356  	Dead: 0
2.85421   0.0710247   0.360555  2.53144 	Dead: 0
2.86222   0.0635014   0.322363  2.46761 	Dead: 0
2.86987   0.06228     0.316162  2.46761 	Dead: 0
2.84295   0.0608305   0.308804  2.46761 	Dead: 0
2.86202   0.0791513   0.401809  2.46761 	Dead: 0
2.85319   0.0689139   0.349839  2.46761 	Dead: 0
2.80864   0.0418141   0.212268  2.46761 	Dead: 0
2.8262    0.0718506   0.364747  2.46761 	Dead: 0
2.8587    0.0909234   0.46157   2.44079 	Dead: 0
2.79095   0.0480178   0.243761  2.44079 	Dead: 0
