5.92639   0.138206    0.701596  4.26945 	Dead: 0
3.70753   0.0432803   0.219711  3.26465 	Dead: 0
3.12269   0.0298584   0.151575  2.75652 	Dead: 0
2.76922   0.0313739   0.159269  2.4116  	Dead: 0
2.63658   0.0363915   0.18474   2.3904  	Dead: 0
2.52572   0.0341105   0.173161  2.25622 	Dead: 0
2.48536   0.0340902   0.173058  2.21591 	Dead: 0
2.42772   0.0309511   0.157122  2.18903 	Dead: 0
2.41356   0.0347166   0.176238  2.14507 	Dead: 0
2.388     0.0329479   0.167259  2.12816 	Dead: 0
2.38876   0.0355518   0.180478  2.12816 	Dead: 0
2.3705    0.0352132   0.178759  2.12816 	Dead: 0
2.35893   0.0330456   0.167755  2.12816 	Dead: 0
2.36383   0.0347426   0.17637   2.12266 	Dead: 0
2.36641   0.0399738   0.202926  2.12266 	Dead: 0
2.36786   0.0372398   0.189047  2.12266 	Dead: 0
2.32392   0.0337717   0.171441  2.11837 	Dead: 0
2.34922   0.0379344   0.192573  2.11837 	Dead: 0
2.32966   0.0332349   0.168716  2.08514 	Dead: 0
2.29903   0.0318452   0.161661  2.0762  	Dead: 0
2.31909   0.0386758   0.196336  2.06284 	Dead: 0
2.30067   0.0344244   0.174754  2.06284 	Dead: 0
2.2839    0.0360483   0.182998  2.06284 	Dead: 0
2.28791   0.035864    0.182063  2.06284 	Dead: 0
2.28625   0.0357772   0.181622  2.05228 	Dead: 0
2.26719   0.0324222   0.16459   2.05228 	Dead: 0
2.27636   0.0333756   0.16943   2.05228 	Dead: 0
2.30287   0.0433953   0.220295  2.02195 	Dead: 0
2.28285   0.0386889   0.196403  2.02195 	Dead: 0
2.23809   0.0307291   0.155995  2.02195 	Dead: 0
2.24787   0.0315599   0.160213  2.02195 	Dead: 0
2.2349    0.0340778   0.172995  2.02195 	Dead: 0
2.21269   0.0293264   0.148875  1.97519 	Dead: 0
2.24769   0.0359112   0.182302  1.97519 	Dead: 0
2.227     0.0330355   0.167704  1.97519 	Dead: 0
2.21091   0.0324898   0.164933  1.96066 	Dead: 0
2.21287   0.0381043   0.193435  1.96066 	Dead: 0
2.21288   0.0350088   0.177721  1.96066 	Dead: 0
2.20004   0.032104    0.162975  1.96066 	Dead: 0
2.2004    0.034414    0.174701  1.95143 	Dead: 0
2.20233   0.0326856   0.165927  1.95143 	Dead: 0
2.19795   0.0340642   0.172926  1.90215 	Dead: 0
2.21959   0.0403812   0.204994  1.90215 	Dead: 0
2.19105   0.0325062   0.165017  1.90215 	Dead: 0
2.18555   0.0332375   0.168729  1.90215 	Dead: 0
2.20061   0.0391952   0.198973  1.90215 	Dead: 0
2.21299   0.0380715   0.193269  1.90215 	Dead: 0
2.18913   0.0359387   0.182442  1.90215 	Dead: 0
2.22274   0.0381971   0.193906  1.90215 	Dead: 0
2.21922   0.0400198   0.203159  1.90215 	Dead: 0
2.19166   0.034539    0.175336  1.90215 	Dead: 0
2.19249   0.0330269   0.16766   1.90215 	Dead: 0
2.22242   0.0376476   0.191117  1.90215 	Dead: 0
2.21347   0.0358589   0.182036  1.90215 	Dead: 0
2.20756   0.0348177   0.176751  1.90215 	Dead: 0
2.20828   0.0372998   0.189351  1.90215 	Dead: 0
2.18333   0.0298818   0.151694  1.90215 	Dead: 0
2.20797   0.0348077   0.1767    1.90215 	Dead: 0
2.20461   0.0386451   0.196181  1.90215 	Dead: 0
2.20033   0.0395799   0.200926  1.90215 	Dead: 0
2.18894   0.0330408   0.167731  1.90215 	Dead: 0
2.18864   0.0350767   0.178066  1.90215 	Dead: 0
2.21721   0.0412422   0.209365  1.90215 	Dead: 0
2.1974    0.0359875   0.182689  1.90215 	Dead: 0
2.17852   0.0332764   0.168927  1.87042 	Dead: 0
2.18462   0.0350506   0.177933  1.87042 	Dead: 0
2.1958    0.0360214   0.182861  1.87042 	Dead: 0
2.20975   0.0403424   0.204797  1.87042 	Dead: 0
2.1735    0.0327433   0.16622   1.87042 	Dead: 0
2.17622   0.0343001   0.174123  1.87042 	Dead: 0
2.15788   0.0313248   0.159019  1.87042 	Dead: 0
2.15942   0.0318052   0.161458  1.87042 	Dead: 0
2.18814   0.036221    0.183875  1.87042 	Dead: 0
2.17014   0.0356853   0.181155  1.87042 	Dead: 0
2.16679   0.0365416   0.185502  1.87042 	Dead: 0
2.16083   0.0378251   0.192018  1.87042 	Dead: 0
2.17008   0.0374244   0.189984  1.87042 	Dead: 0
2.16504   0.0347623   0.17647   1.87042 	Dead: 0
2.15601   0.0331625   0.168348  1.87042 	Dead: 0
2.1712    0.034798    0.176651  1.87042 	Dead: 0
2.16156   0.0366536   0.186071  1.87042 	Dead: 0
2.14458   0.0319599   0.162244  1.87042 	Dead: 0
2.15791   0.0327794   0.166403  1.87042 	Dead: 0
2.19959   0.0427983   0.217264  1.87042 	Dead: 0
2.16164   0.0340082   0.172642  1.87042 	Dead: 0
2.18251   0.0410123   0.208197  1.87042 	Dead: 0
2.15826   0.0353814   0.179613  1.8687  	Dead: 0
2.15245   0.0355826   0.180634  1.8687  	Dead: 0
2.14378   0.0361251   0.183388  1.8687  	Dead: 0
2.15675   0.0378148   0.191966  1.8687  	Dead: 0
2.15666   0.037063    0.188149  1.8687  	Dead: 0
2.13397   0.0311787   0.158277  1.8687  	Dead: 0
2.16152   0.0420961   0.213699  1.8687  	Dead: 0
2.16063   0.0374429   0.190078  1.8687  	Dead: 0
2.13575   0.0331241   0.168153  1.8687  	Dead: 0
2.1267    0.0307416   0.156059  1.8687  	Dead: 0
2.14953   0.0387667   0.196798  1.74419 	Dead: 0
2.14854   0.0384214   0.195045  1.74419 	Dead: 0
2.1397    0.0429101   0.217831  1.74419 	Dead: 0
2.12344   0.0368822   0.187231  1.74419 	Dead: 0
2.13263   0.0368404   0.187019  1.74419 	Dead: 0
