5.98375   0.155505    0.789415  4.21554 	Dead: 0
3.7233    0.0441132   0.223939  3.25232 	Dead: 0
3.49623   0.0326004   0.165495  3.09877 	Dead: 0
3.40504   0.0344573   0.174921  3.09877 	Dead: 0
3.28088   0.0312144   0.158459  2.93532 	Dead: 0
3.21098   0.0354795   0.18011   2.82366 	Dead: 0
3.16235   0.0423445   0.214961  2.71751 	Dead: 0
3.04631   0.0342651   0.173946  2.71751 	Dead: 0
3.03314   0.0433915   0.220275  2.71751 	Dead: 0
2.96364   0.0343472   0.174362  2.58273 	Dead: 0
2.94788   0.0430312   0.218446  2.58273 	Dead: 0
2.90934   0.0434435   0.22054   2.58273 	Dead: 0
2.87757   0.0447165   0.227002  2.58273 	Dead: 0
2.79863   0.0324328   0.164644  2.5517  	Dead: 0
2.79208   0.0364287   0.184929  2.48705 	Dead: 0
2.7918    0.0461691   0.234376  2.48705 	Dead: 0
2.73497   0.0363178   0.184366  2.4657  	Dead: 0
2.70131   0.034092    0.173067  2.44848 	Dead: 0
2.65573   0.0338443   0.171809  2.40953 	Dead: 0
2.65754   0.0333511   0.169305  2.40595 	Dead: 0
2.6661    0.0373512   0.189612  2.36116 	Dead: 0
2.68814   0.046107    0.234061  2.36116 	Dead: 0
2.65994   0.0466089   0.236609  2.35634 	Dead: 0
2.62708   0.0384783   0.195334  2.31346 	Dead: 0
2.61817   0.0423513   0.214995  2.31346 	Dead: 0
2.6391    0.0477182   0.24224   2.31346 	Dead: 0
2.61159   0.036836    0.186997  2.31346 	Dead: 0
2.58145   0.0413081   0.209699  2.30229 	Dead: 0
2.55368   0.037604    0.190896  2.23488 	Dead: 0
2.50818   0.0407748   0.206992  2.13986 	Dead: 0
2.48974   0.0428248   0.217399  2.13986 	Dead: 0
2.45437   0.0426988   0.216759  2.13986 	Dead: 0
2.43089   0.0415775   0.211067  2.1319  	Dead: 0
2.40138   0.0389108   0.197529  2.1319  	Dead: 0
2.43496   0.042616    0.216339  2.1319  	Dead: 0
2.41144   0.0388551   0.197246  2.1319  	Dead: 0
2.36769   0.0342583   0.173911  2.06086 	Dead: 0
2.35982   0.0444607   0.225703  2.03417 	Dead: 0
2.34689   0.0398717   0.202408  2.03417 	Dead: 0
2.34669   0.0379557   0.192681  2.03417 	Dead: 0
2.33162   0.0370135   0.187898  2.03417 	Dead: 0
2.37336   0.046733    0.237239  2.03417 	Dead: 0
2.30952   0.0357139   0.181301  2.03417 	Dead: 0
2.33013   0.0437677   0.222185  2.03417 	Dead: 0
2.31539   0.0368993   0.187318  2.03417 	Dead: 0
2.36814   0.0493847   0.2507    2.03417 	Dead: 0
2.29933   0.0372409   0.189052  2.03417 	Dead: 0
2.27614   0.0371707   0.188696  2.03417 	Dead: 0
2.27526   0.0373079   0.189392  2.03417 	Dead: 0
2.26502   0.0397976   0.202031  1.91452 	Dead: 0
2.25699   0.0434679   0.220663  1.91452 	Dead: 0
2.20796   0.0373449   0.18958   1.91452 	Dead: 0
2.21173   0.0351      0.178184  1.91452 	Dead: 0
2.21271   0.0405266   0.205732  1.91452 	Dead: 0
2.19618   0.0397124   0.201598  1.91452 	Dead: 0
2.21778   0.041828    0.212338  1.91452 	Dead: 0
2.20543   0.0414849   0.210597  1.91452 	Dead: 0
2.19174   0.03868     0.196358  1.89565 	Dead: 0
2.19815   0.0427848   0.217195  1.89565 	Dead: 0
2.184     0.0421329   0.213886  1.89565 	Dead: 0
2.18422   0.0407397   0.206814  1.89565 	Dead: 0
2.16386   0.0385496   0.195696  1.89565 	Dead: 0
2.15757   0.0345871   0.17558   1.86965 	Dead: 0
2.15116   0.0369016   0.18733   1.86965 	Dead: 0
2.15762   0.0342025   0.173628  1.86965 	Dead: 0
2.17277   0.0444339   0.225567  1.86965 	Dead: 0
2.1748    0.0454278   0.230613  1.86965 	Dead: 0
2.15682   0.0457699   0.232349  1.86965 	Dead: 0
2.15712   0.0418642   0.212522  1.86965 	Dead: 0
2.17803   0.0515329   0.261605  1.86965 	Dead: 0
2.17307   0.0430907   0.218748  1.86965 	Dead: 0
2.16014   0.0433564   0.220097  1.86965 	Dead: 0
2.16116   0.0368787   0.187214  1.86965 	Dead: 0
2.14584   0.0362074   0.183806  1.86965 	Dead: 0
2.12672   0.0374791   0.190261  1.86965 	Dead: 0
2.16847   0.0391041   0.198511  1.86965 	Dead: 0
2.15056   0.0374907   0.19032   1.86965 	Dead: 0
2.13445   0.0397955   0.202021  1.86965 	Dead: 0
2.13858   0.0354488   0.179955  1.86965 	Dead: 0
2.14579   0.0383404   0.194634  1.86965 	Dead: 0
2.12628   0.0377452   0.191612  1.86965 	Dead: 0
2.16006   0.0402238   0.204195  1.86965 	Dead: 0
2.1771    0.0450417   0.228653  1.86965 	Dead: 0
2.17316   0.0421394   0.213919  1.86965 	Dead: 0
2.15712   0.041164    0.208968  1.86965 	Dead: 0
2.16022   0.0390528   0.19825   1.86965 	Dead: 0
2.14256   0.0392764   0.199385  1.86965 	Dead: 0
2.16019   0.0396779   0.201423  1.86965 	Dead: 0
2.1513    0.0394812   0.200425  1.86965 	Dead: 0
2.19372   0.0462942   0.235011  1.86965 	Dead: 0
2.15494   0.0416601   0.211486  1.86965 	Dead: 0
2.14207   0.040246    0.204308  1.86965 	Dead: 0
2.12293   0.0341711   0.173468  1.86965 	Dead: 0
2.14809   0.0377721   0.191749  1.86965 	Dead: 0
2.128     0.0352669   0.179031  1.86965 	Dead: 0
2.1408    0.0385225   0.195558  1.85784 	Dead: 0
2.16685   0.0424094   0.21529   1.85784 	Dead: 0
2.18523   0.0476956   0.242125  1.85784 	Dead: 0
2.13255   0.0366188   0.185894  1.85784 	Dead: 0
2.14564   0.0425132   0.215817  1.85784 	Dead: 0
2.15246   0.0478124   0.242718  1.85784 	Dead: 0
