15.6576   0.0829044   0.420862  14.8405 	Dead: 0
13.8573   0.0339705   0.17245   13.5188 	Dead: 0
13.7236   0.0422583   0.214523  13.1974 	Dead: 0
13.5099   0.0563859   0.286241  12.9457 	Dead: 0
13.407    0.0465119   0.236116  12.8779 	Dead: 0
13.4729   0.0855649   0.434367  12.8779 	Dead: 0
13.3621   0.05999     0.304537  12.8504 	Dead: 0
13.37     0.0601939   0.305572  12.8504 	Dead: 0
13.306    0.0561372   0.284978  12.8504 	Dead: 0
13.3334   0.0894247   0.453962  12.7537 	Dead: 0
13.3168   0.0883665   0.448589  12.7537 	Dead: 0
13.228    0.060556    0.307411  12.7537 	Dead: 0
13.2738   0.0817908   0.415208  12.7537 	Dead: 0
13.275    0.0980689   0.497843  12.7517 	Dead: 0
13.208    0.0658849   0.334462  12.7517 	Dead: 0
13.2407   0.0933512   0.473894  12.7517 	Dead: 0
13.2093   0.0813319   0.412879  12.7517 	Dead: 0
13.2397   0.0924174   0.469154  12.7361 	Dead: 0
13.2254   0.0827438   0.420046  12.7038 	Dead: 0
13.192    0.0739026   0.375164  12.5644 	Dead: 0
13.1972   0.0912454   0.463204  12.5644 	Dead: 0
13.2299   0.10145     0.515009  12.5644 	Dead: 0
13.2391   0.0950072   0.482301  12.5644 	Dead: 0
13.1694   0.0641734   0.325774  12.5644 	Dead: 0
13.271    0.108065    0.548587  12.5644 	Dead: 0
13.1999   0.0820012   0.416276  12.5644 	Dead: 0
13.151    0.0787113   0.399575  12.5644 	Dead: 0
13.1446   0.0631624   0.320642  12.5644 	Dead: 0
13.19     0.0792442   0.40228   12.5644 	Dead: 0
13.2524   0.100991    0.512677  12.5644 	Dead: 0
13.2235   0.105353    0.534823  12.5644 	Dead: 0
13.1317   0.0578924   0.293889  12.5644 	Dead: 0
13.1134   0.0787438   0.39974   12.5644 	Dead: 0
13.1735   0.0926549   0.470359  12.5644 	Dead: 0
13.1433   0.0686599   0.34855   12.5644 	Dead: 0
13.1844   0.0900651   0.457212  12.5644 	Dead: 0
13.1798   0.0922434   0.468271  12.5644 	Dead: 0
13.101    0.0577849   0.293343  12.5644 	Dead: 0
13.076    0.0570003   0.28936   12.5644 	Dead: 0
13.0722   0.0574402   0.291593  12.5644 	Dead: 0
13.111    0.0681383   0.345902  12.5644 	Dead: 0
13.1149   0.0744016   0.377697  12.5644 	Dead: 0
13.0887   0.0695228   0.35293   12.5644 	Dead: 0
13.1201   0.081715    0.414824  12.5644 	Dead: 0
13.102    0.084636    0.429652  12.5644 	Dead: 0
13.0637   0.0728856   0.370001  12.5644 	Dead: 0
13.0507   0.0668012   0.339114  12.5644 	Dead: 0
13.0639   0.0762029   0.386842  12.5644 	Dead: 0
13.0675   0.0717121   0.364044  12.5158 	Dead: 0
13.1221   0.0998259   0.506763  12.4674 	Dead: 0
13.036    0.0690015   0.350284  12.4674 	Dead: 0
13.0444   0.0709651   0.360252  12.4436 	Dead: 0
13.0078   0.0778901   0.395407  12.4436 	Dead: 0
13.0824   0.0826247   0.419442  12.4436 	Dead: 0
13.0431   0.0665167   0.33767   12.4436 	Dead: 0
13.0203   0.0679709   0.345052  12.3946 	Dead: 0
12.9816   0.0701649   0.35619   12.3946 	Dead: 0
13.0363   0.0778776   0.395343  12.3946 	Dead: 0
13.0534   0.0825262   0.418942  12.3946 	Dead: 0
13.0121   0.0687815   0.349167  12.3946 	Dead: 0
13.0231   0.0734715   0.372975  12.3613 	Dead: 0
13.0137   0.0724331   0.367704  12.3613 	Dead: 0
13.0031   0.0660217   0.335157  12.3613 	Dead: 0
12.9918   0.0691919   0.351251  12.3613 	Dead: 0
13.0007   0.0799436   0.405831  12.3613 	Dead: 0
12.9895   0.0685287   0.347884  12.3613 	Dead: 0
12.9835   0.0711779   0.361332  12.3613 	Dead: 0
12.9683   0.0712937   0.36192   12.3613 	Dead: 0
12.9831   0.070561    0.3582    12.3613 	Dead: 0
13.0051   0.089133    0.452481  12.3613 	Dead: 0
12.9861   0.0685356   0.347918  12.3613 	Dead: 0
12.9648   0.070958    0.360216  12.3613 	Dead: 0
12.9961   0.0734236   0.372732  12.3613 	Dead: 0
12.9939   0.0657744   0.333901  12.3613 	Dead: 0
12.9801   0.0673149   0.341722  12.3602 	Dead: 0
12.9593   0.0661695   0.335907  12.3602 	Dead: 0
12.9569   0.0640338   0.325065  12.3602 	Dead: 0
12.9322   0.0641341   0.325575  12.3602 	Dead: 0
12.9913   0.0692237   0.351412  12.3602 	Dead: 0
12.9604   0.0693619   0.352113  12.3602 	Dead: 0
12.9363   0.0615396   0.312404  12.3602 	Dead: 0
12.9626   0.0673563   0.341932  12.3602 	Dead: 0
12.949    0.0676538   0.343442  12.3602 	Dead: 0
12.9585   0.0636452   0.323093  12.3602 	Dead: 0
12.9463   0.0715915   0.363432  12.3471 	Dead: 0
12.9721   0.0813768   0.413107  12.3471 	Dead: 0
12.9452   0.0686715   0.348609  12.3471 	Dead: 0
12.9586   0.0785933   0.398977  12.3471 	Dead: 0
13.0063   0.0787345   0.399693  12.3471 	Dead: 0
12.9437   0.0697454   0.35406   12.3471 	Dead: 0
12.9953   0.0977784   0.496369  12.2889 	Dead: 0
12.9097   0.0712683   0.361791  12.2889 	Dead: 0
12.945    0.0813757   0.413101  12.2889 	Dead: 0
12.9219   0.0717492   0.364233  12.2889 	Dead: 0
12.8941   0.0787872   0.399961  12.2889 	Dead: 0
12.8951   0.0750045   0.380758  12.2889 	Dead: 0
12.89     0.0727953   0.369543  12.2889 	Dead: 0
12.9163   0.0778436   0.39517   12.2889 	Dead: 0
12.904    0.0765842   0.388777  12.2889 	Dead: 0
12.8808   0.0803572   0.407931  12.2889 	Dead: 0
12.8539   0.0742106   0.376728  12.2889 	Dead: 0
