14.5703   0.1086      0.551305  13.3284 	Dead: 0
12.875    0.0571267   0.290002  12.2386 	Dead: 0
12.3295   0.0365396   0.185492  11.9887 	Dead: 0
12.164    0.0473893   0.24057   11.6603 	Dead: 0
12.14     0.0478736   0.243028  11.6603 	Dead: 0
12.1278   0.0471166   0.239186  11.6603 	Dead: 0
12.1072   0.0474358   0.240806  11.6603 	Dead: 0
12.1007   0.0476532   0.24191   11.6603 	Dead: 0
12.0469   0.0497873   0.252744  11.615  	Dead: 0
11.9852   0.0462594   0.234834  11.5076 	Dead: 0
11.8598   0.0549582   0.278993  11.3453 	Dead: 0
11.7225   0.0502081   0.25488   11.1951 	Dead: 0
11.6593   0.0585166   0.297058  11.057  	Dead: 0
11.6687   0.0613566   0.311475  11.057  	Dead: 0
11.6458   0.0605274   0.307265  11.057  	Dead: 0
11.6515   0.0714994   0.362964  11.057  	Dead: 0
11.6023   0.0682128   0.34628   11.057  	Dead: 0
11.6047   0.0670212   0.340231  11.0546 	Dead: 0
11.6082   0.0639156   0.324465  11.0546 	Dead: 0
11.6168   0.066139    0.335752  11.0546 	Dead: 0
11.6006   0.0650925   0.33044   11.0546 	Dead: 0
11.5812   0.0613028   0.311202  11.0546 	Dead: 0
11.5909   0.0633889   0.321792  11.0546 	Dead: 0
11.5838   0.0620723   0.315108  11.0546 	Dead: 0
11.568    0.0577656   0.293245  11.0546 	Dead: 0
11.607    0.0651454   0.330709  11.0546 	Dead: 0
11.618    0.0673121   0.341708  11.0546 	Dead: 0
11.5903   0.0701778   0.356255  11.0546 	Dead: 0
11.5883   0.0690384   0.350471  11.0546 	Dead: 0
11.5947   0.0684102   0.347282  11.0546 	Dead: 0
11.6286   0.0786309   0.399167  11.0546 	Dead: 0
11.6294   0.0718193   0.364588  11.0546 	Dead: 0
11.6377   0.0690593   0.350577  11.0546 	Dead: 0
11.6314   0.0672516   0.3414    11.0546 	Dead: 0
11.6245   0.0774886   0.393368  11.0546 	Dead: 0
11.5873   0.072258    0.366816  10.9297 	Dead: 0
11.6464   0.067678    0.343565  10.9297 	Dead: 0
11.5927   0.0710579   0.360723  10.9297 	Dead: 0
11.5992   0.0747691   0.379563  10.9297 	Dead: 0
11.6122   0.0737915   0.3746    10.9297 	Dead: 0
11.596    0.0678738   0.344559  10.9297 	Dead: 0
11.5454   0.0656493   0.333266  10.9297 	Dead: 0
11.5816   0.0713069   0.361987  10.9297 	Dead: 0
11.5566   0.0675607   0.34297   10.9297 	Dead: 0
11.5769   0.0679456   0.344923  10.9297 	Dead: 0
11.5908   0.0696718   0.353686  10.9297 	Dead: 0
11.6049   0.070846    0.359647  10.9297 	Dead: 0
11.56     0.0657916   0.333989  10.9297 	Dead: 0
11.5692   0.0720709   0.365866  10.9297 	Dead: 0
11.5588   0.06667     0.338448  10.9297 	Dead: 0
11.629    0.0725089   0.368089  10.9297 	Dead: 0
11.5957   0.0730238   0.370703  10.9297 	Dead: 0
11.6105   0.0718098   0.36454   10.9297 	Dead: 0
11.6104   0.0758739   0.385171  10.9297 	Dead: 0
11.5585   0.0651712   0.330839  10.9297 	Dead: 0
11.5808   0.0680198   0.3453    10.9297 	Dead: 0
11.5796   0.067143    0.340849  10.9297 	Dead: 0
11.5922   0.0728539   0.36984   10.9297 	Dead: 0
11.5834   0.0649831   0.329885  10.9297 	Dead: 0
11.5906   0.0683176   0.346812  10.9297 	Dead: 0
11.5585   0.0692539   0.351565  10.9297 	Dead: 0
11.6159   0.0755256   0.383403  10.9297 	Dead: 0
11.5891   0.0696582   0.353618  10.9297 	Dead: 0
11.6113   0.0739302   0.375304  10.9297 	Dead: 0
11.6067   0.0669406   0.339821  10.9297 	Dead: 0
11.5804   0.069648    0.353566  10.9297 	Dead: 0
11.6136   0.0745555   0.378478  10.9297 	Dead: 0
11.6243   0.083131    0.422012  10.9297 	Dead: 0
11.5701   0.0700096   0.355401  10.9297 	Dead: 0
11.5822   0.0729038   0.370094  10.9297 	Dead: 0
11.5753   0.0732174   0.371686  10.9297 	Dead: 0
11.6114   0.0886953   0.450258  10.9297 	Dead: 0
11.5288   0.0694196   0.352406  10.9297 	Dead: 0
11.5483   0.0709483   0.360167  10.9297 	Dead: 0
11.5907   0.0726617   0.368865  10.9297 	Dead: 0
11.5718   0.0790837   0.401466  10.9297 	Dead: 0
11.5467   0.068964    0.350093  10.9297 	Dead: 0
11.5645   0.0700611   0.355663  10.9297 	Dead: 0
11.5593   0.069737    0.354017  10.9297 	Dead: 0
11.5631   0.0737121   0.374197  10.9297 	Dead: 0
11.5514   0.0671714   0.340993  10.9297 	Dead: 0
11.5603   0.0699148   0.35492   10.9297 	Dead: 0
11.5761   0.0765522   0.388615  10.9297 	Dead: 0
11.5804   0.0720889   0.365957  10.9297 	Dead: 0
11.5508   0.0673819   0.342062  10.9297 	Dead: 0
11.5688   0.0716388   0.363672  10.9297 	Dead: 0
11.572    0.0787803   0.399926  10.9297 	Dead: 0
11.5668   0.0729488   0.370322  10.9297 	Dead: 0
11.559    0.0744159   0.37777   10.9297 	Dead: 0
11.5826   0.0753458   0.38249   10.9297 	Dead: 0
11.5161   0.0641112   0.325458  10.9297 	Dead: 0
11.4842   0.0619678   0.314578  10.9297 	Dead: 0
11.5742   0.0737015   0.374143  10.9297 	Dead: 0
11.5431   0.0677615   0.343989  10.9297 	Dead: 0
11.5565   0.0691199   0.350885  10.9297 	Dead: 0
11.5316   0.0677219   0.343788  10.9297 	Dead: 0
11.5383   0.067997    0.345184  10.9297 	Dead: 0
11.5078   0.0644802   0.327332  10.9297 	Dead: 0
11.5498   0.0680524   0.345466  10.9297 	Dead: 0
11.5252   0.0685772   0.34813   10.9297 	Dead: 0
11.5879   0.0724952   0.36802   10.9297 	Dead: 0
