12.1801   0.0715498   0.36322   11.379  	Dead: 0
10.0919   0.0564518   0.286576  9.38806 	Dead: 0
9.71325   0.039233    0.199165  9.29161 	Dead: 0
9.22695   0.0366345   0.185974  8.88592 	Dead: 0
9.05585   0.0555653   0.282075  8.63076 	Dead: 0
8.95394   0.0517544   0.262729  8.61547 	Dead: 0
8.82573   0.051171    0.259768  8.34776 	Dead: 0
8.69513   0.0450392   0.22864   8.22558 	Dead: 0
8.65821   0.0511714   0.25977   8.22558 	Dead: 0
8.63092   0.0531576   0.269853  8.17646 	Dead: 0
8.57032   0.0497157   0.25238   8.17646 	Dead: 0
8.60897   0.0551121   0.279775  8.17646 	Dead: 0
8.54861   0.046039    0.233715  8.17646 	Dead: 0
8.53327   0.0515836   0.261862  8.17646 	Dead: 0
8.55238   0.0528523   0.268303  8.10986 	Dead: 0
8.54128   0.0491411   0.249463  8.10986 	Dead: 0
8.53256   0.0560196   0.284382  8.10986 	Dead: 0
8.46723   0.0521745   0.264862  8.07375 	Dead: 0
8.40506   0.0496802   0.2522    7.95467 	Dead: 0
8.34087   0.0600856   0.305023  7.91665 	Dead: 0
8.20398   0.0564646   0.286641  7.80864 	Dead: 0
8.0797    0.0621118   0.315309  7.58083 	Dead: 0
8.01282   0.0422505   0.214483  7.58083 	Dead: 0
8.02773   0.0499433   0.253535  7.58083 	Dead: 0
8.02321   0.0525562   0.2668    7.58083 	Dead: 0
7.96224   0.0511743   0.259785  7.47727 	Dead: 0
7.99375   0.056656    0.287612  7.45828 	Dead: 0
8.04937   0.0675421   0.342875  7.45828 	Dead: 0
7.92082   0.0507205   0.257481  7.45828 	Dead: 0
7.82658   0.0641756   0.325785  7.41567 	Dead: 0
7.71823   0.0492235   0.249881  7.3066  	Dead: 0
7.73949   0.058512    0.297034  7.3066  	Dead: 0
7.70032   0.0540387   0.274326  7.3066  	Dead: 0
7.7056    0.0586567   0.297769  7.3066  	Dead: 0
7.70463   0.0607347   0.308318  7.3066  	Dead: 0
7.68726   0.0551345   0.279889  7.20891 	Dead: 0
7.63072   0.0478225   0.242769  7.20891 	Dead: 0
7.64856   0.0535627   0.271909  7.16076 	Dead: 0
7.64406   0.056342    0.286018  7.16076 	Dead: 0
7.60747   0.0604765   0.307007  7.16076 	Dead: 0
7.5915    0.0484322   0.245865  7.16076 	Dead: 0
7.58384   0.0505197   0.256461  7.16076 	Dead: 0
7.57066   0.0525965   0.267004  7.06597 	Dead: 0
7.56294   0.0504295   0.256004  7.06597 	Dead: 0
7.57733   0.0558703   0.283624  7.06597 	Dead: 0
7.61213   0.0596732   0.302929  7.06597 	Dead: 0
7.62572   0.0629287   0.319455  7.06597 	Dead: 0
7.57235   0.059598    0.302547  7.06597 	Dead: 0
7.59131   0.060575    0.307507  7.06597 	Dead: 0
7.58372   0.0590902   0.29997   7.06597 	Dead: 0
7.60224   0.0682585   0.346512  7.03974 	Dead: 0
7.60699   0.0758381   0.384989  7.03974 	Dead: 0
7.5528    0.0576437   0.292627  7.03974 	Dead: 0
7.58935   0.0679576   0.344984  7.03974 	Dead: 0
7.55955   0.0620104   0.314794  7.03974 	Dead: 0
7.55644   0.068384    0.347149  7.03974 	Dead: 0
7.52028   0.054205    0.27517   7.03974 	Dead: 0
7.55785   0.063179    0.320726  7.03974 	Dead: 0
7.53185   0.0619354   0.314413  7.03974 	Dead: 0
7.54955   0.0633664   0.321678  7.03974 	Dead: 0
7.5546    0.0599226   0.304195  7.03974 	Dead: 0
7.53876   0.0613984   0.311687  7.03974 	Dead: 0
7.54099   0.0629141   0.319381  7.03974 	Dead: 0
7.54657   0.0617276   0.313358  7.03974 	Dead: 0
7.52857   0.0628828   0.319222  7.03974 	Dead: 0
7.53729   0.0640048   0.324918  7.03974 	Dead: 0
7.36407   0.058686    0.297918  6.89224 	Dead: 0
7.25223   0.0499422   0.25353   6.89224 	Dead: 0
7.22295   0.0532525   0.270334  6.71709 	Dead: 0
7.17586   0.048856    0.248016  6.59394 	Dead: 0
7.15427   0.0607253   0.30827   6.59394 	Dead: 0
7.1156    0.0520781   0.264373  6.59394 	Dead: 0
7.16311   0.0659399   0.334742  6.59394 	Dead: 0
7.13031   0.0581505   0.295199  6.59394 	Dead: 0
7.11995   0.0726278   0.368693  6.59394 	Dead: 0
7.08464   0.0571869   0.290307  6.59394 	Dead: 0
7.11304   0.0707027   0.35892   6.59394 	Dead: 0
7.05153   0.0539506   0.273878  6.59394 	Dead: 0
7.02627   0.0540789   0.27453   6.59394 	Dead: 0
7.01693   0.0518138   0.263031  6.59029 	Dead: 0
7.01925   0.0522717   0.265356  6.59029 	Dead: 0
7.0056    0.0600675   0.304931  6.59029 	Dead: 0
6.99866   0.0577818   0.293327  6.59029 	Dead: 0
6.94748   0.0504105   0.255907  6.58219 	Dead: 0
6.98103   0.0605265   0.307261  6.52659 	Dead: 0
6.90042   0.0488959   0.248218  6.40671 	Dead: 0
6.92148   0.0540233   0.274247  6.40671 	Dead: 0
6.92031   0.0572665   0.290712  6.40671 	Dead: 0
6.89058   0.0554469   0.281474  6.40671 	Dead: 0
6.91086   0.059391    0.301496  6.40671 	Dead: 0
6.89003   0.0586434   0.297701  6.40671 	Dead: 0
6.9004    0.055041    0.279414  6.40671 	Dead: 0
6.89519   0.062387    0.316706  6.40671 	Dead: 0
6.86814   0.0543623   0.275968  6.40671 	Dead: 0
6.8739    0.0622107   0.31581   6.40671 	Dead: 0
6.83585   0.0476451   0.241869  6.40671 	Dead: 0
6.86874   0.0619726   0.314602  6.40671 	Dead: 0
6.90308   0.0643256   0.326547  6.40671 	Dead: 0
6.87757   0.0577525   0.293179  6.40671 	Dead: 0
6.92226   0.0763497   0.387587  6.40671 	Dead: 0
6.89283   0.0635792   0.322757  6.40671 	Dead: 0
