10.0994   0.100495    0.51016   9.32002 	Dead: 0
8.61939   0.0794454   0.403302  8.15015 	Dead: 0
8.27126   0.054568    0.277013  7.86822 	Dead: 0
8.13347   0.0537363   0.27279   7.75128 	Dead: 0
8.11136   0.0678637   0.344508  7.70363 	Dead: 0
7.97043   0.0460762   0.233904  7.60967 	Dead: 0
7.95236   0.0475979   0.241629  7.59601 	Dead: 0
7.94386   0.0457796   0.232398  7.59601 	Dead: 0
7.91154   0.0488371   0.24792   7.59601 	Dead: 0
7.86402   0.0355225   0.180329  7.59601 	Dead: 0
7.89579   0.0573927   0.291352  7.59601 	Dead: 0
7.89513   0.063533    0.322523  7.54039 	Dead: 0
7.87939   0.0533276   0.270716  7.52972 	Dead: 0
7.82005   0.0536058   0.272128  7.40309 	Dead: 0
7.79831   0.0506157   0.256949  7.40309 	Dead: 0
7.74312   0.0424109   0.215298  7.40309 	Dead: 0
7.72199   0.0485056   0.246237  7.40309 	Dead: 0
7.69953   0.0507891   0.257829  7.37681 	Dead: 0
7.70489   0.05052     0.256463  7.37681 	Dead: 0
7.65037   0.0403349   0.204759  7.36984 	Dead: 0
7.64037   0.0375001   0.190368  7.36984 	Dead: 0
7.65049   0.047051    0.238853  7.35539 	Dead: 0
7.62733   0.0458604   0.232809  7.33376 	Dead: 0
7.62957   0.0507338   0.257548  7.33376 	Dead: 0
7.60431   0.0441009   0.223877  7.20782 	Dead: 0
7.57255   0.0402222   0.204187  7.20782 	Dead: 0
7.57308   0.0571421   0.29008   7.20782 	Dead: 0
7.54867   0.0436589   0.221633  7.20782 	Dead: 0
7.55956   0.0485417   0.24642   7.20782 	Dead: 0
7.53329   0.051314    0.260494  7.20782 	Dead: 0
7.53552   0.052442    0.26622   7.19213 	Dead: 0
7.50387   0.0420081   0.213253  7.19213 	Dead: 0
7.50217   0.046144    0.234249  7.19213 	Dead: 0
7.511     0.0461303   0.234179  7.19213 	Dead: 0
7.53349   0.0528502   0.268292  7.19213 	Dead: 0
7.56033   0.0658743   0.334409  7.1885  	Dead: 0
7.50231   0.0425931   0.216223  7.1885  	Dead: 0
7.56202   0.0571955   0.290351  7.13123 	Dead: 0
7.52953   0.0559436   0.283996  7.13123 	Dead: 0
7.54011   0.0505522   0.256627  7.13123 	Dead: 0
7.54194   0.0484639   0.246026  7.13123 	Dead: 0
7.56016   0.0583642   0.296284  7.13123 	Dead: 0
7.53591   0.0517027   0.262467  7.13123 	Dead: 0
7.52493   0.051526    0.26157   7.13123 	Dead: 0
7.56326   0.0665697   0.337939  7.13123 	Dead: 0
7.56216   0.057424    0.291511  7.13123 	Dead: 0
7.52675   0.0492329   0.249929  7.13123 	Dead: 0
7.50877   0.0472877   0.240054  7.13123 	Dead: 0
7.5736    0.059331    0.301192  7.13123 	Dead: 0
7.53991   0.0589867   0.299444  7.13123 	Dead: 0
7.47492   0.0471128   0.239166  7.05978 	Dead: 0
7.47935   0.0566951   0.287811  7.05978 	Dead: 0
7.45537   0.0585369   0.297161  7.05978 	Dead: 0
7.43406   0.0577982   0.293411  7.05978 	Dead: 0
7.41504   0.0566147   0.287403  7.00112 	Dead: 0
7.31569   0.0427677   0.217109  7.00112 	Dead: 0
7.36804   0.0847411   0.430186  6.97761 	Dead: 0
7.35026   0.086342    0.438312  6.95515 	Dead: 0
7.29856   0.073743    0.374354  6.91712 	Dead: 0
7.24957   0.0733011   0.372111  6.87777 	Dead: 0
7.20782   0.0620903   0.315199  6.8117  	Dead: 0
7.25531   0.0908439   0.461166  6.8117  	Dead: 0
7.2632    0.077012    0.390949  6.8117  	Dead: 0
7.19104   0.0667478   0.338843  6.8117  	Dead: 0
7.23187   0.0809599   0.41099   6.8117  	Dead: 0
7.21431   0.0688348   0.349438  6.8117  	Dead: 0
7.27158   0.0850083   0.431542  6.8117  	Dead: 0
7.20956   0.0714077   0.362499  6.8117  	Dead: 0
7.15227   0.0618009   0.31373   6.8117  	Dead: 0
7.19577   0.0839462   0.42615   6.8117  	Dead: 0
7.24946   0.0923035   0.468576  6.77597 	Dead: 0
7.21915   0.0756775   0.384174  6.77597 	Dead: 0
7.17399   0.0735357   0.373302  6.77597 	Dead: 0
6.8971    0.0697048   0.353854  6.53727 	Dead: 0
6.85804   0.0745918   0.378663  6.47357 	Dead: 0
6.81496   0.0784913   0.398459  6.44181 	Dead: 0
6.83757   0.0853813   0.433435  6.43467 	Dead: 0
6.83201   0.090191    0.457852  6.42352 	Dead: 0
6.80486   0.0897421   0.455573  6.42352 	Dead: 0
6.77985   0.0909654   0.461783  6.42352 	Dead: 0
6.80667   0.0985858   0.500468  6.42308 	Dead: 0
6.74833   0.0919229   0.466644  6.42308 	Dead: 0
6.81093   0.094848    0.481493  6.39858 	Dead: 0
6.72952   0.0918136   0.466089  6.382   	Dead: 0
6.7389    0.0905806   0.459829  6.382   	Dead: 0
6.68369   0.0823268   0.417929  6.36882 	Dead: 0
6.81582   0.11058     0.561358  6.36882 	Dead: 0
6.73672   0.0997023   0.506135  6.36882 	Dead: 0
6.76047   0.111734    0.567214  6.36882 	Dead: 0
6.67619   0.0873068   0.44321   6.35967 	Dead: 0
6.67165   0.0835518   0.424148  6.34971 	Dead: 0
6.76188   0.1146      0.581765  6.32413 	Dead: 0
6.66403   0.103116    0.523467  6.27078 	Dead: 0
6.68392   0.0997366   0.50631   6.27078 	Dead: 0
6.68656   0.0994676   0.504944  6.26458 	Dead: 0
6.68571   0.101694    0.516247  6.26458 	Dead: 0
6.63521   0.101149    0.513481  6.26458 	Dead: 0
6.6812    0.0992582   0.503881  6.26458 	Dead: 0
6.74264   0.108907    0.552862  6.25942 	Dead: 0
6.64225   0.0915694   0.464849  6.25942 	Dead: 0
6.63974   0.0976225   0.495577  6.25942 	Dead: 0
