10.1023   0.0997146   0.506198  9.14842 	Dead: 0
8.20036   0.0310428   0.157588  7.91365 	Dead: 0
7.96353   0.0452324   0.229621  7.71174 	Dead: 0
7.82109   0.0446098   0.22646   7.61769 	Dead: 0
7.62705   0.0259468   0.131718  7.41024 	Dead: 0
7.56873   0.0270598   0.137368  7.35787 	Dead: 0
7.55619   0.0319951   0.162422  7.3085  	Dead: 0
7.52595   0.0269276   0.136697  7.29036 	Dead: 0
7.50576   0.0264299   0.13417   7.28127 	Dead: 0
7.51762   0.0354669   0.180046  7.28127 	Dead: 0
7.47666   0.0239369   0.121515  7.28127 	Dead: 0
7.48008   0.0274562   0.13938   7.26043 	Dead: 0
7.44694   0.0254535   0.129214  7.19693 	Dead: 0
7.45861   0.0308316   0.156516  7.19303 	Dead: 0
7.43065   0.0278613   0.141437  7.19303 	Dead: 0
7.39174   0.0241711   0.122704  7.16855 	Dead: 0
7.37893   0.0274063   0.139127  7.16177 	Dead: 0
7.37058   0.0294242   0.149371  7.16177 	Dead: 0
7.34235   0.0282208   0.143262  7.07904 	Dead: 0
7.32898   0.0266777   0.135428  7.01021 	Dead: 0
7.3343    0.0324261   0.16461   7.01021 	Dead: 0
7.33492   0.0311938   0.158354  7.01021 	Dead: 0
7.31693   0.0283901   0.144121  7.01021 	Dead: 0
7.33183   0.0315439   0.160131  7.01021 	Dead: 0
7.30217   0.0300375   0.152484  7.01021 	Dead: 0
7.31082   0.0311183   0.157971  7.01021 	Dead: 0
7.31213   0.0306311   0.155498  7.01021 	Dead: 0
7.31456   0.032067    0.162787  7.01021 	Dead: 0
7.31657   0.0337899   0.171534  7.01021 	Dead: 0
7.27927   0.0267434   0.135762  7.01021 	Dead: 0
7.30438   0.0329566   0.167303  7.01021 	Dead: 0
7.27765   0.0263655   0.133843  7.01021 	Dead: 0
7.29723   0.029893    0.151751  6.93026 	Dead: 0
7.27282   0.0276252   0.140238  6.93026 	Dead: 0
7.30525   0.0454689   0.230821  6.93026 	Dead: 0
7.30275   0.0392948   0.199479  6.93026 	Dead: 0
7.25873   0.0292854   0.148666  6.93026 	Dead: 0
7.26368   0.0327086   0.166044  6.93026 	Dead: 0
7.2761    0.0316018   0.160425  6.93026 	Dead: 0
7.29417   0.049095    0.249229  6.93026 	Dead: 0
7.26248   0.030557    0.155121  6.93026 	Dead: 0
7.26777   0.0320524   0.162713  6.93026 	Dead: 0
7.23981   0.0276503   0.140366  6.93026 	Dead: 0
7.26531   0.0309787   0.157262  6.93026 	Dead: 0
7.27206   0.0332098   0.168589  6.93026 	Dead: 0
7.25815   0.032287    0.163904  6.93026 	Dead: 0
7.26029   0.033501    0.170067  6.93026 	Dead: 0
7.2704    0.0419329   0.212871  6.93026 	Dead: 0
7.24957   0.039548    0.200764  6.93026 	Dead: 0
7.22032   0.0316509   0.160675  6.93026 	Dead: 0
7.22677   0.0425409   0.215958  6.93026 	Dead: 0
7.2164    0.0469629   0.238406  6.93026 	Dead: 0
7.19499   0.0390458   0.198215  6.93026 	Dead: 0
7.23365   0.0571986   0.290367  6.93026 	Dead: 0
7.17776   0.0319753   0.162322  6.93026 	Dead: 0
7.18084   0.0296819   0.150679  6.93026 	Dead: 0
7.2003    0.0323561   0.164255  6.93026 	Dead: 0
7.18811   0.0448171   0.227512  6.93026 	Dead: 0
7.20127   0.0456184   0.23158   6.93026 	Dead: 0
7.22646   0.0603416   0.306322  6.93026 	Dead: 0
7.21313   0.0585705   0.297331  6.93026 	Dead: 0
7.18533   0.0301843   0.15323   6.93026 	Dead: 0
7.18983   0.0537788   0.273006  6.93026 	Dead: 0
7.19993   0.0354586   0.180004  6.93026 	Dead: 0
7.18423   0.0434356   0.220499  6.93026 	Dead: 0
7.21024   0.0598665   0.30391   6.93026 	Dead: 0
7.18126   0.0341503   0.173363  6.93026 	Dead: 0
7.16177   0.0307696   0.156201  6.93026 	Dead: 0
7.15255   0.0311507   0.158135  6.93026 	Dead: 0
7.1848    0.0408795   0.207524  6.90748 	Dead: 0
7.17928   0.0325944   0.165465  6.90748 	Dead: 0
7.15219   0.0373253   0.189481  6.90748 	Dead: 0
7.16574   0.0303008   0.153821  6.90748 	Dead: 0
7.17274   0.0337475   0.171318  6.90748 	Dead: 0
7.14639   0.0301681   0.153147  6.90748 	Dead: 0
7.17745   0.0512507   0.260172  6.90748 	Dead: 0
7.16233   0.0299273   0.151925  6.90748 	Dead: 0
7.16131   0.0317109   0.160979  6.90748 	Dead: 0
7.16449   0.0321474   0.163195  6.90748 	Dead: 0
7.1461    0.0306808   0.15575   6.90748 	Dead: 0
7.14376   0.0296886   0.150713  6.88849 	Dead: 0
7.15959   0.0327937   0.166476  6.88849 	Dead: 0
7.16665   0.0348125   0.176725  6.88849 	Dead: 0
7.18571   0.0357195   0.181329  6.88849 	Dead: 0
7.14974   0.0315777   0.160303  6.88849 	Dead: 0
7.16896   0.0381201   0.193516  6.88849 	Dead: 0
7.1727    0.046132    0.234187  6.88849 	Dead: 0
7.18213   0.0444974   0.225889  6.88849 	Dead: 0
7.16564   0.0425113   0.215807  6.88849 	Dead: 0
7.15376   0.033479    0.169955  6.88849 	Dead: 0
7.13965   0.030104    0.152822  6.88659 	Dead: 0
7.14057   0.0317531   0.161194  6.88659 	Dead: 0
7.12019   0.0298587   0.151577  6.88659 	Dead: 0
7.1527    0.0443766   0.225276  6.88659 	Dead: 0
7.12398   0.0318978   0.161928  6.88659 	Dead: 0
7.10128   0.033736    0.171259  6.8608  	Dead: 0
7.13114   0.0389496   0.197726  6.8608  	Dead: 0
7.10254   0.0327249   0.166127  6.82974 	Dead: 0
7.08913   0.0307832   0.15627   6.82974 	Dead: 0
7.08998   0.0300388   0.152491  6.82974 	Dead: 0
7.06322   0.0284775   0.144565  6.82974 	Dead: 0
