10.1082   0.111024    0.563612  9.23763 	Dead: 0
8.27533   0.0366042   0.18582   7.97835 	Dead: 0
7.8768    0.0235507   0.119554  7.69019 	Dead: 0
7.70308   0.0296634   0.150585  7.39259 	Dead: 0
7.56855   0.0283249   0.14379   7.29415 	Dead: 0
7.47783   0.0236568   0.120093  7.25608 	Dead: 0
7.41625   0.0254238   0.129063  7.12552 	Dead: 0
7.33815   0.0251269   0.127556  7.12552 	Dead: 0
7.30186   0.0250616   0.127224  7.12214 	Dead: 0
7.29081   0.0226408   0.114935  7.12214 	Dead: 0
7.2684    0.0215937   0.10962   7.11939 	Dead: 0
7.24939   0.0228783   0.116141  7.03366 	Dead: 0
7.21658   0.0234554   0.11907   7.03366 	Dead: 0
7.21666   0.0233867   0.118722  6.97147 	Dead: 0
7.20219   0.0249854   0.126838  6.97147 	Dead: 0
7.1744    0.0214341   0.10881   6.97147 	Dead: 0
7.17513   0.0207127   0.105147  6.97147 	Dead: 0
7.1798    0.0233376   0.118472  6.97147 	Dead: 0
7.20019   0.0303407   0.154024  6.97147 	Dead: 0
7.17036   0.0247021   0.125399  6.97147 	Dead: 0
7.15164   0.0245176   0.124463  6.97147 	Dead: 0
7.1461    0.0235765   0.119685  6.94881 	Dead: 0
7.14479   0.0274465   0.139331  6.88443 	Dead: 0
7.15017   0.0286986   0.145687  6.88443 	Dead: 0
7.14533   0.0315163   0.159991  6.88443 	Dead: 0
7.13237   0.0306473   0.15558   6.88443 	Dead: 0
7.1243    0.0287386   0.14589   6.88443 	Dead: 0
7.11644   0.0293802   0.149147  6.88443 	Dead: 0
7.0809    0.0225777   0.114615  6.84278 	Dead: 0
7.0822    0.0287864   0.146133  6.84278 	Dead: 0
7.08491   0.0262457   0.133235  6.84278 	Dead: 0
7.09698   0.0297856   0.151206  6.84278 	Dead: 0
7.06827   0.0268793   0.136452  6.84278 	Dead: 0
7.07656   0.0313145   0.158967  6.83433 	Dead: 0
7.06786   0.0319853   0.162372  6.81395 	Dead: 0
7.10194   0.0355126   0.180278  6.81395 	Dead: 0
7.08428   0.0682642   0.346541  6.81395 	Dead: 0
7.07956   0.0336934   0.171043  6.81395 	Dead: 0
7.0807    0.0364026   0.184797  6.76087 	Dead: 0
7.08583   0.0340758   0.172984  6.76087 	Dead: 0
7.07888   0.0330146   0.167597  6.76087 	Dead: 0
7.08681   0.0352447   0.178919  6.76087 	Dead: 0
7.07345   0.0328186   0.166602  6.76087 	Dead: 0
7.08244   0.0406131   0.206171  6.76087 	Dead: 0
7.04226   0.0293753   0.149123  6.76087 	Dead: 0
7.08107   0.0519054   0.263496  6.76087 	Dead: 0
7.05521   0.0348628   0.17698   6.76087 	Dead: 0
7.0382    0.0321296   0.163105  6.76087 	Dead: 0
7.07458   0.0375504   0.190623  6.76087 	Dead: 0
7.06632   0.0320609   0.162756  6.76087 	Dead: 0
7.06196   0.0350399   0.177879  6.76087 	Dead: 0
7.06707   0.0394042   0.200034  6.76087 	Dead: 0
7.05115   0.0330692   0.167875  6.76087 	Dead: 0
7.07486   0.0369977   0.187818  6.76087 	Dead: 0
7.06104   0.0357837   0.181655  6.76087 	Dead: 0
7.05166   0.0320284   0.162591  6.76087 	Dead: 0
7.06313   0.0369078   0.187361  6.76087 	Dead: 0
7.06009   0.0357377   0.181421  6.76087 	Dead: 0
7.03829   0.0331684   0.168378  6.76087 	Dead: 0
7.0634    0.0397631   0.201856  6.76087 	Dead: 0
7.04211   0.0301791   0.153203  6.76087 	Dead: 0
7.05211   0.0321583   0.16325   6.76087 	Dead: 0
7.06805   0.0346167   0.17573   6.76087 	Dead: 0
7.05227   0.0333504   0.169302  6.76087 	Dead: 0
7.0466    0.0330431   0.167742  6.76087 	Dead: 0
7.05621   0.0371293   0.188486  6.76087 	Dead: 0
7.03859   0.0348732   0.177033  6.76087 	Dead: 0
7.06619   0.0381409   0.193621  6.76087 	Dead: 0
7.06214   0.0354046   0.17973   6.76087 	Dead: 0
7.04689   0.0392014   0.199004  6.76087 	Dead: 0
7.02267   0.0289463   0.146945  6.76087 	Dead: 0
7.03895   0.0340717   0.172964  6.76087 	Dead: 0
7.01695   0.0299336   0.151957  6.76087 	Dead: 0
7.06463   0.0393293   0.199654  6.76087 	Dead: 0
7.04028   0.0371799   0.188742  6.76087 	Dead: 0
7.04879   0.0394462   0.200248  6.76087 	Dead: 0
7.03661   0.034404    0.174651  6.76087 	Dead: 0
7.04199   0.0353544   0.179476  6.76087 	Dead: 0
7.04722   0.0391145   0.198563  6.76087 	Dead: 0
7.04891   0.0352105   0.178745  6.76087 	Dead: 0
7.03531   0.0358994   0.182242  6.76087 	Dead: 0
7.02219   0.0343434   0.174343  6.76087 	Dead: 0
7.04081   0.0374826   0.190279  6.76087 	Dead: 0
7.0388    0.035028    0.177819  6.76087 	Dead: 0
7.04185   0.0372359   0.189027  6.75541 	Dead: 0
7.0502    0.0481665   0.244515  6.75541 	Dead: 0
7.04996   0.0387102   0.196511  6.75541 	Dead: 0
7.03823   0.0357634   0.181552  6.75541 	Dead: 0
7.04771   0.0445862   0.22634   6.72419 	Dead: 0
7.02159   0.0338879   0.172031  6.72419 	Dead: 0
7.01877   0.0329431   0.167234  6.72419 	Dead: 0
7.01646   0.0332529   0.168807  6.72419 	Dead: 0
7.05283   0.0590711   0.299872  6.72135 	Dead: 0
7.03366   0.0342663   0.173952  6.72135 	Dead: 0
7.04197   0.0373343   0.189526  6.72135 	Dead: 0
7.03896   0.0373787   0.189751  6.72135 	Dead: 0
7.032     0.0374291   0.190007  6.72135 	Dead: 0
6.99981   0.0342757   0.173999  6.72135 	Dead: 0
7.04275   0.0381533   0.193684  6.72135 	Dead: 0
7.04912   0.0378389   0.192088  6.72135 	Dead: 0
7.01467   0.03609     0.18321   6.72135 	Dead: 0
