9.46116   0.123529    0.627091  8.18208 	Dead: 0
6.30528   0.0669113   0.339673  5.36487 	Dead: 0
4.68825   0.050169    0.254681  4.30943 	Dead: 0
4.16468   0.0724971   0.368029  3.53075 	Dead: 0
3.52977   0.0510682   0.259246  3.14853 	Dead: 0
3.33132   0.0777751   0.394823  2.87145 	Dead: 0
3.25825   0.0861576   0.437376  2.7791  	Dead: 0
3.16256   0.0802673   0.407474  2.7791  	Dead: 0
3.1624    0.0786682   0.399357  2.7519  	Dead: 0
3.08073   0.0727386   0.369255  2.62401 	Dead: 0
3.1443    0.0991801   0.503484  2.62401 	Dead: 0
3.11926   0.0920191   0.467132  2.62401 	Dead: 0
3.02937   0.0736977   0.374124  2.62359 	Dead: 0
2.9959    0.0694141   0.352378  2.62359 	Dead: 0
3.14163   0.117808    0.598049  2.62359 	Dead: 0
3.05065   0.0899684   0.456722  2.60785 	Dead: 0
3.06671   0.0986649   0.500869  2.60785 	Dead: 0
3.04944   0.0849194   0.431091  2.60785 	Dead: 0
3.07257   0.11159     0.566481  2.60785 	Dead: 0
3.05987   0.0924709   0.469426  2.60785 	Dead: 0
3.05615   0.101691    0.516233  2.60785 	Dead: 0
3.02866   0.111242    0.564716  2.60388 	Dead: 0
3.01853   0.121346    0.616008  2.58749 	Dead: 0
3.02464   0.0890688   0.452155  2.58749 	Dead: 0
3.02659   0.117144    0.594675  2.53317 	Dead: 0
3.02465   0.126031    0.639791  2.53317 	Dead: 0
2.94065   0.0788997   0.400532  2.52465 	Dead: 0
2.9768    0.0976012   0.495469  2.49742 	Dead: 0
2.88145   0.102217    0.518901  2.48071 	Dead: 0
2.82865   0.0738741   0.37502   2.47599 	Dead: 0
2.80781   0.0768033   0.389889  2.37149 	Dead: 0
2.82105   0.0995934   0.505582  2.37149 	Dead: 0
2.83231   0.101426    0.514887  2.37149 	Dead: 0
2.82307   0.0925844   0.470002  2.37149 	Dead: 0
2.86922   0.105978    0.537994  2.37149 	Dead: 0
2.81007   0.106232    0.539282  2.36466 	Dead: 0
2.76328   0.119389    0.606073  2.34721 	Dead: 0
2.73379   0.0859519   0.436332  2.34721 	Dead: 0
2.83375   0.111156    0.564281  2.29174 	Dead: 0
2.66687   0.0746435   0.378925  2.29174 	Dead: 0
2.76075   0.0938919   0.476639  2.29174 	Dead: 0
2.79817   0.117756    0.597786  2.29174 	Dead: 0
2.72836   0.0965336   0.49005   2.22742 	Dead: 0
2.71771   0.0846419   0.429682  2.22742 	Dead: 0
2.72554   0.104161    0.528772  2.22742 	Dead: 0
2.68885   0.0865164   0.439198  2.22742 	Dead: 0
2.67386   0.0840434   0.426643  2.22742 	Dead: 0
2.74101   0.114688    0.582211  2.22742 	Dead: 0
2.69124   0.0831659   0.422189  2.22742 	Dead: 0
2.77096   0.109152    0.554109  2.22742 	Dead: 0
2.65361   0.0739732   0.375522  2.22742 	Dead: 0
2.79817   0.113899    0.578203  2.22742 	Dead: 0
2.7085    0.0844462   0.428688  2.22742 	Dead: 0
2.68765   0.0821329   0.416945  2.22742 	Dead: 0
2.72121   0.0905407   0.459627  2.22742 	Dead: 0
2.68897   0.0908936   0.461418  2.22742 	Dead: 0
2.68107   0.107737    0.546926  2.22742 	Dead: 0
2.72578   0.0965485   0.490125  2.22742 	Dead: 0
2.86696   0.134854    0.68458   2.22742 	Dead: 0
2.74262   0.103037    0.523065  2.22742 	Dead: 0
2.7801    0.134422    0.682391  2.22742 	Dead: 0
2.67483   0.10885     0.552575  2.22742 	Dead: 0
2.65627   0.0839312   0.426074  2.22742 	Dead: 0
2.73917   0.114699    0.582266  2.22742 	Dead: 0
2.71444   0.108668    0.551648  2.22742 	Dead: 0
2.80519   0.134861    0.684617  2.22742 	Dead: 0
2.67598   0.0848166   0.430569  2.22742 	Dead: 0
2.66579   0.0934805   0.474551  2.22742 	Dead: 0
2.68479   0.0868738   0.441012  2.22742 	Dead: 0
2.68737   0.102359    0.519623  2.21693 	Dead: 0
2.64615   0.072376    0.367414  2.21693 	Dead: 0
2.62881   0.0799601   0.405915  2.21693 	Dead: 0
2.66534   0.0912695   0.463327  2.21693 	Dead: 0
2.67909   0.102763    0.521675  2.21693 	Dead: 0
2.70479   0.108227    0.549409  2.21693 	Dead: 0
2.61042   0.0904309   0.459069  2.21693 	Dead: 0
2.65851   0.0861089   0.437129  2.21693 	Dead: 0
2.67161   0.0928853   0.471529  2.21693 	Dead: 0
2.64384   0.0841523   0.427196  2.21693 	Dead: 0
2.76972   0.138606    0.703627  2.21693 	Dead: 0
2.79382   0.123175    0.625293  2.21693 	Dead: 0
2.649     0.077842    0.395162  2.21693 	Dead: 0
2.73723   0.127609    0.647804  2.21693 	Dead: 0
2.65563   0.101569    0.51561   2.21693 	Dead: 0
2.74303   0.125484    0.637013  2.21693 	Dead: 0
2.65063   0.0945269   0.479863  2.21693 	Dead: 0
2.67499   0.0959604   0.48714   2.21693 	Dead: 0
2.71604   0.119039    0.604298  2.21693 	Dead: 0
2.57616   0.0551431   0.279932  2.21693 	Dead: 0
2.67759   0.108979    0.553229  2.21693 	Dead: 0
2.59896   0.0784785   0.398394  2.21693 	Dead: 0
2.62705   0.082161    0.417087  2.21693 	Dead: 0
2.63047   0.0762391   0.387025  2.21693 	Dead: 0
2.64365   0.0982027   0.498523  2.21693 	Dead: 0
2.62923   0.101891    0.517247  2.14363 	Dead: 0
2.67558   0.106036    0.538289  2.14363 	Dead: 0
2.6449    0.102       0.517801  2.14363 	Dead: 0
2.62887   0.0995178   0.505199  2.14363 	Dead: 0
2.53667   0.053864    0.273439  2.14363 	Dead: 0
2.62777   0.106598    0.54114   2.14363 	Dead: 0
2.70055   0.121269    0.61562   2.14363 	Dead: 0
