5.01926   0.0669538   0.339889  4.32618 	Dead: 0
4.40554   0.0564815   0.286726  3.95752 	Dead: 0
4.38404   0.0702645   0.356695  3.73082 	Dead: 0
4.33765   0.06315     0.320579  3.73082 	Dead: 0
4.25253   0.0633292   0.321489  3.66412 	Dead: 0
4.24361   0.0648911   0.329417  3.66412 	Dead: 0
4.23648   0.0712893   0.361898  3.66412 	Dead: 0
4.23594   0.0717821   0.364399  3.66412 	Dead: 0
4.17116   0.0672839   0.341565  3.66412 	Dead: 0
4.14614   0.0646291   0.328087  3.66412 	Dead: 0
4.12738   0.0623595   0.316566  3.63671 	Dead: 0
4.11033   0.0676898   0.343625  3.63671 	Dead: 0
4.12647   0.0698344   0.354512  3.63671 	Dead: 0
4.11027   0.0682295   0.346365  3.58432 	Dead: 0
4.06939   0.0603091   0.306157  3.54049 	Dead: 0
4.09836   0.0705743   0.358268  3.54049 	Dead: 0
4.0862    0.0690041   0.350297  3.54049 	Dead: 0
4.09155   0.0626142   0.317859  3.54049 	Dead: 0
4.08967   0.0688803   0.349668  3.45703 	Dead: 0
4.12398   0.0741578   0.376459  3.45703 	Dead: 0
4.05595   0.0627905   0.318754  3.45703 	Dead: 0
4.03826   0.0605303   0.30728   3.45703 	Dead: 0
4.06113   0.0633679   0.321685  3.45703 	Dead: 0
4.03561   0.0626564   0.318073  3.45703 	Dead: 0
4.00957   0.060112    0.305156  3.45703 	Dead: 0
4.07328   0.0683102   0.346774  3.45703 	Dead: 0
4.03074   0.0662256   0.336192  3.45703 	Dead: 0
4.07429   0.0702018   0.356377  3.45703 	Dead: 0
4.02112   0.066238    0.336255  3.45703 	Dead: 0
4.01272   0.0682567   0.346503  3.45703 	Dead: 0
4.05113   0.0711723   0.361304  3.45703 	Dead: 0
4.03017   0.0658849   0.334462  3.45703 	Dead: 0
4.04113   0.0662037   0.336081  3.45703 	Dead: 0
4.02955   0.0658755   0.334415  3.45703 	Dead: 0
4.04595   0.0661721   0.33592   3.45703 	Dead: 0
4.04084   0.0660362   0.335231  3.45703 	Dead: 0
4.0052    0.0649515   0.329724  3.45703 	Dead: 0
4.02535   0.0660849   0.335478  3.45703 	Dead: 0
4.05617   0.0712233   0.361563  3.45703 	Dead: 0
4.06148   0.0701435   0.356081  3.45703 	Dead: 0
4.00591   0.0668724   0.339476  3.44199 	Dead: 0
4.04546   0.0721207   0.366118  3.44199 	Dead: 0
4.01109   0.0671575   0.340923  3.44199 	Dead: 0
3.98227   0.064856    0.329239  3.44199 	Dead: 0
4.0441    0.0700189   0.355448  3.44199 	Dead: 0
4.03457   0.0661824   0.335973  3.44199 	Dead: 0
4.03506   0.0615469   0.312441  3.44199 	Dead: 0
4.04555   0.0645011   0.327438  3.44199 	Dead: 0
4.01003   0.0601327   0.305262  3.44199 	Dead: 0
4.04265   0.0642831   0.326331  3.44199 	Dead: 0
4.04149   0.0665703   0.337942  3.44199 	Dead: 0
4.04842   0.0673908   0.342107  3.44199 	Dead: 0
4.04105   0.0664811   0.337489  3.44199 	Dead: 0
4.05818   0.0675727   0.343031  3.44199 	Dead: 0
4.02474   0.0658298   0.334183  3.44199 	Dead: 0
4.02338   0.0622351   0.315934  3.44199 	Dead: 0
4.06899   0.0699135   0.354914  3.44199 	Dead: 0
4.02397   0.0610614   0.309976  3.44199 	Dead: 0
4.03022   0.0664072   0.337114  3.44199 	Dead: 0
3.99811   0.0619171   0.31432   3.44199 	Dead: 0
4.00264   0.0648208   0.32906   3.44199 	Dead: 0
4.04078   0.0665361   0.337768  3.44199 	Dead: 0
4.03242   0.0663315   0.33673   3.44199 	Dead: 0
4.03015   0.0632844   0.321261  3.44199 	Dead: 0
4.03831   0.0640534   0.325165  3.44199 	Dead: 0
4.05029   0.0670767   0.340513  3.38866 	Dead: 0
4.06529   0.0723826   0.367448  3.38866 	Dead: 0
4.0327    0.0654229   0.332117  3.38866 	Dead: 0
4.02349   0.0672982   0.341637  3.38866 	Dead: 0
4.01769   0.0636391   0.323062  3.38866 	Dead: 0
4.08284   0.0749915   0.380692  3.38866 	Dead: 0
4.01763   0.0752006   0.381753  3.38866 	Dead: 0
4.0493    0.072983    0.370496  3.38866 	Dead: 0
4.01579   0.0671719   0.340996  3.38866 	Dead: 0
4.02133   0.068523    0.347855  3.38866 	Dead: 0
4.00961   0.0655619   0.332823  3.38866 	Dead: 0
4.04728   0.0656312   0.333174  3.38866 	Dead: 0
4.02567   0.0659723   0.334906  3.38866 	Dead: 0
4.01589   0.0708778   0.359809  3.38866 	Dead: 0
4.04053   0.0648667   0.329294  3.38866 	Dead: 0
4.02984   0.0618432   0.313945  3.38866 	Dead: 0
4.03676   0.0665123   0.337647  3.38866 	Dead: 0
4.05157   0.0741613   0.376478  3.38866 	Dead: 0
4.03904   0.0674336   0.342325  3.38866 	Dead: 0
4.05485   0.0742039   0.376694  3.38866 	Dead: 0
3.98721   0.0643143   0.326489  3.38866 	Dead: 0
4.02736   0.0696892   0.353775  3.38866 	Dead: 0
4.03431   0.0726907   0.369012  3.38866 	Dead: 0
4.07275   0.0750585   0.381032  3.38866 	Dead: 0
4.03786   0.0658421   0.334245  3.38866 	Dead: 0
4.04447   0.0729144   0.370148  3.38866 	Dead: 0
4.03681   0.0694954   0.352791  3.38866 	Dead: 0
4.03827   0.0639761   0.324773  3.38866 	Dead: 0
4.01083   0.06848     0.347636  3.38866 	Dead: 0
4.01609   0.0692086   0.351335  3.38866 	Dead: 0
4.03415   0.0722709   0.366881  3.38866 	Dead: 0
4.00798   0.0732251   0.371725  3.38866 	Dead: 0
3.99405   0.0711711   0.361298  3.38866 	Dead: 0
3.98848   0.0724836   0.36796   3.38866 	Dead: 0
4.00267   0.0677747   0.344056  3.38866 	Dead: 0
4.00581   0.0662296   0.336212  3.38866 	Dead: 0
