4.68449   0.210931    1.07078   2.81974 	Dead: 0
2.17579   0.0242433   0.12307   1.96096 	Dead: 0
1.87975   0.0192878   0.0979138 1.74464 	Dead: 0
1.83202   0.0246077   0.12492   1.73082 	Dead: 0
1.83384   0.0369773   0.187714  1.6803  	Dead: 0
1.79421   0.0224218   0.113823  1.64378 	Dead: 0
1.80655   0.044753    0.227187  1.57358 	Dead: 0
1.80321   0.0597201   0.303167  1.57358 	Dead: 0
1.80029   0.0769446   0.390607  1.57358 	Dead: 0
1.77328   0.0437825   0.222261  1.57358 	Dead: 0
1.78138   0.0645626   0.32775   1.57358 	Dead: 0
1.75806   0.0518385   0.263157  1.57358 	Dead: 0
1.72009   0.0220622   0.111998  1.57358 	Dead: 0
1.72935   0.0352748   0.179071  1.57358 	Dead: 0
1.7547    0.0480667   0.244009  1.57358 	Dead: 0
1.74313   0.0572178   0.290464  1.57358 	Dead: 0
1.70444   0.0246796   0.125285  1.56    	Dead: 0
1.72481   0.0466004   0.236565  1.5506  	Dead: 0
1.67596   0.0152935   0.077637  1.54654 	Dead: 0
1.68383   0.0193432   0.0981952 1.54654 	Dead: 0
1.71297   0.0543462   0.275887  1.54654 	Dead: 0
1.69728   0.0324295   0.164627  1.54654 	Dead: 0
1.70316   0.0413723   0.210025  1.54654 	Dead: 0
1.66363   0.0154393   0.0783773 1.54654 	Dead: 0
1.69719   0.0600361   0.304771  1.54654 	Dead: 0
1.67213   0.0367654   0.186638  1.50932 	Dead: 0
1.72874   0.0716354   0.363655  1.50493 	Dead: 0
1.61374   0.0212265   0.107756  1.50493 	Dead: 0
1.64002   0.0480142   0.243742  1.50493 	Dead: 0
1.62427   0.0354868   0.180148  1.44364 	Dead: 0
1.59279   0.0208898   0.106047  1.44364 	Dead: 0
1.6122    0.0275414   0.139813  1.44364 	Dead: 0
1.59722   0.0244688   0.124215  1.44364 	Dead: 0
1.60387   0.0320344   0.162622  1.44364 	Dead: 0
1.60553   0.0310384   0.157566  1.44364 	Dead: 0
1.59349   0.0322405   0.163668  1.44364 	Dead: 0
1.57284   0.0141716   0.0719415 1.44364 	Dead: 0
1.57137   0.0184482   0.0936519 1.44364 	Dead: 0
1.60635   0.050336    0.255529  1.44364 	Dead: 0
1.56737   0.0213136   0.108198  1.44364 	Dead: 0
1.56301   0.01989     0.100971  1.44364 	Dead: 0
1.56776   0.0195363   0.0991754 1.44364 	Dead: 0
1.55861   0.0182516   0.0926537 1.44364 	Dead: 0
1.57888   0.029839    0.151477  1.44364 	Dead: 0
1.59937   0.0595433   0.30227   1.42173 	Dead: 0
1.57915   0.0339135   0.172161  1.42173 	Dead: 0
1.58175   0.0453023   0.229976  1.42173 	Dead: 0
1.57087   0.0247069   0.125424  1.42173 	Dead: 0
1.58331   0.0361928   0.183732  1.42173 	Dead: 0
1.56523   0.0212857   0.108056  1.42173 	Dead: 0
1.5706    0.030453    0.154594  1.42173 	Dead: 0
1.57316   0.0352643   0.179018  1.42173 	Dead: 0
1.58283   0.0341892   0.173561  1.42173 	Dead: 0
1.5856    0.042554    0.216024  1.42173 	Dead: 0
1.57177   0.0237037   0.120331  1.42173 	Dead: 0
1.55435   0.0206731   0.104946  1.38936 	Dead: 0
1.58756   0.0444665   0.225733  1.38936 	Dead: 0
1.56733   0.0248129   0.125962  1.38936 	Dead: 0
1.56959   0.0213965   0.108619  1.38936 	Dead: 0
1.564     0.0222429   0.112916  1.38936 	Dead: 0
1.5896    0.0462725   0.234901  1.38936 	Dead: 0
1.57014   0.0269608   0.136866  1.38936 	Dead: 0
1.56624   0.0291427   0.147942  1.38936 	Dead: 0
1.57577   0.0302938   0.153786  1.38936 	Dead: 0
1.55802   0.0165471   0.0840007 1.38936 	Dead: 0
1.59661   0.0498136   0.252877  1.38936 	Dead: 0
1.57925   0.0496017   0.251802  1.38936 	Dead: 0
1.57965   0.0284126   0.144236  1.38936 	Dead: 0
1.53724   0.0143755   0.0729767 1.38936 	Dead: 0
1.55984   0.0218096   0.110716  1.38936 	Dead: 0
1.58824   0.0439928   0.223328  1.38936 	Dead: 0
1.57333   0.033862    0.171899  1.38936 	Dead: 0
1.57376   0.039837    0.202231  1.38936 	Dead: 0
1.56336   0.0361136   0.18333   1.38936 	Dead: 0
1.58658   0.0438448   0.222576  1.38936 	Dead: 0
1.54715   0.0198354   0.100694  1.38936 	Dead: 0
1.56894   0.0326888   0.165943  1.38936 	Dead: 0
1.55361   0.0237434   0.120532  1.38936 	Dead: 0
1.57015   0.0375846   0.190797  1.38936 	Dead: 0
1.56949   0.0310636   0.157693  1.38936 	Dead: 0
1.56833   0.0445546   0.22618   1.38936 	Dead: 0
1.55156   0.0317969   0.161416  1.38936 	Dead: 0
1.53604   0.016566    0.0840968 1.38936 	Dead: 0
1.52948   0.0175568   0.0891263 1.38936 	Dead: 0
1.5524    0.0302576   0.153602  1.38936 	Dead: 0
1.54574   0.0272439   0.138303  1.38936 	Dead: 0
1.55011   0.0236862   0.120242  1.38936 	Dead: 0
1.56828   0.0376968   0.191367  1.38936 	Dead: 0
1.54506   0.0291618   0.148039  1.38936 	Dead: 0
1.55698   0.0370967   0.18832   1.38936 	Dead: 0
1.57058   0.0477804   0.242555  1.38936 	Dead: 0
1.54205   0.0246096   0.12493   1.38936 	Dead: 0
1.53139   0.0239703   0.121685  1.38936 	Dead: 0
1.53655   0.022263    0.113017  1.38936 	Dead: 0
1.5268    0.0167323   0.0849409 1.38936 	Dead: 0
1.53472   0.0217068   0.110194  1.38936 	Dead: 0
1.54712   0.0323      0.16397   1.38936 	Dead: 0
1.53152   0.0180378   0.0915681 1.38936 	Dead: 0
1.54077   0.0323317   0.164131  1.38936 	Dead: 0
1.55092   0.0294314   0.149407  1.38936 	Dead: 0
1.54827   0.0383777   0.194823  1.38936 	Dead: 0
