0   8.79547   0.111899    0.56805   6.58341 	Dead: 0
1   4.87734   0.0293072   0.148777  4.61922 	Dead: 0
2   4.80973   0.0432218   0.219414  4.49662 	Dead: 0
3   4.75357   0.034073    0.17297   4.46492 	Dead: 0
4   4.73118   0.0381837   0.193838  4.43831 	Dead: 0
5   4.73407   0.0444095   0.225443  4.37771 	Dead: 0
6   4.63261   0.0360278   0.182894  4.31925 	Dead: 0
7   4.51885   0.0398505   0.2023    4.13388 	Dead: 0
8   4.43867   0.0393409   0.199713  4.13195 	Dead: 0
9   4.42183   0.0539961   0.27411   4.09066 	Dead: 0
10  4.37996   0.0445304   0.226057  4.06294 	Dead: 0
11  4.38255   0.0459604   0.233317  4.05503 	Dead: 0
12  4.37727   0.0465124   0.236119  4.02812 	Dead: 0
13  4.36682   0.051803    0.262976  3.95998 	Dead: 0
14  4.37803   0.0519342   0.263642  3.95998 	Dead: 0
15  4.3498    0.0519822   0.263886  3.95998 	Dead: 0
16  4.33029   0.0504629   0.256173  3.95998 	Dead: 0
17  4.37258   0.0532627   0.270386  3.83475 	Dead: 0
18  4.3266    0.0496945   0.252272  3.83475 	Dead: 0
19  4.32629   0.0538317   0.273275  3.83475 	Dead: 0
20  4.30243   0.0498708   0.253167  3.83475 	Dead: 0
21  4.26455   0.0473375   0.240307  3.83475 	Dead: 0
22  4.35115   0.0617404   0.313423  3.83475 	Dead: 0
23  4.32713   0.059375    0.301415  3.83475 	Dead: 0
24  4.28814   0.0516625   0.262263  3.83475 	Dead: 0
25  4.28395   0.0615256   0.312333  3.83197 	Dead: 0
26  4.25864   0.0601446   0.305322  3.83197 	Dead: 0
27  4.22637   0.0578032   0.293436  3.83197 	Dead: 0
28  4.25542   0.0587343   0.298162  3.83197 	Dead: 0
29  4.26064   0.0600673   0.30493   3.83197 	Dead: 0
30  4.25461   0.0578619   0.293734  3.83197 	Dead: 0
31  4.27598   0.0639631   0.324707  3.83197 	Dead: 0
32  4.24926   0.0618151   0.313802  3.83197 	Dead: 0
33  4.23759   0.0583405   0.296163  3.81977 	Dead: 0
34  4.23317   0.0597519   0.303329  3.81977 	Dead: 0
35  4.17994   0.0573043   0.290903  3.81977 	Dead: 0
36  4.19258   0.0626018   0.317796  3.77377 	Dead: 0
37  4.2117    0.0605942   0.307604  3.76681 	Dead: 0
38  4.17983   0.0570382   0.289553  3.68005 	Dead: 0
39  4.18006   0.0628078   0.318842  3.68005 	Dead: 0
40  4.18818   0.0619479   0.314477  3.68005 	Dead: 0
41  4.20549   0.0662817   0.336477  3.68005 	Dead: 0
42  4.154     0.0563514   0.286066  3.68005 	Dead: 0
43  4.17358   0.0628112   0.318859  3.68005 	Dead: 0
44  4.1439    0.0592936   0.301002  3.68005 	Dead: 0
45  4.15846   0.0625559   0.317563  3.68005 	Dead: 0
46  4.13399   0.060414    0.30669   3.68005 	Dead: 0
47  4.17405   0.0619148   0.314309  3.68005 	Dead: 0
48  4.13752   0.0599982   0.304579  3.68005 	Dead: 0
49  4.15586   0.0579032   0.293944  3.68005 	Dead: 0
50  4.14474   0.0610805   0.310073  3.68005 	Dead: 0
51  4.2099    0.0650892   0.330423  3.68005 	Dead: 0
52  4.17302   0.0665703   0.337942  3.68005 	Dead: 0
53  4.16075   0.0623396   0.316465  3.68005 	Dead: 0
54  4.18229   0.0653318   0.331655  3.68005 	Dead: 0
55  4.16949   0.0645383   0.327627  3.68005 	Dead: 0
56  4.14932   0.0648244   0.329079  3.68005 	Dead: 0
57  4.18494   0.0698534   0.354608  3.68005 	Dead: 0
58  4.14186   0.0626454   0.318017  3.68005 	Dead: 0
59  4.16994   0.0674071   0.34219   3.68005 	Dead: 0
60  4.17663   0.0666724   0.33846   3.68005 	Dead: 0
61  4.16054   0.0640584   0.32519   3.68005 	Dead: 0
62  4.15414   0.0655559   0.332792  3.68005 	Dead: 0
63  4.17521   0.071307    0.361988  3.68005 	Dead: 0
64  4.12577   0.0615132   0.31227   3.68005 	Dead: 0
65  4.1338    0.0628938   0.319278  3.68005 	Dead: 0
66  4.14536   0.0654565   0.332288  3.68005 	Dead: 0
67  4.11363   0.0649132   0.32953   3.68005 	Dead: 0
68  4.13241   0.0635044   0.322378  3.68005 	Dead: 0
69  4.12394   0.0658196   0.334131  3.68005 	Dead: 0
70  4.16511   0.0722665   0.366858  3.68005 	Dead: 0
71  4.11326   0.0592225   0.300641  3.68005 	Dead: 0
72  4.14036   0.0645082   0.327474  3.68005 	Dead: 0
73  4.13204   0.0636079   0.322903  3.63583 	Dead: 0
74  4.14335   0.0684938   0.347707  3.63583 	Dead: 0
75  4.1337    0.0599236   0.3042    3.63583 	Dead: 0
76  4.15109   0.0655905   0.332968  3.63583 	Dead: 0
77  4.17452   0.0688028   0.349275  3.63583 	Dead: 0
78  4.14883   0.0687761   0.34914   3.63583 	Dead: 0
79  4.13284   0.068037    0.345388  3.63583 	Dead: 0
80  4.15237   0.0727877   0.369504  3.63583 	Dead: 0
81  4.1107    0.0610487   0.309912  3.63583 	Dead: 0
82  4.09635   0.0596003   0.302559  3.63583 	Dead: 0
83  4.14457   0.0694559   0.35259   3.63583 	Dead: 0
84  4.11142   0.070443    0.357602  3.63583 	Dead: 0
85  4.1139    0.0676769   0.343559  3.63583 	Dead: 0
86  4.11458   0.0707787   0.359306  3.63583 	Dead: 0
87  4.1171    0.0705866   0.35833   3.63583 	Dead: 0
88  4.11576   0.0653143   0.331566  3.63583 	Dead: 0
89  4.05344   0.0611079   0.310212  3.63583 	Dead: 0
90  4.12013   0.0700102   0.355404  3.63583 	Dead: 0
91  4.09532   0.0630098   0.319867  3.63583 	Dead: 0
92  4.09278   0.0687763   0.349141  3.63583 	Dead: 0
93  4.12954   0.0717455   0.364214  3.63583 	Dead: 0
94  4.09069   0.0661417   0.335766  3.63583 	Dead: 0
95  4.12545   0.06607     0.335402  3.63583 	Dead: 0
96  4.09863   0.0686649   0.348575  3.63583 	Dead: 0
97  4.10308   0.0669458   0.339848  3.62429 	Dead: 0
98  4.08328   0.0658875   0.334476  3.62429 	Dead: 0
99  4.07933   0.0690785   0.350675  3.62429 	Dead: 0
100 4.09485   0.0693332   0.351968  3.62429 	Dead: 0
