8.33485   0.0743323   0.377346  7.40322 	Dead: 0
7.2809    0.0323776   0.164364  6.9344  	Dead: 0
7.02159   0.0343488   0.17437   6.68375 	Dead: 0
6.92337   0.0328722   0.166874  6.6702  	Dead: 0
6.91465   0.0355045   0.180238  6.65898 	Dead: 0
6.91726   0.0389768   0.197864  6.57788 	Dead: 0
6.86435   0.035584    0.180641  6.53946 	Dead: 0
6.85018   0.0386547   0.196229  6.53946 	Dead: 0
6.82961   0.0377949   0.191864  6.53946 	Dead: 0
6.83392   0.0384345   0.195112  6.53946 	Dead: 0
6.81845   0.0395682   0.200867  6.53946 	Dead: 0
6.81215   0.0378777   0.192285  6.53946 	Dead: 0
6.78428   0.0364009   0.184788  6.46664 	Dead: 0
6.75915   0.0387504   0.196715  6.41596 	Dead: 0
6.79112   0.0430545   0.218565  6.41596 	Dead: 0
6.74594   0.0402533   0.204344  6.40742 	Dead: 0
6.7527    0.0448714   0.227788  6.40742 	Dead: 0
6.6981    0.0361951   0.183743  6.40742 	Dead: 0
6.70662   0.039966    0.202886  6.40742 	Dead: 0
6.69717   0.0388397   0.197168  6.40742 	Dead: 0
6.69219   0.0397392   0.201735  6.40742 	Dead: 0
6.68594   0.0402414   0.204284  6.36473 	Dead: 0
6.68556   0.0370292   0.187977  6.36473 	Dead: 0
6.70467   0.047344    0.24034   6.36473 	Dead: 0
6.68777   0.0478409   0.242863  6.36473 	Dead: 0
6.65073   0.0369732   0.187693  6.36473 	Dead: 0
6.67811   0.0440062   0.223396  6.36473 	Dead: 0
6.64887   0.0381786   0.193813  6.36353 	Dead: 0
6.68056   0.0416049   0.211206  6.36353 	Dead: 0
6.71671   0.0584922   0.296933  6.36353 	Dead: 0
6.67148   0.0416738   0.211556  6.36353 	Dead: 0
6.67833   0.043381    0.220222  6.36353 	Dead: 0
6.67245   0.0411175   0.208732  6.36353 	Dead: 0
6.69003   0.0472393   0.239809  6.36353 	Dead: 0
6.68712   0.0446281   0.226553  6.3267  	Dead: 0
6.66506   0.0373955   0.189837  6.3267  	Dead: 0
6.6692    0.0422103   0.214279  6.3267  	Dead: 0
6.68722   0.0457824   0.232413  6.3267  	Dead: 0
6.67824   0.0407671   0.206953  6.3267  	Dead: 0
6.63795   0.0358179   0.181828  6.3267  	Dead: 0
6.63502   0.0366061   0.185829  6.3267  	Dead: 0
6.68406   0.0443595   0.225189  6.3267  	Dead: 0
6.64598   0.038903    0.19749   6.3267  	Dead: 0
6.6501    0.0431594   0.219097  6.3267  	Dead: 0
6.64768   0.0403876   0.205026  6.3267  	Dead: 0
6.65765   0.0484342   0.245875  6.3267  	Dead: 0
6.62316   0.0390146   0.198056  6.28081 	Dead: 0
6.60321   0.0383949   0.19491   6.28081 	Dead: 0
6.61312   0.0420712   0.213573  6.28081 	Dead: 0
6.61077   0.0374174   0.189948  6.28081 	Dead: 0
6.63856   0.0514431   0.261149  6.18461 	Dead: 0
6.59242   0.0448273   0.227565  6.18461 	Dead: 0
6.58108   0.0507344   0.257551  6.18247 	Dead: 0
6.5734    0.0481922   0.244646  6.18247 	Dead: 0
6.53022   0.0406069   0.20614   6.18247 	Dead: 0
6.54303   0.0383124   0.194492  6.18247 	Dead: 0
6.54156   0.0414806   0.210575  6.18247 	Dead: 0
6.53754   0.0392133   0.199065  6.18247 	Dead: 0
6.54665   0.0410669   0.208475  6.18247 	Dead: 0
6.52565   0.0392624   0.199314  6.18247 	Dead: 0
6.52446   0.0385998   0.195951  6.18247 	Dead: 0
6.52573   0.0434769   0.220709  6.18247 	Dead: 0
6.51982   0.0400847   0.203488  6.18247 	Dead: 0
6.53267   0.0460763   0.233905  6.18247 	Dead: 0
6.5311    0.0431605   0.219103  6.18247 	Dead: 0
6.53505   0.0550876   0.27965   6.18247 	Dead: 0
6.51055   0.0403613   0.204893  6.18247 	Dead: 0
6.50642   0.0403278   0.204723  6.17565 	Dead: 0
6.49441   0.0392927   0.199468  6.17565 	Dead: 0
6.51297   0.0418557   0.212479  6.17565 	Dead: 0
6.51541   0.0441573   0.224163  6.17565 	Dead: 0
6.52034   0.0443626   0.225205  6.17565 	Dead: 0
6.52961   0.0489002   0.24824   6.17565 	Dead: 0
6.49136   0.0360357   0.182934  6.17565 	Dead: 0
6.49476   0.0400912   0.203522  6.17565 	Dead: 0
6.52606   0.0471756   0.239485  6.17565 	Dead: 0
6.50386   0.041667    0.211521  6.17565 	Dead: 0
6.5061    0.0436469   0.221572  6.17565 	Dead: 0
6.51807   0.0518919   0.263428  6.17565 	Dead: 0
6.52255   0.0447511   0.227177  6.17565 	Dead: 0
6.50797   0.0416833   0.211604  6.17565 	Dead: 0
6.50736   0.0417817   0.212104  6.17565 	Dead: 0
6.51817   0.0406814   0.206518  6.17565 	Dead: 0
6.50709   0.0440068   0.223399  6.17565 	Dead: 0
6.51933   0.0458079   0.232542  6.17565 	Dead: 0
6.50859   0.0448614   0.227738  6.17565 	Dead: 0
6.50221   0.0415842   0.211101  6.17565 	Dead: 0
6.49262   0.0403549   0.20486   6.17565 	Dead: 0
6.49408   0.0407087   0.206656  6.17565 	Dead: 0
6.5098    0.0422109   0.214282  6.17565 	Dead: 0
6.52539   0.0440922   0.223833  6.17565 	Dead: 0
6.48929   0.0383408   0.194636  6.17565 	Dead: 0
6.54359   0.0475807   0.241542  6.17565 	Dead: 0
6.50684   0.0408773   0.207512  6.17565 	Dead: 0
6.49735   0.0410084   0.208178  6.17565 	Dead: 0
6.4971    0.0397659   0.20187   6.17565 	Dead: 0
6.52626   0.0560809   0.284693  6.17565 	Dead: 0
6.51222   0.0464568   0.235836  6.17565 	Dead: 0
6.49747   0.0420761   0.213598  6.17565 	Dead: 0
6.52578   0.0436851   0.221766  6.17565 	Dead: 0
6.50426   0.0397449   0.201764  6.17565 	Dead: 0
