7.67691   0.115979    0.588764  6.13615 	Dead: 0
6.00777   0.0758621   0.385112  5.29222 	Dead: 0
5.33495   0.060886    0.309086  4.65922 	Dead: 0
5.14795   0.0585768   0.297363  4.64674 	Dead: 0
5.09052   0.0681793   0.34611   4.51635 	Dead: 0
5.03473   0.076261    0.387136  4.29245 	Dead: 0
4.94159   0.0693363   0.351983  4.29245 	Dead: 0
4.91652   0.065193    0.33095   4.29245 	Dead: 0
4.95836   0.0846593   0.42977   4.29245 	Dead: 0
4.9187    0.0746142   0.378776  4.29245 	Dead: 0
4.9145    0.0728369   0.369754  4.29245 	Dead: 0
4.79933   0.0714349   0.362637  4.28267 	Dead: 0
4.81868   0.0762185   0.38692   4.28267 	Dead: 0
4.7695    0.0675032   0.342678  4.23342 	Dead: 0
4.75154   0.0686862   0.348683  4.23342 	Dead: 0
4.7602    0.0798133   0.40517   4.04558 	Dead: 0
4.70967   0.0684733   0.347603  4.04558 	Dead: 0
4.7512    0.0718758   0.364875  4.04558 	Dead: 0
4.68975   0.0637063   0.323403  4.04558 	Dead: 0
4.76093   0.0844565   0.428741  4.04558 	Dead: 0
4.74955   0.0814906   0.413684  4.04558 	Dead: 0
4.70549   0.0735928   0.373592  4.04558 	Dead: 0
4.69281   0.0737382   0.37433   4.04558 	Dead: 0
4.70685   0.074537    0.378385  4.04558 	Dead: 0
4.72016   0.0746695   0.379057  4.04558 	Dead: 0
4.71568   0.0777399   0.394644  4.04558 	Dead: 0
4.67398   0.0802419   0.407345  4.04558 	Dead: 0
4.66772   0.0709509   0.36018   4.04558 	Dead: 0
4.73368   0.0840579   0.426717  4.04558 	Dead: 0
4.66921   0.0808725   0.410547  4.04558 	Dead: 0
4.57489   0.0813585   0.413014  3.79623 	Dead: 0
4.42334   0.0788158   0.400106  3.79623 	Dead: 0
4.34117   0.0849399   0.431195  3.79623 	Dead: 0
4.38395   0.0990836   0.502995  3.78092 	Dead: 0
4.31689   0.100621    0.510799  3.78092 	Dead: 0
4.33633   0.0980867   0.497934  3.78092 	Dead: 0
4.24781   0.0819606   0.41607   3.77112 	Dead: 0
4.28231   0.0988905   0.502014  3.7289  	Dead: 0
4.28548   0.0927181   0.47068   3.7289  	Dead: 0
4.36135   0.110303    0.559947  3.70594 	Dead: 0
4.3001    0.0944439   0.479441  3.70594 	Dead: 0
4.27767   0.105088    0.533474  3.70594 	Dead: 0
4.24943   0.0985327   0.500198  3.70594 	Dead: 0
4.28562   0.10307     0.523229  3.70594 	Dead: 0
4.19814   0.0826514   0.419577  3.70594 	Dead: 0
4.23855   0.103853    0.527208  3.69211 	Dead: 0
4.20349   0.0830873   0.42179   3.67548 	Dead: 0
4.19441   0.0986609   0.500849  3.67548 	Dead: 0
4.24141   0.101693    0.516239  3.67548 	Dead: 0
4.25334   0.109007    0.55337   3.67548 	Dead: 0
4.23297   0.103919    0.527539  3.61593 	Dead: 0
4.25812   0.0985154   0.50011   3.61593 	Dead: 0
4.26187   0.0974339   0.49462   3.61593 	Dead: 0
4.19419   0.0854596   0.433833  3.61593 	Dead: 0
4.25193   0.0956477   0.485552  3.55677 	Dead: 0
4.28077   0.0950331   0.482432  3.55677 	Dead: 0
4.20124   0.086618    0.439714  3.55677 	Dead: 0
4.21295   0.0888146   0.450864  3.55677 	Dead: 0
4.18525   0.100129    0.508299  3.55677 	Dead: 0
4.22483   0.0925405   0.469779  3.55677 	Dead: 0
4.18947   0.0818736   0.415629  3.55677 	Dead: 0
4.16833   0.0861727   0.437453  3.55677 	Dead: 0
4.19855   0.0932449   0.473354  3.55677 	Dead: 0
4.20678   0.101736    0.516459  3.55677 	Dead: 0
4.22485   0.0869351   0.441323  3.55677 	Dead: 0
4.19494   0.08686     0.440942  3.55677 	Dead: 0
4.1997    0.0861127   0.437148  3.55677 	Dead: 0
4.17656   0.0931411   0.472828  3.55677 	Dead: 0
4.23016   0.101104    0.51325   3.55677 	Dead: 0
4.11703   0.069808    0.354378  3.55677 	Dead: 0
4.16584   0.0878491   0.445963  3.55677 	Dead: 0
4.23547   0.107453    0.545481  3.55677 	Dead: 0
4.20951   0.0947564   0.481028  3.55677 	Dead: 0
4.18044   0.0846185   0.429563  3.55677 	Dead: 0
4.19131   0.0921899   0.467999  3.55677 	Dead: 0
4.21995   0.0970862   0.492855  3.54384 	Dead: 0
4.1971    0.0918619   0.466334  3.54384 	Dead: 0
4.27555   0.104407    0.530019  3.54384 	Dead: 0
4.27575   0.115822    0.587964  3.54384 	Dead: 0
4.3185    0.113165    0.574479  3.54384 	Dead: 0
4.25489   0.101327    0.514385  3.54384 	Dead: 0
4.23778   0.094463    0.479538  3.54384 	Dead: 0
4.21944   0.106531    0.540802  3.54384 	Dead: 0
4.23577   0.101152    0.513494  3.54384 	Dead: 0
4.20671   0.0966562   0.490672  3.54384 	Dead: 0
4.25963   0.0946119   0.480294  3.54384 	Dead: 0
4.202     0.0975213   0.495064  3.54384 	Dead: 0
4.22924   0.104466    0.530319  3.54384 	Dead: 0
4.34998   0.115928    0.588505  3.54384 	Dead: 0
4.25405   0.108614    0.551377  3.54384 	Dead: 0
4.22768   0.102229    0.51896   3.54384 	Dead: 0
4.2332    0.10279     0.521811  3.54384 	Dead: 0
4.20216   0.0995212   0.505216  3.54384 	Dead: 0
4.13777   0.0859322   0.436232  3.54384 	Dead: 0
4.21107   0.100222    0.508775  3.54384 	Dead: 0
4.19345   0.0922686   0.468398  3.54384 	Dead: 0
4.27474   0.104054    0.528227  3.54384 	Dead: 0
4.21132   0.0976541   0.495738  3.54384 	Dead: 0
4.25245   0.111411    0.565572  3.54384 	Dead: 0
4.13204   0.0843674   0.428288  3.54384 	Dead: 0
4.23732   0.0993075   0.504131  3.54384 	Dead: 0
