0   8.52237   0.0989523   0.502328  7.63638 	Dead: 0
1   6.87087   0.0707604   0.359213  6.24298 	Dead: 0
2   6.81752   0.0836461   0.424627  6.12935 	Dead: 0
3   6.68008   0.0944215   0.479327  5.89371 	Dead: 0
4   6.6455    0.106745    0.541887  5.7984  	Dead: 0
5   6.57798   0.106894    0.542643  5.78241 	Dead: 0
6   6.53399   0.115689    0.587294  5.78241 	Dead: 0
7   6.48577   0.111298    0.565     5.66077 	Dead: 0
8   6.42421   0.101624    0.51589   5.66077 	Dead: 0
9   6.5021    0.112743    0.572335  5.66077 	Dead: 0
10  6.51695   0.121185    0.615194  5.66077 	Dead: 0
11  6.47868   0.113301    0.575171  5.66077 	Dead: 0
12  6.51259   0.118971    0.603953  5.66077 	Dead: 0
13  6.51517   0.12171     0.617855  5.66077 	Dead: 0
14  6.4721    0.120048    0.609421  5.66077 	Dead: 0
15  6.40936   0.118135    0.599707  5.65042 	Dead: 0
16  6.46346   0.12589     0.639075  5.65042 	Dead: 0
17  6.48245   0.13374     0.678929  5.59585 	Dead: 0
18  6.39676   0.135111    0.685885  5.52004 	Dead: 0
19  6.48318   0.140984    0.715699  5.41624 	Dead: 0
20  6.37622   0.135818    0.689475  5.41624 	Dead: 0
21  6.3613    0.137478    0.697902  5.41624 	Dead: 0
22  6.39044   0.134913    0.68488   5.41624 	Dead: 0
23  6.29921   0.132058    0.67039   5.41624 	Dead: 0
24  6.26552   0.135941    0.690101  5.41624 	Dead: 0
25  6.35341   0.137471    0.697865  5.36037 	Dead: 0
26  6.29071   0.140246    0.711952  5.36037 	Dead: 0
27  6.3666    0.146097    0.741656  5.36037 	Dead: 0
28  6.39202   0.155179    0.787762  5.36037 	Dead: 0
29  6.42038   0.144005    0.731039  5.36037 	Dead: 0
30  6.33033   0.140596    0.713731  5.36037 	Dead: 0
31  6.35338   0.153862    0.781076  5.36037 	Dead: 0
32  6.29821   0.154702    0.785339  5.36037 	Dead: 0
33  6.30063   0.150983    0.76646   5.2786  	Dead: 0
34  6.21714   0.146255    0.742458  5.2786  	Dead: 0
35  6.32552   0.147629    0.749435  5.2786  	Dead: 0
36  6.23901   0.148288    0.75278   5.2786  	Dead: 0
37  6.27029   0.147781    0.750204  5.2786  	Dead: 0
38  6.2533    0.153152    0.777473  5.2786  	Dead: 0
39  6.24962   0.150158    0.76227   5.25704 	Dead: 0
40  6.28715   0.1561      0.792436  5.20512 	Dead: 0
41  6.21702   0.157944    0.801796  5.20512 	Dead: 0
42  6.26925   0.155331    0.788532  5.20512 	Dead: 0
43  6.30335   0.15343     0.778881  5.20512 	Dead: 0
44  6.3385    0.169678    0.861363  5.20512 	Dead: 0
45  6.22506   0.153072    0.777066  5.20512 	Dead: 0
46  6.25098   0.150163    0.762297  5.20512 	Dead: 0
47  6.39806   0.17191     0.872694  5.20512 	Dead: 0
48  6.26986   0.158665    0.805457  5.20512 	Dead: 0
49  6.33377   0.15794     0.801778  5.20512 	Dead: 0
50  6.28058   0.16858     0.85579   5.20512 	Dead: 0
51  6.34533   0.164283    0.833976  5.20512 	Dead: 0
52  6.26838   0.156575    0.79485   5.20512 	Dead: 0
53  6.35569   0.157957    0.801863  5.20512 	Dead: 0
54  6.29613   0.152425    0.773779  5.20512 	Dead: 0
55  6.26698   0.149233    0.757575  5.20512 	Dead: 0
56  6.35014   0.166871    0.847117  5.20512 	Dead: 0
57  6.34071   0.157927    0.801713  5.20512 	Dead: 0
58  6.32082   0.162677    0.825826  5.20512 	Dead: 0
59  6.35925   0.163931    0.832191  5.20512 	Dead: 0
60  6.37274   0.16108     0.817715  5.20512 	Dead: 0
61  6.14454   0.140849    0.715014  5.20512 	Dead: 0
62  6.24639   0.164944    0.837333  5.20512 	Dead: 0
63  6.37259   0.168558    0.855681  5.20512 	Dead: 0
64  6.25914   0.160149    0.812989  5.20512 	Dead: 0
65  6.29966   0.165592    0.84062   5.17315 	Dead: 0
66  6.2661    0.15401     0.781829  5.17315 	Dead: 0
67  6.26284   0.167708    0.851366  5.17315 	Dead: 0
68  6.25873   0.157346    0.79876   5.17315 	Dead: 0
69  6.15231   0.155983    0.791842  5.17315 	Dead: 0
70  6.25153   0.168285    0.854291  5.17315 	Dead: 0
71  6.2463    0.156901    0.796502  5.17315 	Dead: 0
72  6.26732   0.159296    0.808662  5.17315 	Dead: 0
73  6.23009   0.162889    0.826899  5.17315 	Dead: 0
74  6.22637   0.168006    0.852876  5.17315 	Dead: 0
75  6.27308   0.163901    0.832038  5.17315 	Dead: 0
76  6.26524   0.164553    0.83535   5.17315 	Dead: 0
77  6.18514   0.163622    0.83062   5.17315 	Dead: 0
78  6.28875   0.157586    0.799981  5.17315 	Dead: 0
79  6.26411   0.150841    0.76574   5.166   	Dead: 0
80  6.20962   0.158356    0.803886  5.166   	Dead: 0
81  6.20331   0.159856    0.811504  5.166   	Dead: 0
82  6.29685   0.155304    0.788394  5.166   	Dead: 0
83  6.24254   0.162608    0.825472  5.166   	Dead: 0
84  6.14898   0.149252    0.757673  5.166   	Dead: 0
85  6.14562   0.158632    0.805291  5.11811 	Dead: 0
86  6.22323   0.155972    0.791789  5.11811 	Dead: 0
87  6.18371   0.155953    0.791689  5.11811 	Dead: 0
88  6.22627   0.161403    0.819358  5.11811 	Dead: 0
89  6.22142   0.155835    0.791091  5.11811 	Dead: 0
90  6.17117   0.148155    0.752102  5.11811 	Dead: 0
91  6.24069   0.160214    0.81332   5.11811 	Dead: 0
92  6.22205   0.155554    0.789666  5.11811 	Dead: 0
93  6.23342   0.158972    0.807014  5.11811 	Dead: 0
94  6.24997   0.155143    0.787577  5.11811 	Dead: 0
95  6.17522   0.157135    0.79769   5.11811 	Dead: 0
96  6.23193   0.162111    0.822949  5.11811 	Dead: 0
97  6.22292   0.155829    0.79106   5.11811 	Dead: 0
98  6.24842   0.158227    0.803235  5.11811 	Dead: 0
99  6.17129   0.151652    0.769858  5.11811 	Dead: 0
100 6.23244   0.166058    0.842989  5.11811 	Dead: 0
