16.1632   0.0569457   0.289083  15.5351 	Dead: 0
15.0271   0.0413603   0.209964  14.6777 	Dead: 0
14.7961   0.0403807   0.204991  14.4541 	Dead: 0
14.7895   0.0472059   0.239639  14.3862 	Dead: 0
14.7645   0.0472782   0.240006  14.3862 	Dead: 0
14.6897   0.0482712   0.245047  14.3825 	Dead: 0
14.6314   0.0436223   0.221447  14.2123 	Dead: 0
14.5584   0.036351    0.184535  14.2123 	Dead: 0
14.5627   0.043999    0.22336   14.2123 	Dead: 0
14.5059   0.0426392   0.216457  14.2123 	Dead: 0
14.3647   0.0371566   0.188624  14.0271 	Dead: 0
14.3096   0.0435456   0.221058  13.8275 	Dead: 0
14.2285   0.047313    0.240183  13.804  	Dead: 0
14.1793   0.0504228   0.25597   13.7402 	Dead: 0
14.0838   0.0467355   0.237251  13.6161 	Dead: 0
14.0366   0.0467759   0.237456  13.6161 	Dead: 0
13.8669   0.0567612   0.288147  13.2958 	Dead: 0
13.6405   0.0736717   0.373992  13.1436 	Dead: 0
13.5555   0.0641992   0.325905  13.1174 	Dead: 0
13.4237   0.0649557   0.329746  12.9385 	Dead: 0
13.1491   0.073289    0.372049  12.6898 	Dead: 0
13.1053   0.0812557   0.412492  12.6898 	Dead: 0
13.1148   0.0879355   0.446402  12.6735 	Dead: 0
13.0144   0.0703916   0.357341  12.6518 	Dead: 0
12.977    0.0692959   0.351778  12.568  	Dead: 0
13.0497   0.0828161   0.420413  12.568  	Dead: 0
12.9916   0.0789485   0.400779  12.5676 	Dead: 0
12.9985   0.0888167   0.450875  12.5676 	Dead: 0
12.9953   0.0807538   0.409944  12.4473 	Dead: 0
13.0115   0.0858998   0.436068  12.4473 	Dead: 0
12.9071   0.0696147   0.353397  12.4473 	Dead: 0
12.9774   0.0855363   0.434222  12.4473 	Dead: 0
12.8373   0.0597595   0.303367  12.4473 	Dead: 0
12.9161   0.0789788   0.400933  12.4473 	Dead: 0
12.9354   0.0863171   0.438186  12.4473 	Dead: 0
12.9298   0.0844244   0.428578  12.4473 	Dead: 0
12.854    0.0685319   0.3479    12.4473 	Dead: 0
12.8839   0.077459    0.393218  12.4473 	Dead: 0
12.9262   0.0890069   0.451841  12.4473 	Dead: 0
12.883    0.0854528   0.433798  12.4473 	Dead: 0
12.8834   0.0804791   0.40855   12.4473 	Dead: 0
12.8569   0.0748121   0.379781  12.4473 	Dead: 0
12.9285   0.0974166   0.494532  12.4473 	Dead: 0
12.8895   0.0801086   0.406669  12.4473 	Dead: 0
12.7862   0.0662746   0.336441  12.4473 	Dead: 0
12.7563   0.0618467   0.313963  12.4473 	Dead: 0
12.8101   0.0833166   0.422954  12.4473 	Dead: 0
12.776    0.0685037   0.347757  12.4473 	Dead: 0
12.8635   0.087626    0.444831  12.4473 	Dead: 0
12.7954   0.0813568   0.413005  12.4298 	Dead: 0
12.7737   0.0726902   0.369009  12.4194 	Dead: 0
12.7817   0.071747    0.364221  12.4194 	Dead: 0
12.7885   0.077601    0.393939  12.4194 	Dead: 0
12.7376   0.0645181   0.327524  12.4194 	Dead: 0
12.749    0.0660098   0.335096  12.4194 	Dead: 0
12.7662   0.07109     0.360886  12.4192 	Dead: 0
12.7304   0.0639837   0.324811  12.4192 	Dead: 0
12.7634   0.0704594   0.357685  12.3741 	Dead: 0
12.7698   0.0673818   0.342062  12.3741 	Dead: 0
12.7604   0.0707885   0.359355  12.3741 	Dead: 0
12.7745   0.0754593   0.383067  12.3741 	Dead: 0
12.7912   0.0778668   0.395288  12.3741 	Dead: 0
12.7537   0.0756954   0.384265  12.3741 	Dead: 0
12.8087   0.0842895   0.427893  12.3741 	Dead: 0
12.7672   0.0804353   0.408327  12.3667 	Dead: 0
12.8019   0.0776147   0.394008  12.3667 	Dead: 0
12.8203   0.0908882   0.461391  12.3667 	Dead: 0
12.7995   0.0822546   0.417563  12.3667 	Dead: 0
12.7903   0.080497    0.40864   12.3667 	Dead: 0
12.8222   0.0866505   0.439878  12.3667 	Dead: 0
12.758    0.0689965   0.350258  12.3667 	Dead: 0
12.8691   0.0977307   0.496126  12.3667 	Dead: 0
12.8103   0.0830744   0.421724  12.3667 	Dead: 0
12.8012   0.0834432   0.423596  12.3667 	Dead: 0
12.8473   0.0974863   0.494886  12.3667 	Dead: 0
12.8301   0.0969839   0.492336  12.312  	Dead: 0
12.8445   0.0996824   0.506034  12.312  	Dead: 0
12.7405   0.0819284   0.415907  12.2882 	Dead: 0
12.6892   0.0794866   0.403511  12.2009 	Dead: 0
12.7779   0.0936991   0.47566   12.2009 	Dead: 0
12.6854   0.0791461   0.401783  12.2009 	Dead: 0
12.6971   0.0865797   0.439519  12.2009 	Dead: 0
12.6382   0.0772049   0.391928  12.2009 	Dead: 0
12.634    0.073226    0.371729  12.2009 	Dead: 0
12.7012   0.0882804   0.448153  12.2009 	Dead: 0
12.6336   0.0776485   0.39418   12.2009 	Dead: 0
12.7178   0.0947115   0.4808    12.2009 	Dead: 0
12.659    0.0847367   0.430163  12.2009 	Dead: 0
12.6895   0.0872939   0.443145  12.2009 	Dead: 0
12.625    0.0747956   0.379698  12.2009 	Dead: 0
12.7166   0.0966157   0.490466  12.2009 	Dead: 0
12.6674   0.0852455   0.432746  12.2009 	Dead: 0
12.6204   0.0787826   0.399937  12.2009 	Dead: 0
12.5592   0.0587443   0.298213  12.2009 	Dead: 0
12.6217   0.0767897   0.38982   12.2009 	Dead: 0
12.6393   0.0856723   0.434913  12.2009 	Dead: 0
12.6234   0.0844041   0.428474  12.2009 	Dead: 0
12.5972   0.0736709   0.373988  12.2009 	Dead: 0
12.6205   0.0748363   0.379904  12.2009 	Dead: 0
12.6072   0.0709006   0.359924  12.1462 	Dead: 0
12.6358   0.0868373   0.440827  12.1462 	Dead: 0
