16.2083   0.0574353   0.291568  15.5678 	Dead: 0
15.0997   0.0330101   0.167575  14.8595 	Dead: 0
14.9584   0.0353757   0.179583  14.5792 	Dead: 0
14.9118   0.0445538   0.226176  14.4997 	Dead: 0
14.8312   0.0381794   0.193817  14.4954 	Dead: 0
14.8089   0.0443063   0.224919  14.4954 	Dead: 0
14.8013   0.0464479   0.235791  14.3417 	Dead: 0
14.7284   0.0492123   0.249824  14.1815 	Dead: 0
14.7028   0.0469955   0.238571  14.1815 	Dead: 0
14.6592   0.0456702   0.231843  14.1815 	Dead: 0
14.6762   0.0455132   0.231046  14.1815 	Dead: 0
14.6162   0.0485871   0.246651  14.1815 	Dead: 0
14.5469   0.0388969   0.197459  14.1815 	Dead: 0
14.5405   0.0460604   0.233824  13.9963 	Dead: 0
14.5398   0.0473403   0.240322  13.9963 	Dead: 0
14.5312   0.0479821   0.243579  13.9963 	Dead: 0
14.5227   0.0515246   0.261563  13.9963 	Dead: 0
14.5142   0.049528    0.251427  13.9963 	Dead: 0
14.4977   0.0490279   0.248888  13.9963 	Dead: 0
14.5058   0.0458448   0.23273   13.9963 	Dead: 0
14.4715   0.0462472   0.234772  13.9963 	Dead: 0
14.4333   0.0447669   0.227258  13.9963 	Dead: 0
14.4549   0.0448553   0.227706  13.9963 	Dead: 0
14.4335   0.0418847   0.212626  13.9963 	Dead: 0
14.4331   0.0454654   0.230803  13.9963 	Dead: 0
14.4586   0.0516691   0.262296  13.9963 	Dead: 0
14.46     0.0522831   0.265413  13.9957 	Dead: 0
14.4558   0.050046    0.254057  13.9957 	Dead: 0
14.4401   0.0456208   0.231593  13.9957 	Dead: 0
14.4462   0.0489347   0.248415  13.9957 	Dead: 0
14.378    0.0428129   0.217338  13.9957 	Dead: 0
14.4059   0.0469221   0.238198  13.9957 	Dead: 0
14.434    0.0556103   0.282304  13.9957 	Dead: 0
14.423    0.0493918   0.250736  13.9957 	Dead: 0
14.4055   0.0535137   0.271661  13.8676 	Dead: 0
14.3985   0.05045     0.256108  13.8676 	Dead: 0
14.3927   0.0496073   0.25183   13.8676 	Dead: 0
14.4019   0.0494757   0.251162  13.8676 	Dead: 0
14.3776   0.0478221   0.242767  13.8676 	Dead: 0
14.3337   0.0474257   0.240755  13.8676 	Dead: 0
14.3473   0.0490008   0.248751  13.8676 	Dead: 0
14.3487   0.0467058   0.2371    13.8676 	Dead: 0
14.3295   0.0438255   0.222478  13.8676 	Dead: 0
14.3126   0.0462538   0.234806  13.8676 	Dead: 0
14.3011   0.0444166   0.225479  13.8676 	Dead: 0
14.3096   0.0510253   0.259028  13.8676 	Dead: 0
14.3085   0.0481491   0.244427  13.8676 	Dead: 0
14.276    0.0497251   0.252428  13.8676 	Dead: 0
14.2918   0.0484796   0.246105  13.8676 	Dead: 0
14.2597   0.0482234   0.244805  13.8676 	Dead: 0
14.2687   0.0512139   0.259986  13.8676 	Dead: 0
14.217    0.0448383   0.22762   13.8676 	Dead: 0
14.194    0.0447408   0.227125  13.8676 	Dead: 0
14.185    0.0466259   0.236695  13.8602 	Dead: 0
14.1758   0.0473348   0.240294  13.813  	Dead: 0
14.1995   0.0514707   0.261289  13.813  	Dead: 0
14.1805   0.0522923   0.26546   13.794  	Dead: 0
14.1675   0.0454582   0.230767  13.7875 	Dead: 0
14.1321   0.047911    0.243219  13.7875 	Dead: 0
14.1682   0.0496442   0.252017  13.748  	Dead: 0
14.151    0.0493131   0.250336  13.7237 	Dead: 0
14.171    0.0506429   0.257087  13.7237 	Dead: 0
14.1773   0.0565977   0.287316  13.7237 	Dead: 0
14.1128   0.0461041   0.234046  13.7237 	Dead: 0
14.113    0.0454191   0.230569  13.7237 	Dead: 0
14.1386   0.0562229   0.285414  13.7237 	Dead: 0
14.0838   0.0467967   0.237562  13.7237 	Dead: 0
14.0922   0.0493375   0.25046   13.7237 	Dead: 0
14.0941   0.0462072   0.234569  13.7237 	Dead: 0
14.0958   0.0516902   0.262404  13.7237 	Dead: 0
14.1192   0.0592999   0.301034  13.7237 	Dead: 0
14.0959   0.0495485   0.251531  13.7237 	Dead: 0
14.1273   0.054827    0.278327  13.6502 	Dead: 0
14.0584   0.0515641   0.261763  13.6502 	Dead: 0
14.0882   0.0517983   0.262952  13.6309 	Dead: 0
14.0624   0.0503243   0.25547   13.6309 	Dead: 0
14.0594   0.0485698   0.246563  13.6309 	Dead: 0
14.0523   0.0496474   0.252033  13.6309 	Dead: 0
14.0015   0.0464599   0.235852  13.6309 	Dead: 0
14.0036   0.0491797   0.249659  13.6309 	Dead: 0
14.0241   0.0482016   0.244694  13.6309 	Dead: 0
14.0278   0.049106    0.249285  13.6002 	Dead: 0
14.0099   0.0486642   0.247042  13.6002 	Dead: 0
14.0041   0.0511595   0.259709  13.6002 	Dead: 0
14.0074   0.0520486   0.264223  13.6002 	Dead: 0
14.0071   0.0554157   0.281316  13.6002 	Dead: 0
14.0052   0.0576193   0.292503  13.6002 	Dead: 0
13.983    0.0512287   0.260061  13.6002 	Dead: 0
13.9593   0.049165    0.249584  13.5858 	Dead: 0
13.9912   0.0527408   0.267737  13.5195 	Dead: 0
13.9743   0.0528653   0.268369  13.5195 	Dead: 0
13.9704   0.0512523   0.260181  13.5195 	Dead: 0
13.9487   0.0495202   0.251387  13.5195 	Dead: 0
13.9546   0.0499062   0.253347  13.5195 	Dead: 0
13.93     0.0491325   0.249419  13.5195 	Dead: 0
13.9301   0.0510929   0.259371  13.5195 	Dead: 0
13.9197   0.0507185   0.257471  13.5195 	Dead: 0
13.9389   0.0523695   0.265852  13.5195 	Dead: 0
13.934    0.0522302   0.265145  13.5195 	Dead: 0
13.9291   0.0543509   0.275911  13.5195 	Dead: 0
13.9214   0.0527442   0.267754  13.4466 	Dead: 0
