16.1901   0.0525016   0.266522  15.5019 	Dead: 0
14.9655   0.036736    0.186489  14.6214 	Dead: 0
14.7265   0.0378479   0.192133  14.342  	Dead: 0
14.6117   0.0386322   0.196115  14.2505 	Dead: 0
14.5195   0.0415358   0.210855  14.1147 	Dead: 0
14.4266   0.0362558   0.184051  14.1147 	Dead: 0
14.3951   0.0421879   0.214165  14.0378 	Dead: 0
14.3903   0.0441517   0.224135  14.0027 	Dead: 0
14.3822   0.0494488   0.251025  13.9724 	Dead: 0
14.3609   0.0489849   0.24867   13.9724 	Dead: 0
14.3466   0.0441178   0.223962  13.9724 	Dead: 0
14.3557   0.0491723   0.249621  13.9724 	Dead: 0
14.3416   0.0471658   0.239436  13.9724 	Dead: 0
14.3492   0.0444616   0.225708  13.9724 	Dead: 0
14.3555   0.0475052   0.241159  13.9591 	Dead: 0
14.325    0.0462134   0.234601  13.8006 	Dead: 0
14.3025   0.0459866   0.233449  13.8006 	Dead: 0
14.2523   0.0402619   0.204388  13.8006 	Dead: 0
14.2862   0.0473952   0.2406    13.8006 	Dead: 0
14.2721   0.0473993   0.240621  13.8006 	Dead: 0
14.3139   0.0504513   0.256114  13.8006 	Dead: 0
14.2321   0.0457011   0.232     13.8006 	Dead: 0
14.2626   0.0507709   0.257737  13.8006 	Dead: 0
14.1898   0.0464632   0.235869  13.6815 	Dead: 0
14.1154   0.041982    0.21312   13.6815 	Dead: 0
14.1495   0.0478182   0.242747  13.6815 	Dead: 0
14.0957   0.0433268   0.219947  13.6815 	Dead: 0
14.0956   0.0467252   0.237199  13.6815 	Dead: 0
14.0995   0.0488664   0.248069  13.6815 	Dead: 0
14.0757   0.0457585   0.232291  13.6815 	Dead: 0
14.0276   0.0459658   0.233344  13.6815 	Dead: 0
13.9847   0.0497388   0.252497  13.597  	Dead: 0
13.9638   0.0448007   0.227429  13.597  	Dead: 0
13.9965   0.0493927   0.25074   13.5806 	Dead: 0
13.9875   0.0541384   0.274832  13.4885 	Dead: 0
13.9491   0.048347    0.245432  13.4764 	Dead: 0
13.9412   0.0528431   0.268256  13.4764 	Dead: 0
13.9395   0.0523662   0.265835  13.4764 	Dead: 0
13.9289   0.0552842   0.280648  13.4764 	Dead: 0
13.9192   0.0495285   0.25143   13.4764 	Dead: 0
13.9313   0.0532536   0.27034   13.4764 	Dead: 0
13.9047   0.051394    0.2609    13.4764 	Dead: 0
13.9081   0.0511104   0.25946   13.4623 	Dead: 0
13.9287   0.054033    0.274297  13.4623 	Dead: 0
13.8877   0.0475707   0.241491  13.4623 	Dead: 0
13.8808   0.045041    0.228649  13.4623 	Dead: 0
13.8922   0.0466012   0.236569  13.4623 	Dead: 0
13.9161   0.0543937   0.276128  13.4623 	Dead: 0
13.8962   0.0487726   0.247592  13.4623 	Dead: 0
13.9188   0.0563461   0.286039  13.4623 	Dead: 0
13.8872   0.0502212   0.254946  13.4623 	Dead: 0
13.8981   0.0547552   0.277963  13.4496 	Dead: 0
13.8576   0.0474849   0.241055  13.4496 	Dead: 0
13.8511   0.0534563   0.271369  13.2992 	Dead: 0
13.8477   0.0524356   0.266188  13.2992 	Dead: 0
13.8514   0.0491518   0.249517  13.2992 	Dead: 0
13.8768   0.0559177   0.283864  13.2992 	Dead: 0
13.8837   0.0546969   0.277667  13.2992 	Dead: 0
13.8819   0.0541998   0.275144  13.2992 	Dead: 0
13.8852   0.0571884   0.290315  13.2992 	Dead: 0
13.8549   0.0534101   0.271134  13.2992 	Dead: 0
13.8541   0.0542048   0.275169  13.2992 	Dead: 0
13.8777   0.0592573   0.300818  13.2992 	Dead: 0
13.8413   0.0568413   0.288553  13.2992 	Dead: 0
13.8243   0.0507033   0.257394  13.2992 	Dead: 0
13.8211   0.0493989   0.250772  13.2992 	Dead: 0
13.8121   0.0538262   0.273247  13.2992 	Dead: 0
13.835    0.0528322   0.268201  13.2992 	Dead: 0
13.8478   0.0539495   0.273873  13.2992 	Dead: 0
13.8065   0.0515361   0.261621  13.2992 	Dead: 0
13.7927   0.0499562   0.253601  13.2992 	Dead: 0
13.8044   0.0488282   0.247875  13.2992 	Dead: 0
13.8149   0.0504078   0.255894  13.2992 	Dead: 0
13.7967   0.0478365   0.24284   13.2992 	Dead: 0
13.7984   0.0493954   0.250754  13.2992 	Dead: 0
13.8112   0.0563077   0.285844  13.2992 	Dead: 0
13.8294   0.05266     0.267327  13.2992 	Dead: 0
13.8088   0.0489484   0.248485  13.2992 	Dead: 0
13.8109   0.0527716   0.267894  13.2992 	Dead: 0
13.8131   0.0510954   0.259384  13.2992 	Dead: 0
13.8192   0.0524165   0.266091  13.2992 	Dead: 0
13.8203   0.0572954   0.290858  13.2992 	Dead: 0
13.8334   0.0522631   0.265312  13.2992 	Dead: 0
13.8055   0.0517954   0.262938  13.2992 	Dead: 0
13.8245   0.054207    0.27518   13.2992 	Dead: 0
13.8117   0.0517721   0.26282   13.2992 	Dead: 0
13.7828   0.048833    0.247899  13.2992 	Dead: 0
13.8491   0.0550212   0.279313  13.2992 	Dead: 0
13.8056   0.0487258   0.247355  13.2992 	Dead: 0
13.8222   0.0562084   0.28534   13.2992 	Dead: 0
13.792    0.0516439   0.262169  13.2992 	Dead: 0
13.7726   0.0480069   0.243705  13.2992 	Dead: 0
13.7952   0.0546697   0.277529  13.2992 	Dead: 0
13.7839   0.0525035   0.266532  13.2992 	Dead: 0
13.8196   0.0559369   0.283962  13.2992 	Dead: 0
13.8154   0.0557913   0.283223  13.2992 	Dead: 0
13.7952   0.0621509   0.315507  13.2992 	Dead: 0
13.7868   0.0517757   0.262838  13.2992 	Dead: 0
13.7754   0.0547133   0.27775   13.2992 	Dead: 0
13.7859   0.0506193   0.256967  13.2992 	Dead: 0
13.8105   0.052691    0.267484  13.2992 	Dead: 0
