10.7426   0.137536    0.698197  9.48894 	Dead: 0
8.63618   0.0531237   0.269681  8.20096 	Dead: 0
8.17605   0.0623653   0.316595  7.71473 	Dead: 0
7.72308   0.0644103   0.326977  6.92104 	Dead: 0
7.64216   0.0679356   0.344873  6.92104 	Dead: 0
7.471     0.0564535   0.286584  6.92104 	Dead: 0
7.44431   0.0634461   0.322082  6.72959 	Dead: 0
7.37557   0.0637862   0.323808  6.72959 	Dead: 0
7.36275   0.0802831   0.407555  6.72959 	Dead: 0
7.36758   0.0686371   0.348434  6.71321 	Dead: 0
7.36237   0.0653398   0.331696  6.6871  	Dead: 0
7.29849   0.0660641   0.335372  6.6871  	Dead: 0
7.34038   0.075045    0.380963  6.6871  	Dead: 0
7.27448   0.0703789   0.357276  6.6871  	Dead: 0
7.28304   0.0675247   0.342787  6.68653 	Dead: 0
7.28168   0.0675511   0.342921  6.68653 	Dead: 0
7.24099   0.0670779   0.340519  6.68653 	Dead: 0
7.2162    0.0730523   0.370848  6.65498 	Dead: 0
7.23825   0.0631655   0.320657  6.65498 	Dead: 0
7.20269   0.0660046   0.33507   6.65498 	Dead: 0
7.19822   0.0668205   0.339212  6.65498 	Dead: 0
7.24641   0.0711718   0.361301  6.62065 	Dead: 0
7.17236   0.0664785   0.337476  6.53877 	Dead: 0
6.81571   0.0647227   0.328563  6.18795 	Dead: 0
6.77279   0.0776959   0.39442   6.18795 	Dead: 0
6.74591   0.0745982   0.378695  6.13966 	Dead: 0
6.714     0.0775482   0.393671  6.13966 	Dead: 0
6.66351   0.0810087   0.411238  6.10604 	Dead: 0
6.69346   0.0780092   0.396011  6.10604 	Dead: 0
6.66911   0.0798632   0.405423  5.99875 	Dead: 0
6.61667   0.0763212   0.387442  5.9256  	Dead: 0
6.57931   0.0721687   0.366362  5.9256  	Dead: 0
6.58065   0.0791197   0.401649  5.9256  	Dead: 0
6.51558   0.0673311   0.341804  5.9256  	Dead: 0
6.56127   0.0890451   0.452035  5.9256  	Dead: 0
6.52746   0.0750898   0.381191  5.9256  	Dead: 0
6.58521   0.0836565   0.42468   5.9256  	Dead: 0
6.47745   0.0781103   0.396524  5.88631 	Dead: 0
6.43978   0.0699946   0.355325  5.82529 	Dead: 0
6.47179   0.0757088   0.384333  5.82529 	Dead: 0
6.51083   0.0881837   0.447662  5.82529 	Dead: 0
5.95157   0.0596354   0.302737  5.41401 	Dead: 0
5.80466   0.0808415   0.410389  5.05633 	Dead: 0
5.76396   0.0714765   0.362848  5.05633 	Dead: 0
5.52839   0.121398    0.616275  4.46568 	Dead: 0
4.94612   0.174167    0.884153  4.335   	Dead: 0
4.93561   0.178884    0.908099  4.28442 	Dead: 0
5.02094   0.197626    1.00324   4.22575 	Dead: 0
4.91187   0.180916    0.918414  4.22575 	Dead: 0
4.92221   0.185763    0.94302   4.22033 	Dead: 0
4.91689   0.186163    0.945049  4.19283 	Dead: 0
5.00551   0.19407     0.985188  4.19283 	Dead: 0
4.89456   0.184367    0.935934  4.19283 	Dead: 0
4.96043   0.1912      0.970621  4.14169 	Dead: 0
4.93788   0.192914    0.979324  4.14169 	Dead: 0
5.07182   0.203749    1.03432   4.14169 	Dead: 0
4.82731   0.175292    0.889862  4.14169 	Dead: 0
4.81386   0.169731    0.861634  4.14169 	Dead: 0
4.88221   0.185372    0.941036  4.14169 	Dead: 0
4.74738   0.162024    0.82251   4.14169 	Dead: 0
4.90119   0.189372    0.96134   4.14169 	Dead: 0
4.90041   0.182658    0.92726   4.14169 	Dead: 0
4.95134   0.197614    1.00318   4.14169 	Dead: 0
4.998     0.202259    1.02676   4.14169 	Dead: 0
5.00185   0.20885     1.06022   4.14169 	Dead: 0
4.80073   0.178604    0.906675  4.14169 	Dead: 0
5.00379   0.198835    1.00938   4.14169 	Dead: 0
4.80358   0.186772    0.948141  4.14169 	Dead: 0
4.92149   0.190586    0.967506  4.14169 	Dead: 0
4.79391   0.174754    0.887131  4.13935 	Dead: 0
4.87225   0.187702    0.952862  4.13935 	Dead: 0
4.82577   0.179747    0.912477  4.13935 	Dead: 0
4.79864   0.173691    0.881736  4.13935 	Dead: 0
4.78369   0.176249    0.894724  4.13935 	Dead: 0
4.84786   0.189368    0.961321  4.13935 	Dead: 0
4.89636   0.185701    0.942705  4.13935 	Dead: 0
4.94614   0.195438    0.992135  4.13935 	Dead: 0
4.85358   0.179686    0.912169  4.13935 	Dead: 0
4.9579    0.195983    0.994902  4.13935 	Dead: 0
4.99095   0.201311    1.02195   4.13935 	Dead: 0
4.99587   0.199388    1.01219   4.13935 	Dead: 0
4.82997   0.17753     0.901225  4.13935 	Dead: 0
4.77242   0.172364    0.875001  4.13935 	Dead: 0
4.83343   0.175391    0.890365  4.13935 	Dead: 0
4.67849   0.15921     0.808227  4.13935 	Dead: 0
4.88074   0.185631    0.942351  4.13935 	Dead: 0
4.85271   0.18017     0.914626  4.12612 	Dead: 0
4.78741   0.172272    0.874532  4.12612 	Dead: 0
4.81486   0.181594    0.921856  4.12612 	Dead: 0
4.78919   0.180739    0.917513  4.12612 	Dead: 0
4.79151   0.176295    0.894957  4.12612 	Dead: 0
4.68761   0.161425    0.81947   4.09245 	Dead: 0
4.81368   0.187677    0.952738  4.09245 	Dead: 0
4.77017   0.165678    0.841061  4.09245 	Dead: 0
4.77013   0.170087    0.863443  4.09245 	Dead: 0
4.68893   0.171902    0.872654  4.09245 	Dead: 0
4.77574   0.176509    0.896043  4.09245 	Dead: 0
4.63966   0.152367    0.773484  4.09245 	Dead: 0
4.65474   0.156142    0.792651  4.09245 	Dead: 0
4.64413   0.150528    0.764149  4.09245 	Dead: 0
4.72222   0.171966    0.872982  4.09245 	Dead: 0
