14.2291   0.0769569   0.390669  13.4089 	Dead: 0
12.5285   0.0264291   0.134166  12.195  	Dead: 0
11.93     0.0202501   0.102799  11.6933 	Dead: 0
11.6444   0.0227515   0.115497  11.4747 	Dead: 0
11.287    0.0167075   0.0848153 11.1516 	Dead: 0
11.1518   0.0167474   0.0850175 10.9979 	Dead: 0
11.0215   0.0197346   0.100182  10.8698 	Dead: 0
10.9777   0.0192202   0.0975707 10.8529 	Dead: 0
10.9664   0.0201063   0.102069  10.8371 	Dead: 0
10.9      0.0175244   0.0889619 10.7642 	Dead: 0
10.8771   0.0392655   0.19933   10.6631 	Dead: 0
10.8127   0.0282803   0.143564  10.602  	Dead: 0
10.7556   0.0208146   0.105664  10.5905 	Dead: 0
10.6885   0.0224291   0.113861  10.5121 	Dead: 0
10.6289   0.0208809   0.106001  10.4928 	Dead: 0
10.5952   0.0204007   0.103564  10.4604 	Dead: 0
10.5663   0.0214703   0.108993  10.4278 	Dead: 0
10.5407   0.0184185   0.0935011 10.3965 	Dead: 0
10.527    0.0214121   0.108698  10.3965 	Dead: 0
10.469    0.0153874   0.0781137 10.368  	Dead: 0
10.4714   0.0231299   0.117418  10.2459 	Dead: 0
10.4178   0.0212562   0.107906  10.2419 	Dead: 0
10.3938   0.0266875   0.135478  10.2419 	Dead: 0
10.3725   0.0234702   0.119146  10.2099 	Dead: 0
10.3305   0.0169437   0.0860141 10.1699 	Dead: 0
10.3213   0.0208204   0.105694  10.1699 	Dead: 0
10.3193   0.0269968   0.137048  10.1619 	Dead: 0
10.2886   0.0240301   0.121988  10.1524 	Dead: 0
10.2606   0.0169451   0.0860214 10.137  	Dead: 0
10.2624   0.0242308   0.123007  10.113  	Dead: 0
10.2473   0.0240898   0.122291  10.0514 	Dead: 0
10.2316   0.0192767   0.0978574 10.0514 	Dead: 0
10.2229   0.0194689   0.098833  10.0514 	Dead: 0
10.2193   0.0209082   0.10614   10.0514 	Dead: 0
10.1955   0.0177886   0.0903031 10.0514 	Dead: 0
10.2007   0.0200486   0.101776  10.0197 	Dead: 0
10.1969   0.0280209   0.142247  10.0197 	Dead: 0
10.1991   0.024671    0.125241  10.0197 	Dead: 0
10.1953   0.0256919   0.130424  10.0197 	Dead: 0
10.1829   0.0224955   0.114198  10.0197 	Dead: 0
10.18     0.0200522   0.101794  10.0197 	Dead: 0
10.1849   0.0242515   0.123112  10.0197 	Dead: 0
10.2039   0.0331102   0.168083  10.0197 	Dead: 0
10.1639   0.0179807   0.0912786 10.0108 	Dead: 0
10.1743   0.0219601   0.11148   10.0108 	Dead: 0
10.1789   0.027747    0.140857  10.0108 	Dead: 0
10.1704   0.0240035   0.121853  10.0108 	Dead: 0
10.1729   0.0231243   0.11739   10.0108 	Dead: 0
10.1738   0.0225516   0.114482  10.0108 	Dead: 0
10.1793   0.0245886   0.124823  10.0108 	Dead: 0
10.1786   0.0263486   0.133758  10.0108 	Dead: 0
10.1682   0.0207695   0.105436  10.0108 	Dead: 0
10.1602   0.0203986   0.103553  10.0077 	Dead: 0
10.1847   0.0488296   0.247882  10.0077 	Dead: 0
10.1526   0.0209658   0.106432  10.0077 	Dead: 0
10.1574   0.0241007   0.122346  9.98412 	Dead: 0
10.1564   0.0298494   0.151529  9.98412 	Dead: 0
10.1493   0.0213672   0.10847   9.98412 	Dead: 0
10.1785   0.0304655   0.154657  9.98412 	Dead: 0
10.1371   0.0198446   0.10074   9.98412 	Dead: 0
10.1566   0.0253216   0.128544  9.98412 	Dead: 0
10.1461   0.0228723   0.116111  9.97203 	Dead: 0
10.1529   0.031195    0.15836   9.97203 	Dead: 0
10.1149   0.0192992   0.0979718 9.94564 	Dead: 0
10.1322   0.023824    0.120942  9.94564 	Dead: 0
10.1418   0.0274468   0.139333  9.94564 	Dead: 0
10.1239   0.0201368   0.102224  9.94564 	Dead: 0
10.1496   0.0438107   0.222403  9.94564 	Dead: 0
10.1282   0.0253879   0.128881  9.94564 	Dead: 0
10.1384   0.0287544   0.145971  9.94564 	Dead: 0
10.1171   0.0238611   0.12113   9.94564 	Dead: 0
10.1258   0.0291304   0.14788   9.92753 	Dead: 0
10.1312   0.0300619   0.152608  9.90494 	Dead: 0
10.1157   0.0243115   0.123417  9.90494 	Dead: 0
10.1305   0.0341111   0.173164  9.90494 	Dead: 0
10.1155   0.0264855   0.134453  9.90494 	Dead: 0
10.1048   0.0270621   0.13738   9.90494 	Dead: 0
10.1053   0.0283961   0.144152  9.90494 	Dead: 0
10.0995   0.0259818   0.131896  9.90494 	Dead: 0
10.0878   0.0249973   0.126898  9.90494 	Dead: 0
10.0825   0.0247896   0.125844  9.90494 	Dead: 0
10.085    0.0265003   0.134528  9.90494 	Dead: 0
10.0882   0.0286305   0.145342  9.90494 	Dead: 0
10.094    0.0289309   0.146867  9.89337 	Dead: 0
10.0592   0.0247459   0.125622  9.89337 	Dead: 0
10.0502   0.025342    0.128648  9.87146 	Dead: 0
10.0316   0.0237494   0.120563  9.84909 	Dead: 0
10.0276   0.0285854   0.145113  9.81705 	Dead: 0
10.0293   0.027983    0.142055  9.81705 	Dead: 0
10.0304   0.0296062   0.150295  9.81705 	Dead: 0
10.011    0.0271729   0.137942  9.81705 	Dead: 0
10.0087   0.0232121   0.117836  9.81705 	Dead: 0
10.0065   0.0271903   0.138031  9.81705 	Dead: 0
9.98643   0.0208422   0.105805  9.81705 	Dead: 0
10.0052   0.0281735   0.143022  9.81705 	Dead: 0
9.99329   0.0248297   0.126047  9.81705 	Dead: 0
9.98653   0.0230646   0.117087  9.81705 	Dead: 0
10.0097   0.0280012   0.142147  9.81705 	Dead: 0
9.96316   0.0248775   0.12629   9.77196 	Dead: 0
9.96562   0.0292704   0.14859   9.77196 	Dead: 0
9.93662   0.0296968   0.150755  9.70494 	Dead: 0
