6.51688   0.182951    0.928747  4.36799 	Dead: 0
3.90207   0.0454114   0.23053   3.47297 	Dead: 0
3.75505   0.0447595   0.22722   3.37362 	Dead: 0
3.59418   0.0433055   0.219839  3.18986 	Dead: 0
3.40065   0.0405191   0.205694  3.05786 	Dead: 0
3.23621   0.0448412   0.227635  2.83733 	Dead: 0
3.07049   0.0446842   0.226838  2.73182 	Dead: 0
3.03355   0.0437963   0.22233   2.65437 	Dead: 0
3.00019   0.0455918   0.231445  2.65437 	Dead: 0
2.98613   0.0492591   0.250062  2.65437 	Dead: 0
2.96815   0.0428025   0.217285  2.61288 	Dead: 0
2.96409   0.0405477   0.205839  2.61288 	Dead: 0
2.95468   0.0409381   0.207821  2.61288 	Dead: 0
2.94624   0.0442054   0.224407  2.58963 	Dead: 0
2.95809   0.0486094   0.246764  2.58963 	Dead: 0
2.9283    0.0413296   0.209808  2.58963 	Dead: 0
2.95941   0.04723     0.239762  2.58963 	Dead: 0
2.93597   0.0472004   0.239611  2.54365 	Dead: 0
2.93376   0.0467167   0.237156  2.54365 	Dead: 0
2.93063   0.0455341   0.231153  2.54365 	Dead: 0
2.91098   0.0436312   0.221493  2.54365 	Dead: 0
2.9195    0.0443399   0.22509   2.51673 	Dead: 0
2.89813   0.0441003   0.223874  2.51673 	Dead: 0
2.90019   0.0452505   0.229713  2.51673 	Dead: 0
2.87814   0.042002    0.213222  2.51673 	Dead: 0
2.88867   0.0434639   0.220643  2.51673 	Dead: 0
2.85216   0.0365479   0.185534  2.51673 	Dead: 0
2.88778   0.0458209   0.232609  2.51673 	Dead: 0
2.85693   0.0411355   0.208823  2.51673 	Dead: 0
2.86097   0.0390489   0.19823   2.51673 	Dead: 0
2.8866    0.0420735   0.213585  2.51673 	Dead: 0
2.85218   0.0438782   0.222746  2.38049 	Dead: 0
2.84698   0.0452663   0.229793  2.38049 	Dead: 0
2.86228   0.0439336   0.223027  2.38049 	Dead: 0
2.85845   0.042195    0.214201  2.38049 	Dead: 0
2.85626   0.0409047   0.207651  2.38049 	Dead: 0
2.87848   0.0501999   0.254838  2.38049 	Dead: 0
2.85831   0.0435794   0.221229  2.38049 	Dead: 0
2.86015   0.0441845   0.224301  2.38049 	Dead: 0
2.82714   0.0388137   0.197036  2.38049 	Dead: 0
2.83761   0.0400419   0.203272  2.38049 	Dead: 0
2.82962   0.0376748   0.191255  2.38049 	Dead: 0
2.85576   0.0444961   0.225883  2.38049 	Dead: 0
2.84815   0.0433972   0.220305  2.38049 	Dead: 0
2.82884   0.042737    0.216953  2.38049 	Dead: 0
2.84848   0.0466943   0.237042  2.38049 	Dead: 0
2.83109   0.0432338   0.219475  2.38049 	Dead: 0
2.85591   0.0452012   0.229463  2.38049 	Dead: 0
2.86211   0.0463877   0.235485  2.38049 	Dead: 0
2.8476    0.0462583   0.234829  2.38049 	Dead: 0
2.8404    0.0453481   0.230208  2.38049 	Dead: 0
2.83778   0.0448308   0.227582  2.38049 	Dead: 0
2.83071   0.0438408   0.222556  2.38049 	Dead: 0
2.81917   0.0457131   0.232061  2.38049 	Dead: 0
2.84384   0.0460162   0.2336    2.38049 	Dead: 0
2.83138   0.0440482   0.223609  2.38049 	Dead: 0
2.84583   0.0464678   0.235892  2.38049 	Dead: 0
2.81604   0.0440349   0.223542  2.38049 	Dead: 0
2.83797   0.0481162   0.244261  2.38049 	Dead: 0
2.79664   0.0475988   0.241634  2.38049 	Dead: 0
2.78732   0.0409812   0.20804   2.38049 	Dead: 0
2.79239   0.0413052   0.209684  2.38049 	Dead: 0
2.83042   0.0458796   0.232906  2.38049 	Dead: 0
2.79033   0.0402609   0.204383  2.38049 	Dead: 0
2.81472   0.0455348   0.231156  2.38049 	Dead: 0
2.80706   0.0450519   0.228705  2.38049 	Dead: 0
2.81813   0.052328    0.265642  2.38049 	Dead: 0
2.80622   0.0447349   0.227095  2.38049 	Dead: 0
2.83169   0.0486556   0.246998  2.38049 	Dead: 0
2.79892   0.0474815   0.241038  2.38049 	Dead: 0
2.81611   0.0463693   0.235392  2.38049 	Dead: 0
2.78824   0.040524    0.205719  2.38049 	Dead: 0
2.80555   0.0478169   0.242741  2.38049 	Dead: 0
2.79567   0.045562    0.231294  2.38049 	Dead: 0
2.77823   0.0452462   0.229691  2.38049 	Dead: 0
2.76283   0.0431864   0.219234  2.38049 	Dead: 0
2.77658   0.0456244   0.231611  2.38049 	Dead: 0
2.79661   0.0478575   0.242947  2.38049 	Dead: 0
2.74747   0.0452716   0.22982   2.38049 	Dead: 0
2.7766    0.042134    0.213892  2.38049 	Dead: 0
2.74513   0.0404321   0.205252  2.38049 	Dead: 0
2.80875   0.0525134   0.266583  2.38049 	Dead: 0
2.75615   0.0449114   0.227991  2.38049 	Dead: 0
2.78733   0.0492438   0.249984  2.38049 	Dead: 0
2.75182   0.0429243   0.217904  2.38049 	Dead: 0
2.73428   0.039271    0.199358  2.38049 	Dead: 0
2.76148   0.0437997   0.222348  2.38049 	Dead: 0
2.7459    0.0434348   0.220495  2.38049 	Dead: 0
2.76391   0.0435606   0.221134  2.38049 	Dead: 0
2.75083   0.0443709   0.225248  2.38049 	Dead: 0
2.75375   0.0443925   0.225357  2.38049 	Dead: 0
2.75257   0.0437779   0.222237  2.38049 	Dead: 0
2.74135   0.0473472   0.240356  2.38049 	Dead: 0
2.76613   0.0492306   0.249918  2.38049 	Dead: 0
2.73315   0.0433676   0.220154  2.38049 	Dead: 0
2.7229    0.0431541   0.21907   2.38049 	Dead: 0
2.72237   0.0401336   0.203737  2.37891 	Dead: 0
2.6962    0.0417184   0.211782  2.37891 	Dead: 0
2.71496   0.0430945   0.218768  2.37891 	Dead: 0
2.69991   0.0414429   0.210384  2.37891 	Dead: 0
2.70924   0.0463864   0.235479  2.37891 	Dead: 0
