11.9624   0.0672886   0.341588  11.2066 	Dead: 0
10.3115   0.0484407   0.245908  9.74438 	Dead: 0
9.68042   0.0580833   0.294858  9.19852 	Dead: 0
9.29325   0.0577867   0.293352  8.71428 	Dead: 0
9.21491   0.0727206   0.369164  8.62033 	Dead: 0
9.16663   0.0748525   0.379986  8.6119  	Dead: 0
9.16576   0.0747021   0.379223  8.43872 	Dead: 0
9.13992   0.0747329   0.379379  8.43872 	Dead: 0
9.16397   0.0817358   0.414929  8.42264 	Dead: 0
9.09774   0.0778644   0.395276  8.42264 	Dead: 0
9.1196    0.0829721   0.421205  8.42264 	Dead: 0
9.13912   0.0849575   0.431284  8.42264 	Dead: 0
9.10077   0.0806343   0.409337  8.42264 	Dead: 0
9.09523   0.0777869   0.394882  8.42264 	Dead: 0
9.12589   0.0816741   0.414616  8.36492 	Dead: 0
9.06644   0.0816332   0.414408  8.36492 	Dead: 0
9.05098   0.0828658   0.420666  8.36492 	Dead: 0
9.08882   0.0902056   0.457926  8.36492 	Dead: 0
9.12365   0.0942723   0.47857   8.36492 	Dead: 0
9.02683   0.080268    0.407478  8.36492 	Dead: 0
9.0878    0.0856535   0.434817  8.36492 	Dead: 0
9.02662   0.0837737   0.425274  8.3393  	Dead: 0
9.0123    0.0844342   0.428628  8.3393  	Dead: 0
8.98658   0.0867916   0.440595  8.29856 	Dead: 0
8.97242   0.0804001   0.408148  8.29856 	Dead: 0
9.00467   0.0904999   0.45942   8.29856 	Dead: 0
8.97703   0.101599    0.515765  8.15135 	Dead: 0
8.94968   0.0931742   0.472996  8.15135 	Dead: 0
8.94614   0.0934126   0.474206  8.06767 	Dead: 0
8.96448   0.108264    0.549601  8.06767 	Dead: 0
8.91015   0.0956827   0.48573   8.06767 	Dead: 0
8.88398   0.0991797   0.503483  8.06767 	Dead: 0
8.82428   0.100618    0.510783  8.06767 	Dead: 0
8.85091   0.0923937   0.469033  8.06767 	Dead: 0
8.84778   0.0935871   0.475092  8.06767 	Dead: 0
8.77803   0.0831149   0.42193   8.06767 	Dead: 0
8.76009   0.0812714   0.412571  8.06767 	Dead: 0
8.79925   0.0919868   0.466968  8.06767 	Dead: 0
8.76738   0.0892873   0.453264  8.06767 	Dead: 0
8.85226   0.101537    0.515449  8.06767 	Dead: 0
8.78451   0.0947925   0.481211  8.06767 	Dead: 0
8.80349   0.0928286   0.471241  8.06767 	Dead: 0
8.78244   0.0952765   0.483668  8.06767 	Dead: 0
8.77004   0.0960154   0.487419  8.00755 	Dead: 0
8.77207   0.103515    0.52549   8.00755 	Dead: 0
8.69119   0.083164    0.422179  8.00755 	Dead: 0
8.68457   0.0837078   0.42494   8.00755 	Dead: 0
8.70984   0.090545    0.459649  7.96135 	Dead: 0
8.70001   0.0900465   0.457118  7.96135 	Dead: 0
8.67873   0.08367     0.424748  7.96135 	Dead: 0
8.64264   0.0860366   0.436762  7.81076 	Dead: 0
8.67697   0.0959165   0.486917  7.81076 	Dead: 0
8.58234   0.0870642   0.441978  7.81076 	Dead: 0
8.56961   0.0913763   0.463869  7.81076 	Dead: 0
8.45904   0.0875586   0.444488  7.78276 	Dead: 0
8.34339   0.0951372   0.482961  7.72025 	Dead: 0
8.28163   0.0841958   0.427417  7.5716  	Dead: 0
8.20992   0.0814217   0.413334  7.5716  	Dead: 0
8.28735   0.0961425   0.488064  7.38465 	Dead: 0
8.22235   0.0911899   0.462922  7.38465 	Dead: 0
8.1714    0.0806856   0.409598  7.38465 	Dead: 0
8.22713   0.0894625   0.454153  7.38465 	Dead: 0
8.19326   0.0849197   0.431092  7.38465 	Dead: 0
8.17861   0.0902282   0.45804   7.38465 	Dead: 0
8.17664   0.0831048   0.421879  7.38465 	Dead: 0
8.19991   0.0846      0.429469  7.38465 	Dead: 0
8.15915   0.0828051   0.420357  7.38465 	Dead: 0
8.10017   0.0742142   0.376746  7.38465 	Dead: 0
8.07505   0.0887758   0.450667  7.24987 	Dead: 0
8.0818    0.0851743   0.432384  7.24987 	Dead: 0
8.0591    0.0870983   0.442152  7.24987 	Dead: 0
8.054     0.085583    0.434459  7.24987 	Dead: 0
8.13201   0.0982754   0.498892  7.24987 	Dead: 0
8.08004   0.0936809   0.475568  7.24987 	Dead: 0
8.04737   0.0905113   0.459478  7.24987 	Dead: 0
7.98337   0.0883208   0.448358  7.24987 	Dead: 0
8.02934   0.0906842   0.460355  7.24987 	Dead: 0
8.07066   0.105885    0.537524  7.24987 	Dead: 0
7.9919    0.0900275   0.457021  7.24987 	Dead: 0
8.04762   0.115183    0.584723  7.24987 	Dead: 0
8.04591   0.109577    0.556263  7.24987 	Dead: 0
7.98023   0.0989605   0.50237   7.24987 	Dead: 0
7.99719   0.095965    0.487163  7.24987 	Dead: 0
8.01786   0.0993234   0.504212  7.24987 	Dead: 0
8.03133   0.0967861   0.491331  7.24987 	Dead: 0
7.97386   0.100235    0.508838  7.24987 	Dead: 0
8.00064   0.096045    0.487569  7.24987 	Dead: 0
8.00358   0.104851    0.532274  7.21946 	Dead: 0
7.95429   0.098582    0.500448  7.21946 	Dead: 0
7.96021   0.097318    0.494031  7.21946 	Dead: 0
7.96364   0.0898532   0.456137  7.21946 	Dead: 0
8.01031   0.102556    0.520623  7.21946 	Dead: 0
7.91158   0.0881702   0.447593  7.21946 	Dead: 0
8.03661   0.106817    0.542253  7.21946 	Dead: 0
7.9954    0.0932323   0.473291  7.21946 	Dead: 0
7.95263   0.0970143   0.49249   7.21946 	Dead: 0
7.97336   0.105349    0.534801  7.21946 	Dead: 0
7.98674   0.101298    0.514235  7.21946 	Dead: 0
7.97323   0.104803    0.532027  7.21946 	Dead: 0
8.01047   0.101197    0.513725  7.21946 	Dead: 0
7.9609    0.0973194   0.494039  7.21667 	Dead: 0
