11.9458   0.0698122   0.354399  11.0196 	Dead: 0
9.83332   0.0983746   0.499396  8.90883 	Dead: 0
9.37901   0.0699202   0.354947  8.59518 	Dead: 0
8.90938   0.0764927   0.388313  8.28191 	Dead: 0
8.69      0.0753219   0.382369  8.00156 	Dead: 0
8.59951   0.0832041   0.422383  8.00156 	Dead: 0
8.56208   0.0877186   0.4453    7.97339 	Dead: 0
8.46164   0.0811604   0.412008  7.79129 	Dead: 0
8.41318   0.0837397   0.425102  7.59766 	Dead: 0
8.41439   0.0961364   0.488033  7.59766 	Dead: 0
8.31274   0.0955966   0.485293  7.40595 	Dead: 0
8.30209   0.0927016   0.470597  7.40595 	Dead: 0
8.42581   0.119078    0.604498  7.40595 	Dead: 0
8.31519   0.0924626   0.469383  7.40595 	Dead: 0
8.29172   0.0967441   0.491118  7.40595 	Dead: 0
8.31992   0.0865799   0.43952   7.40595 	Dead: 0
8.38501   0.115061    0.584103  7.40595 	Dead: 0
8.32955   0.0977781   0.496367  7.40595 	Dead: 0
8.30709   0.106707    0.541695  7.40595 	Dead: 0
8.33966   0.107903    0.547765  7.40595 	Dead: 0
8.27181   0.104663    0.531316  7.40595 	Dead: 0
8.31697   0.112133    0.569239  7.40595 	Dead: 0
8.2992    0.0982592   0.49881   7.40595 	Dead: 0
8.32356   0.112255    0.56986   7.40595 	Dead: 0
8.26973   0.101214    0.513808  7.32152 	Dead: 0
8.37179   0.132456    0.672406  7.32152 	Dead: 0
8.3044    0.119836    0.608343  7.32152 	Dead: 0
8.2472    0.115933    0.588532  7.32152 	Dead: 0
8.32492   0.115114    0.584372  7.32152 	Dead: 0
8.36074   0.121971    0.619181  7.32152 	Dead: 0
8.37788   0.12407     0.629838  7.32152 	Dead: 0
8.25325   0.104205    0.528994  7.32152 	Dead: 0
8.34259   0.120976    0.61413   7.32152 	Dead: 0
8.28458   0.104823    0.53213   7.32152 	Dead: 0
8.32306   0.109103    0.55386   7.32152 	Dead: 0
8.29521   0.114971    0.583645  7.32152 	Dead: 0
8.20314   0.118909    0.603636  7.32152 	Dead: 0
7.95142   0.118295    0.600521  7.16335 	Dead: 0
7.81747   0.0980752   0.497875  7.16335 	Dead: 0
7.84262   0.104862    0.53233   7.03956 	Dead: 0
7.7539    0.0909418   0.461663  6.9722  	Dead: 0
7.81851   0.116425    0.591026  6.9722  	Dead: 0
7.8157    0.116347    0.590632  6.9722  	Dead: 0
7.7875    0.101999    0.517795  6.9722  	Dead: 0
7.74094   0.103509    0.52546   6.9722  	Dead: 0
7.74247   0.112835    0.572804  6.9722  	Dead: 0
7.7505    0.10663     0.541303  6.9722  	Dead: 0
7.74915   0.132857    0.674442  6.63518 	Dead: 0
7.75982   0.116943    0.593657  6.63518 	Dead: 0
7.67659   0.0987924   0.501517  6.63518 	Dead: 0
7.72094   0.105362    0.534868  6.63518 	Dead: 0
7.73885   0.127605    0.647783  6.63518 	Dead: 0
7.76521   0.138852    0.704876  6.63518 	Dead: 0
7.70436   0.116669    0.592266  6.63518 	Dead: 0
7.7133    0.11402     0.578817  6.63518 	Dead: 0
7.71863   0.128321    0.65142   6.63518 	Dead: 0
7.67027   0.106939    0.542873  6.63518 	Dead: 0
7.69391   0.110641    0.561665  6.63518 	Dead: 0
7.68063   0.112955    0.573413  6.63518 	Dead: 0
7.71225   0.136362    0.692237  6.63518 	Dead: 0
7.71648   0.124485    0.631946  6.63518 	Dead: 0
7.73578   0.132577    0.673023  6.63518 	Dead: 0
7.76466   0.128637    0.653019  6.63518 	Dead: 0
7.74591   0.128853    0.654118  6.63518 	Dead: 0
7.71499   0.130332    0.661628  6.63518 	Dead: 0
7.63542   0.104594    0.530966  6.63518 	Dead: 0
7.63961   0.125044    0.634781  6.63518 	Dead: 0
7.68659   0.118613    0.602133  6.63518 	Dead: 0
7.71688   0.139188    0.706583  6.63518 	Dead: 0
7.63999   0.119944    0.608889  6.63518 	Dead: 0
7.68822   0.099791    0.506586  6.63518 	Dead: 0
7.68196   0.124901    0.634057  6.63518 	Dead: 0
7.62771   0.100548    0.510429  6.63518 	Dead: 0
7.65848   0.105686    0.536509  6.63518 	Dead: 0
7.70703   0.128845    0.654075  6.63518 	Dead: 0
7.59472   0.108552    0.551059  6.63518 	Dead: 0
7.68586   0.131129    0.665672  6.63518 	Dead: 0
7.63017   0.125154    0.635341  6.63518 	Dead: 0
7.68538   0.113252    0.574922  6.63518 	Dead: 0
7.56105   0.103389    0.524852  6.63518 	Dead: 0
7.63657   0.118172    0.599896  6.63518 	Dead: 0
7.59408   0.12671     0.643238  6.63518 	Dead: 0
7.61424   0.135079    0.685727  6.63518 	Dead: 0
7.6999    0.137633    0.698688  6.63518 	Dead: 0
7.64381   0.112038    0.568756  6.63518 	Dead: 0
7.65095   0.137907    0.700079  6.63518 	Dead: 0
7.60133   0.116473    0.591271  6.63518 	Dead: 0
7.59893   0.111801    0.567552  6.63518 	Dead: 0
7.50088   0.108977    0.553217  6.63518 	Dead: 0
7.52161   0.122722    0.622996  6.63518 	Dead: 0
7.5875    0.114611    0.581821  6.63518 	Dead: 0
7.65069   0.132014    0.670163  6.63518 	Dead: 0
7.57321   0.119017    0.604184  6.63518 	Dead: 0
7.56076   0.143307    0.727493  6.63518 	Dead: 0
7.49213   0.118474    0.601432  6.63518 	Dead: 0
7.39608   0.0982597   0.498812  6.38299 	Dead: 0
7.37644   0.10537     0.534908  6.38299 	Dead: 0
7.40232   0.122931    0.624057  6.38299 	Dead: 0
7.41713   0.130044    0.660164  6.38299 	Dead: 0
7.29236   0.0935727   0.475019  6.38299 	Dead: 0
7.28937   0.114778    0.582667  6.38299 	Dead: 0
