11.9563   0.0661553   0.335835  11.1963 	Dead: 0
10.2351   0.0475989   0.241634  9.73659 	Dead: 0
9.86879   0.0714625   0.362777  9.18554 	Dead: 0
9.40802   0.0529388   0.268742  8.84424 	Dead: 0
9.2823    0.060251    0.305862  8.77478 	Dead: 0
9.0789    0.0608046   0.308673  8.50346 	Dead: 0
8.85057   0.0621724   0.315616  8.25456 	Dead: 0
8.80848   0.060082    0.305004  8.25456 	Dead: 0
8.74873   0.0699435   0.355066  8.18126 	Dead: 0
8.76318   0.076288    0.387273  8.14399 	Dead: 0
8.68016   0.0684944   0.34771   8.14399 	Dead: 0
8.69968   0.074027    0.375796  8.14399 	Dead: 0
8.64019   0.0669489   0.339864  8.06607 	Dead: 0
8.59916   0.0616329   0.312877  8.06607 	Dead: 0
8.58921   0.0716093   0.363522  8.06607 	Dead: 0
8.47768   0.0677072   0.343713  7.89107 	Dead: 0
8.49542   0.0716093   0.363522  7.8546  	Dead: 0
8.44207   0.0655067   0.332542  7.8546  	Dead: 0
8.43723   0.07521     0.381801  7.76788 	Dead: 0
8.47379   0.0830478   0.421589  7.76788 	Dead: 0
8.40874   0.0764889   0.388293  7.76788 	Dead: 0
8.43454   0.0804675   0.408491  7.76788 	Dead: 0
8.3558    0.0772094   0.391951  7.70482 	Dead: 0
8.35737   0.0765702   0.388706  7.70482 	Dead: 0
8.41321   0.0893298   0.45348   7.62971 	Dead: 0
8.27125   0.0772542   0.392178  7.62971 	Dead: 0
8.16397   0.0768569   0.390161  7.53677 	Dead: 0
8.02875   0.0675512   0.342921  7.50906 	Dead: 0
8.08955   0.0968052   0.491428  7.38964 	Dead: 0
8.00471   0.0966843   0.490815  7.33207 	Dead: 0
7.75932   0.073914    0.375222  7.28483 	Dead: 0
7.67335   0.0831084   0.421897  6.86843 	Dead: 0
7.61431   0.0982153   0.498587  6.82341 	Dead: 0
7.55797   0.0802616   0.407445  6.82341 	Dead: 0
7.59039   0.0948409   0.481456  6.82341 	Dead: 0
7.60822   0.0994252   0.504729  6.82341 	Dead: 0
7.55468   0.0832761   0.422748  6.81997 	Dead: 0
7.5184    0.0836874   0.424836  6.81997 	Dead: 0
7.48816   0.0805077   0.408695  6.81997 	Dead: 0
7.51225   0.092329    0.468705  6.81997 	Dead: 0
7.44075   0.0990439   0.502793  6.79137 	Dead: 0
7.3099    0.0729129   0.37014   6.66109 	Dead: 0
7.33429   0.111338    0.565204  6.63712 	Dead: 0
7.26457   0.096799    0.491397  6.58845 	Dead: 0
7.3062    0.102402    0.51984   6.58845 	Dead: 0
7.26979   0.103836    0.527119  6.56806 	Dead: 0
7.21223   0.0881508   0.447495  6.56806 	Dead: 0
7.18914   0.0832728   0.422732  6.56806 	Dead: 0
7.24846   0.103889    0.527392  6.56806 	Dead: 0
7.23022   0.0988454   0.501786  6.56418 	Dead: 0
7.13821   0.0770115   0.390946  6.37778 	Dead: 0
7.1713    0.0936798   0.475562  6.37778 	Dead: 0
7.27234   0.10463     0.53115   6.37778 	Dead: 0
7.2128    0.101618    0.515861  6.37778 	Dead: 0
7.189     0.0965962   0.490367  6.37778 	Dead: 0
7.1399    0.0897051   0.455385  6.37778 	Dead: 0
7.07604   0.0802825   0.407552  6.37778 	Dead: 0
7.13412   0.0870147   0.441727  6.37778 	Dead: 0
7.12236   0.0969641   0.492235  6.37778 	Dead: 0
7.08997   0.0972488   0.49368   6.37778 	Dead: 0
7.12961   0.0965023   0.489891  6.37778 	Dead: 0
7.11024   0.0905757   0.459804  6.37778 	Dead: 0
7.07243   0.0905989   0.459922  6.37778 	Dead: 0
7.10382   0.0962155   0.488435  6.37778 	Dead: 0
7.11106   0.0943103   0.478763  6.37778 	Dead: 0
7.11809   0.100375    0.509549  6.33725 	Dead: 0
7.08862   0.104681    0.531408  6.33725 	Dead: 0
7.09662   0.10876     0.552114  6.33725 	Dead: 0
7.15359   0.118912    0.603652  6.33725 	Dead: 0
7.06618   0.0938402   0.476377  6.33725 	Dead: 0
7.1304    0.105562    0.53588   6.33725 	Dead: 0
7.09378   0.105003    0.533042  6.33725 	Dead: 0
7.07605   0.100372    0.509535  6.33725 	Dead: 0
7.12777   0.108236    0.549455  6.33505 	Dead: 0
7.08173   0.0965577   0.490172  6.33505 	Dead: 0
7.07618   0.100825    0.511832  6.33505 	Dead: 0
7.06689   0.113375    0.575544  6.33505 	Dead: 0
7.07028   0.111797    0.567536  6.33505 	Dead: 0
7.10786   0.118293    0.600509  6.33505 	Dead: 0
7.0294    0.0945236   0.479846  6.33505 	Dead: 0
7.0404    0.0916836   0.465429  6.33505 	Dead: 0
7.06138   0.101982    0.517708  6.33505 	Dead: 0
7.06178   0.102682    0.521264  6.26958 	Dead: 0
7.08329   0.111543    0.566243  6.26958 	Dead: 0
6.98774   0.0970101   0.492469  6.26958 	Dead: 0
7.01384   0.0981394   0.498201  6.2099  	Dead: 0
7.02977   0.110241    0.559633  6.2099  	Dead: 0
6.9871    0.0868155   0.440716  6.2099  	Dead: 0
7.07317   0.116879    0.593332  6.2099  	Dead: 0
7.03898   0.103879    0.527339  6.2099  	Dead: 0
7.18095   0.143715    0.729566  6.2099  	Dead: 0
6.98694   0.0959994   0.487338  6.2099  	Dead: 0
7.0989    0.134078    0.680642  6.2099  	Dead: 0
6.99692   0.102429    0.519979  6.15847 	Dead: 0
7.11329   0.112994    0.573612  6.15847 	Dead: 0
7.01146   0.106879    0.542565  6.15847 	Dead: 0
7.1168    0.123945    0.629202  6.15847 	Dead: 0
7.03497   0.109369    0.555209  6.15847 	Dead: 0
7.0747    0.11427     0.580089  6.15847 	Dead: 0
7.07748   0.120145    0.609911  6.15847 	Dead: 0
7.09354   0.126819    0.643795  6.15847 	Dead: 0
