11.9019   0.0734696   0.372966  10.7344 	Dead: 0
10.3153   0.0570451   0.289588  9.61198 	Dead: 0
9.78814   0.0657472   0.333763  9.18279 	Dead: 0
9.53461   0.0828823   0.420749  8.87218 	Dead: 0
9.21868   0.0670784   0.340521  8.51647 	Dead: 0
8.99089   0.0769477   0.390623  8.26531 	Dead: 0
8.92178   0.0740761   0.376045  8.26531 	Dead: 0
8.84536   0.0734423   0.372827  7.83187 	Dead: 0
8.88589   0.100817    0.511795  7.83187 	Dead: 0
8.82359   0.083851    0.425667  7.83187 	Dead: 0
8.81944   0.0825874   0.419252  7.83187 	Dead: 0
8.75666   0.0795311   0.403737  7.83187 	Dead: 0
8.74189   0.0805359   0.408838  7.83187 	Dead: 0
8.68562   0.0774685   0.393266  7.83187 	Dead: 0
8.68109   0.0808522   0.410444  7.83187 	Dead: 0
8.7004    0.0866192   0.43972   7.83187 	Dead: 0
8.70054   0.0922855   0.468484  7.83187 	Dead: 0
8.66276   0.0973926   0.49441   7.79815 	Dead: 0
8.58272   0.0846478   0.429712  7.79815 	Dead: 0
8.63904   0.0916521   0.465269  7.79815 	Dead: 0
8.67362   0.087479    0.444084  7.73035 	Dead: 0
8.58341   0.0830671   0.421687  7.73035 	Dead: 0
8.52517   0.0773053   0.392438  7.73035 	Dead: 0
8.53843   0.0779863   0.395895  7.73035 	Dead: 0
8.57697   0.0883614   0.448564  7.73035 	Dead: 0
8.48415   0.0787724   0.399885  7.68358 	Dead: 0
8.51918   0.099393    0.504565  7.68358 	Dead: 0
8.51686   0.0933577   0.473927  7.68358 	Dead: 0
8.53515   0.0972197   0.493532  7.66722 	Dead: 0
8.50065   0.0956755   0.485693  7.57487 	Dead: 0
8.52587   0.0938586   0.47647   7.57487 	Dead: 0
8.08633   0.090332    0.458568  7.40256 	Dead: 0
7.78071   0.0903686   0.458753  7.15816 	Dead: 0
7.73037   0.0922767   0.468439  6.94571 	Dead: 0
7.61374   0.087819    0.44581   6.94571 	Dead: 0
7.60879   0.0954235   0.484414  6.85511 	Dead: 0
7.64371   0.0947361   0.480925  6.80944 	Dead: 0
7.62181   0.0944914   0.479683  6.80944 	Dead: 0
7.55521   0.101633    0.515938  6.80944 	Dead: 0
7.54506   0.0946226   0.480348  6.80944 	Dead: 0
7.59826   0.0966045   0.490409  6.80944 	Dead: 0
7.55997   0.0974426   0.494664  6.80944 	Dead: 0
7.58246   0.0958367   0.486512  6.80944 	Dead: 0
7.57312   0.0953864   0.484226  6.80944 	Dead: 0
7.61453   0.0982275   0.498648  6.80944 	Dead: 0
7.53393   0.0967838   0.49132   6.80944 	Dead: 0
7.53973   0.0964711   0.489732  6.80944 	Dead: 0
7.5594    0.0899218   0.456485  6.80944 	Dead: 0
7.55169   0.0916861   0.465441  6.80944 	Dead: 0
7.54945   0.0968847   0.491832  6.80944 	Dead: 0
7.50528   0.0978007   0.496482  6.80944 	Dead: 0
7.54075   0.103693    0.526396  6.70533 	Dead: 0
7.249     0.0995219   0.505219  6.49092 	Dead: 0
7.07054   0.098184    0.498428  6.35674 	Dead: 0
6.9667    0.0877571   0.445496  6.19337 	Dead: 0
6.94341   0.0882028   0.447758  6.19337 	Dead: 0
6.94125   0.0959936   0.487308  6.19337 	Dead: 0
6.91287   0.0977999   0.496478  6.19337 	Dead: 0
6.94088   0.10731     0.544756  6.19337 	Dead: 0
6.97392   0.105155    0.533817  6.19337 	Dead: 0
6.95287   0.109307    0.554895  6.18579 	Dead: 0
6.83295   0.0953954   0.484271  6.03823 	Dead: 0
6.83383   0.113443    0.575892  6.03823 	Dead: 0
6.84439   0.104852    0.532277  5.99674 	Dead: 0
6.84228   0.111308    0.565049  5.99674 	Dead: 0
6.82307   0.117959    0.598813  5.99674 	Dead: 0
6.74551   0.0951097   0.482821  5.99674 	Dead: 0
6.73442   0.100429    0.509822  5.89734 	Dead: 0
6.75292   0.109271    0.554709  5.89734 	Dead: 0
6.70641   0.10326     0.524196  5.89734 	Dead: 0
6.69993   0.0968977   0.491898  5.89734 	Dead: 0
6.81304   0.118586    0.601998  5.89734 	Dead: 0
6.69826   0.0984133   0.499592  5.89734 	Dead: 0
6.6673    0.110517    0.561035  5.89734 	Dead: 0
6.64492   0.107649    0.546479  5.89734 	Dead: 0
6.54685   0.101014    0.512796  5.70617 	Dead: 0
6.58694   0.130618    0.66308   5.54324 	Dead: 0
6.5127    0.105867    0.53743   5.54324 	Dead: 0
6.51616   0.122939    0.624097  5.54324 	Dead: 0
6.47168   0.112807    0.572663  5.54324 	Dead: 0
6.41211   0.0926558   0.470364  5.54324 	Dead: 0
6.42895   0.116328    0.590535  5.54324 	Dead: 0
6.4945    0.116597    0.591901  5.54324 	Dead: 0
6.45155   0.11047     0.560799  5.54324 	Dead: 0
6.47613   0.120482    0.611625  5.54324 	Dead: 0
6.46329   0.119272    0.60548   5.54324 	Dead: 0
6.46331   0.107322    0.544817  5.54324 	Dead: 0
6.48908   0.126646    0.642914  5.54324 	Dead: 0
6.45391   0.126671    0.64304   5.54324 	Dead: 0
6.47876   0.109746    0.557123  5.54324 	Dead: 0
6.48662   0.134358    0.682062  5.54324 	Dead: 0
6.49365   0.141469    0.718165  5.54324 	Dead: 0
6.51142   0.128269    0.651152  5.54324 	Dead: 0
6.462     0.103775    0.526813  5.54324 	Dead: 0
6.40491   0.0947591   0.481041  5.54324 	Dead: 0
6.42298   0.104596    0.530978  5.54048 	Dead: 0
6.45471   0.116746    0.592657  5.54048 	Dead: 0
6.42522   0.122176    0.620222  5.54048 	Dead: 0
6.45957   0.144424    0.733165  5.54048 	Dead: 0
6.43403   0.111268    0.564851  5.54048 	Dead: 0
6.46982   0.152268    0.772984  5.10634 	Dead: 0
