0   8.74519   0.0835817   0.424299  7.84968 	Dead: 0
1   5.73238   0.0542008   0.275149  5.15404 	Dead: 0
2   5.5243    0.0503976   0.255842  5.1322  	Dead: 0
3   5.46536   0.0522842   0.265419  5.1322  	Dead: 0
4   5.41445   0.052149    0.264733  5.02508 	Dead: 0
5   5.41162   0.0598115   0.303631  4.8966  	Dead: 0
6   5.40323   0.0542046   0.275168  4.8966  	Dead: 0
7   5.34489   0.0533046   0.270599  4.8966  	Dead: 0
8   5.35326   0.0595787   0.302449  4.74949 	Dead: 0
9   5.33032   0.0588623   0.298813  4.74949 	Dead: 0
10  5.29121   0.0599858   0.304516  4.70251 	Dead: 0
11  5.26464   0.0599347   0.304256  4.70251 	Dead: 0
12  5.28273   0.0623009   0.316268  4.70251 	Dead: 0
13  5.26691   0.0619896   0.314688  4.64303 	Dead: 0
14  5.2259    0.0560218   0.284393  4.64303 	Dead: 0
15  5.28177   0.0734691   0.372964  4.64303 	Dead: 0
16  5.12343   0.0644084   0.326967  4.63791 	Dead: 0
17  4.9583    0.0670824   0.340541  4.39187 	Dead: 0
18  4.90192   0.0646922   0.328408  4.39187 	Dead: 0
19  4.91166   0.0697258   0.353961  4.39187 	Dead: 0
20  4.88254   0.0718739   0.364866  4.31466 	Dead: 0
21  4.91347   0.0742101   0.376725  4.25406 	Dead: 0
22  4.8726    0.0678639   0.344509  4.25406 	Dead: 0
23  4.84693   0.0665171   0.337672  4.25406 	Dead: 0
24  4.8656    0.0801562   0.40691   4.25406 	Dead: 0
25  4.90203   0.0768211   0.38998   4.25406 	Dead: 0
26  4.82957   0.064484    0.327351  4.25406 	Dead: 0
27  4.80713   0.0657459   0.333757  4.25406 	Dead: 0
28  4.83009   0.0632235   0.320952  4.25406 	Dead: 0
29  4.8223    0.0685487   0.347985  4.25406 	Dead: 0
30  4.83471   0.0712468   0.361682  4.25406 	Dead: 0
31  4.82477   0.0678891   0.344637  4.25406 	Dead: 0
32  4.84857   0.0719033   0.365015  4.25406 	Dead: 0
33  4.80079   0.0720954   0.36599   4.18908 	Dead: 0
34  4.78484   0.0722529   0.366789  4.18908 	Dead: 0
35  4.76502   0.0666284   0.338237  4.18908 	Dead: 0
36  4.76421   0.0706625   0.358716  4.18908 	Dead: 0
37  4.73662   0.0728649   0.369896  4.18908 	Dead: 0
38  4.76577   0.0756076   0.383819  4.18908 	Dead: 0
39  4.73404   0.0791247   0.401674  4.07522 	Dead: 0
40  4.6779    0.07577     0.384644  4.07522 	Dead: 0
41  4.66396   0.0757946   0.384769  4.04008 	Dead: 0
42  4.68456   0.0806702   0.409519  4.04008 	Dead: 0
43  4.70164   0.078598    0.399     3.9898  	Dead: 0
44  4.62198   0.0675962   0.34315   3.9898  	Dead: 0
45  4.62035   0.0710876   0.360874  3.9898  	Dead: 0
46  4.63728   0.07852     0.398604  3.98282 	Dead: 0
47  4.63448   0.0781506   0.396729  3.98282 	Dead: 0
48  4.6585    0.0970511   0.492677  3.98282 	Dead: 0
49  4.59516   0.0837074   0.424938  3.98282 	Dead: 0
50  4.61076   0.0863698   0.438453  3.98282 	Dead: 0
51  4.57816   0.0872252   0.442796  3.98282 	Dead: 0
52  4.57023   0.0802993   0.407636  3.81206 	Dead: 0
53  4.64128   0.099795    0.506606  3.81206 	Dead: 0
54  4.54051   0.0809377   0.410878  3.81206 	Dead: 0
55  4.62631   0.0942091   0.47825   3.81206 	Dead: 0
56  4.52175   0.0827732   0.420195  3.81206 	Dead: 0
57  4.55352   0.0902238   0.458018  3.81206 	Dead: 0
58  4.51771   0.0845978   0.429458  3.81206 	Dead: 0
59  4.54194   0.0859177   0.436158  3.81206 	Dead: 0
60  4.57831   0.0947456   0.480973  3.81206 	Dead: 0
61  4.47861   0.0788239   0.400147  3.81206 	Dead: 0
62  4.5148    0.0879862   0.446659  3.81206 	Dead: 0
63  4.52259   0.0844328   0.42862   3.81206 	Dead: 0
64  4.54763   0.0882873   0.448187  3.81206 	Dead: 0
65  4.57801   0.0929381   0.471797  3.81206 	Dead: 0
66  4.47381   0.0768571   0.390163  3.81206 	Dead: 0
67  4.49565   0.0865898   0.43957   3.81206 	Dead: 0
68  4.44933   0.0745038   0.378216  3.81206 	Dead: 0
69  4.4562    0.0813966   0.413207  3.81206 	Dead: 0
70  4.50482   0.0854756   0.433914  3.81206 	Dead: 0
71  4.50506   0.0909978   0.461948  3.81206 	Dead: 0
72  4.33045   0.0879665   0.446559  3.65295 	Dead: 0
73  4.26885   0.0905628   0.459739  3.62977 	Dead: 0
74  4.25922   0.0911405   0.462672  3.62977 	Dead: 0
75  4.32889   0.103301    0.524402  3.62977 	Dead: 0
76  4.24759   0.0924899   0.469522  3.62977 	Dead: 0
77  4.27504   0.100579    0.510586  3.3539  	Dead: 0
78  4.20356   0.0868185   0.440731  3.3539  	Dead: 0
79  4.30481   0.110051    0.558671  3.3539  	Dead: 0
80  4.20676   0.0970144   0.49249   3.3539  	Dead: 0
81  4.26581   0.114402    0.580758  3.3539  	Dead: 0
82  4.20875   0.112831    0.572784  3.3539  	Dead: 0
83  4.18965   0.10444     0.530185  3.3539  	Dead: 0
84  4.21988   0.112772    0.572481  3.3539  	Dead: 0
85  4.17161   0.116868    0.593275  3.3539  	Dead: 0
86  4.21263   0.112126    0.569203  3.3539  	Dead: 0
87  4.16691   0.105708    0.536625  3.3539  	Dead: 0
88  4.2116    0.113094    0.574118  3.3539  	Dead: 0
89  4.2398    0.121484    0.616708  3.3539  	Dead: 0
90  4.17127   0.123291    0.625885  3.3539  	Dead: 0
91  4.2123    0.111244    0.564726  3.3539  	Dead: 0
92  4.25289   0.11994     0.60887   3.3539  	Dead: 0
93  4.2428    0.116266    0.59022   3.3539  	Dead: 0
94  4.20345   0.11945     0.606386  3.3539  	Dead: 0
95  4.2221    0.115914    0.588435  3.29401 	Dead: 0
96  4.1952    0.103634    0.526096  3.29401 	Dead: 0
97  4.27471   0.122917    0.623984  3.29401 	Dead: 0
98  4.16007   0.12207     0.619682  3.29401 	Dead: 0
99  4.21137   0.119401    0.606134  3.29401 	Dead: 0
100 4.1345    0.110055    0.558689  3.29401 	Dead: 0
