8.4167    0.0643907   0.326877  7.46453 	Dead: 0
6.65391   0.0573445   0.291107  6.13081 	Dead: 0
6.54945   0.0704706   0.357742  5.96265 	Dead: 0
6.3257    0.0558209   0.283373  5.88385 	Dead: 0
6.34275   0.069162    0.351098  5.7783  	Dead: 0
6.13686   0.0661949   0.336036  5.49    	Dead: 0
5.8703    0.0534407   0.27129   5.49    	Dead: 0
5.80318   0.0495103   0.251337  5.39429 	Dead: 0
5.75762   0.05534     0.280932  5.3333  	Dead: 0
5.72113   0.0573625   0.291199  5.22877 	Dead: 0
5.68369   0.0557212   0.282867  5.22877 	Dead: 0
5.65478   0.0577341   0.293085  5.22877 	Dead: 0
5.59177   0.0454943   0.23095   5.13157 	Dead: 0
5.63345   0.0580027   0.294449  5.13157 	Dead: 0
5.59866   0.0486384   0.246911  5.13157 	Dead: 0
5.61488   0.0593066   0.301068  5.13157 	Dead: 0
5.5768    0.0518616   0.263273  5.13157 	Dead: 0
5.61678   0.0627454   0.318525  5.13157 	Dead: 0
5.57859   0.0545153   0.276745  5.02593 	Dead: 0
5.58745   0.0566393   0.287527  5.02593 	Dead: 0
5.62056   0.0618798   0.314131  5.02593 	Dead: 0
5.56446   0.05193     0.263621  5.02593 	Dead: 0
5.56667   0.0583476   0.296199  5.02593 	Dead: 0
5.56629   0.0535131   0.271657  5.02593 	Dead: 0
5.56506   0.0608111   0.308706  5.02593 	Dead: 0
5.56171   0.0618949   0.314207  5.02593 	Dead: 0
5.53558   0.0533131   0.270642  5.02593 	Dead: 0
5.56488   0.0606415   0.307844  5.02593 	Dead: 0
5.5501    0.0521508   0.264742  5.02593 	Dead: 0
5.53313   0.0498475   0.253049  5.02593 	Dead: 0
5.53056   0.0527305   0.267685  5.02593 	Dead: 0
5.51685   0.0498465   0.253044  5.02593 	Dead: 0
5.55134   0.0541392   0.274836  5.02593 	Dead: 0
5.56811   0.0649644   0.32979   5.02593 	Dead: 0
5.5422    0.0543183   0.275745  5.02593 	Dead: 0
5.49969   0.046814    0.23765   5.02593 	Dead: 0
5.54809   0.0621207   0.315354  5.02593 	Dead: 0
5.50296   0.0499152   0.253393  5.02593 	Dead: 0
5.5319    0.0584729   0.296836  5.02593 	Dead: 0
5.496     0.0520926   0.264446  5.02593 	Dead: 0
5.49694   0.053183    0.269982  5.02593 	Dead: 0
5.52701   0.0572009   0.290378  5.02593 	Dead: 0
5.53268   0.0589914   0.299468  5.02593 	Dead: 0
5.48473   0.0495015   0.251293  5.02593 	Dead: 0
5.51809   0.0559955   0.284259  5.02593 	Dead: 0
5.51808   0.0572545   0.290651  5.02593 	Dead: 0
5.5091    0.0529808   0.268955  5.02593 	Dead: 0
5.51329   0.0511899   0.259864  5.02593 	Dead: 0
5.5354    0.0658288   0.334178  5.02593 	Dead: 0
5.55472   0.0594725   0.30191   5.02593 	Dead: 0
5.52817   0.0553577   0.281022  5.02593 	Dead: 0
5.50112   0.0557149   0.282835  5.02593 	Dead: 0
5.55689   0.0639843   0.324814  5.02593 	Dead: 0
5.54559   0.0642709   0.326269  5.02593 	Dead: 0
5.47741   0.0529086   0.268589  5.02593 	Dead: 0
5.52288   0.0603913   0.306574  5.02593 	Dead: 0
5.49226   0.0551943   0.280192  5.02593 	Dead: 0
5.50226   0.0583603   0.296264  5.02593 	Dead: 0
5.51955   0.0550182   0.279298  5.02593 	Dead: 0
5.54858   0.0593996   0.30154   5.02593 	Dead: 0
5.54957   0.0628435   0.319023  5.02593 	Dead: 0
5.54052   0.061381    0.311599  4.93591 	Dead: 0
5.52717   0.057913    0.293993  4.93591 	Dead: 0
5.5307    0.05974     0.303268  4.93591 	Dead: 0
5.49986   0.0546851   0.277607  4.93591 	Dead: 0
5.53019   0.0584746   0.296844  4.93591 	Dead: 0
5.50146   0.0558946   0.283747  4.93591 	Dead: 0
5.51607   0.0577761   0.293298  4.93591 	Dead: 0
5.52685   0.0621254   0.315378  4.93591 	Dead: 0
5.51127   0.0568778   0.288738  4.93591 	Dead: 0
5.46264   0.0545444   0.276893  4.93591 	Dead: 0
5.49805   0.0574665   0.291727  4.93591 	Dead: 0
5.46993   0.0599387   0.304277  4.93591 	Dead: 0
5.49451   0.06188     0.314132  4.93591 	Dead: 0
5.47773   0.0570907   0.289819  4.93591 	Dead: 0
5.48371   0.0585512   0.297233  4.93591 	Dead: 0
5.51642   0.0644468   0.327162  4.93591 	Dead: 0
5.51192   0.0670848   0.340554  4.93591 	Dead: 0
5.48012   0.0598467   0.30381   4.93591 	Dead: 0
5.49185   0.0556066   0.282285  4.93591 	Dead: 0
5.54317   0.0605165   0.30721   4.93591 	Dead: 0
5.50641   0.0611618   0.310486  4.93591 	Dead: 0
5.50199   0.0570684   0.289706  4.93591 	Dead: 0
5.47793   0.0553478   0.280971  4.93591 	Dead: 0
5.45821   0.0537452   0.272836  4.93591 	Dead: 0
5.50659   0.0637973   0.323865  4.93591 	Dead: 0
5.43699   0.0499951   0.253799  4.93591 	Dead: 0
5.46876   0.0626605   0.318094  4.93591 	Dead: 0
5.45087   0.0552678   0.280565  4.93591 	Dead: 0
5.4453    0.0560381   0.284476  4.93591 	Dead: 0
5.43487   0.0510142   0.258972  4.93591 	Dead: 0
5.44022   0.0561443   0.285015  4.93591 	Dead: 0
5.41382   0.04878     0.24763   4.93591 	Dead: 0
5.41825   0.0547359   0.277865  4.93591 	Dead: 0
5.43146   0.0500156   0.253903  4.93591 	Dead: 0
5.43095   0.0517702   0.26281   4.93591 	Dead: 0
5.44272   0.0565585   0.287117  4.91235 	Dead: 0
5.41945   0.0546548   0.277453  4.91235 	Dead: 0
5.43291   0.054167    0.274977  4.91235 	Dead: 0
5.41511   0.0582733   0.295823  4.91235 	Dead: 0
5.41455   0.0580742   0.294812  4.91235 	Dead: 0
