8.36253   0.0702917   0.356833  7.23703 	Dead: 0
6.44417   0.0409567   0.207916  6.08254 	Dead: 0
6.17987   0.0507152   0.257454  5.7817  	Dead: 0
5.95845   0.0487757   0.247608  5.55241 	Dead: 0
5.84772   0.0451125   0.229012  5.34858 	Dead: 0
5.80708   0.0545461   0.276901  5.34858 	Dead: 0
5.75749   0.0503942   0.255824  5.34256 	Dead: 0
5.71551   0.0484849   0.246132  5.29319 	Dead: 0
5.7144    0.0527164   0.267613  5.29319 	Dead: 0
5.72602   0.0508926   0.258355  5.29319 	Dead: 0
5.68274   0.0519153   0.263546  5.29244 	Dead: 0
5.68774   0.052914    0.268616  5.29244 	Dead: 0
5.70554   0.0546277   0.277315  5.29244 	Dead: 0
5.69062   0.0552793   0.280623  5.29244 	Dead: 0
5.67112   0.0501886   0.254781  5.26715 	Dead: 0
5.67937   0.0545258   0.276798  5.26715 	Dead: 0
5.67316   0.0538157   0.273194  5.22376 	Dead: 0
5.67279   0.0526126   0.267086  5.18063 	Dead: 0
5.666     0.0560815   0.284696  5.18063 	Dead: 0
5.68905   0.0549886   0.279148  5.18063 	Dead: 0
5.67428   0.0555672   0.282085  5.18063 	Dead: 0
5.6857    0.0532392   0.270267  5.18063 	Dead: 0
5.66851   0.051025    0.259027  5.18063 	Dead: 0
5.6645    0.0553495   0.28098   5.18063 	Dead: 0
5.65941   0.0509627   0.258711  5.18063 	Dead: 0
5.65512   0.0548245   0.278315  5.18063 	Dead: 0
5.67186   0.0548154   0.278269  5.18063 	Dead: 0
5.64822   0.0540801   0.274536  5.18063 	Dead: 0
5.66808   0.0550737   0.27958   5.18063 	Dead: 0
5.67697   0.0533527   0.270843  5.18063 	Dead: 0
5.67452   0.0555402   0.281948  5.18063 	Dead: 0
5.65942   0.0570016   0.289366  5.18063 	Dead: 0
5.65282   0.055837    0.283455  5.18063 	Dead: 0
5.60993   0.0527536   0.267802  5.18063 	Dead: 0
5.64818   0.0585629   0.297293  5.18063 	Dead: 0
5.62369   0.0536548   0.272377  5.18063 	Dead: 0
5.62784   0.0574428   0.291606  5.18063 	Dead: 0
5.63225   0.0581377   0.295134  5.18063 	Dead: 0
5.58768   0.0518362   0.263145  5.18063 	Dead: 0
5.55952   0.0479053   0.24319   5.18063 	Dead: 0
5.65018   0.0611798   0.310577  5.18063 	Dead: 0
5.61073   0.0560728   0.284652  5.15561 	Dead: 0
5.61307   0.0557631   0.28308   5.15561 	Dead: 0
5.59041   0.0599844   0.304509  5.15561 	Dead: 0
5.58304   0.0540305   0.274284  5.15561 	Dead: 0
5.54638   0.0506917   0.257335  5.15325 	Dead: 0
5.55409   0.0492277   0.249903  5.15325 	Dead: 0
5.55883   0.0525185   0.266609  5.15325 	Dead: 0
5.58371   0.0555146   0.281818  5.15325 	Dead: 0
5.5562    0.0521525   0.26475   5.15325 	Dead: 0
5.54584   0.0461121   0.234087  5.15325 	Dead: 0
5.56703   0.051252    0.260179  5.15325 	Dead: 0
5.52414   0.0469126   0.23815   5.15325 	Dead: 0
5.52999   0.0476004   0.241642  5.15325 	Dead: 0
5.55234   0.0562712   0.285659  5.15325 	Dead: 0
5.5339    0.0548958   0.278676  5.01159 	Dead: 0
5.52833   0.0524924   0.266476  5.01159 	Dead: 0
5.55975   0.0541093   0.274684  5.01159 	Dead: 0
5.54961   0.0550506   0.279463  5.01159 	Dead: 0
5.53109   0.0521158   0.264564  5.01159 	Dead: 0
5.58116   0.0599633   0.304402  5.01159 	Dead: 0
5.54294   0.0554307   0.281392  5.01159 	Dead: 0
5.52153   0.048084    0.244097  5.01159 	Dead: 0
5.51198   0.0545052   0.276694  5.01159 	Dead: 0
5.52924   0.0508971   0.258377  5.01159 	Dead: 0
5.49998   0.049101    0.24926   5.01159 	Dead: 0
5.50282   0.0506533   0.25714   5.01159 	Dead: 0
5.51766   0.0495373   0.251475  5.01159 	Dead: 0
5.52084   0.0515594   0.261739  5.01159 	Dead: 0
5.54731   0.0541299   0.274789  5.01159 	Dead: 0
5.53596   0.0555513   0.282004  5.01159 	Dead: 0
5.51612   0.0543937   0.276128  5.01159 	Dead: 0
5.49569   0.0503285   0.255491  5.01159 	Dead: 0
5.53349   0.0583875   0.296402  5.01159 	Dead: 0
5.5092    0.0545797   0.277072  5.01159 	Dead: 0
5.51604   0.0555883   0.282192  5.01159 	Dead: 0
5.54296   0.0525094   0.266562  5.01159 	Dead: 0
5.54213   0.0534176   0.271173  5.01159 	Dead: 0
5.53172   0.0529314   0.268705  5.01159 	Dead: 0
5.51723   0.054942    0.278911  5.01159 	Dead: 0
5.52516   0.0578835   0.293843  5.01159 	Dead: 0
5.5137    0.0568956   0.288828  5.01159 	Dead: 0
5.52446   0.0599297   0.304231  5.01159 	Dead: 0
5.49223   0.0512118   0.259975  5.01159 	Dead: 0
5.50184   0.055025    0.279333  5.01159 	Dead: 0
5.50523   0.0542279   0.275286  5.01159 	Dead: 0
5.49701   0.0513215   0.260532  5.01159 	Dead: 0
5.47517   0.0519138   0.263539  5.01159 	Dead: 0
5.48524   0.0515266   0.261573  5.01159 	Dead: 0
5.48664   0.0532246   0.270193  5.01159 	Dead: 0
5.48964   0.0510094   0.258947  5.01159 	Dead: 0
5.49224   0.0539769   0.274012  5.01159 	Dead: 0
5.48364   0.0538265   0.273248  5.01159 	Dead: 0
5.49986   0.0549124   0.278761  5.01159 	Dead: 0
5.47109   0.0475761   0.241518  5.01159 	Dead: 0
5.5054    0.05681     0.288394  5.01159 	Dead: 0
5.49261   0.0527939   0.268007  5.01159 	Dead: 0
5.47409   0.0521561   0.264768  5.01159 	Dead: 0
5.48696   0.057495    0.291871  5.01159 	Dead: 0
5.4578    0.0538038   0.273133  5.01159 	Dead: 0
5.43234   0.0484767   0.24609   5.01159 	Dead: 0
