7.04755   0.0863164   0.438182  5.99274 	Dead: 0
5.8717    0.0443097   0.224937  5.41941 	Dead: 0
5.71249   0.0518205   0.263065  5.23984 	Dead: 0
5.568     0.0452958   0.229942  5.18565 	Dead: 0
5.45792   0.0454643   0.230798  5.10005 	Dead: 0
5.41048   0.0464904   0.236007  4.91361 	Dead: 0
5.39495   0.0537028   0.27262   4.91361 	Dead: 0
5.31241   0.0536841   0.272525  4.69854 	Dead: 0
5.26662   0.0473164   0.2402    4.69854 	Dead: 0
5.27071   0.0565607   0.287128  4.69854 	Dead: 0
5.23831   0.0559042   0.283796  4.69854 	Dead: 0
5.19625   0.0540872   0.274572  4.69854 	Dead: 0
5.21618   0.0556372   0.28244   4.69854 	Dead: 0
5.20019   0.0536078   0.272138  4.69854 	Dead: 0
5.17046   0.052688    0.267469  4.69854 	Dead: 0
5.22035   0.0585656   0.297306  4.69854 	Dead: 0
5.16798   0.0529398   0.268747  4.69854 	Dead: 0
5.17895   0.0512058   0.259944  4.69854 	Dead: 0
5.12639   0.0511791   0.259809  4.69854 	Dead: 0
5.17068   0.0599463   0.304316  4.69854 	Dead: 0
5.12717   0.0521993   0.264988  4.68994 	Dead: 0
5.16065   0.0599789   0.304481  4.68994 	Dead: 0
5.12653   0.0543465   0.275888  4.68994 	Dead: 0
5.11861   0.0546613   0.277486  4.68994 	Dead: 0
5.10255   0.0529451   0.268774  4.68994 	Dead: 0
5.13102   0.0566646   0.287656  4.62239 	Dead: 0
5.15036   0.0601497   0.305348  4.62239 	Dead: 0
5.11438   0.0587096   0.298038  4.62239 	Dead: 0
5.10443   0.0567678   0.28818   4.62239 	Dead: 0
5.10846   0.0603      0.306111  4.62239 	Dead: 0
5.12947   0.0591053   0.300046  4.62239 	Dead: 0
5.0879    0.0572044   0.290396  4.62239 	Dead: 0
5.08477   0.0574544   0.291665  4.62239 	Dead: 0
5.06809   0.0553593   0.28103   4.62239 	Dead: 0
5.05773   0.0584259   0.296597  4.62239 	Dead: 0
5.08663   0.059153    0.300288  4.62239 	Dead: 0
5.06831   0.0596361   0.302741  4.62239 	Dead: 0
5.0336    0.0587368   0.298176  4.62239 	Dead: 0
5.01022   0.0486363   0.246901  4.60889 	Dead: 0
5.09677   0.0614473   0.311935  4.60889 	Dead: 0
5.06206   0.0615802   0.31261   4.60889 	Dead: 0
5.03643   0.056577    0.287211  4.60889 	Dead: 0
5.04487   0.0557659   0.283094  4.60889 	Dead: 0
5.06402   0.0617824   0.313636  4.60889 	Dead: 0
5.04888   0.0583223   0.296071  4.56708 	Dead: 0
5.01208   0.0555153   0.281822  4.56708 	Dead: 0
5.04328   0.057327    0.291019  4.56708 	Dead: 0
5.00051   0.0526543   0.267298  4.56708 	Dead: 0
5.03687   0.0567277   0.287976  4.56708 	Dead: 0
4.99857   0.0524918   0.266473  4.56708 	Dead: 0
5.02223   0.0577893   0.293365  4.56708 	Dead: 0
5.02567   0.0652964   0.331475  4.55306 	Dead: 0
5.02433   0.062695    0.318269  4.55306 	Dead: 0
5.00987   0.056129    0.284937  4.55306 	Dead: 0
5.04921   0.0658713   0.334394  4.39595 	Dead: 0
5.00277   0.0549262   0.278831  4.39595 	Dead: 0
5.03538   0.064141    0.32561   4.39595 	Dead: 0
5.02154   0.0631305   0.32048   4.39595 	Dead: 0
5.00163   0.0598738   0.303947  4.39595 	Dead: 0
5.06418   0.0679539   0.344966  4.39595 	Dead: 0
5.0357    0.0645965   0.327922  4.39595 	Dead: 0
5.03296   0.0611675   0.310515  4.39595 	Dead: 0
5.0092    0.0640573   0.325185  4.39595 	Dead: 0
5.00616   0.0639028   0.324401  4.39595 	Dead: 0
4.98195   0.0627978   0.318791  4.39595 	Dead: 0
4.98267   0.05732     0.290983  4.39595 	Dead: 0
5.02543   0.0665606   0.337893  4.39595 	Dead: 0
4.99447   0.0608284   0.308793  4.39595 	Dead: 0
5.01      0.0673873   0.34209   4.39595 	Dead: 0
4.91649   0.0561456   0.285021  4.39595 	Dead: 0
4.97035   0.0654831   0.332423  4.39595 	Dead: 0
4.95078   0.0648381   0.329149  4.39595 	Dead: 0
4.97211   0.067816    0.344266  4.39595 	Dead: 0
4.92036   0.0657831   0.333946  4.39595 	Dead: 0
4.93645   0.0609413   0.309366  4.39595 	Dead: 0
4.93583   0.0621333   0.315418  4.39595 	Dead: 0
4.94476   0.0611518   0.310435  4.39595 	Dead: 0
4.93265   0.0690108   0.350331  4.39595 	Dead: 0
4.91029   0.0567898   0.288291  4.39595 	Dead: 0
4.89858   0.05692     0.288953  4.39595 	Dead: 0
4.93798   0.069825    0.354464  4.38008 	Dead: 0
4.89905   0.0576767   0.292794  4.38008 	Dead: 0
4.93634   0.0617571   0.313508  4.38008 	Dead: 0
4.89403   0.0609476   0.309398  4.38008 	Dead: 0
4.8874    0.062657    0.318076  4.38008 	Dead: 0
4.94706   0.0689748   0.350148  4.38008 	Dead: 0
4.91316   0.0617666   0.313556  4.38008 	Dead: 0
4.89222   0.0644785   0.327323  4.35269 	Dead: 0
4.88985   0.0692348   0.351468  4.35269 	Dead: 0
4.91039   0.0646677   0.328283  4.35269 	Dead: 0
4.89443   0.0683064   0.346755  4.35269 	Dead: 0
4.87423   0.0628857   0.319237  4.35269 	Dead: 0
4.87811   0.0621621   0.315564  4.35269 	Dead: 0
4.87633   0.0645736   0.327806  4.35269 	Dead: 0
4.86248   0.0656426   0.333232  4.20387 	Dead: 0
4.84117   0.0638838   0.324304  4.20387 	Dead: 0
4.85221   0.0623435   0.316485  4.20387 	Dead: 0
4.83486   0.0617361   0.313401  4.20387 	Dead: 0
4.84726   0.0668267   0.339243  4.20387 	Dead: 0
4.78509   0.0620352   0.314919  4.20387 	Dead: 0
4.84208   0.0683703   0.34708   4.20387 	Dead: 0
