11.5248   0.0546185   0.277269  10.8944 	Dead: 0
10.3283   0.0283701   0.14402   10.104  	Dead: 0
10.0497   0.0225509   0.114479  9.80183 	Dead: 0
9.89892   0.02575     0.130719  9.64653 	Dead: 0
9.82795   0.0320508   0.162705  9.49817 	Dead: 0
9.74968   0.0308528   0.156623  9.48221 	Dead: 0
9.72546   0.0358767   0.182127  9.44489 	Dead: 0
9.64725   0.0337656   0.17141   9.30182 	Dead: 0
9.58464   0.0313517   0.159156  9.29451 	Dead: 0
9.58537   0.0311616   0.158191  9.29451 	Dead: 0
9.552     0.0313919   0.15936   9.29451 	Dead: 0
9.5738    0.0361634   0.183582  9.29451 	Dead: 0
9.55673   0.0344294   0.17478   9.27077 	Dead: 0
9.52428   0.0299449   0.152014  9.27077 	Dead: 0
9.54189   0.0375758   0.190752  9.27077 	Dead: 0
9.53908   0.0323381   0.164163  9.27077 	Dead: 0
9.50094   0.0287811   0.146106  9.27077 	Dead: 0
9.52998   0.0327929   0.166472  9.27077 	Dead: 0
9.50674   0.0326964   0.165982  9.27077 	Dead: 0
9.53411   0.0360668   0.183092  9.27077 	Dead: 0
9.52069   0.0326089   0.165538  9.25468 	Dead: 0
9.51369   0.0314058   0.159431  9.25468 	Dead: 0
9.51939   0.0353065   0.179232  9.23049 	Dead: 0
9.51949   0.0350333   0.177845  9.18303 	Dead: 0
9.48654   0.0326445   0.165719  9.18303 	Dead: 0
9.51874   0.0339692   0.172444  9.18303 	Dead: 0
9.49761   0.0327729   0.16637   9.18303 	Dead: 0
9.46904   0.0314259   0.159533  9.18303 	Dead: 0
9.47408   0.0303466   0.154054  9.18303 	Dead: 0
9.48094   0.0342164   0.173698  9.18303 	Dead: 0
9.48154   0.0322492   0.163712  9.18303 	Dead: 0
9.49166   0.0376309   0.191032  9.18303 	Dead: 0
9.4781    0.0369651   0.187652  9.18303 	Dead: 0
9.46348   0.0313274   0.159033  9.18303 	Dead: 0
9.47735   0.0348783   0.177059  9.18303 	Dead: 0
9.44069   0.0295669   0.150095  9.18303 	Dead: 0
9.45892   0.0341912   0.17357   9.18303 	Dead: 0
9.44542   0.0338689   0.171934  9.18303 	Dead: 0
9.43849   0.0341527   0.173375  9.16675 	Dead: 0
9.43877   0.0364934   0.185257  9.15524 	Dead: 0
9.4068    0.0367165   0.18639   9.15078 	Dead: 0
9.39778   0.033649    0.170818  9.14023 	Dead: 0
9.38926   0.0336706   0.170928  9.14023 	Dead: 0
9.36771   0.030314    0.153888  9.03264 	Dead: 0
9.37773   0.0333988   0.169548  9.03264 	Dead: 0
9.36281   0.0324527   0.164745  9.03264 	Dead: 0
9.37096   0.0386694   0.196304  9.03264 	Dead: 0
9.35019   0.0349372   0.177358  9.03264 	Dead: 0
9.34271   0.0341434   0.173328  9.03264 	Dead: 0
9.34045   0.0332674   0.168881  9.03264 	Dead: 0
9.33761   0.0298929   0.151751  9.03264 	Dead: 0
9.34181   0.0292365   0.148418  9.03264 	Dead: 0
9.34005   0.0341703   0.173464  9.03264 	Dead: 0
9.34456   0.0317571   0.161214  9.03264 	Dead: 0
9.33687   0.0335762   0.170449  9.03264 	Dead: 0
9.33028   0.035911    0.182301  9.03136 	Dead: 0
9.29344   0.0289087   0.146754  9.03136 	Dead: 0
9.28635   0.0311766   0.158267  9.03136 	Dead: 0
9.28662   0.0322047   0.163486  8.99854 	Dead: 0
9.26901   0.035361    0.179509  8.99854 	Dead: 0
9.22772   0.0306324   0.155504  8.98516 	Dead: 0
9.23575   0.0349687   0.177518  8.94751 	Dead: 0
9.24097   0.0339008   0.172096  8.94751 	Dead: 0
9.20458   0.0362764   0.184156  8.94751 	Dead: 0
9.19956   0.0337055   0.171105  8.91621 	Dead: 0
9.19266   0.0327541   0.166275  8.91621 	Dead: 0
9.17567   0.0310086   0.157414  8.8912  	Dead: 0
9.19245   0.0349608   0.177477  8.8912  	Dead: 0
9.21645   0.038084    0.193332  8.8912  	Dead: 0
9.2023    0.0375723   0.190734  8.8912  	Dead: 0
9.17873   0.033528    0.170204  8.8912  	Dead: 0
9.17582   0.0356117   0.180781  8.8912  	Dead: 0
9.18605   0.0368041   0.186835  8.8912  	Dead: 0
9.192     0.0371026   0.18835   8.8912  	Dead: 0
9.16459   0.0311976   0.158374  8.8912  	Dead: 0
9.17293   0.0365531   0.185561  8.8912  	Dead: 0
9.15541   0.0313447   0.159121  8.8912  	Dead: 0
9.15622   0.0331209   0.168137  8.83694 	Dead: 0
9.15874   0.0324761   0.164864  8.83694 	Dead: 0
9.17799   0.0322094   0.16351   8.83694 	Dead: 0
9.18561   0.0361901   0.183718  8.83694 	Dead: 0
9.16676   0.0331558   0.168314  8.83694 	Dead: 0
9.16888   0.0325567   0.165273  8.83694 	Dead: 0
9.16881   0.0316077   0.160455  8.83694 	Dead: 0
9.16593   0.0342836   0.174039  8.83694 	Dead: 0
9.16851   0.0330147   0.167598  8.83694 	Dead: 0
9.17243   0.0346661   0.175981  8.83694 	Dead: 0
9.16848   0.0354489   0.179955  8.83694 	Dead: 0
9.16638   0.0357744   0.181608  8.83694 	Dead: 0
9.16127   0.0349095   0.177217  8.83694 	Dead: 0
9.17647   0.0339513   0.172352  8.83694 	Dead: 0
9.1686    0.0380535   0.193177  8.83694 	Dead: 0
9.15899   0.0355806   0.180624  8.83694 	Dead: 0
9.1519    0.0331201   0.168133  8.83694 	Dead: 0
9.1564    0.0367083   0.186348  8.83694 	Dead: 0
9.15081   0.0366814   0.186212  8.83694 	Dead: 0
9.16693   0.0380915   0.19337   8.83694 	Dead: 0
9.14711   0.0320328   0.162613  8.83694 	Dead: 0
9.12762   0.0305428   0.155049  8.83694 	Dead: 0
9.13789   0.0308535   0.156627  8.83694 	Dead: 0
9.14571   0.0331412   0.16824   8.83694 	Dead: 0
