8.78294   0.0695238   0.352935  8.13093 	Dead: 0
7.40271   0.031385    0.159325  7.07722 	Dead: 0
7.29259   0.0333892   0.169499  6.99372 	Dead: 0
7.22902   0.0347012   0.176159  6.85191 	Dead: 0
7.14514   0.0298164   0.151362  6.79955 	Dead: 0
7.09946   0.0341495   0.173359  6.79955 	Dead: 0
7.03213   0.0384406   0.195142  6.51834 	Dead: 0
6.96501   0.0338403   0.171789  6.51834 	Dead: 0
6.99284   0.0401716   0.20393   6.51834 	Dead: 0
6.9212    0.0343931   0.174596  6.51834 	Dead: 0
6.87538   0.0368349   0.186991  6.51834 	Dead: 0
6.85607   0.0387239   0.196581  6.51834 	Dead: 0
6.81479   0.0340818   0.173015  6.51834 	Dead: 0
6.82659   0.0372255   0.188974  6.51834 	Dead: 0
6.81744   0.0378014   0.191898  6.48717 	Dead: 0
6.82961   0.0436142   0.221406  6.48717 	Dead: 0
6.80529   0.0366954   0.186283  6.48717 	Dead: 0
6.79612   0.0389051   0.1975    6.48717 	Dead: 0
6.81196   0.0501684   0.254678  6.48717 	Dead: 0
6.78655   0.0390799   0.198388  6.48717 	Dead: 0
6.76873   0.036157    0.18355   6.48717 	Dead: 0
6.80483   0.0445732   0.226274  6.44514 	Dead: 0
6.76835   0.0372251   0.188972  6.44514 	Dead: 0
6.77753   0.0385112   0.195501  6.44514 	Dead: 0
6.77304   0.0391619   0.198804  6.44514 	Dead: 0
6.75805   0.0390343   0.198157  6.44514 	Dead: 0
6.76087   0.0375128   0.190433  6.44514 	Dead: 0
6.77367   0.0404877   0.205535  6.44514 	Dead: 0
6.72496   0.0329969   0.167508  6.44514 	Dead: 0
6.75537   0.0366978   0.186295  6.44514 	Dead: 0
6.74222   0.0392916   0.199462  6.42412 	Dead: 0
6.73403   0.0395033   0.200537  6.42412 	Dead: 0
6.71153   0.0346134   0.175714  6.42412 	Dead: 0
6.71497   0.0350799   0.178082  6.42412 	Dead: 0
6.73297   0.0448407   0.227633  6.42412 	Dead: 0
6.75166   0.0471211   0.239209  6.42412 	Dead: 0
6.70642   0.0379072   0.192435  6.42412 	Dead: 0
6.7118    0.0385812   0.195856  6.42412 	Dead: 0
6.69315   0.0364928   0.185255  6.42208 	Dead: 0
6.70265   0.0365839   0.185717  6.42208 	Dead: 0
6.69977   0.0383188   0.194524  6.42208 	Dead: 0
6.68814   0.038713    0.196525  6.40917 	Dead: 0
6.66854   0.0354844   0.180136  6.39429 	Dead: 0
6.6697    0.0401345   0.203741  6.39429 	Dead: 0
6.67101   0.0431334   0.218965  6.39429 	Dead: 0
6.66716   0.041224    0.209272  6.33303 	Dead: 0
6.66002   0.0355362   0.180398  6.33303 	Dead: 0
6.66587   0.0410424   0.20835   6.33303 	Dead: 0
6.62667   0.0345505   0.175394  6.33303 	Dead: 0
6.62317   0.0341293   0.173256  6.33303 	Dead: 0
6.60765   0.0306911   0.155802  6.33303 	Dead: 0
6.63619   0.0373642   0.189678  6.32782 	Dead: 0
6.61755   0.0340357   0.172781  6.32782 	Dead: 0
6.60838   0.0356168   0.180807  6.30417 	Dead: 0
6.61326   0.0342186   0.173709  6.30417 	Dead: 0
6.62232   0.0362694   0.18412   6.30417 	Dead: 0
6.5982    0.033673    0.17094   6.30417 	Dead: 0
6.61329   0.0364015   0.184791  6.30417 	Dead: 0
6.6111    0.0364058   0.184813  6.30417 	Dead: 0
6.59772   0.0347404   0.176358  6.30417 	Dead: 0
6.61292   0.0385704   0.195801  6.24706 	Dead: 0
6.57802   0.0361115   0.183319  6.24706 	Dead: 0
6.58337   0.0352398   0.178893  6.24706 	Dead: 0
6.5945    0.0364481   0.185028  6.24706 	Dead: 0
6.57387   0.035093    0.178148  6.24706 	Dead: 0
6.58043   0.0383912   0.194891  6.24706 	Dead: 0
6.57701   0.0395202   0.200623  6.24706 	Dead: 0
6.57795   0.0369095   0.18737   6.24706 	Dead: 0
6.57245   0.0348397   0.176863  6.22594 	Dead: 0
6.58239   0.0380247   0.193031  6.22594 	Dead: 0
6.55295   0.0337613   0.171388  6.22594 	Dead: 0
6.57154   0.0372875   0.189289  6.22594 	Dead: 0
6.57302   0.0373571   0.189642  6.22594 	Dead: 0
6.56598   0.036721    0.186413  6.22594 	Dead: 0
6.57366   0.0423384   0.21493   6.19334 	Dead: 0
6.5495    0.0367784   0.186704  6.19334 	Dead: 0
6.55614   0.0381164   0.193497  6.19334 	Dead: 0
6.56395   0.0401489   0.203815  6.19334 	Dead: 0
6.55646   0.0411014   0.20865   6.19334 	Dead: 0
6.54225   0.0388971   0.19746   6.19334 	Dead: 0
6.54346   0.0406702   0.206461  6.19334 	Dead: 0
6.53259   0.0386026   0.195965  6.19334 	Dead: 0
6.53767   0.0375659   0.190702  6.19334 	Dead: 0
6.55032   0.0405193   0.205695  6.19334 	Dead: 0
6.53513   0.0414846   0.210595  6.16162 	Dead: 0
6.52534   0.0369899   0.187778  6.16162 	Dead: 0
6.54078   0.0397845   0.201965  6.16162 	Dead: 0
6.51446   0.0369501   0.187576  6.16162 	Dead: 0
6.52897   0.0414203   0.210269  6.16162 	Dead: 0
6.5302    0.0371208   0.188443  6.16162 	Dead: 0
6.51199   0.0379011   0.192404  6.16162 	Dead: 0
6.52661   0.0438503   0.222605  6.16162 	Dead: 0
6.52128   0.040945    0.207856  6.16162 	Dead: 0
6.49162   0.0352912   0.179154  6.16162 	Dead: 0
6.51794   0.040359    0.204881  6.16162 	Dead: 0
6.51617   0.0382537   0.194194  6.16162 	Dead: 0
6.48624   0.0340921   0.173068  6.16162 	Dead: 0
6.51569   0.0406657   0.206438  6.16162 	Dead: 0
6.4932    0.0361626   0.183578  6.16162 	Dead: 0
6.52621   0.0492644   0.250089  6.16162 	Dead: 0
6.51873   0.0407717   0.206976  6.16162 	Dead: 0
