12.0155   0.0889869   0.451739  10.6653 	Dead: 0
8.18647   0.0776503   0.394189  7.31006 	Dead: 0
7.04429   0.0727231   0.369176  6.36571 	Dead: 0
6.6676    0.0787324   0.399682  5.91757 	Dead: 0
6.60946   0.100899    0.512211  5.89503 	Dead: 0
6.43652   0.0902451   0.458126  5.68499 	Dead: 0
6.37      0.0901829   0.457811  5.68499 	Dead: 0
6.33081   0.0934786   0.474541  5.61595 	Dead: 0
6.27166   0.0998559   0.506915  5.4389  	Dead: 0
6.04117   0.0880591   0.447029  5.382   	Dead: 0
5.99191   0.100213    0.508729  4.99235 	Dead: 0
5.91291   0.10889     0.552778  4.87252 	Dead: 0
5.89709   0.106813    0.542235  4.87252 	Dead: 0
5.80584   0.0969828   0.49233   4.87252 	Dead: 0
5.77221   0.108298    0.549773  4.87252 	Dead: 0
5.77753   0.103479    0.525307  4.87252 	Dead: 0
5.75269   0.103958    0.527737  4.87252 	Dead: 0
5.72565   0.10486     0.532319  4.87252 	Dead: 0
5.72786   0.104575    0.53087   4.87252 	Dead: 0
5.74993   0.113852    0.577968  4.87252 	Dead: 0
5.73512   0.114877    0.58317   4.69918 	Dead: 0
5.72162   0.108976    0.553215  4.69918 	Dead: 0
5.69458   0.117822    0.598121  4.69918 	Dead: 0
5.64992   0.111438    0.565713  4.69918 	Dead: 0
5.61251   0.103514    0.525485  4.69918 	Dead: 0
5.62376   0.107451    0.545473  4.69918 	Dead: 0
5.54111   0.105119    0.533634  4.69918 	Dead: 0
5.61764   0.105609    0.536119  4.69918 	Dead: 0
5.63801   0.117519    0.596581  4.65595 	Dead: 0
5.5239    0.112175    0.569454  4.65595 	Dead: 0
5.52623   0.116735    0.592603  4.65595 	Dead: 0
5.51043   0.105738    0.536774  4.65595 	Dead: 0
5.43956   0.106954    0.542951  4.65595 	Dead: 0
5.51608   0.108643    0.55152   4.65595 	Dead: 0
5.52395   0.106267    0.539459  4.65595 	Dead: 0
5.51259   0.118529    0.601707  4.65595 	Dead: 0
5.53653   0.12646     0.641972  4.65595 	Dead: 0
5.45003   0.11843     0.601204  4.65595 	Dead: 0
5.43718   0.109204    0.554369  4.65595 	Dead: 0
5.45936   0.111834    0.567722  4.65595 	Dead: 0
5.53351   0.12676     0.643493  4.58819 	Dead: 0
5.47765   0.119107    0.604644  4.58819 	Dead: 0
5.46627   0.112299    0.570081  4.58819 	Dead: 0
5.42627   0.10798     0.548155  4.58819 	Dead: 0
5.37905   0.102864    0.522187  4.58819 	Dead: 0
5.30241   0.10583     0.537241  4.50688 	Dead: 0
5.28907   0.102968    0.522711  4.50688 	Dead: 0
5.40341   0.123741    0.628167  4.50688 	Dead: 0
5.3036    0.105655    0.536354  4.46415 	Dead: 0
5.32647   0.125415    0.636664  4.46415 	Dead: 0
5.34783   0.124646    0.632764  4.46415 	Dead: 0
5.32178   0.111544    0.566249  4.46415 	Dead: 0
5.26313   0.102718    0.521442  4.46415 	Dead: 0
5.29671   0.115702    0.587356  4.45394 	Dead: 0
5.2812    0.103799    0.526932  4.45394 	Dead: 0
5.2048    0.0902975   0.458392  4.45394 	Dead: 0
5.2873    0.106586    0.541079  4.32324 	Dead: 0
5.19801   0.104054    0.528228  4.32324 	Dead: 0
5.18806   0.106183    0.539032  4.32324 	Dead: 0
5.30507   0.133383    0.677116  4.32324 	Dead: 0
5.23331   0.109043    0.553556  4.32324 	Dead: 0
5.20249   0.113063    0.573958  4.32324 	Dead: 0
5.27713   0.126563    0.642493  4.32324 	Dead: 0
5.18924   0.102261    0.519125  4.32324 	Dead: 0
5.20229   0.106292    0.53959   4.32324 	Dead: 0
5.16523   0.0980241   0.497616  4.32324 	Dead: 0
5.19016   0.107543    0.545939  4.32324 	Dead: 0
5.23433   0.121644    0.617521  4.32324 	Dead: 0
5.15462   0.101212    0.513801  4.32324 	Dead: 0
5.18692   0.108258    0.549568  4.32324 	Dead: 0
5.19123   0.109885    0.557826  4.32324 	Dead: 0
5.16344   0.103631    0.526078  4.32324 	Dead: 0
5.19458   0.11643     0.591053  4.32324 	Dead: 0
5.18323   0.115329    0.585462  4.32324 	Dead: 0
5.16499   0.110811    0.562528  4.32324 	Dead: 0
5.14199   0.10694     0.542879  4.32324 	Dead: 0
5.16201   0.113521    0.576285  4.32324 	Dead: 0
5.11618   0.104092    0.52842   4.32324 	Dead: 0
5.08461   0.109966    0.558239  4.32324 	Dead: 0
5.19295   0.117247    0.595203  4.32324 	Dead: 0
5.11981   0.109158    0.554137  4.32324 	Dead: 0
5.09842   0.100902    0.512223  4.29613 	Dead: 0
5.13408   0.116277    0.590279  4.29613 	Dead: 0
5.10486   0.105799    0.537086  4.29613 	Dead: 0
5.09304   0.0940965   0.477678  4.29613 	Dead: 0
5.1454    0.109694    0.556857  4.29613 	Dead: 0
5.09656   0.10244     0.520032  4.29613 	Dead: 0
5.19096   0.121279    0.61567   4.29613 	Dead: 0
5.13447   0.112821    0.572732  4.29613 	Dead: 0
5.05551   0.10094     0.512421  4.29613 	Dead: 0
5.10903   0.103506    0.525447  4.29613 	Dead: 0
5.10151   0.103871    0.527297  4.29613 	Dead: 0
5.19328   0.126074    0.640011  4.29613 	Dead: 0
5.06653   0.095922    0.486945  4.29613 	Dead: 0
5.11686   0.107102    0.5437    4.29613 	Dead: 0
5.17095   0.1125      0.571104  4.29613 	Dead: 0
5.16809   0.108079    0.54866   4.29613 	Dead: 0
5.11494   0.107854    0.547518  4.29613 	Dead: 0
5.15741   0.11338     0.57557   4.29613 	Dead: 0
5.15261   0.104695    0.531482  4.29613 	Dead: 0
5.17829   0.115131    0.58446   4.29613 	Dead: 0
