12.0508   0.098638    0.500733  10.4139 	Dead: 0
8.0041    0.10551     0.535617  6.85331 	Dead: 0
6.88027   0.0730186   0.370677  5.91049 	Dead: 0
6.62172   0.0828156   0.420411  5.66132 	Dead: 0
6.46153   0.0873709   0.443535  5.66132 	Dead: 0
6.29935   0.0962282   0.488499  5.34583 	Dead: 0
6.26785   0.0916583   0.4653    5.32508 	Dead: 0
6.20134   0.0953357   0.483968  5.32508 	Dead: 0
6.17414   0.0930327   0.472277  5.32508 	Dead: 0
6.08749   0.0919101   0.466579  5.28714 	Dead: 0
5.79959   0.0822015   0.417293  4.91479 	Dead: 0
5.73644   0.10164     0.515974  4.91479 	Dead: 0
5.52107   0.0793101   0.402615  4.88034 	Dead: 0
5.5435    0.0840306   0.426578  4.79644 	Dead: 0
5.58566   0.10367     0.526278  4.79644 	Dead: 0
5.52031   0.0987205   0.501151  4.79644 	Dead: 0
5.53499   0.106541    0.540851  4.63309 	Dead: 0
5.4746    0.0944041   0.479239  4.63309 	Dead: 0
5.50349   0.103607    0.525959  4.63309 	Dead: 0
5.43201   0.0947957   0.481227  4.58545 	Dead: 0
5.40934   0.0885974   0.449762  4.58545 	Dead: 0
5.4936    0.113762    0.57751   4.58545 	Dead: 0
5.42263   0.0960361   0.487524  4.58545 	Dead: 0
5.38706   0.0894437   0.454058  4.58545 	Dead: 0
5.43988   0.10048     0.510083  4.58545 	Dead: 0
5.41686   0.105055    0.533306  4.58545 	Dead: 0
5.37595   0.104742    0.531719  4.58545 	Dead: 0
5.32347   0.0936524   0.475423  4.58545 	Dead: 0
5.41986   0.112376    0.570475  4.53897 	Dead: 0
5.36245   0.10635     0.539884  4.53897 	Dead: 0
5.3863    0.0978257   0.496609  4.53897 	Dead: 0
5.3904    0.10211     0.518356  4.53897 	Dead: 0
5.41344   0.107011    0.543236  4.53897 	Dead: 0
5.36494   0.0986735   0.500913  4.53897 	Dead: 0
5.40554   0.125714    0.638184  4.53897 	Dead: 0
5.33386   0.0971018   0.492934  4.53897 	Dead: 0
5.31786   0.0971029   0.492939  4.53897 	Dead: 0
5.37237   0.117194    0.594934  4.53897 	Dead: 0
5.35349   0.0967377   0.491085  4.53897 	Dead: 0
5.32203   0.0977206   0.496075  4.53897 	Dead: 0
5.30161   0.0982594   0.498811  4.53897 	Dead: 0
5.3461    0.103311    0.524457  4.53897 	Dead: 0
5.36392   0.0980747   0.497873  4.53897 	Dead: 0
5.34452   0.106223    0.539238  4.53897 	Dead: 0
5.32554   0.104532    0.530655  4.53897 	Dead: 0
5.34519   0.107811    0.547301  4.53897 	Dead: 0
5.32278   0.100009    0.507693  4.53897 	Dead: 0
5.33578   0.100747    0.51144   4.53897 	Dead: 0
5.32939   0.0917691   0.465863  4.53897 	Dead: 0
5.28369   0.0880126   0.446793  4.53897 	Dead: 0
5.33844   0.108978    0.553221  4.53897 	Dead: 0
5.23521   0.0844793   0.428857  4.53897 	Dead: 0
5.32567   0.105492    0.535524  4.53897 	Dead: 0
5.38343   0.110428    0.560585  4.53897 	Dead: 0
5.30419   0.109318    0.554951  4.53897 	Dead: 0
5.30038   0.100307    0.509207  4.53897 	Dead: 0
5.29543   0.110617    0.561543  4.3303  	Dead: 0
5.24511   0.108684    0.55173   4.23043 	Dead: 0
5.18933   0.098068    0.497839  4.23043 	Dead: 0
5.23351   0.103263    0.524212  4.23043 	Dead: 0
5.31464   0.113917    0.578294  4.23043 	Dead: 0
5.19078   0.103594    0.525891  4.23043 	Dead: 0
5.17908   0.102603    0.52086   4.23043 	Dead: 0
5.18423   0.112871    0.572985  4.23043 	Dead: 0
5.17876   0.0975874   0.495399  4.23043 	Dead: 0
5.22872   0.111133    0.564161  4.23043 	Dead: 0
5.12324   0.102247    0.519053  4.23043 	Dead: 0
5.15855   0.112847    0.572863  4.23043 	Dead: 0
5.10768   0.107274    0.544575  4.10562 	Dead: 0
5.15142   0.112487    0.571035  4.10562 	Dead: 0
5.11347   0.107941    0.547958  4.10562 	Dead: 0
5.12308   0.111529    0.566172  4.10562 	Dead: 0
5.14586   0.111723    0.567159  4.10562 	Dead: 0
5.11934   0.101117    0.513318  4.10562 	Dead: 0
5.13289   0.113555    0.576457  4.10562 	Dead: 0
5.13875   0.109068    0.553681  4.10562 	Dead: 0
5.14284   0.110362    0.56025   4.10562 	Dead: 0
5.16112   0.118496    0.601539  4.10562 	Dead: 0
5.17287   0.115179    0.584703  4.10562 	Dead: 0
5.09211   0.108426    0.550419  4.10562 	Dead: 0
5.0493    0.100162    0.50847   4.10562 	Dead: 0
5.08346   0.11036     0.560237  4.10562 	Dead: 0
5.03303   0.101567    0.515601  4.10562 	Dead: 0
5.08944   0.104797    0.532001  4.10562 	Dead: 0
5.03557   0.101009    0.512771  4.10562 	Dead: 0
5.14345   0.124493    0.631985  4.10562 	Dead: 0
5.16046   0.134481    0.682691  4.10562 	Dead: 0
5.10803   0.124968    0.634395  4.10562 	Dead: 0
5.02908   0.108571    0.551157  4.10562 	Dead: 0
5.00123   0.105421    0.535166  4.10562 	Dead: 0
5.09144   0.116353    0.590663  4.10562 	Dead: 0
5.1054    0.127826    0.648904  4.10562 	Dead: 0
5.0702    0.112548    0.571348  4.10562 	Dead: 0
5.02793   0.101934    0.517464  4.10562 	Dead: 0
5.05707   0.111779    0.567442  4.10562 	Dead: 0
5.09661   0.1143      0.580241  4.10562 	Dead: 0
5.10079   0.115431    0.585981  4.10562 	Dead: 0
5.0022    0.103595    0.525897  4.10562 	Dead: 0
5.07532   0.132565    0.672962  4.10562 	Dead: 0
5.01803   0.113733    0.577361  4.10562 	Dead: 0
5.08445   0.12094     0.613949  4.10562 	Dead: 0
