9.31876   0.0452726   0.229825  8.38236 	Dead: 0
7.5333    0.0449866   0.228373  6.92793 	Dead: 0
6.7146    0.0589125   0.299067  5.97844 	Dead: 0
6.2413    0.0688482   0.349506  5.66591 	Dead: 0
6.04865   0.0718134   0.364558  5.4925  	Dead: 0
6.03429   0.079265    0.402386  5.19722 	Dead: 0
6.05548   0.0785952   0.398986  5.19722 	Dead: 0
5.99359   0.0847467   0.430214  5.19722 	Dead: 0
5.90642   0.0811648   0.412031  5.19722 	Dead: 0
5.81665   0.0673802   0.342053  5.19722 	Dead: 0
5.78066   0.0740298   0.37581   5.15972 	Dead: 0
5.72211   0.0834732   0.423749  5.15972 	Dead: 0
5.64833   0.0646112   0.327997  5.14742 	Dead: 0
5.65954   0.0837975   0.425395  5.13371 	Dead: 0
5.55297   0.0744855   0.378123  5.04327 	Dead: 0
5.48778   0.0740492   0.375908  4.92892 	Dead: 0
5.42892   0.0762986   0.387327  4.70196 	Dead: 0
5.38678   0.082653    0.419585  4.70196 	Dead: 0
5.33458   0.0838639   0.425732  4.70196 	Dead: 0
5.20815   0.061699    0.313213  4.65304 	Dead: 0
5.2068    0.0797227   0.40471   4.53207 	Dead: 0
5.06703   0.0676977   0.343665  4.53207 	Dead: 0
5.05907   0.069366    0.352134  4.4791  	Dead: 0
4.98238   0.070745    0.359135  4.43067 	Dead: 0
5.00479   0.0764324   0.388006  4.43067 	Dead: 0
4.96172   0.0736643   0.373954  4.35433 	Dead: 0
4.93902   0.0722079   0.366561  4.35433 	Dead: 0
4.92158   0.0691583   0.35108   4.35433 	Dead: 0
4.92326   0.0688648   0.34959   4.35433 	Dead: 0
4.93546   0.0710216   0.360539  4.35433 	Dead: 0
4.95005   0.0739434   0.375371  4.35433 	Dead: 0
4.94694   0.0796794   0.40449   4.35433 	Dead: 0
4.93207   0.0761601   0.386624  4.35433 	Dead: 0
4.92476   0.0822303   0.417439  4.35433 	Dead: 0
4.90789   0.0741589   0.376465  4.35433 	Dead: 0
4.88306   0.0834653   0.423709  4.35433 	Dead: 0
4.86172   0.075647    0.38402   4.35433 	Dead: 0
4.88471   0.0869795   0.441549  4.26355 	Dead: 0
4.85757   0.0824395   0.418501  4.26355 	Dead: 0
4.86859   0.0837885   0.425349  4.26355 	Dead: 0
4.86166   0.0857956   0.435539  4.26355 	Dead: 0
4.82405   0.0805302   0.408809  4.26355 	Dead: 0
4.85219   0.0869059   0.441175  4.26355 	Dead: 0
4.79321   0.079281    0.402468  4.26355 	Dead: 0
4.77381   0.0762371   0.387015  4.18939 	Dead: 0
4.80611   0.0851711   0.432368  4.18939 	Dead: 0
4.73213   0.0720599   0.36581   4.18939 	Dead: 0
4.71394   0.0680206   0.345304  4.18939 	Dead: 0
4.71846   0.0766315   0.389017  4.17664 	Dead: 0
4.73689   0.0746104   0.378757  4.16176 	Dead: 0
4.67634   0.0674043   0.342176  4.16176 	Dead: 0
4.75534   0.0800664   0.406454  4.16176 	Dead: 0
4.78825   0.0923711   0.468919  4.16176 	Dead: 0
4.76698   0.0892532   0.453091  4.04436 	Dead: 0
4.70165   0.0732967   0.372088  4.04436 	Dead: 0
4.73244   0.0871463   0.442395  4.04436 	Dead: 0
4.75288   0.0859578   0.436362  4.04436 	Dead: 0
4.75396   0.0827664   0.420161  4.04436 	Dead: 0
4.70176   0.0771047   0.391419  4.04436 	Dead: 0
4.68536   0.0796871   0.404529  4.04436 	Dead: 0
4.72442   0.0929919   0.47207   4.04436 	Dead: 0
4.68149   0.0799342   0.405783  4.04436 	Dead: 0
4.65357   0.0715625   0.363285  4.04436 	Dead: 0
4.65386   0.0760142   0.385884  4.04436 	Dead: 0
4.64244   0.0736748   0.374008  4.04436 	Dead: 0
4.66687   0.0815823   0.41415   4.0389  	Dead: 0
4.63729   0.0822157   0.417365  4.0389  	Dead: 0
4.59573   0.0760368   0.385999  4.0389  	Dead: 0
4.6631    0.0856933   0.435019  4.0389  	Dead: 0
4.65447   0.0738916   0.375108  4.0389  	Dead: 0
4.64453   0.0823434   0.418013  4.0389  	Dead: 0
4.66633   0.0783531   0.397757  4.0389  	Dead: 0
4.68409   0.0880778   0.447124  4.0389  	Dead: 0
4.6225    0.0706029   0.358413  4.0389  	Dead: 0
4.59758   0.0766945   0.389337  4.0389  	Dead: 0
4.59004   0.0790279   0.401182  4.0389  	Dead: 0
4.58433   0.0785697   0.398856  4.0389  	Dead: 0
4.60878   0.090833    0.461111  3.87802 	Dead: 0
4.55553   0.0770731   0.391259  3.87802 	Dead: 0
4.57104   0.0799225   0.405724  3.87802 	Dead: 0
4.54535   0.0833169   0.422956  3.87802 	Dead: 0
4.54567   0.0835151   0.423962  3.87802 	Dead: 0
4.53443   0.081175    0.412082  3.83674 	Dead: 0
4.56709   0.0911357   0.462647  3.83674 	Dead: 0
4.4538    0.0831181   0.421946  3.83674 	Dead: 0
4.51112   0.0848043   0.430506  3.83674 	Dead: 0
4.46674   0.0763397   0.387536  3.83674 	Dead: 0
4.46202   0.0772092   0.39195   3.83674 	Dead: 0
4.50631   0.0820495   0.416522  3.83674 	Dead: 0
4.46673   0.0699338   0.355017  3.83674 	Dead: 0
4.48448   0.0788056   0.400054  3.83674 	Dead: 0
4.47038   0.0765675   0.388692  3.83674 	Dead: 0
4.45035   0.0757661   0.384624  3.83674 	Dead: 0
4.47426   0.082114    0.416849  3.83674 	Dead: 0
4.46297   0.0786346   0.399186  3.83674 	Dead: 0
4.47614   0.085577    0.434429  3.83674 	Dead: 0
4.46819   0.0889183   0.451391  3.83674 	Dead: 0
4.48288   0.0839946   0.426396  3.83674 	Dead: 0
4.51629   0.0892304   0.452975  3.83674 	Dead: 0
4.47052   0.0921275   0.467682  3.83412 	Dead: 0
4.44566   0.088922    0.45141   3.65041 	Dead: 0
