14.4035   0.105002    0.53304   13.2898 	Dead: 0
12.9415   0.0815659   0.414066  12.2532 	Dead: 0
12.6903   0.0605348   0.307303  12.2204 	Dead: 0
12.5205   0.0529004   0.268547  11.9461 	Dead: 0
12.4936   0.056538    0.287014  11.9461 	Dead: 0
12.4408   0.0601782   0.305492  11.9461 	Dead: 0
12.4646   0.0773403   0.392615  11.9461 	Dead: 0
12.3683   0.056689    0.28778   11.8454 	Dead: 0
12.4088   0.0613148   0.311262  11.8454 	Dead: 0
12.3878   0.0664843   0.337505  11.8454 	Dead: 0
12.3456   0.05833     0.29611   11.7989 	Dead: 0
12.3427   0.0630008   0.319822  11.7989 	Dead: 0
12.3268   0.0565547   0.287098  11.785  	Dead: 0
12.3058   0.0619445   0.314459  11.785  	Dead: 0
12.2929   0.0662011   0.336068  11.7524 	Dead: 0
12.2856   0.0670852   0.340556  11.5647 	Dead: 0
12.2599   0.0647524   0.328713  11.5647 	Dead: 0
12.2749   0.0626648   0.318116  11.5647 	Dead: 0
12.2523   0.0612156   0.310759  11.5647 	Dead: 0
12.2347   0.0693633   0.35212   11.5647 	Dead: 0
12.228    0.0695013   0.352821  11.5647 	Dead: 0
12.1893   0.0644444   0.32715   11.5647 	Dead: 0
12.1843   0.0653801   0.3319    11.5647 	Dead: 0
12.0445   0.0552273   0.28036   11.5371 	Dead: 0
12.0452   0.0652329   0.331153  11.2154 	Dead: 0
11.9953   0.0608645   0.308977  11.2154 	Dead: 0
12.0414   0.0880567   0.447017  11.2154 	Dead: 0
12.0145   0.0858315   0.435721  11.2154 	Dead: 0
11.9555   0.0613019   0.311197  11.2154 	Dead: 0
12.0014   0.0673318   0.341808  11.2154 	Dead: 0
11.9679   0.0647734   0.32882   11.2154 	Dead: 0
11.9329   0.0668373   0.339298  11.2154 	Dead: 0
11.9842   0.0736701   0.373984  11.2154 	Dead: 0
11.9973   0.0699092   0.354892  11.2154 	Dead: 0
11.9507   0.0685492   0.347988  11.2154 	Dead: 0
11.957    0.0648053   0.328982  11.2154 	Dead: 0
12.0048   0.0829624   0.421156  11.2154 	Dead: 0
11.9799   0.0716958   0.363961  11.2154 	Dead: 0
11.9566   0.0659371   0.334727  11.2154 	Dead: 0
11.9879   0.0746432   0.378924  11.2154 	Dead: 0
11.9486   0.0630586   0.320115  11.2154 	Dead: 0
11.9587   0.0696404   0.353527  11.2037 	Dead: 0
11.9792   0.0750515   0.380996  11.2037 	Dead: 0
11.935    0.0705131   0.357957  11.2037 	Dead: 0
11.9583   0.0675355   0.342842  11.2037 	Dead: 0
11.9635   0.0735276   0.37326   11.2037 	Dead: 0
11.9521   0.0678579   0.344478  11.2037 	Dead: 0
12.0055   0.0721465   0.366249  11.2037 	Dead: 0
11.9852   0.0722593   0.366822  11.2037 	Dead: 0
11.9687   0.0703353   0.357055  11.2037 	Dead: 0
11.9504   0.064361    0.326726  11.2037 	Dead: 0
11.9413   0.069862    0.354652  11.2037 	Dead: 0
11.8124   0.0656328   0.333182  11.0781 	Dead: 0
11.7584   0.0722831   0.366943  11.0781 	Dead: 0
11.7633   0.0715167   0.363052  11.0781 	Dead: 0
11.7374   0.0722809   0.366932  11.0781 	Dead: 0
11.6884   0.0730704   0.370939  11.0781 	Dead: 0
11.6633   0.0734345   0.372788  11.0781 	Dead: 0
11.6956   0.0870576   0.441945  11.0781 	Dead: 0
11.6819   0.0716443   0.3637    11.0781 	Dead: 0
11.7205   0.0796236   0.404206  11.0781 	Dead: 0
11.6989   0.0803524   0.407906  11.0781 	Dead: 0
11.6602   0.0769043   0.390402  10.9804 	Dead: 0
11.6456   0.0782827   0.3974    10.9115 	Dead: 0
11.6392   0.0764794   0.388245  10.9115 	Dead: 0
11.6602   0.0794829   0.403492  10.9115 	Dead: 0
11.6881   0.0830726   0.421715  10.9115 	Dead: 0
11.6342   0.0715849   0.363398  10.9115 	Dead: 0
11.651    0.0799479   0.405853  10.9115 	Dead: 0
11.6512   0.0823799   0.418199  10.9115 	Dead: 0
11.5919   0.0771047   0.39142   10.9115 	Dead: 0
11.4917   0.0816322   0.414403  10.7336 	Dead: 0
11.3895   0.0729396   0.370275  10.7336 	Dead: 0
11.4178   0.0784365   0.39818   10.7336 	Dead: 0
11.2992   0.0734754   0.372995  10.7336 	Dead: 0
11.3246   0.0745878   0.378642  10.7215 	Dead: 0
11.3097   0.076006    0.385842  10.7215 	Dead: 0
11.3233   0.077359    0.39271   10.7215 	Dead: 0
11.2665   0.0687057   0.348782  10.7215 	Dead: 0
10.9634   0.086843    0.440856  10.2565 	Dead: 0
10.7069   0.0647304   0.328602  10.1981 	Dead: 0
10.689    0.0651506   0.330735  10.1142 	Dead: 0
10.6856   0.0698442   0.354562  10.0428 	Dead: 0
10.6357   0.0622066   0.31579   10.0428 	Dead: 0
10.6199   0.0686765   0.348634  10.0428 	Dead: 0
10.6898   0.0833307   0.423025  10.0428 	Dead: 0
10.7019   0.0760803   0.386219  10.0428 	Dead: 0
10.6375   0.0758383   0.384991  10.0428 	Dead: 0
10.6392   0.0768115   0.389931  10.0428 	Dead: 0
10.6465   0.0880637   0.447052  10.0248 	Dead: 0
10.6056   0.083104    0.421874  10.0248 	Dead: 0
10.6278   0.0851294   0.432156  10.0248 	Dead: 0
10.6577   0.0922619   0.468364  10.0248 	Dead: 0
10.6168   0.0954621   0.48461   10.0248 	Dead: 0
10.6436   0.0787393   0.399717  10.0248 	Dead: 0
10.5815   0.0728912   0.37003   9.99024 	Dead: 0
10.5945   0.074911    0.380283  9.99024 	Dead: 0
10.5494   0.0877538   0.445479  9.55284 	Dead: 0
9.59951   0.0497138   0.252371  9.13719 	Dead: 0
9.56253   0.0670065   0.340156  9.13719 	Dead: 0
9.49917   0.0509752   0.258774  9.08697 	Dead: 0
