6.2877    0.0891012   0.452319  5.03505 	Dead: 0
5.2534    0.0821048   0.416802  4.56377 	Dead: 0
5.2245    0.113727    0.577331  4.41683 	Dead: 0
5.14023   0.104607    0.531033  4.29996 	Dead: 0
5.04232   0.0925667   0.469912  4.28918 	Dead: 0
4.9435    0.1052      0.534045  4.24    	Dead: 0
4.76916   0.0957933   0.486291  4.19964 	Dead: 0
4.68538   0.102632    0.521009  4.01719 	Dead: 0
4.66321   0.0959613   0.487144  4.01719 	Dead: 0
4.60841   0.0963408   0.489071  3.98586 	Dead: 0
4.54634   0.0892782   0.453218  3.93734 	Dead: 0
4.54198   0.0915369   0.464684  3.90633 	Dead: 0
4.52749   0.0878686   0.446062  3.90515 	Dead: 0
4.50264   0.0950735   0.482637  3.84743 	Dead: 0
4.49909   0.0892449   0.453049  3.84743 	Dead: 0
4.49227   0.0888986   0.451291  3.84743 	Dead: 0
4.55637   0.115526    0.586464  3.84743 	Dead: 0
4.44247   0.0832479   0.422605  3.84743 	Dead: 0
4.48572   0.091125    0.462593  3.84743 	Dead: 0
4.46978   0.0889899   0.451754  3.80966 	Dead: 0
4.49257   0.0904587   0.45921   3.80966 	Dead: 0
4.54401   0.106499    0.540638  3.80966 	Dead: 0
4.43268   0.0900116   0.456941  3.80966 	Dead: 0
4.45647   0.100701    0.511203  3.68889 	Dead: 0
4.42618   0.102046    0.518033  3.68889 	Dead: 0
4.39949   0.0976312   0.495622  3.68889 	Dead: 0
4.41464   0.0998075   0.506669  3.68889 	Dead: 0
4.33632   0.0907314   0.460595  3.62133 	Dead: 0
4.34582   0.107981    0.548161  3.62133 	Dead: 0
4.29329   0.105103    0.53355   3.55441 	Dead: 0
4.31327   0.0975079   0.494995  3.55441 	Dead: 0
4.27818   0.0874724   0.444051  3.55441 	Dead: 0
4.2781    0.101507    0.515295  3.55441 	Dead: 0
4.32753   0.117817    0.598096  3.55441 	Dead: 0
4.23304   0.106259    0.53942   3.55441 	Dead: 0
4.27876   0.115345    0.585546  3.55441 	Dead: 0
4.2249    0.0986148   0.500615  3.55441 	Dead: 0
4.18218   0.0989673   0.502404  3.55441 	Dead: 0
4.29382   0.116811    0.592988  3.55441 	Dead: 0
4.20565   0.0933832   0.474057  3.55441 	Dead: 0
4.23626   0.102035    0.517978  3.55441 	Dead: 0
4.23857   0.115862    0.588171  3.55441 	Dead: 0
4.20651   0.0980868   0.497934  3.55441 	Dead: 0
4.25322   0.103429    0.525052  3.55441 	Dead: 0
4.20866   0.108871    0.552682  3.55441 	Dead: 0
4.18746   0.0989039   0.502082  3.55441 	Dead: 0
4.18569   0.0917651   0.465843  3.55441 	Dead: 0
4.25584   0.110621    0.561561  3.55441 	Dead: 0
4.25728   0.128427    0.651956  3.48403 	Dead: 0
4.21176   0.111032    0.56365   3.48403 	Dead: 0
4.2419    0.111152    0.564257  3.48403 	Dead: 0
4.20891   0.107867    0.547584  3.48403 	Dead: 0
4.23133   0.0951228   0.482888  3.48403 	Dead: 0
4.17518   0.104047    0.528191  3.48403 	Dead: 0
4.14572   0.0896876   0.455296  3.48403 	Dead: 0
4.26536   0.11781     0.598059  3.48403 	Dead: 0
4.16816   0.0980079   0.497534  3.48403 	Dead: 0
4.24775   0.125068    0.634905  3.48403 	Dead: 0
4.24629   0.107268    0.544543  3.48403 	Dead: 0
4.2037    0.10818     0.549171  3.48403 	Dead: 0
4.17996   0.0980145   0.497567  3.48403 	Dead: 0
4.32617   0.130431    0.662128  3.48403 	Dead: 0
4.21486   0.11275     0.572371  3.48403 	Dead: 0
4.13849   0.0884058   0.448789  3.48403 	Dead: 0
4.16772   0.1036      0.525919  3.48403 	Dead: 0
4.17898   0.104494    0.530461  3.48403 	Dead: 0
4.14651   0.109699    0.556886  3.48403 	Dead: 0
4.14162   0.107623    0.546346  3.48403 	Dead: 0
4.21533   0.128439    0.652017  3.48403 	Dead: 0
4.14372   0.120793    0.613202  3.48403 	Dead: 0
4.21495   0.115123    0.584418  3.48403 	Dead: 0
4.14368   0.0992785   0.503984  3.48403 	Dead: 0
4.15416   0.0917256   0.465642  3.48403 	Dead: 0
4.16285   0.100116    0.508234  3.45822 	Dead: 0
4.11748   0.111176    0.564381  3.41775 	Dead: 0
4.17086   0.107828    0.547383  3.41775 	Dead: 0
4.20505   0.120001    0.609181  3.41775 	Dead: 0
4.1213    0.0971143   0.492998  3.41775 	Dead: 0
4.1943    0.117301    0.595476  3.41775 	Dead: 0
4.17783   0.124886    0.633981  3.41775 	Dead: 0
4.09993   0.0979833   0.497409  3.41775 	Dead: 0
4.23147   0.133621    0.678324  3.41775 	Dead: 0
4.09549   0.101897    0.517279  3.41775 	Dead: 0
4.20503   0.127919    0.649375  3.41775 	Dead: 0
4.13922   0.104621    0.531106  3.41775 	Dead: 0
4.14531   0.106437    0.540323  3.41775 	Dead: 0
4.13451   0.096719    0.490991  3.41775 	Dead: 0
4.17832   0.124944    0.634272  3.41775 	Dead: 0
4.17526   0.122867    0.623733  3.41775 	Dead: 0
4.24085   0.128964    0.654682  3.41775 	Dead: 0
4.12811   0.110673    0.561827  3.41775 	Dead: 0
4.07141   0.0944115   0.479277  3.41775 	Dead: 0
4.09906   0.0980137   0.497563  3.39339 	Dead: 0
4.16503   0.121833    0.618481  3.39339 	Dead: 0
4.1336    0.108013    0.548326  3.39339 	Dead: 0
4.12826   0.11359     0.576638  3.39339 	Dead: 0
4.12672   0.107258    0.544492  3.39339 	Dead: 0
4.12303   0.103492    0.525374  3.39339 	Dead: 0
4.11456   0.106838    0.54236   3.39339 	Dead: 0
4.12798   0.108926    0.552957  3.39339 	Dead: 0
4.07743   0.109562    0.556187  3.39339 	Dead: 0
