6.32429   0.109408    0.555406  5.43911 	Dead: 0
5.49488   0.110938    0.563172  4.65702 	Dead: 0
5.04578   0.0793987   0.403065  4.52934 	Dead: 0
4.93342   0.0834972   0.423871  4.30136 	Dead: 0
4.85072   0.080159    0.406925  4.27575 	Dead: 0
4.75553   0.0884644   0.449086  4.16293 	Dead: 0
4.70217   0.0756343   0.383955  4.13084 	Dead: 0
4.5834    0.0656236   0.333136  4.05128 	Dead: 0
4.64402   0.0933403   0.473839  3.99824 	Dead: 0
4.56441   0.0749962   0.380716  3.91416 	Dead: 0
4.56766   0.0758728   0.385166  3.91416 	Dead: 0
4.59384   0.0883015   0.44826   3.91416 	Dead: 0
4.55421   0.0778829   0.39537   3.91416 	Dead: 0
4.5789    0.0860092   0.436623  3.91416 	Dead: 0
4.57789   0.0891423   0.452528  3.91416 	Dead: 0
4.5659    0.0947546   0.481019  3.91416 	Dead: 0
4.54031   0.0819222   0.415875  3.91416 	Dead: 0
4.58927   0.0985936   0.500507  3.91416 	Dead: 0
4.5746    0.0895864   0.454782  3.91416 	Dead: 0
4.56196   0.115923    0.588478  3.91416 	Dead: 0
4.57034   0.106495    0.540619  3.91416 	Dead: 0
4.58111   0.108682    0.551722  3.81584 	Dead: 0
4.51065   0.0866591   0.439922  3.81584 	Dead: 0
4.5324    0.0924164   0.469149  3.81584 	Dead: 0
4.4862    0.0913593   0.463782  3.81584 	Dead: 0
4.51114   0.0952435   0.483501  3.81584 	Dead: 0
4.53275   0.109742    0.5571    3.80617 	Dead: 0
4.42429   0.0888373   0.45098   3.80617 	Dead: 0
4.44009   0.0936335   0.475327  3.77879 	Dead: 0
4.46009   0.105537    0.535754  3.77879 	Dead: 0
4.37646   0.079279    0.402457  3.77879 	Dead: 0
4.42553   0.0956113   0.485367  3.77879 	Dead: 0
4.48745   0.128039    0.649984  3.77879 	Dead: 0
4.41235   0.0855941   0.434515  3.77879 	Dead: 0
4.43891   0.110699    0.561961  3.77879 	Dead: 0
4.37228   0.0904263   0.459046  3.66368 	Dead: 0
4.35117   0.0925991   0.470076  3.66368 	Dead: 0
4.36684   0.102581    0.520751  3.66368 	Dead: 0
4.35946   0.091609    0.46505   3.66368 	Dead: 0
4.37436   0.0940788   0.477588  3.66368 	Dead: 0
4.35685   0.0808359   0.410361  3.66368 	Dead: 0
4.31094   0.0779523   0.395722  3.66368 	Dead: 0
4.34026   0.0886962   0.450263  3.66368 	Dead: 0
4.40237   0.107431    0.545369  3.66368 	Dead: 0
4.35922   0.099337    0.504281  3.66368 	Dead: 0
4.45471   0.125474    0.636965  3.66368 	Dead: 0
4.39923   0.109283    0.554772  3.66368 	Dead: 0
4.36927   0.0966641   0.490712  3.66368 	Dead: 0
4.36273   0.107522    0.545831  3.66368 	Dead: 0
4.36519   0.112899    0.57313   3.66368 	Dead: 0
4.29816   0.087363    0.443495  3.66368 	Dead: 0
4.29402   0.0814284   0.413369  3.63621 	Dead: 0
4.38111   0.102166    0.518644  3.63621 	Dead: 0
4.33294   0.0846728   0.429838  3.63621 	Dead: 0
4.3456    0.107996    0.548237  3.60888 	Dead: 0
4.30051   0.099212    0.503647  3.60888 	Dead: 0
4.27576   0.0821557   0.417061  3.60888 	Dead: 0
4.29494   0.0884746   0.449139  3.60888 	Dead: 0
4.31547   0.0905709   0.45978   3.60888 	Dead: 0
4.29794   0.0931425   0.472835  3.60888 	Dead: 0
4.31445   0.104103    0.528474  3.60888 	Dead: 0
4.34731   0.120124    0.609808  3.60888 	Dead: 0
4.27438   0.103803    0.526953  3.60888 	Dead: 0
4.266     0.0802555   0.407414  3.60888 	Dead: 0
4.32298   0.0992412   0.503795  3.60888 	Dead: 0
4.25302   0.0826121   0.419378  3.60888 	Dead: 0
4.34964   0.112798    0.572614  3.60888 	Dead: 0
4.29923   0.0993557   0.504376  3.60888 	Dead: 0
4.23678   0.0851058   0.432037  3.60888 	Dead: 0
4.30208   0.100026    0.50778   3.60888 	Dead: 0
4.28657   0.115458    0.586117  3.60888 	Dead: 0
4.27453   0.0997704   0.506481  3.60888 	Dead: 0
4.27837   0.0947281   0.480884  3.60888 	Dead: 0
4.31558   0.105168    0.533884  3.60888 	Dead: 0
4.3079    0.0960426   0.487557  3.60888 	Dead: 0
4.31458   0.100485    0.510107  3.60888 	Dead: 0
4.26604   0.0967505   0.491151  3.60888 	Dead: 0
4.23735   0.10454     0.530694  3.59888 	Dead: 0
4.30267   0.116976    0.593825  3.59888 	Dead: 0
4.23258   0.0905903   0.459878  3.59285 	Dead: 0
4.26838   0.105445    0.535288  3.59285 	Dead: 0
4.27993   0.11874     0.60278   3.59285 	Dead: 0
4.25582   0.108455    0.550569  3.59285 	Dead: 0
4.27195   0.123392    0.626394  3.52653 	Dead: 0
4.2372    0.0978526   0.496745  3.52653 	Dead: 0
4.23332   0.0998457   0.506864  3.52653 	Dead: 0
4.22796   0.101464    0.515078  3.52653 	Dead: 0
4.2247    0.0996586   0.505914  3.52653 	Dead: 0
4.2       0.0928028   0.47111   3.52653 	Dead: 0
4.26858   0.108214    0.549342  3.52653 	Dead: 0
4.19137   0.0959006   0.486836  3.52653 	Dead: 0
4.23515   0.0994038   0.50462   3.52653 	Dead: 0
4.25166   0.0997366   0.50631   3.52653 	Dead: 0
4.18504   0.0865651   0.439445  3.52653 	Dead: 0
4.23387   0.10848     0.550696  3.52653 	Dead: 0
4.19383   0.105484    0.535485  3.52653 	Dead: 0
4.23841   0.105195    0.534019  3.52653 	Dead: 0
4.20098   0.101779    0.516678  3.52653 	Dead: 0
4.29921   0.102892    0.522329  3.52653 	Dead: 0
4.26042   0.113013    0.573707  3.52653 	Dead: 0
4.16221   0.0956529   0.485579  3.52653 	Dead: 0
