6.36549   0.11486     0.583081  5.39401 	Dead: 0
5.67037   0.0983856   0.499451  4.70455 	Dead: 0
5.35065   0.104236    0.529149  4.57016 	Dead: 0
5.07654   0.0829317   0.421     4.55743 	Dead: 0
5.06017   0.105867    0.537431  4.28989 	Dead: 0
4.92526   0.0983675   0.499359  4.28989 	Dead: 0
4.99061   0.103396    0.524885  4.28989 	Dead: 0
4.90533   0.0960375   0.487531  4.28735 	Dead: 0
4.89836   0.0886317   0.449936  4.28735 	Dead: 0
4.86727   0.0935752   0.475031  4.19516 	Dead: 0
4.8555    0.106971    0.543034  4.19516 	Dead: 0
4.83784   0.109554    0.556147  4.19516 	Dead: 0
4.91971   0.119027    0.604234  4.19516 	Dead: 0
4.89936   0.119787    0.608097  4.19516 	Dead: 0
4.80093   0.113755    0.577471  4.19193 	Dead: 0
4.79145   0.148875    0.755757  3.9352  	Dead: 0
4.60516   0.101702    0.516288  3.87598 	Dead: 0
4.6705    0.140597    0.713737  3.87598 	Dead: 0
4.46542   0.106055    0.538384  3.87598 	Dead: 0
4.41701   0.0971194   0.493024  3.80346 	Dead: 0
4.39077   0.101271    0.514101  3.80346 	Dead: 0
4.51607   0.117617    0.59708   3.80346 	Dead: 0
4.41048   0.095946    0.487067  3.80346 	Dead: 0
4.49058   0.119578    0.607034  3.80346 	Dead: 0
4.51078   0.118068    0.599369  3.80346 	Dead: 0
4.44058   0.114695    0.582244  3.80346 	Dead: 0
4.49034   0.123471    0.626799  3.80346 	Dead: 0
4.41376   0.10579     0.537038  3.80346 	Dead: 0
4.4801    0.11905     0.604352  3.80346 	Dead: 0
4.42046   0.119852    0.608422  3.73038 	Dead: 0
4.40184   0.114913    0.583353  3.73038 	Dead: 0
4.42894   0.115419    0.585921  3.73038 	Dead: 0
4.35025   0.106555    0.540921  3.62759 	Dead: 0
4.37818   0.110029    0.558558  3.62759 	Dead: 0
4.41943   0.126067    0.639974  3.62759 	Dead: 0
4.37935   0.0963733   0.489236  3.62759 	Dead: 0
4.35234   0.103387    0.524842  3.62759 	Dead: 0
4.45012   0.12132     0.615875  3.62759 	Dead: 0
4.42295   0.107003    0.543197  3.62759 	Dead: 0
4.42102   0.133273    0.676557  3.62759 	Dead: 0
4.46831   0.13812     0.701163  3.62759 	Dead: 0
4.34447   0.0987511   0.501307  3.62759 	Dead: 0
4.36534   0.115463    0.586145  3.62759 	Dead: 0
4.38062   0.114627    0.5819    3.62759 	Dead: 0
4.39716   0.110449    0.560692  3.62759 	Dead: 0
4.4362    0.128401    0.651825  3.62759 	Dead: 0
4.4989    0.12624     0.640855  3.62759 	Dead: 0
4.39725   0.122983    0.624319  3.62759 	Dead: 0
4.35642   0.106808    0.542208  3.62759 	Dead: 0
4.3225    0.105798    0.537082  3.62759 	Dead: 0
4.39971   0.118137    0.599718  3.62759 	Dead: 0
4.35293   0.104876    0.532398  3.62759 	Dead: 0
4.42064   0.129391    0.65685   3.62759 	Dead: 0
4.41943   0.124712    0.633098  3.62759 	Dead: 0
4.34907   0.108257    0.549563  3.62759 	Dead: 0
4.3732    0.121544    0.617013  3.62759 	Dead: 0
4.41574   0.127321    0.646339  3.62759 	Dead: 0
4.45342   0.138476    0.702969  3.62759 	Dead: 0
4.40757   0.128699    0.653337  3.62759 	Dead: 0
4.34039   0.116518    0.591498  3.62759 	Dead: 0
4.41751   0.140592    0.713711  3.62759 	Dead: 0
4.39542   0.118304    0.600567  3.62759 	Dead: 0
4.33979   0.102744    0.521578  3.62759 	Dead: 0
4.39026   0.117036    0.594127  3.62759 	Dead: 0
4.39091   0.11419     0.579681  3.62759 	Dead: 0
4.51183   0.141092    0.716249  3.62759 	Dead: 0
4.34481   0.115503    0.586348  3.62759 	Dead: 0
4.49352   0.141931    0.720507  3.62759 	Dead: 0
4.39612   0.120746    0.612965  3.62759 	Dead: 0
4.37065   0.11224     0.569781  3.62759 	Dead: 0
4.325     0.111318    0.565102  3.62759 	Dead: 0
4.3254    0.108274    0.549648  3.62759 	Dead: 0
4.30537   0.0954908   0.484756  3.62759 	Dead: 0
4.27316   0.0941509   0.477954  3.62123 	Dead: 0
4.33711   0.11696     0.593743  3.62123 	Dead: 0
4.39432   0.128966    0.654693  3.62123 	Dead: 0
4.4234    0.128577    0.652715  3.62123 	Dead: 0
4.28861   0.10484     0.532218  3.62123 	Dead: 0
4.40487   0.156198    0.792936  3.62123 	Dead: 0
4.27077   0.111627    0.566672  3.62123 	Dead: 0
4.29172   0.112865    0.572958  3.62123 	Dead: 0
4.27532   0.106869    0.542519  3.62123 	Dead: 0
4.30445   0.106627    0.541287  3.62123 	Dead: 0
4.34077   0.13119     0.665982  3.573   	Dead: 0
4.25196   0.116549    0.591658  3.573   	Dead: 0
4.2794    0.11828     0.600447  3.573   	Dead: 0
4.338     0.12205     0.619584  3.573   	Dead: 0
4.3223    0.134743    0.68402   3.573   	Dead: 0
4.34098   0.131642    0.668277  3.573   	Dead: 0
4.35818   0.133998    0.680235  3.573   	Dead: 0
4.36756   0.129441    0.657101  3.573   	Dead: 0
4.28406   0.122255    0.620622  3.573   	Dead: 0
4.35718   0.142326    0.722516  3.573   	Dead: 0
4.31446   0.116795    0.592907  3.573   	Dead: 0
4.24913   0.100578    0.510582  3.573   	Dead: 0
4.29429   0.132002    0.670101  3.573   	Dead: 0
4.204     0.0997124   0.506187  3.573   	Dead: 0
4.26496   0.122444    0.621583  3.573   	Dead: 0
4.31102   0.140784    0.714686  3.573   	Dead: 0
4.27362   0.115943    0.588582  3.573   	Dead: 0
4.3318    0.137839    0.699734  3.573   	Dead: 0
