17.1141   0.0587646   0.298316  16.4362 	Dead: 0
15.823    0.0263532   0.133781  15.5012 	Dead: 0
15.506    0.0258434   0.131193  15.2509 	Dead: 0
15.4111   0.0272196   0.138179  15.2108 	Dead: 0
15.296    0.0208422   0.105805  15.0885 	Dead: 0
15.2785   0.026322    0.133623  14.9929 	Dead: 0
15.2265   0.0303621   0.154132  14.8762 	Dead: 0
15.1021   0.0301768   0.153191  14.7394 	Dead: 0
15.055    0.0321391   0.163153  14.7394 	Dead: 0
14.9769   0.0313804   0.159302  14.6944 	Dead: 0
14.9127   0.0312295   0.158536  14.6367 	Dead: 0
14.8494   0.0316616   0.160729  14.4958 	Dead: 0
14.7311   0.032703    0.166016  14.4421 	Dead: 0
14.6065   0.030369    0.154167  14.3799 	Dead: 0
14.5209   0.0366284   0.185943  14.1076 	Dead: 0
14.47     0.0405379   0.205789  14.1076 	Dead: 0
14.3583   0.0329409   0.167223  14.1017 	Dead: 0
14.3119   0.0362035   0.183786  14.0645 	Dead: 0
14.2654   0.0301434   0.153022  14.0367 	Dead: 0
14.0811   0.030225    0.153436  13.8481 	Dead: 0
13.9433   0.0327585   0.166297  13.6228 	Dead: 0
13.9356   0.0446447   0.226637  13.6228 	Dead: 0
13.882    0.0350262   0.177809  13.6228 	Dead: 0
13.8936   0.0417898   0.212144  13.539  	Dead: 0
13.8691   0.0336009   0.170574  13.539  	Dead: 0
13.8744   0.0415074   0.210711  13.539  	Dead: 0
13.8727   0.0427353   0.216944  13.5324 	Dead: 0
13.8501   0.0354227   0.179822  13.5324 	Dead: 0
13.8625   0.0425602   0.216056  13.5324 	Dead: 0
13.8742   0.045713    0.23206   13.5324 	Dead: 0
13.8399   0.0406697   0.206458  13.4939 	Dead: 0
13.8218   0.0455012   0.230985  13.4939 	Dead: 0
13.7577   0.0368666   0.187152  13.4939 	Dead: 0
13.7652   0.0356107   0.180777  13.4939 	Dead: 0
13.7288   0.0384199   0.195037  13.4853 	Dead: 0
13.7122   0.0380546   0.193183  13.3054 	Dead: 0
13.6687   0.0384125   0.195     13.3054 	Dead: 0
13.6678   0.050414    0.255925  13.3054 	Dead: 0
13.6631   0.0430641   0.218613  13.2597 	Dead: 0
13.6458   0.0453244   0.230088  13.2597 	Dead: 0
13.6266   0.0482368   0.244873  13.2597 	Dead: 0
13.5821   0.0391606   0.198797  13.2597 	Dead: 0
13.5939   0.0377134   0.191451  13.2597 	Dead: 0
13.6061   0.0483134   0.245261  13.2597 	Dead: 0
13.5874   0.0425562   0.216035  13.2597 	Dead: 0
13.5711   0.0403635   0.204904  13.2597 	Dead: 0
13.5442   0.0362748   0.184148  13.2597 	Dead: 0
13.5275   0.0374294   0.190009  13.2597 	Dead: 0
13.4644   0.0345309   0.175295  13.243  	Dead: 0
13.4476   0.0458549   0.232781  13.1722 	Dead: 0
13.4201   0.0390952   0.198465  13.1722 	Dead: 0
13.3862   0.0318186   0.161526  13.1494 	Dead: 0
13.3751   0.0379496   0.19265   13.0458 	Dead: 0
13.3735   0.0390854   0.198416  13.0458 	Dead: 0
13.3139   0.0334459   0.169787  13.0458 	Dead: 0
13.3139   0.0333257   0.169177  13.0458 	Dead: 0
13.3011   0.0383435   0.19465   13.0458 	Dead: 0
13.2849   0.0358186   0.181832  13.0458 	Dead: 0
13.278    0.0456613   0.231798  13.0015 	Dead: 0
13.1546   0.0307855   0.156282  12.9359 	Dead: 0
13.1435   0.0354173   0.179795  12.9042 	Dead: 0
13.1215   0.0399754   0.202934  12.8943 	Dead: 0
13.1231   0.0474163   0.240707  12.8003 	Dead: 0
13.091    0.032552    0.165249  12.8003 	Dead: 0
13.1284   0.0379396   0.192599  12.7885 	Dead: 0
13.111    0.0430795   0.218692  12.7885 	Dead: 0
13.1173   0.0451088   0.228993  12.7885 	Dead: 0
13.0761   0.0392693   0.199349  12.7885 	Dead: 0
13.0702   0.0424398   0.215444  12.7885 	Dead: 0
13.0414   0.0390486   0.198229  12.7365 	Dead: 0
13.0497   0.0420651   0.213542  12.735  	Dead: 0
13.0198   0.0393922   0.199973  12.735  	Dead: 0
13.025    0.0569845   0.28928   12.7027 	Dead: 0
13.0024   0.0416674   0.211523  12.7027 	Dead: 0
12.9752   0.041312    0.209719  12.6083 	Dead: 0
12.9401   0.0379968   0.192889  12.6083 	Dead: 0
12.9827   0.0478134   0.242723  12.6083 	Dead: 0
12.9721   0.0464921   0.236016  12.6083 	Dead: 0
12.9325   0.0388904   0.197426  12.6083 	Dead: 0
12.9423   0.0490615   0.249059  12.6083 	Dead: 0
12.9058   0.0383398   0.194631  12.5904 	Dead: 0
12.9219   0.0470179   0.238685  12.5171 	Dead: 0
12.8563   0.0393892   0.199958  12.5171 	Dead: 0
12.8513   0.0458033   0.232519  12.5171 	Dead: 0
12.8419   0.0475607   0.24144   12.5171 	Dead: 0
12.8452   0.0580515   0.294696  12.5171 	Dead: 0
12.7844   0.0387286   0.196604  12.5171 	Dead: 0
12.8278   0.0542295   0.275294  12.4583 	Dead: 0
12.7945   0.044444    0.225619  12.4583 	Dead: 0
12.8184   0.0483726   0.245562  12.4583 	Dead: 0
12.8331   0.0527474   0.26777   12.4583 	Dead: 0
12.8074   0.0478813   0.243068  12.4583 	Dead: 0
12.8187   0.052986    0.268982  12.4583 	Dead: 0
12.8202   0.0487874   0.247667  12.447  	Dead: 0
12.8052   0.0489029   0.248254  12.447  	Dead: 0
12.8247   0.0554957   0.281722  12.447  	Dead: 0
12.8044   0.0437093   0.221889  12.447  	Dead: 0
12.8103   0.0431464   0.219031  12.447  	Dead: 0
12.8036   0.045597    0.231472  12.447  	Dead: 0
12.7913   0.0451135   0.229017  12.447  	Dead: 0
12.8154   0.051936    0.263651  12.447  	Dead: 0
