17.075    0.047214    0.239681  16.4002 	Dead: 0
15.825    0.0223554   0.113486  15.5199 	Dead: 0
15.5512   0.0214606   0.108944  15.2851 	Dead: 0
15.4046   0.0228461   0.115978  15.1726 	Dead: 0
15.2683   0.0249817   0.126819  15.0399 	Dead: 0
15.1159   0.0201321   0.1022    14.8799 	Dead: 0
14.9391   0.0259036   0.131499  14.705  	Dead: 0
14.7194   0.0250445   0.127137  14.4687 	Dead: 0
14.6282   0.0295555   0.150037  14.4013 	Dead: 0
14.509    0.023635    0.119982  14.3011 	Dead: 0
14.4419   0.0310587   0.157669  14.1486 	Dead: 0
14.4213   0.034172    0.173473  14.131  	Dead: 0
14.4063   0.0363624   0.184592  14.131  	Dead: 0
14.3533   0.0316163   0.160499  14.1168 	Dead: 0
14.3788   0.0397978   0.202032  14.1168 	Dead: 0
14.3722   0.0366821   0.186215  14.1168 	Dead: 0
14.3426   0.0356935   0.181197  14.1057 	Dead: 0
14.3097   0.0321384   0.16315   14.0979 	Dead: 0
14.3167   0.0353847   0.179629  14.0441 	Dead: 0
14.2947   0.0327852   0.166433  14.0335 	Dead: 0
14.2763   0.0330135   0.167592  14.0335 	Dead: 0
14.2464   0.0356681   0.181068  13.9428 	Dead: 0
14.1921   0.0346987   0.176147  13.9306 	Dead: 0
14.1304   0.0338381   0.171778  13.8222 	Dead: 0
14.0706   0.043959    0.223156  13.8222 	Dead: 0
14.0603   0.0382943   0.1944    13.7294 	Dead: 0
14.0352   0.0400405   0.203264  13.7294 	Dead: 0
14.0162   0.0348243   0.176784  13.7294 	Dead: 0
13.9719   0.037558    0.190662  13.6709 	Dead: 0
13.9408   0.0314513   0.159661  13.5626 	Dead: 0
13.9283   0.0456812   0.231899  13.4483 	Dead: 0
13.8017   0.0382377   0.194113  13.4483 	Dead: 0
13.7941   0.0410739   0.20851   13.4483 	Dead: 0
13.7514   0.0367888   0.186757  13.4483 	Dead: 0
13.7476   0.041378    0.210054  13.4483 	Dead: 0
13.7448   0.044928    0.228075  13.4483 	Dead: 0
13.7456   0.0441896   0.224327  13.4483 	Dead: 0
13.6819   0.0358683   0.182084  13.405  	Dead: 0
13.7137   0.0459178   0.2331    13.3951 	Dead: 0
13.7048   0.0436604   0.221641  13.3699 	Dead: 0
13.6541   0.0355144   0.180288  13.3407 	Dead: 0
13.6705   0.0446033   0.226427  13.3407 	Dead: 0
13.6629   0.0457294   0.232144  13.3407 	Dead: 0
13.646    0.0395756   0.200904  13.3407 	Dead: 0
13.6689   0.0451213   0.229057  13.3407 	Dead: 0
13.6408   0.0381614   0.193725  13.3407 	Dead: 0
13.6448   0.0412897   0.209606  13.3407 	Dead: 0
13.66     0.0447259   0.227049  13.3407 	Dead: 0
13.6578   0.0502408   0.255046  13.3407 	Dead: 0
13.651    0.0443857   0.225323  13.3407 	Dead: 0
13.6348   0.0461239   0.234146  13.3327 	Dead: 0
13.6465   0.0444256   0.225525  13.3327 	Dead: 0
13.6616   0.057211    0.29043   13.2313 	Dead: 0
13.628    0.0530875   0.269497  13.2313 	Dead: 0
13.6238   0.0416352   0.21136   13.2313 	Dead: 0
13.6163   0.0481779   0.244574  13.2313 	Dead: 0
13.6369   0.0459361   0.233193  13.2313 	Dead: 0
13.6109   0.0422652   0.214558  13.2313 	Dead: 0
13.6083   0.0418542   0.212471  13.2313 	Dead: 0
13.5924   0.0390966   0.198472  13.2313 	Dead: 0
13.6086   0.047826    0.242787  13.2313 	Dead: 0
13.5802   0.046711    0.237127  13.2313 	Dead: 0
13.5831   0.0461952   0.234508  13.2313 	Dead: 0
13.5754   0.0486567   0.247004  13.2313 	Dead: 0
13.5597   0.0415106   0.210727  13.2313 	Dead: 0
13.5824   0.0472527   0.239877  13.2313 	Dead: 0
13.5251   0.0402178   0.204164  13.1742 	Dead: 0
13.5513   0.0441456   0.224103  13.1742 	Dead: 0
13.5728   0.0500262   0.253956  13.1742 	Dead: 0
13.574    0.044449    0.225644  13.1742 	Dead: 0
13.5196   0.0397933   0.202009  13.1742 	Dead: 0
13.5521   0.0470915   0.239058  13.1742 	Dead: 0
13.5273   0.0445558   0.226186  13.1742 	Dead: 0
13.3493   0.0435343   0.221     13.0773 	Dead: 0
13.2751   0.0567983   0.288334  12.923  	Dead: 0
13.2417   0.0491457   0.249486  12.923  	Dead: 0
13.2216   0.0505318   0.256523  12.923  	Dead: 0
13.1766   0.0398731   0.202415  12.923  	Dead: 0
13.1661   0.0387715   0.196822  12.9006 	Dead: 0
13.2477   0.0556157   0.282331  12.9006 	Dead: 0
13.2151   0.057371    0.291242  12.8791 	Dead: 0
13.1746   0.0483426   0.245409  12.8791 	Dead: 0
13.203    0.0611541   0.310447  12.8692 	Dead: 0
13.1784   0.0543798   0.276057  12.852  	Dead: 0
13.1867   0.0512071   0.259951  12.852  	Dead: 0
13.2094   0.0566498   0.287581  12.852  	Dead: 0
13.1568   0.0515298   0.261589  12.852  	Dead: 0
13.1114   0.041751    0.211947  12.852  	Dead: 0
13.1565   0.054093    0.274601  12.852  	Dead: 0
13.1725   0.0506346   0.257045  12.852  	Dead: 0
13.1641   0.0538103   0.273166  12.852  	Dead: 0
13.1554   0.0536641   0.272424  12.852  	Dead: 0
13.1528   0.0563388   0.286002  12.852  	Dead: 0
13.1734   0.0515626   0.261756  12.852  	Dead: 0
13.152    0.0504082   0.255896  12.852  	Dead: 0
13.123    0.0478058   0.242684  12.852  	Dead: 0
13.1285   0.0456107   0.231541  12.8477 	Dead: 0
13.2131   0.0594939   0.302019  12.8477 	Dead: 0
13.1132   0.051132    0.25957   12.7905 	Dead: 0
13.137    0.052759    0.267829  12.7905 	Dead: 0
13.1559   0.0572379   0.290566  12.7905 	Dead: 0
