17.0599   0.052659    0.267322  16.4492 	Dead: 0
15.7386   0.0163868   0.0831869 15.5154 	Dead: 0
15.444    0.0209379   0.106291  15.2462 	Dead: 0
15.368    0.0297431   0.15099   15.1447 	Dead: 0
15.2161   0.023766    0.120647  14.9318 	Dead: 0
14.9541   0.0282213   0.143265  14.7406 	Dead: 0
14.8257   0.0257519   0.130729  14.5829 	Dead: 0
14.6369   0.0319435   0.16216   14.3795 	Dead: 0
14.4385   0.0271454   0.137803  14.0732 	Dead: 0
14.4083   0.040727    0.206749  14.0732 	Dead: 0
14.401    0.0434444   0.220544  14.0732 	Dead: 0
14.3827   0.0347147   0.176228  14.0732 	Dead: 0
14.3804   0.0395364   0.200705  14.0732 	Dead: 0
14.3466   0.0322552   0.163742  14.0732 	Dead: 0
14.3394   0.0396948   0.20151   14.0383 	Dead: 0
14.3218   0.0317447   0.161151  14.0383 	Dead: 0
14.3119   0.0319341   0.162112  14.0383 	Dead: 0
14.2846   0.0332356   0.16872   13.9782 	Dead: 0
14.2542   0.0357927   0.1817    13.9782 	Dead: 0
14.1809   0.0292198   0.148333  13.9782 	Dead: 0
14.1651   0.0312186   0.15848   13.9255 	Dead: 0
14.0997   0.0301218   0.152912  13.8387 	Dead: 0
14.0887   0.0383357   0.19461   13.7147 	Dead: 0
14.0276   0.0350545   0.177953  13.7147 	Dead: 0
13.9389   0.0330408   0.167731  13.674  	Dead: 0
13.8533   0.0316852   0.160849  13.6275 	Dead: 0
13.8104   0.0368102   0.186866  13.3567 	Dead: 0
13.7343   0.0379282   0.192541  13.3567 	Dead: 0
13.6754   0.0398805   0.202452  13.3567 	Dead: 0
13.5606   0.046034    0.23369   13.2509 	Dead: 0
13.4249   0.0606809   0.308045  13.0783 	Dead: 0
13.3421   0.0416765   0.211569  13.0678 	Dead: 0
13.3353   0.0503553   0.255627  12.9885 	Dead: 0
13.3537   0.0587784   0.298387  12.9885 	Dead: 0
13.3046   0.0440704   0.223722  12.9885 	Dead: 0
13.3157   0.0539583   0.273918  12.9885 	Dead: 0
13.3037   0.0615466   0.312439  12.9885 	Dead: 0
13.2919   0.0484185   0.245795  12.9885 	Dead: 0
13.308    0.0568603   0.288649  12.9885 	Dead: 0
13.2634   0.0454475   0.230713  12.8819 	Dead: 0
13.2708   0.0505162   0.256444  12.8819 	Dead: 0
13.2829   0.0499158   0.253396  12.8819 	Dead: 0
13.2604   0.0429474   0.218021  12.8819 	Dead: 0
13.278    0.0496739   0.252168  12.8819 	Dead: 0
13.2739   0.0500876   0.254268  12.8819 	Dead: 0
13.3065   0.055305    0.280754  12.8819 	Dead: 0
13.272    0.0524397   0.266209  12.8819 	Dead: 0
13.2793   0.0510437   0.259122  12.8819 	Dead: 0
13.234    0.0373441   0.189576  12.8819 	Dead: 0
13.2487   0.0492401   0.249966  12.8819 	Dead: 0
13.3128   0.0722826   0.36694   12.8819 	Dead: 0
13.277    0.0541712   0.274998  12.8819 	Dead: 0
13.2662   0.055332    0.280891  12.8819 	Dead: 0
13.2398   0.0458497   0.232754  12.8819 	Dead: 0
13.2517   0.0544488   0.276407  12.8819 	Dead: 0
13.2844   0.0610301   0.309817  12.8819 	Dead: 0
13.2642   0.054936    0.278881  12.8819 	Dead: 0
13.2075   0.0410239   0.208256  12.8819 	Dead: 0
13.242    0.0514039   0.26095   12.8819 	Dead: 0
13.2467   0.0530917   0.269518  12.8819 	Dead: 0
13.2096   0.0486562   0.247001  12.8819 	Dead: 0
13.256    0.0569027   0.288864  12.8819 	Dead: 0
13.2536   0.0525414   0.266725  12.8819 	Dead: 0
13.2662   0.0616248   0.312836  12.8819 	Dead: 0
13.2448   0.0645531   0.327702  12.8819 	Dead: 0
13.2209   0.0517231   0.262571  12.8819 	Dead: 0
13.2423   0.0577459   0.293145  12.8819 	Dead: 0
13.248    0.0602261   0.305736  12.8819 	Dead: 0
13.2471   0.0574589   0.291688  12.8819 	Dead: 0
13.1922   0.0424242   0.215365  12.8819 	Dead: 0
13.2279   0.0585565   0.29726   12.8819 	Dead: 0
13.2334   0.0543587   0.27595   12.877  	Dead: 0
13.1891   0.0408592   0.20742   12.877  	Dead: 0
13.2431   0.0649375   0.329653  12.877  	Dead: 0
13.2152   0.0582109   0.295506  12.877  	Dead: 0
13.2136   0.0556826   0.282671  12.877  	Dead: 0
13.2094   0.0531094   0.269608  12.877  	Dead: 0
13.2104   0.0556279   0.282393  12.877  	Dead: 0
13.1845   0.0531548   0.269839  12.877  	Dead: 0
13.1911   0.0561872   0.285232  12.8708 	Dead: 0
13.2157   0.0603518   0.306374  12.8708 	Dead: 0
13.2357   0.0610573   0.309955  12.8708 	Dead: 0
13.2243   0.0592939   0.301003  12.8708 	Dead: 0
13.1699   0.048168    0.244523  12.8708 	Dead: 0
13.1789   0.0545854   0.277101  12.8438 	Dead: 0
13.1253   0.0449638   0.228257  12.8438 	Dead: 0
13.1623   0.0580459   0.294668  12.8438 	Dead: 0
13.1387   0.0568027   0.288357  12.8438 	Dead: 0
13.1095   0.0475952   0.241615  12.8438 	Dead: 0
13.0607   0.0380423   0.193121  12.7531 	Dead: 0
13.0926   0.0557835   0.283183  12.7531 	Dead: 0
13.0986   0.0537959   0.273093  12.7531 	Dead: 0
13.0948   0.0550771   0.279597  12.7531 	Dead: 0
13.0505   0.0539795   0.274025  12.7531 	Dead: 0
13.0171   0.049812    0.252869  12.723  	Dead: 0
13.0141   0.0485855   0.246643  12.7211 	Dead: 0
13.0446   0.0624302   0.316925  12.7211 	Dead: 0
12.9928   0.0470202   0.238696  12.7165 	Dead: 0
12.9788   0.0453915   0.230428  12.7165 	Dead: 0
12.9956   0.0518295   0.263111  12.6233 	Dead: 0
12.9943   0.0519872   0.263911  12.6233 	Dead: 0
