4.09185   0.102429    0.519977  3.21977 	Dead: 0
2.65372   0.0239059   0.121358  2.43939 	Dead: 0
2.50167   0.0246045   0.124904  2.28615 	Dead: 0
2.41725   0.0293881   0.149188  2.16714 	Dead: 0
2.36122   0.0230409   0.116967  2.15118 	Dead: 0
2.3632    0.030154    0.153076  2.15118 	Dead: 0
2.35661   0.0296542   0.150539  2.08431 	Dead: 0
2.31161   0.0274052   0.139121  2.08431 	Dead: 0
2.3017    0.0265463   0.134761  2.03245 	Dead: 0
2.28614   0.0258586   0.131271  2.03245 	Dead: 0
2.28587   0.0269484   0.136803  2.03245 	Dead: 0
2.26362   0.0284808   0.144582  2.03245 	Dead: 0
2.26912   0.0302423   0.153524  2.03245 	Dead: 0
2.25523   0.028479    0.144573  2.03245 	Dead: 0
2.24383   0.0278445   0.141352  2.00292 	Dead: 0
2.26788   0.0318715   0.161794  2.00292 	Dead: 0
2.2416    0.0275173   0.139691  2.00292 	Dead: 0
2.23383   0.0273069   0.138622  2.00292 	Dead: 0
2.24505   0.0313534   0.159165  2.00292 	Dead: 0
2.24023   0.0286999   0.145694  2.00292 	Dead: 0
2.22403   0.0277707   0.140977  1.9559  	Dead: 0
2.23063   0.030553    0.155101  1.9559  	Dead: 0
2.22552   0.0310473   0.157611  1.9559  	Dead: 0
2.22483   0.0282584   0.143453  1.9559  	Dead: 0
2.21379   0.0308125   0.156419  1.9559  	Dead: 0
2.22676   0.0315477   0.160151  1.9559  	Dead: 0
2.22771   0.0300209   0.1524    1.9559  	Dead: 0
2.18999   0.0248895   0.126351  1.9559  	Dead: 0
2.2084    0.0322568   0.16375   1.9559  	Dead: 0
2.20409   0.0301572   0.153092  1.9559  	Dead: 0
2.19669   0.0257481   0.130709  1.9559  	Dead: 0
2.18911   0.0330702   0.16788   1.95366 	Dead: 0
2.169     0.0270683   0.137411  1.95366 	Dead: 0
2.16633   0.0250959   0.127398  1.95366 	Dead: 0
2.19198   0.031536    0.160091  1.95366 	Dead: 0
2.16302   0.0292565   0.14852   1.95366 	Dead: 0
2.17388   0.0312776   0.15878   1.95366 	Dead: 0
2.16659   0.029866    0.151614  1.95366 	Dead: 0
2.16825   0.0277628   0.140937  1.95366 	Dead: 0
2.18265   0.0300946   0.152774  1.95366 	Dead: 0
2.16127   0.0324313   0.164637  1.95366 	Dead: 0
2.1688    0.0293147   0.148815  1.94091 	Dead: 0
2.15538   0.0273499   0.138841  1.94091 	Dead: 0
2.1569    0.0318723   0.161799  1.94091 	Dead: 0
2.15372   0.0307123   0.15591   1.94091 	Dead: 0
2.16607   0.0273881   0.139035  1.94091 	Dead: 0
2.17375   0.0316839   0.160842  1.94091 	Dead: 0
2.1572    0.0308065   0.156388  1.94091 	Dead: 0
2.15916   0.0299129   0.151852  1.93074 	Dead: 0
2.14877   0.0277712   0.140979  1.93074 	Dead: 0
2.16139   0.0319154   0.162018  1.93074 	Dead: 0
2.15005   0.0284106   0.144225  1.93074 	Dead: 0
2.14328   0.0273552   0.138868  1.92827 	Dead: 0
2.15797   0.0301171   0.152888  1.92827 	Dead: 0
2.15278   0.031717    0.16101   1.92827 	Dead: 0
2.16448   0.030668    0.155685  1.92827 	Dead: 0
2.15791   0.0300189   0.15239   1.92827 	Dead: 0
2.13771   0.0266778   0.135429  1.92827 	Dead: 0
2.14862   0.0305202   0.154935  1.92827 	Dead: 0
2.13055   0.028572    0.145045  1.92827 	Dead: 0
2.17411   0.0328368   0.166695  1.92827 	Dead: 0
2.14327   0.0278941   0.141603  1.92827 	Dead: 0
2.15069   0.028006    0.142171  1.92827 	Dead: 0
2.14114   0.0278257   0.141256  1.92827 	Dead: 0
2.13408   0.0272473   0.13832   1.92827 	Dead: 0
2.14225   0.0303087   0.153861  1.92827 	Dead: 0
2.12948   0.031604    0.160436  1.92827 	Dead: 0
2.12934   0.0309274   0.157002  1.92827 	Dead: 0
2.12794   0.0273304   0.138742  1.92827 	Dead: 0
2.13077   0.0323412   0.164179  1.91555 	Dead: 0
2.11596   0.0282712   0.143518  1.8802  	Dead: 0
2.1089    0.0365049   0.185316  1.8802  	Dead: 0
2.08814   0.0259377   0.131672  1.8802  	Dead: 0
2.08986   0.0265862   0.134964  1.8802  	Dead: 0
2.0988    0.0317106   0.160978  1.8802  	Dead: 0
2.08646   0.0246989   0.125383  1.8802  	Dead: 0
2.0753    0.0239916   0.121792  1.8802  	Dead: 0
2.09446   0.0295168   0.149841  1.86838 	Dead: 0
2.09864   0.0291739   0.1481    1.86838 	Dead: 0
2.07032   0.0313821   0.15931   1.86838 	Dead: 0
2.05746   0.0246332   0.12505   1.86838 	Dead: 0
2.09134   0.0373387   0.189549  1.86838 	Dead: 0
2.07581   0.02579     0.130922  1.86838 	Dead: 0
2.07773   0.0259706   0.131839  1.86838 	Dead: 0
2.07395   0.0269496   0.136809  1.86838 	Dead: 0
2.07981   0.0289107   0.146764  1.86838 	Dead: 0
2.06421   0.0270128   0.13713   1.84991 	Dead: 0
2.08125   0.0282062   0.143188  1.84991 	Dead: 0
2.08679   0.0291403   0.14793   1.84991 	Dead: 0
2.07897   0.0272502   0.138335  1.84991 	Dead: 0
2.085     0.0367983   0.186805  1.84991 	Dead: 0
2.08357   0.0308123   0.156417  1.84991 	Dead: 0
2.07358   0.0274022   0.139106  1.84991 	Dead: 0
2.07734   0.0292681   0.148578  1.84991 	Dead: 0
2.07239   0.0283845   0.144093  1.84991 	Dead: 0
2.07475   0.0274923   0.139564  1.84991 	Dead: 0
2.07525   0.0301387   0.152998  1.84991 	Dead: 0
2.07922   0.0300439   0.152517  1.84991 	Dead: 0
2.08545   0.0288716   0.146566  1.84991 	Dead: 0
2.07932   0.0308048   0.156379  1.84991 	Dead: 0
2.07393   0.0272953   0.138563  1.84991 	Dead: 0
