5.91901   0.119826    0.608293  4.76356 	Dead: 0
3.58884   0.0318991   0.161935  3.24047 	Dead: 0
3.18104   0.0316015   0.160424  2.82409 	Dead: 0
2.79008   0.0343343   0.174297  2.49867 	Dead: 0
2.56315   0.0388986   0.197467  2.29602 	Dead: 0
2.42722   0.0418868   0.212637  2.1166  	Dead: 0
2.31175   0.0333968   0.169538  2.08378 	Dead: 0
2.27428   0.0285568   0.144968  2.08378 	Dead: 0
2.2598    0.0339674   0.172434  2.01625 	Dead: 0
2.24569   0.0301816   0.153216  2.01625 	Dead: 0
2.26851   0.034578    0.175534  1.97659 	Dead: 0
2.26414   0.0406957   0.20659   1.97659 	Dead: 0
2.25084   0.0400818   0.203474  1.97659 	Dead: 0
2.25483   0.0431921   0.219263  1.97659 	Dead: 0
2.21547   0.0325791   0.165387  1.97659 	Dead: 0
2.22076   0.0332961   0.169026  1.97659 	Dead: 0
2.21617   0.0391158   0.19857   1.95531 	Dead: 0
2.20589   0.0368749   0.187194  1.95531 	Dead: 0
2.20124   0.0403843   0.20501   1.95531 	Dead: 0
2.21962   0.0392641   0.199323  1.95531 	Dead: 0
2.19353   0.0406848   0.206535  1.94665 	Dead: 0
2.1843    0.0350735   0.17805   1.94665 	Dead: 0
2.16392   0.038977    0.197865  1.8967  	Dead: 0
2.1195    0.0365732   0.185663  1.8967  	Dead: 0
2.13145   0.0357456   0.181462  1.8967  	Dead: 0
2.1081    0.0342899   0.174071  1.89025 	Dead: 0
2.05548   0.0318359   0.161614  1.82647 	Dead: 0
2.01948   0.0262719   0.133368  1.81885 	Dead: 0
2.0692    0.038411    0.194992  1.81885 	Dead: 0
2.0323    0.0277832   0.14104   1.81885 	Dead: 0
2.03083   0.0336246   0.170694  1.81885 	Dead: 0
2.03635   0.0340983   0.173099  1.79    	Dead: 0
1.98878   0.0302259   0.153441  1.79    	Dead: 0
2.02942   0.0382639   0.194245  1.79    	Dead: 0
2.02479   0.0402707   0.204433  1.78933 	Dead: 0
1.99989   0.0301933   0.153275  1.78933 	Dead: 0
1.984     0.0339774   0.172485  1.77013 	Dead: 0
2.00209   0.0377277   0.191524  1.77013 	Dead: 0
1.98962   0.0346027   0.175659  1.77013 	Dead: 0
1.99715   0.0325831   0.165407  1.77013 	Dead: 0
1.98398   0.0332478   0.168781  1.77013 	Dead: 0
2.0147    0.0417459   0.211921  1.76824 	Dead: 0
1.96766   0.0330318   0.167685  1.72628 	Dead: 0
1.97      0.0326509   0.165751  1.72628 	Dead: 0
1.96369   0.0324865   0.164917  1.72628 	Dead: 0
1.96283   0.0357992   0.181733  1.72628 	Dead: 0
1.97259   0.0373962   0.18984   1.72628 	Dead: 0
1.95348   0.0293198   0.148841  1.72628 	Dead: 0
1.96617   0.0347423   0.176368  1.72628 	Dead: 0
1.92934   0.0266439   0.135257  1.72628 	Dead: 0
1.95437   0.0360655   0.183085  1.72628 	Dead: 0
1.94402   0.0396756   0.201412  1.71713 	Dead: 0
1.90951   0.0271126   0.137636  1.71713 	Dead: 0
1.95157   0.0471199   0.239202  1.71713 	Dead: 0
1.93257   0.0343245   0.174247  1.71713 	Dead: 0
1.96188   0.0451528   0.229217  1.71713 	Dead: 0
1.91258   0.0319906   0.162399  1.71713 	Dead: 0
1.912     0.0339311   0.17225   1.70795 	Dead: 0
1.89736   0.0296433   0.150483  1.70795 	Dead: 0
1.91407   0.0297106   0.150825  1.70151 	Dead: 0
1.9122    0.0357463   0.181465  1.70151 	Dead: 0
1.91618   0.0381814   0.193827  1.70151 	Dead: 0
1.90535   0.0305283   0.154976  1.70151 	Dead: 0
1.90312   0.0295349   0.149933  1.68459 	Dead: 0
1.90523   0.0347304   0.176308  1.68459 	Dead: 0
1.89097   0.0315545   0.160185  1.68043 	Dead: 0
1.91086   0.0359665   0.182583  1.68043 	Dead: 0
1.87251   0.0286984   0.145686  1.68043 	Dead: 0
1.87437   0.025731    0.130623  1.68043 	Dead: 0
1.89813   0.0314002   0.159402  1.68043 	Dead: 0
1.89998   0.0341026   0.173121  1.68043 	Dead: 0
1.89461   0.0350134   0.177745  1.68043 	Dead: 0
1.86612   0.0261898   0.132952  1.68043 	Dead: 0
1.88293   0.0285194   0.144778  1.68043 	Dead: 0
1.90587   0.0354313   0.179866  1.68043 	Dead: 0
1.8769    0.0286385   0.145383  1.68043 	Dead: 0
1.86644   0.0321453   0.163184  1.68043 	Dead: 0
1.87852   0.0270142   0.137137  1.68043 	Dead: 0
1.88478   0.031031    0.157528  1.67658 	Dead: 0
1.89549   0.0322035   0.16348   1.67658 	Dead: 0
1.89752   0.0321499   0.163208  1.67658 	Dead: 0
1.8927    0.0339654   0.172424  1.67658 	Dead: 0
1.90468   0.0393467   0.199742  1.67658 	Dead: 0
1.8787    0.031483    0.159822  1.67394 	Dead: 0
1.87931   0.0375597   0.19067   1.67394 	Dead: 0
1.88538   0.0405072   0.205633  1.67394 	Dead: 0
1.90885   0.0445153   0.22598   1.67394 	Dead: 0
1.89355   0.0306001   0.155341  1.67394 	Dead: 0
1.86285   0.0283876   0.144109  1.67394 	Dead: 0
1.89715   0.0389872   0.197917  1.67394 	Dead: 0
1.89936   0.0373322   0.189516  1.67394 	Dead: 0
1.89058   0.0363703   0.184633  1.65303 	Dead: 0
1.88907   0.0401754   0.203949  1.65303 	Dead: 0
1.86882   0.0323062   0.164002  1.65303 	Dead: 0
1.88078   0.0336244   0.170693  1.65303 	Dead: 0
1.88775   0.0379369   0.192585  1.65303 	Dead: 0
1.85657   0.0348623   0.176977  1.65303 	Dead: 0
1.87785   0.0397164   0.201619  1.65303 	Dead: 0
1.84503   0.0250903   0.12737   1.65303 	Dead: 0
1.87268   0.0385956   0.195929  1.64896 	Dead: 0
1.85793   0.037994    0.192875  1.64896 	Dead: 0
