12.4472   0.052733    0.267697  11.7759 	Dead: 0
11.235    0.0265289   0.134673  10.9029 	Dead: 0
10.894    0.0244993   0.12437   10.6869 	Dead: 0
10.8296   0.0253873   0.128878  10.5641 	Dead: 0
10.7976   0.0268475   0.13629   10.5641 	Dead: 0
10.7612   0.0266899   0.13549   10.5106 	Dead: 0
10.7073   0.0288179   0.146293  10.4604 	Dead: 0
10.6343   0.027092    0.137532  10.4206 	Dead: 0
10.5902   0.0259972   0.131974  10.4109 	Dead: 0
10.4937   0.0233747   0.118661  10.2538 	Dead: 0
10.3717   0.0220145   0.111756  10.1712 	Dead: 0
10.3076   0.0245602   0.124679  10.1381 	Dead: 0
10.2912   0.0272372   0.138269  10.0628 	Dead: 0
10.2629   0.0267932   0.136015  10.0385 	Dead: 0
10.2319   0.0247267   0.125524  10.0385 	Dead: 0
10.2244   0.0277053   0.140645  10.013  	Dead: 0
10.2066   0.0290833   0.14764   9.93433 	Dead: 0
10.1767   0.024863    0.126216  9.93433 	Dead: 0
10.1494   0.0253087   0.128479  9.93173 	Dead: 0
10.1083   0.0276935   0.140585  9.90651 	Dead: 0
10.1104   0.0303303   0.153971  9.85094 	Dead: 0
10.1108   0.0395932   0.200994  9.85094 	Dead: 0
10.1157   0.0308866   0.156795  9.85094 	Dead: 0
10.0855   0.0290332   0.147386  9.85094 	Dead: 0
10.0801   0.0284641   0.144497  9.81664 	Dead: 0
10.0739   0.0323659   0.164304  9.81664 	Dead: 0
10.0466   0.0259465   0.131717  9.81664 	Dead: 0
10.0635   0.0329299   0.167168  9.81664 	Dead: 0
10.0541   0.0281421   0.142862  9.81664 	Dead: 0
10.05     0.0269725   0.136925  9.81664 	Dead: 0
10.0527   0.0308788   0.156755  9.72941 	Dead: 0
10.0191   0.0291076   0.147764  9.72941 	Dead: 0
10.024    0.0311881   0.158325  9.72941 	Dead: 0
10.0162   0.0282822   0.143573  9.72941 	Dead: 0
9.9994    0.0269239   0.136678  9.72941 	Dead: 0
9.9852    0.0274308   0.139252  9.68999 	Dead: 0
9.97017   0.0292629   0.148552  9.64173 	Dead: 0
9.9596    0.0311729   0.158248  9.64173 	Dead: 0
9.95107   0.0310254   0.157499  9.64173 	Dead: 0
9.9338    0.0282049   0.143181  9.64173 	Dead: 0
9.93738   0.0334192   0.169651  9.64173 	Dead: 0
9.92161   0.0277311   0.140776  9.64173 	Dead: 0
9.91613   0.0282524   0.143422  9.64173 	Dead: 0
9.91855   0.0297259   0.150902  9.64173 	Dead: 0
9.92431   0.0317411   0.161133  9.64173 	Dead: 0
9.90771   0.0310505   0.157627  9.64173 	Dead: 0
9.91086   0.0296729   0.150634  9.64173 	Dead: 0
9.88743   0.0269308   0.136713  9.64173 	Dead: 0
9.90716   0.0317925   0.161394  9.64173 	Dead: 0
9.87331   0.0284866   0.144611  9.64173 	Dead: 0
9.89026   0.0308272   0.156493  9.58986 	Dead: 0
9.88063   0.0303765   0.154205  9.58986 	Dead: 0
9.86865   0.0275053   0.13963   9.58986 	Dead: 0
9.84978   0.0271925   0.138042  9.58986 	Dead: 0
9.85085   0.0286249   0.145314  9.58986 	Dead: 0
9.83442   0.0275802   0.14001   9.58986 	Dead: 0
9.82316   0.0274216   0.139205  9.58986 	Dead: 0
9.80304   0.0285199   0.14478   9.58986 	Dead: 0
9.81575   0.0287906   0.146155  9.58986 	Dead: 0
9.8303    0.0378231   0.192008  9.58986 	Dead: 0
9.81107   0.0298033   0.151295  9.58986 	Dead: 0
9.78206   0.0235778   0.119692  9.58986 	Dead: 0
9.80401   0.0408458   0.207353  9.58986 	Dead: 0
9.80874   0.0305597   0.155135  9.58986 	Dead: 0
9.80141   0.0280519   0.142404  9.58986 	Dead: 0
9.80212   0.0296625   0.150581  9.55708 	Dead: 0
9.79387   0.0275377   0.139794  9.55546 	Dead: 0
9.82202   0.0331894   0.168485  9.55546 	Dead: 0
9.78114   0.028422    0.144283  9.55546 	Dead: 0
9.75984   0.02521     0.127978  9.55276 	Dead: 0
9.77059   0.0284931   0.144644  9.55276 	Dead: 0
9.7719    0.0294493   0.149498  9.52896 	Dead: 0
9.75722   0.0315344   0.160083  9.52896 	Dead: 0
9.75157   0.0260454   0.132219  9.52896 	Dead: 0
9.74828   0.0270443   0.137289  9.52385 	Dead: 0
9.75783   0.0326781   0.165889  9.51243 	Dead: 0
9.74465   0.0295551   0.150035  9.51243 	Dead: 0
9.76405   0.0357749   0.18161   9.51243 	Dead: 0
9.74489   0.0278686   0.141474  9.51243 	Dead: 0
9.75143   0.0310791   0.157772  9.51243 	Dead: 0
9.74543   0.0279373   0.141823  9.51243 	Dead: 0
9.75093   0.0311224   0.157992  9.51243 	Dead: 0
9.76162   0.034209    0.173661  9.51243 	Dead: 0
9.74256   0.0316746   0.160795  9.50499 	Dead: 0
9.75182   0.0296135   0.150332  9.50499 	Dead: 0
9.74077   0.0409239   0.207749  9.50499 	Dead: 0
9.73201   0.0307572   0.156138  9.50499 	Dead: 0
9.73622   0.0299012   0.151793  9.50499 	Dead: 0
9.75704   0.0359705   0.182603  9.50499 	Dead: 0
9.70632   0.0262238   0.133124  9.50499 	Dead: 0
9.70833   0.0274814   0.139509  9.50499 	Dead: 0
9.74063   0.0405917   0.206062  9.50499 	Dead: 0
9.71195   0.0289017   0.146718  9.41151 	Dead: 0
9.72764   0.0312651   0.158716  9.41151 	Dead: 0
9.73486   0.0307199   0.155948  9.41151 	Dead: 0
9.72667   0.0301416   0.153013  9.41151 	Dead: 0
9.71418   0.0285104   0.144732  9.41151 	Dead: 0
9.71296   0.0261337   0.132667  9.41151 	Dead: 0
9.70689   0.0274247   0.139221  9.40593 	Dead: 0
9.69728   0.0287322   0.145858  9.40593 	Dead: 0
9.7139    0.0296206   0.150368  9.40593 	Dead: 0
