12.4453   0.0504208   0.25596   11.745  	Dead: 0
11.3556   0.0241121   0.122404  11.0489 	Dead: 0
11.0264   0.0242209   0.122956  10.8451 	Dead: 0
10.8678   0.0234859   0.119225  10.6252 	Dead: 0
10.7668   0.0296896   0.150718  10.5064 	Dead: 0
10.5691   0.0272979   0.138577  10.2404 	Dead: 0
10.4918   0.0297488   0.151019  10.2404 	Dead: 0
10.4347   0.0254558   0.129226  10.2397 	Dead: 0
10.4252   0.0270948   0.137546  10.1941 	Dead: 0
10.3777   0.0310123   0.157433  10.1211 	Dead: 0
10.3758   0.0281767   0.143038  10.1211 	Dead: 0
10.3429   0.0362961   0.184256  10.0849 	Dead: 0
10.2679   0.0249987   0.126905  10.0849 	Dead: 0
10.258    0.0312916   0.158851  9.98898 	Dead: 0
10.2216   0.0290071   0.147254  9.98898 	Dead: 0
10.2023   0.0318708   0.161791  9.9697  	Dead: 0
10.1885   0.0263048   0.133535  9.9697  	Dead: 0
10.212    0.0328823   0.166926  9.91284 	Dead: 0
10.1858   0.0327342   0.166174  9.91284 	Dead: 0
10.1835   0.0338723   0.171951  9.91284 	Dead: 0
10.1207   0.0276521   0.140375  9.86053 	Dead: 0
10.1274   0.028305    0.143689  9.83298 	Dead: 0
10.0583   0.0237844   0.120741  9.83298 	Dead: 0
10.0568   0.026895    0.136531  9.83298 	Dead: 0
10.0333   0.0263292   0.133659  9.81795 	Dead: 0
10.0289   0.0288652   0.146533  9.81795 	Dead: 0
10.0511   0.0323592   0.16427   9.7984  	Dead: 0
10.0324   0.0289118   0.14677   9.7984  	Dead: 0
10.0493   0.0318721   0.161798  9.7984  	Dead: 0
10.0108   0.0282005   0.143159  9.76554 	Dead: 0
10.0334   0.0342774   0.174008  9.76554 	Dead: 0
9.9935    0.0265195   0.134625  9.76554 	Dead: 0
9.9942    0.0280828   0.142562  9.76554 	Dead: 0
10.0071   0.0304755   0.154708  9.76554 	Dead: 0
9.97978   0.0255765   0.129838  9.73514 	Dead: 0
9.99552   0.028386    0.1441    9.73514 	Dead: 0
9.99653   0.0275511   0.139862  9.73514 	Dead: 0
10.0086   0.0375141   0.190439  9.73514 	Dead: 0
10.0071   0.0383947   0.19491   9.73514 	Dead: 0
9.99146   0.0312459   0.158619  9.73514 	Dead: 0
10.017    0.0337715   0.17144   9.73514 	Dead: 0
9.99427   0.0337667   0.171415  9.73514 	Dead: 0
10.0071   0.0339872   0.172535  9.73514 	Dead: 0
9.97817   0.0300764   0.152682  9.73514 	Dead: 0
10.0035   0.0358272   0.181876  9.73514 	Dead: 0
9.99379   0.0320825   0.162866  9.73514 	Dead: 0
10.0065   0.0370822   0.188247  9.70907 	Dead: 0
9.99881   0.0353806   0.179608  9.70907 	Dead: 0
9.98467   0.0359934   0.182719  9.70907 	Dead: 0
9.99262   0.0360679   0.183098  9.70907 	Dead: 0
9.99229   0.0315838   0.160334  9.70907 	Dead: 0
9.99281   0.0328219   0.16662   9.70907 	Dead: 0
9.97161   0.0329293   0.167165  9.70907 	Dead: 0
9.96516   0.0306757   0.155724  9.70907 	Dead: 0
9.96775   0.034121    0.173214  9.70907 	Dead: 0
9.98215   0.0305425   0.155048  9.70907 	Dead: 0
9.97225   0.0319512   0.162199  9.70907 	Dead: 0
9.98201   0.0354203   0.17981   9.70907 	Dead: 0
9.98725   0.0360792   0.183155  9.70907 	Dead: 0
9.9832    0.0350174   0.177765  9.70907 	Dead: 0
9.96534   0.0297482   0.151016  9.70907 	Dead: 0
10.0073   0.0442534   0.224651  9.70202 	Dead: 0
9.96042   0.0299598   0.15209   9.70202 	Dead: 0
9.96788   0.0330709   0.167883  9.70202 	Dead: 0
9.96288   0.0328087   0.166552  9.70202 	Dead: 0
9.97159   0.0367938   0.186782  9.70202 	Dead: 0
9.93972   0.0330136   0.167592  9.70202 	Dead: 0
9.98012   0.0314116   0.15946   9.70202 	Dead: 0
9.94509   0.0295288   0.149902  9.70202 	Dead: 0
9.96936   0.0342216   0.173725  9.70202 	Dead: 0
9.97313   0.0321544   0.163231  9.70202 	Dead: 0
9.95958   0.0288442   0.146427  9.70202 	Dead: 0
9.98865   0.0350428   0.177894  9.70202 	Dead: 0
9.95476   0.0312253   0.158514  9.70202 	Dead: 0
9.96141   0.0336282   0.170713  9.70202 	Dead: 0
9.946     0.0303957   0.154303  9.70202 	Dead: 0
9.94043   0.0282901   0.143614  9.70202 	Dead: 0
9.96305   0.0339373   0.172282  9.70202 	Dead: 0
9.95856   0.0294555   0.14953   9.70202 	Dead: 0
9.9572    0.0338083   0.171627  9.70202 	Dead: 0
9.95261   0.0302247   0.153435  9.70202 	Dead: 0
9.95566   0.0331123   0.168093  9.70202 	Dead: 0
9.95794   0.0342057   0.173644  9.70202 	Dead: 0
9.9579    0.0318118   0.161491  9.66391 	Dead: 0
9.95503   0.0309861   0.1573    9.66391 	Dead: 0
9.94709   0.0309358   0.157044  9.66391 	Dead: 0
9.95717   0.0333765   0.169435  9.66391 	Dead: 0
9.93841   0.0328519   0.166772  9.62842 	Dead: 0
9.94729   0.0361041   0.183281  9.62842 	Dead: 0
9.94752   0.0376639   0.191199  9.62842 	Dead: 0
9.96122   0.0366778   0.186194  9.62842 	Dead: 0
9.97146   0.0373688   0.189701  9.62842 	Dead: 0
9.9374    0.0302592   0.15361   9.62842 	Dead: 0
9.91804   0.028325    0.143791  9.62842 	Dead: 0
9.9402    0.0338215   0.171694  9.62842 	Dead: 0
9.93315   0.0343372   0.174312  9.62842 	Dead: 0
9.93547   0.0327342   0.166174  9.62842 	Dead: 0
9.91119   0.0320755   0.16283   9.62842 	Dead: 0
9.93773   0.0344419   0.174843  9.62842 	Dead: 0
9.93607   0.0375552   0.190648  9.62842 	Dead: 0
9.90439   0.0312138   0.158456  9.62842 	Dead: 0
