0   10.0683   0.189339    0.961174  6.81197 	Dead: 0
1   5.52619   0.15478     0.785735  4.45136 	Dead: 0
2   5.08578   0.154292    0.78326   3.71547 	Dead: 0
3   4.81312   0.137372    0.697362  3.64843 	Dead: 0
4   4.75342   0.143395    0.727938  3.64843 	Dead: 0
5   4.67043   0.141737    0.719526  3.62138 	Dead: 0
6   4.70701   0.149546    0.759165  3.58555 	Dead: 0
7   4.59249   0.143615    0.729056  3.56444 	Dead: 0
8   4.59407   0.136296    0.691903  3.56444 	Dead: 0
9   4.73428   0.161896    0.821857  3.52294 	Dead: 0
10  4.54562   0.151609    0.76964   3.52294 	Dead: 0
11  4.53269   0.161223    0.818444  3.52294 	Dead: 0
12  4.62062   0.164282    0.833971  3.52294 	Dead: 0
13  4.73636   0.181482    0.921288  3.52294 	Dead: 0
14  4.6068    0.156743    0.7957    3.39704 	Dead: 0
15  4.61654   0.167906    0.852371  3.39704 	Dead: 0
16  4.5424    0.159818    0.811308  3.39704 	Dead: 0
17  4.62755   0.172941    0.877929  3.39704 	Dead: 0
18  4.65836   0.166487    0.845163  3.39704 	Dead: 0
19  4.54399   0.161382    0.81925   3.20938 	Dead: 0
20  4.62801   0.184305    0.935617  3.20938 	Dead: 0
21  4.5309    0.187236    0.950497  3.18839 	Dead: 0
22  4.42962   0.173007    0.878263  3.18839 	Dead: 0
23  4.52245   0.198441    1.00738   3.18839 	Dead: 0
24  4.51092   0.198668    1.00853   3.18839 	Dead: 0
25  4.54013   0.201061    1.02068   3.18839 	Dead: 0
26  4.51196   0.191767    0.9735    3.13822 	Dead: 0
27  4.63603   0.226489    1.14977   3.00888 	Dead: 0
28  4.36565   0.198393    1.00714   3.00888 	Dead: 0
29  4.51418   0.21829     1.10814   3.00888 	Dead: 0
30  4.45904   0.238834    1.21243   3.00888 	Dead: 0
31  4.52411   0.207523    1.05348   3.00888 	Dead: 0
32  4.42425   0.207486    1.05329   3.00888 	Dead: 0
33  4.42664   0.219109    1.1123    2.92965 	Dead: 0
34  4.5443    0.240057    1.21864   2.87539 	Dead: 0
35  4.34175   0.208044    1.05613   2.87539 	Dead: 0
36  4.52271   0.243999    1.23865   2.87539 	Dead: 0
37  4.56677   0.235513    1.19558   2.87539 	Dead: 0
38  4.4171    0.237197    1.20412   2.87539 	Dead: 0
39  4.4152    0.2431      1.23409   2.87539 	Dead: 0
40  4.49857   0.245743    1.24751   2.87539 	Dead: 0
41  4.20581   0.219824    1.11593   2.87539 	Dead: 0
42  4.43082   0.248089    1.25941   2.87539 	Dead: 0
43  4.43833   0.220017    1.11691   2.87539 	Dead: 0
44  4.45689   0.258594    1.31275   2.83475 	Dead: 0
45  4.52165   0.252104    1.2798    2.83475 	Dead: 0
46  4.30184   0.258527    1.3124    2.82292 	Dead: 0
47  4.37004   0.250439    1.27134   2.82292 	Dead: 0
48  4.48743   0.266327    1.352     2.82292 	Dead: 0
49  4.42836   0.268402    1.36253   2.82292 	Dead: 0
50  4.4442    0.268812    1.36462   2.7845  	Dead: 0
51  4.49004   0.283752    1.44046   2.7845  	Dead: 0
52  4.44101   0.245869    1.24815   2.7845  	Dead: 0
53  4.45373   0.259737    1.31854   2.7845  	Dead: 0
54  4.35221   0.242922    1.23319   2.7845  	Dead: 0
55  4.31664   0.248378    1.26088   2.7845  	Dead: 0
56  4.45341   0.240732    1.22207   2.7845  	Dead: 0
57  4.30227   0.247825    1.25808   2.7845  	Dead: 0
58  4.17536   0.237972    1.20805   2.7845  	Dead: 0
59  4.20873   0.244642    1.24192   2.7845  	Dead: 0
60  4.37809   0.269363    1.36741   2.75165 	Dead: 0
61  4.24716   0.258617    1.31286   2.75165 	Dead: 0
62  4.44444   0.267068    1.35576   2.75165 	Dead: 0
63  4.26565   0.248007    1.259     2.70346 	Dead: 0
64  4.30071   0.254664    1.29279   2.70346 	Dead: 0
65  4.30802   0.245175    1.24462   2.70346 	Dead: 0
66  4.30458   0.246383    1.25076   2.70346 	Dead: 0
67  4.29827   0.249511    1.26663   2.62869 	Dead: 0
68  4.44525   0.270292    1.37213   2.62869 	Dead: 0
69  4.31411   0.257925    1.30935   2.62869 	Dead: 0
70  4.30491   0.25375     1.28815   2.62869 	Dead: 0
71  4.37763   0.281269    1.42785   2.62869 	Dead: 0
72  4.14995   0.237354    1.20492   2.62869 	Dead: 0
73  4.30334   0.245521    1.24638   2.62869 	Dead: 0
74  4.46162   0.257449    1.30693   2.62869 	Dead: 0
75  4.27872   0.233202    1.18384   2.57797 	Dead: 0
76  4.30633   0.267591    1.35842   2.57797 	Dead: 0
77  4.16497   0.270416    1.37276   2.57797 	Dead: 0
78  4.36007   0.269049    1.36582   2.57797 	Dead: 0
79  4.10262   0.269668    1.36896   2.57797 	Dead: 0
80  4.2629    0.25817     1.31059   2.57797 	Dead: 0
81  4.35469   0.292514    1.48494   2.57797 	Dead: 0
82  4.34232   0.259298    1.31632   2.54407 	Dead: 0
83  4.1003    0.268661    1.36385   2.54407 	Dead: 0
84  4.33689   0.252472    1.28167   2.54407 	Dead: 0
85  4.43909   0.28418     1.44263   2.54407 	Dead: 0
86  4.21697   0.257037    1.30484   2.54407 	Dead: 0
87  4.13265   0.245912    1.24836   2.54407 	Dead: 0
88  4.21861   0.26344     1.33734   2.54407 	Dead: 0
89  4.12228   0.241879    1.22789   2.54407 	Dead: 0
90  3.98728   0.251646    1.27747   2.54407 	Dead: 0
91  4.1158    0.234701    1.19145   2.54407 	Dead: 0
92  4.11068   0.238537    1.21093   2.54407 	Dead: 0
93  4.24804   0.267389    1.35739   2.54407 	Dead: 0
94  4.18047   0.271344    1.37747   2.54407 	Dead: 0
95  4.35262   0.259477    1.31723   2.54407 	Dead: 0
96  4.15115   0.236414    1.20015   2.54407 	Dead: 0
97  4.31467   0.27105     1.37597   2.54407 	Dead: 0
98  4.26654   0.252905    1.28386   2.54407 	Dead: 0
99  4.26245   0.260993    1.32492   2.54407 	Dead: 0
100 4.13337   0.251246    1.27544   2.54407 	Dead: 0
