6.74385   0.104009    0.527997  5.79276 	Dead: 0
5.70513   0.0614996   0.312201  5.16019 	Dead: 0
5.52467   0.0704634   0.357705  5.01111 	Dead: 0
5.44716   0.0688264   0.349395  4.97528 	Dead: 0
5.36653   0.0773521   0.392675  4.90903 	Dead: 0
5.25563   0.0607675   0.308484  4.75939 	Dead: 0
5.26659   0.0676376   0.34336   4.75939 	Dead: 0
5.17606   0.0523896   0.265954  4.75939 	Dead: 0
5.15065   0.0543467   0.275889  4.75939 	Dead: 0
5.15284   0.0668442   0.339332  4.74696 	Dead: 0
5.13095   0.0598983   0.304072  4.73868 	Dead: 0
5.14531   0.0750892   0.381188  4.72998 	Dead: 0
5.15106   0.0701291   0.356008  4.72998 	Dead: 0
5.07711   0.0522146   0.265066  4.72998 	Dead: 0
5.11855   0.0733313   0.372264  4.72998 	Dead: 0
5.09904   0.0722595   0.366823  4.68643 	Dead: 0
5.06985   0.0594253   0.301671  4.68643 	Dead: 0
5.10008   0.0648513   0.329215  4.68643 	Dead: 0
5.06202   0.0625908   0.31774   4.68643 	Dead: 0
5.0514    0.0571641   0.290192  4.68643 	Dead: 0
5.05262   0.0577806   0.293321  4.68643 	Dead: 0
5.17753   0.0811905   0.412161  4.66057 	Dead: 0
5.08075   0.0665959   0.338072  4.66057 	Dead: 0
5.08978   0.0664555   0.337359  4.66057 	Dead: 0
5.0799    0.0676967   0.34366   4.66057 	Dead: 0
5.11908   0.0764753   0.388224  4.66057 	Dead: 0
5.06818   0.0635978   0.322852  4.66057 	Dead: 0
5.09251   0.0728783   0.369964  4.63754 	Dead: 0
5.08137   0.0681896   0.346162  4.63754 	Dead: 0
5.04336   0.0663664   0.336907  4.63754 	Dead: 0
5.0335    0.0599999   0.304588  4.63754 	Dead: 0
5.06378   0.0731651   0.37142   4.63754 	Dead: 0
5.02096   0.0603991   0.306614  4.63754 	Dead: 0
5.09421   0.0696482   0.353567  4.59925 	Dead: 0
5.05174   0.0605696   0.307479  4.59925 	Dead: 0
5.06903   0.0645596   0.327735  4.59925 	Dead: 0
5.0449    0.0663755   0.336953  4.59925 	Dead: 0
5.02841   0.0596874   0.303001  4.59925 	Dead: 0
5.11416   0.0759482   0.385549  4.59925 	Dead: 0
5.08928   0.0733503   0.37236   4.59925 	Dead: 0
5.06108   0.0732597   0.3719    4.59925 	Dead: 0
5.00382   0.0531355   0.269741  4.59925 	Dead: 0
4.98876   0.0546356   0.277356  4.59925 	Dead: 0
5.02903   0.0688894   0.349715  4.59925 	Dead: 0
5.01345   0.0648762   0.329342  4.59195 	Dead: 0
5.04204   0.0671215   0.34074   4.59195 	Dead: 0
5.02311   0.0695714   0.353177  4.59195 	Dead: 0
5.09246   0.0795918   0.404045  4.59195 	Dead: 0
5.02982   0.0741389   0.376363  4.59195 	Dead: 0
5.011     0.0685512   0.347998  4.56512 	Dead: 0
5.06023   0.0765213   0.388458  4.56512 	Dead: 0
5.0056    0.0656779   0.333411  4.56512 	Dead: 0
5.01241   0.064012    0.324955  4.56512 	Dead: 0
5.0429    0.0697994   0.354334  4.56512 	Dead: 0
4.98279   0.0647616   0.32876   4.56512 	Dead: 0
5.00589   0.0709719   0.360286  4.56512 	Dead: 0
4.99417   0.0672038   0.341158  4.56512 	Dead: 0
5.00722   0.0671819   0.341047  4.56512 	Dead: 0
5.01953   0.0695323   0.352978  4.56512 	Dead: 0
5.02657   0.0819342   0.415936  4.56512 	Dead: 0
5.0092    0.0804947   0.408629  4.56512 	Dead: 0
5.03051   0.0811894   0.412155  4.56512 	Dead: 0
5.05362   0.0805051   0.408682  4.56512 	Dead: 0
4.95468   0.0667366   0.338786  4.53709 	Dead: 0
5.07732   0.0925558   0.469857  4.53709 	Dead: 0
5.026     0.072512    0.368105  4.53709 	Dead: 0
5.04958   0.0936882   0.475605  4.53709 	Dead: 0
5.03475   0.0766244   0.388981  4.53709 	Dead: 0
5.0004    0.067738    0.34387   4.53709 	Dead: 0
5.05828   0.0895864   0.454783  4.53709 	Dead: 0
5.01904   0.0726125   0.368615  4.53709 	Dead: 0
4.95929   0.060383    0.306532  4.53709 	Dead: 0
5.00833   0.0664068   0.337112  4.53709 	Dead: 0
5.01145   0.0784057   0.398024  4.53709 	Dead: 0
5.00382   0.0737807   0.374545  4.53709 	Dead: 0
4.98188   0.0655151   0.332585  4.53709 	Dead: 0
4.96841   0.0724765   0.367925  4.47036 	Dead: 0
5.01957   0.0844701   0.42881   4.47036 	Dead: 0
4.97725   0.0733209   0.372211  4.47036 	Dead: 0
4.91632   0.0606584   0.30793   4.47036 	Dead: 0
4.94906   0.0759168   0.385389  4.47036 	Dead: 0
4.99146   0.0755599   0.383577  4.47036 	Dead: 0
4.94453   0.0703296   0.357026  4.47036 	Dead: 0
4.95972   0.0780712   0.396326  4.47036 	Dead: 0
4.98139   0.0787109   0.399573  4.47036 	Dead: 0
4.98478   0.0720104   0.365558  4.47036 	Dead: 0
4.92633   0.0657073   0.333561  4.47036 	Dead: 0
4.95849   0.0712128   0.361509  4.47036 	Dead: 0
4.9764    0.0808832   0.410601  4.47036 	Dead: 0
4.91876   0.0674204   0.342257  4.43263 	Dead: 0
4.90559   0.066119    0.335651  4.43263 	Dead: 0
4.90279   0.0665405   0.337791  4.43263 	Dead: 0
4.91601   0.0668654   0.33944   4.43263 	Dead: 0
4.95226   0.0695724   0.353182  4.43263 	Dead: 0
4.96302   0.0683826   0.347142  4.43263 	Dead: 0
4.89724   0.0681102   0.345759  4.43263 	Dead: 0
4.92357   0.0711239   0.361058  4.43263 	Dead: 0
4.91247   0.07068     0.358804  4.43263 	Dead: 0
4.92378   0.0702098   0.356418  4.43263 	Dead: 0
4.95482   0.0775375   0.393617  4.43263 	Dead: 0
4.91951   0.0671365   0.340816  4.43263 	Dead: 0
