7.80431   0.283733    1.44036   4.05154 	Dead: 0
3.09278   0.0511423   0.259622  2.68072 	Dead: 0
2.89156   0.0429685   0.218128  2.50843 	Dead: 0
2.73295   0.0407302   0.206766  2.38239 	Dead: 0
2.71001   0.0463801   0.235447  2.35383 	Dead: 0
2.67444   0.0368028   0.186828  2.35383 	Dead: 0
2.69868   0.0511098   0.259457  2.30514 	Dead: 0
2.6723    0.0435793   0.221229  2.30514 	Dead: 0
2.68497   0.0514209   0.261037  2.30514 	Dead: 0
2.65524   0.0427948   0.217247  2.30514 	Dead: 0
2.64623   0.0437776   0.222236  2.29707 	Dead: 0
2.63846   0.0508003   0.257886  2.29707 	Dead: 0
2.63145   0.0433301   0.219964  2.29707 	Dead: 0
2.62419   0.0483635   0.245516  2.29707 	Dead: 0
2.60664   0.0506294   0.257018  2.29707 	Dead: 0
2.60779   0.0452793   0.229859  2.28701 	Dead: 0
2.58698   0.0395778   0.200916  2.28701 	Dead: 0
2.56661   0.0460653   0.233849  2.27397 	Dead: 0
2.57804   0.0476293   0.241789  2.26372 	Dead: 0
2.52965   0.0475297   0.241283  2.1099  	Dead: 0
2.49218   0.0417326   0.211854  2.1099  	Dead: 0
2.49737   0.0471771   0.239493  2.1099  	Dead: 0
2.43298   0.0426251   0.216385  2.1099  	Dead: 0
2.4511    0.0492665   0.2501    2.10182 	Dead: 0
2.42264   0.0400036   0.203077  2.08463 	Dead: 0
2.41216   0.0402316   0.204235  2.08463 	Dead: 0
2.36488   0.0343195   0.174222  2.07014 	Dead: 0
2.39371   0.0399434   0.202772  2.06206 	Dead: 0
2.36415   0.0379146   0.192472  1.99325 	Dead: 0
2.33541   0.034748    0.176397  1.99325 	Dead: 0
2.34145   0.0372871   0.189287  1.99325 	Dead: 0
2.35497   0.0390138   0.198052  1.99325 	Dead: 0
2.33158   0.0353618   0.179513  1.99325 	Dead: 0
2.33377   0.0361406   0.183467  1.99325 	Dead: 0
2.34355   0.0393713   0.199867  1.99325 	Dead: 0
2.34544   0.0425653   0.216081  1.99325 	Dead: 0
2.32915   0.0342939   0.174092  1.99325 	Dead: 0
2.35515   0.042992    0.218247  1.99325 	Dead: 0
2.33878   0.0353812   0.179612  1.99325 	Dead: 0
2.3197    0.0382603   0.194227  1.99325 	Dead: 0
2.33832   0.0413177   0.209748  1.99325 	Dead: 0
2.32419   0.0340199   0.172701  1.99325 	Dead: 0
2.33058   0.0411705   0.209001  1.99325 	Dead: 0
2.3484    0.0390176   0.198072  1.99325 	Dead: 0
2.33707   0.0424295   0.215392  1.99325 	Dead: 0
2.34205   0.041221    0.209257  1.99325 	Dead: 0
2.31822   0.0393275   0.199645  1.99325 	Dead: 0
2.30468   0.0337074   0.171114  1.99325 	Dead: 0
2.31311   0.038499    0.195439  1.99325 	Dead: 0
2.32937   0.0432248   0.219429  1.99325 	Dead: 0
2.31272   0.03679     0.186763  1.99325 	Dead: 0
2.31664   0.0417406   0.211895  1.99325 	Dead: 0
2.30084   0.0357873   0.181673  1.99325 	Dead: 0
2.31388   0.0395049   0.200545  1.99325 	Dead: 0
2.31846   0.0376476   0.191117  1.99325 	Dead: 0
2.30204   0.0372183   0.188937  1.99325 	Dead: 0
2.3101    0.0379166   0.192482  1.99325 	Dead: 0
2.29675   0.0381294   0.193563  1.99325 	Dead: 0
2.32305   0.0412503   0.209406  1.99325 	Dead: 0
2.31277   0.042058    0.213506  1.99325 	Dead: 0
2.30997   0.0425083   0.215792  1.99325 	Dead: 0
2.32795   0.0400617   0.203372  1.99325 	Dead: 0
2.32784   0.0409106   0.207681  1.99325 	Dead: 0
2.3112    0.0383046   0.194452  1.99325 	Dead: 0
2.31873   0.037834    0.192063  1.99325 	Dead: 0
2.30705   0.0386891   0.196404  1.99325 	Dead: 0
2.32385   0.0401017   0.203575  1.99325 	Dead: 0
2.31879   0.0410129   0.208201  1.99325 	Dead: 0
2.31069   0.0417935   0.212163  1.99325 	Dead: 0
2.31388   0.040938    0.207821  1.99325 	Dead: 0
2.32665   0.0426397   0.216459  1.99325 	Dead: 0
2.30526   0.0406862   0.206542  1.99325 	Dead: 0
2.30077   0.03972     0.201637  1.99325 	Dead: 0
2.30759   0.0424511   0.215501  1.99325 	Dead: 0
2.33468   0.0480431   0.243889  1.99325 	Dead: 0
2.31646   0.0403883   0.20503   1.99325 	Dead: 0
2.30765   0.0415727   0.211042  1.99325 	Dead: 0
2.32836   0.0439803   0.223265  1.99325 	Dead: 0
2.26584   0.0416513   0.211442  1.99325 	Dead: 0
2.26855   0.0379541   0.192673  1.99325 	Dead: 0
2.28922   0.0375604   0.190674  1.99325 	Dead: 0
2.28371   0.0399117   0.20261   1.99325 	Dead: 0
2.32685   0.0437042   0.221863  1.99325 	Dead: 0
2.27973   0.040354    0.204856  1.99325 	Dead: 0
2.29746   0.0409093   0.207675  1.99325 	Dead: 0
2.30017   0.0435894   0.22128   1.99325 	Dead: 0
2.28103   0.0374092   0.189906  1.99325 	Dead: 0
2.30964   0.0431662   0.219132  1.99325 	Dead: 0
2.28811   0.040205    0.204099  1.99325 	Dead: 0
2.26148   0.0367258   0.186437  1.99325 	Dead: 0
2.27857   0.0510654   0.259232  1.98931 	Dead: 0
2.26235   0.0399059   0.202581  1.98931 	Dead: 0
2.25395   0.040908    0.207668  1.98931 	Dead: 0
2.23294   0.0328277   0.166649  1.98931 	Dead: 0
2.25806   0.0376825   0.191294  1.98931 	Dead: 0
2.27771   0.0435883   0.221274  1.98931 	Dead: 0
2.27081   0.0401312   0.203725  1.98931 	Dead: 0
2.2435    0.0403068   0.204616  1.97073 	Dead: 0
2.24662   0.0358495   0.181989  1.97073 	Dead: 0
2.26583   0.0444732   0.225767  1.97073 	Dead: 0
2.23426   0.036354    0.18455   1.97073 	Dead: 0
