7.61312   0.284909    1.44633   4.23829 	Dead: 0
3.0721    0.0497794   0.252704  2.68006 	Dead: 0
2.90504   0.0469336   0.238257  2.55927 	Dead: 0
2.75989   0.0371174   0.188425  2.46228 	Dead: 0
2.73686   0.0454984   0.230971  2.44137 	Dead: 0
2.63306   0.0372623   0.189161  2.34843 	Dead: 0
2.64314   0.0406092   0.206151  2.23676 	Dead: 0
2.63184   0.0431602   0.219101  2.23676 	Dead: 0
2.62308   0.0431298   0.218947  2.23676 	Dead: 0
2.61482   0.0476951   0.242123  2.23676 	Dead: 0
2.61044   0.0491207   0.24936   2.23676 	Dead: 0
2.58218   0.0424383   0.215437  2.23676 	Dead: 0
2.62568   0.0445175   0.225992  2.23676 	Dead: 0
2.60451   0.0514504   0.261186  2.23676 	Dead: 0
2.60776   0.0491389   0.249452  2.23676 	Dead: 0
2.6249    0.0514909   0.261392  2.23676 	Dead: 0
2.60083   0.0470191   0.238691  2.23676 	Dead: 0
2.6088    0.0474693   0.240976  2.23676 	Dead: 0
2.58468   0.0393207   0.19961   2.23676 	Dead: 0
2.60771   0.0461444   0.234251  2.23676 	Dead: 0
2.62507   0.0584532   0.296736  2.23676 	Dead: 0
2.56327   0.0451805   0.229357  2.23676 	Dead: 0
2.55779   0.042735    0.216943  2.13782 	Dead: 0
2.58222   0.0456631   0.231807  2.13782 	Dead: 0
2.57962   0.0487552   0.247504  2.13782 	Dead: 0
2.61358   0.052775    0.26791   2.13782 	Dead: 0
2.58166   0.0449748   0.228313  2.13782 	Dead: 0
2.58018   0.0434205   0.220423  2.13782 	Dead: 0
2.60108   0.0541916   0.275102  2.13782 	Dead: 0
2.60135   0.0497622   0.252616  2.13782 	Dead: 0
2.55726   0.0436794   0.221737  2.13782 	Dead: 0
2.61003   0.0475222   0.241245  2.13782 	Dead: 0
2.55732   0.0457087   0.232039  2.13782 	Dead: 0
2.58121   0.049515    0.251361  2.13782 	Dead: 0
2.57525   0.0492953   0.250246  2.13782 	Dead: 0
2.56714   0.0479292   0.243311  2.13782 	Dead: 0
2.55075   0.0468195   0.237678  2.13782 	Dead: 0
2.56401   0.0492677   0.250106  2.13782 	Dead: 0
2.54497   0.0430009   0.218292  2.13782 	Dead: 0
2.54841   0.0546527   0.277443  2.13782 	Dead: 0
2.54433   0.0552063   0.280253  2.13782 	Dead: 0
2.54201   0.0506685   0.257217  2.13782 	Dead: 0
2.52062   0.0469378   0.238278  2.13782 	Dead: 0
2.53024   0.0473618   0.24043   2.13782 	Dead: 0
2.51652   0.0480111   0.243727  2.13782 	Dead: 0
2.51899   0.0415803   0.211081  2.13782 	Dead: 0
2.51493   0.0460378   0.233709  2.13782 	Dead: 0
2.53024   0.0555429   0.281962  2.12577 	Dead: 0
2.4719    0.0486742   0.247093  2.12577 	Dead: 0
2.49449   0.0478394   0.242855  2.12577 	Dead: 0
2.51936   0.052128    0.264626  2.12577 	Dead: 0
2.461     0.0451552   0.229229  2.12577 	Dead: 0
2.45526   0.0474941   0.241102  2.12577 	Dead: 0
2.45544   0.0467162   0.237153  2.12577 	Dead: 0
2.45709   0.0474445   0.240851  2.12577 	Dead: 0
2.45643   0.0483849   0.245624  2.12577 	Dead: 0
2.39216   0.0367852   0.186739  2.09913 	Dead: 0
2.45238   0.046773    0.237442  2.09913 	Dead: 0
2.41975   0.0418274   0.212336  2.09913 	Dead: 0
2.45869   0.0493505   0.250526  2.09913 	Dead: 0
2.42845   0.0431162   0.218878  2.09913 	Dead: 0
2.41231   0.0463242   0.235163  2.06612 	Dead: 0
2.43781   0.0499183   0.253409  2.06612 	Dead: 0
2.42984   0.0468877   0.238024  2.06612 	Dead: 0
2.43814   0.0504141   0.255925  2.06612 	Dead: 0
2.43728   0.0449398   0.228135  2.06612 	Dead: 0
2.43729   0.0520737   0.26435   2.06612 	Dead: 0
2.43413   0.0514909   0.261392  2.06612 	Dead: 0
2.43144   0.0470497   0.238846  2.06612 	Dead: 0
2.45048   0.0571423   0.290081  2.06612 	Dead: 0
2.42105   0.0461049   0.23405   2.06612 	Dead: 0
2.39045   0.0398534   0.202315  2.06612 	Dead: 0
2.42551   0.0445164   0.225986  2.06612 	Dead: 0
2.41485   0.0428067   0.217307  2.06612 	Dead: 0
2.43774   0.0507812   0.257789  2.06612 	Dead: 0
2.40537   0.0444614   0.225707  2.06612 	Dead: 0
2.42677   0.0472544   0.239885  2.06612 	Dead: 0
2.39991   0.0511468   0.259645  2.0148  	Dead: 0
2.38555   0.0441081   0.223913  2.0148  	Dead: 0
2.38234   0.0448904   0.227885  2.0148  	Dead: 0
2.34594   0.0381789   0.193814  2.0148  	Dead: 0
2.39796   0.0511748   0.259787  2.0148  	Dead: 0
2.35474   0.0368587   0.187112  2.0148  	Dead: 0
2.38466   0.0448108   0.22748   2.0148  	Dead: 0
2.35119   0.0433088   0.219856  1.95927 	Dead: 0
2.37436   0.0418699   0.212551  1.95927 	Dead: 0
2.36456   0.0410445   0.208361  1.95927 	Dead: 0
2.38442   0.0476689   0.241989  1.95927 	Dead: 0
2.35072   0.0411583   0.208939  1.95927 	Dead: 0
2.39298   0.0461997   0.234531  1.95927 	Dead: 0
2.37362   0.0473935   0.240591  1.95927 	Dead: 0
2.38649   0.0487901   0.247681  1.95927 	Dead: 0
2.39461   0.0534424   0.271298  1.95927 	Dead: 0
2.35536   0.0435898   0.221282  1.95927 	Dead: 0
2.36561   0.0484289   0.245848  1.95927 	Dead: 0
2.36862   0.0406244   0.206228  1.95927 	Dead: 0
2.37562   0.0500724   0.254191  1.95927 	Dead: 0
2.35353   0.0414579   0.21046   1.95927 	Dead: 0
2.3638    0.0465577   0.236349  1.95927 	Dead: 0
2.37662   0.0506066   0.256903  1.95927 	Dead: 0
2.34413   0.0430118   0.218348  1.95927 	Dead: 0
