15.0285   0.101325    0.514375  14.104  	Dead: 0
13.1921   0.040501    0.205602  12.7752 	Dead: 0
12.6612   0.0365428   0.185508  12.2996 	Dead: 0
12.5165   0.0387828   0.19688   12.1679 	Dead: 0
12.445    0.0377532   0.191653  12.0387 	Dead: 0
12.4464   0.045291    0.229918  12.0387 	Dead: 0
12.4555   0.0423641   0.21506   12.0387 	Dead: 0
12.438    0.044669    0.226761  12.0387 	Dead: 0
12.3528   0.0392722   0.199364  12.0387 	Dead: 0
12.3013   0.0428466   0.217509  11.9045 	Dead: 0
12.2774   0.0449402   0.228137  11.9045 	Dead: 0
12.2256   0.043593    0.221299  11.8875 	Dead: 0
12.1985   0.0435575   0.221118  11.7584 	Dead: 0
12.1898   0.0505798   0.256767  11.7584 	Dead: 0
12.1517   0.0650504   0.330226  11.7584 	Dead: 0
12.109    0.0495771   0.251677  11.7164 	Dead: 0
12.1025   0.0467973   0.237565  11.6249 	Dead: 0
12.0582   0.0442461   0.224614  11.6249 	Dead: 0
12.0775   0.0506616   0.257182  11.6249 	Dead: 0
12.0499   0.0493979   0.250767  11.6249 	Dead: 0
12.0435   0.0489748   0.248619  11.6249 	Dead: 0
12.0633   0.0567586   0.288133  11.6249 	Dead: 0
12.0742   0.0630996   0.320323  11.589  	Dead: 0
12.0287   0.0542031   0.27516   11.589  	Dead: 0
12.0074   0.0498453   0.253038  11.5686 	Dead: 0
11.979    0.0454176   0.230561  11.5686 	Dead: 0
11.9612   0.0480687   0.244019  11.5686 	Dead: 0
11.9652   0.0484105   0.245754  11.5686 	Dead: 0
11.9538   0.0491569   0.249544  11.5686 	Dead: 0
11.93     0.0486278   0.246858  11.5686 	Dead: 0
11.9042   0.0463663   0.235377  11.3967 	Dead: 0
11.919    0.0491096   0.249303  11.3967 	Dead: 0
11.883    0.0508003   0.257886  11.3967 	Dead: 0
11.8384   0.0467988   0.237573  11.3967 	Dead: 0
11.8262   0.0473649   0.240446  11.3967 	Dead: 0
11.8294   0.051424    0.261052  11.3967 	Dead: 0
11.8242   0.0521006   0.264487  11.3967 	Dead: 0
11.8083   0.0566769   0.287719  11.3559 	Dead: 0
11.786    0.0499804   0.253724  11.3559 	Dead: 0
11.7783   0.0618267   0.313861  11.3559 	Dead: 0
11.8045   0.0715653   0.363299  11.3559 	Dead: 0
11.7272   0.0439532   0.223127  11.3559 	Dead: 0
11.7626   0.0604656   0.306952  11.3559 	Dead: 0
11.7542   0.0551989   0.280215  11.3559 	Dead: 0
11.7379   0.0649103   0.329515  11.2846 	Dead: 0
11.7571   0.0551256   0.279843  11.2846 	Dead: 0
11.7354   0.0541202   0.27474   11.2846 	Dead: 0
11.744    0.061115    0.310248  11.2846 	Dead: 0
11.7469   0.058995    0.299486  11.2846 	Dead: 0
11.787    0.0764591   0.388142  11.2846 	Dead: 0
11.7172   0.0516551   0.262225  11.2846 	Dead: 0
11.7286   0.0659174   0.334628  11.1798 	Dead: 0
11.6941   0.0500048   0.253848  11.1798 	Dead: 0
11.7033   0.0554536   0.281509  11.1798 	Dead: 0
11.6794   0.0521058   0.264513  11.1798 	Dead: 0
11.6421   0.0514233   0.261049  11.1198 	Dead: 0
11.6282   0.0527332   0.267698  11.1198 	Dead: 0
11.6331   0.0600189   0.304684  11.1198 	Dead: 0
11.5748   0.0462555   0.234815  11.1198 	Dead: 0
11.5608   0.0466569   0.236852  11.1198 	Dead: 0
11.6059   0.0550141   0.279277  11.1198 	Dead: 0
11.6      0.0592203   0.30063   11.1198 	Dead: 0
11.5907   0.0570891   0.289811  11.1198 	Dead: 0
11.5516   0.0522981   0.26549   11.0552 	Dead: 0
11.514    0.0549823   0.279116  11.0552 	Dead: 0
11.5218   0.0568339   0.288516  11.0552 	Dead: 0
11.4936   0.0585361   0.297157  10.9838 	Dead: 0
11.4718   0.0513195   0.260522  10.9838 	Dead: 0
11.5041   0.0624559   0.317055  10.9838 	Dead: 0
11.5142   0.0605361   0.307309  10.9838 	Dead: 0
11.4795   0.0568473   0.288584  10.9838 	Dead: 0
11.472    0.0544899   0.276616  10.9838 	Dead: 0
11.465    0.0528749   0.268418  10.9838 	Dead: 0
11.4514   0.0541391   0.274835  10.9838 	Dead: 0
11.4933   0.0686926   0.348716  10.9838 	Dead: 0
11.4859   0.0628475   0.319043  10.9838 	Dead: 0
11.433    0.054833    0.278358  10.9838 	Dead: 0
11.4294   0.053863    0.273433  10.9838 	Dead: 0
11.455    0.0571438   0.290089  10.9838 	Dead: 0
11.4601   0.0660429   0.335265  10.9838 	Dead: 0
11.3999   0.0522822   0.265409  10.9838 	Dead: 0
11.4375   0.0564565   0.2866    10.9838 	Dead: 0
11.458    0.0574416   0.291601  10.9838 	Dead: 0
11.4381   0.0561202   0.284892  10.9838 	Dead: 0
11.4405   0.0663071   0.336606  10.9838 	Dead: 0
11.443    0.0745522   0.378462  10.9565 	Dead: 0
11.4148   0.0585989   0.297475  10.9565 	Dead: 0
11.4349   0.0707558   0.359189  10.9565 	Dead: 0
11.4036   0.0567987   0.288337  10.9565 	Dead: 0
11.4015   0.0555368   0.281931  10.9565 	Dead: 0
11.4177   0.0614785   0.312094  10.9565 	Dead: 0
11.4424   0.059683    0.302979  10.9565 	Dead: 0
11.4149   0.0537365   0.272792  10.9565 	Dead: 0
11.4084   0.0587963   0.298478  10.9109 	Dead: 0
11.4276   0.0596383   0.302752  10.9109 	Dead: 0
11.4261   0.0678443   0.344409  10.9109 	Dead: 0
11.4298   0.0643802   0.326824  10.8785 	Dead: 0
11.3774   0.055715    0.282835  10.8785 	Dead: 0
11.407    0.0638566   0.324166  10.8785 	Dead: 0
11.4122   0.0622857   0.316192  10.8785 	Dead: 0
11.4337   0.0736079   0.373668  10.8785 	Dead: 0
