0   8.67233   0.0683317   0.346884  7.86629 	Dead: 0
1   7.59764   0.0483893   0.245647  7.23924 	Dead: 0
2   7.39957   0.0586978   0.297977  6.79014 	Dead: 0
3   7.36522   0.0742153   0.376752  6.79014 	Dead: 0
4   7.30739   0.0864628   0.438925  6.63521 	Dead: 0
5   7.15704   0.0915125   0.46456   6.50401 	Dead: 0
6   7.03763   0.0942386   0.478399  6.32435 	Dead: 0
7   7.06696   0.111615    0.566607  6.28922 	Dead: 0
8   7.06917   0.115827    0.587992  6.28922 	Dead: 0
9   6.99626   0.124609    0.632573  6.18353 	Dead: 0
10  6.80373   0.114547    0.581493  6.01402 	Dead: 0
11  6.89247   0.126772    0.643553  5.99306 	Dead: 0
12  6.85794   0.122587    0.622307  5.99306 	Dead: 0
13  6.88424   0.125949    0.639377  5.99306 	Dead: 0
14  6.91449   0.137733    0.699196  5.99306 	Dead: 0
15  6.87869   0.135902    0.6899    5.9523  	Dead: 0
16  6.82166   0.131786    0.669006  5.91621 	Dead: 0
17  6.85148   0.144484    0.733467  5.91621 	Dead: 0
18  6.82485   0.144938    0.735773  5.91621 	Dead: 0
19  6.8059    0.132218    0.671199  5.91621 	Dead: 0
20  6.83406   0.135303    0.686862  5.91621 	Dead: 0
21  6.83653   0.135859    0.689684  5.91621 	Dead: 0
22  6.72662   0.129597    0.657893  5.91621 	Dead: 0
23  6.77709   0.134701    0.683803  5.91621 	Dead: 0
24  6.82747   0.139775    0.709562  5.75889 	Dead: 0
25  6.81238   0.140255    0.712002  5.75889 	Dead: 0
26  6.66737   0.140936    0.715455  5.75889 	Dead: 0
27  6.84523   0.139046    0.705864  5.75889 	Dead: 0
28  6.92355   0.151487    0.76902   5.75889 	Dead: 0
29  6.88487   0.144712    0.734624  5.75889 	Dead: 0
30  6.65628   0.137622    0.698631  5.75889 	Dead: 0
31  6.75175   0.133172    0.676043  5.75889 	Dead: 0
32  6.75612   0.148335    0.753018  5.75889 	Dead: 0
33  6.65415   0.125539    0.637293  5.75889 	Dead: 0
34  6.86096   0.147328    0.747903  5.75889 	Dead: 0
35  6.74729   0.1454      0.738119  5.75889 	Dead: 0
36  6.84028   0.148168    0.75217   5.75889 	Dead: 0
37  6.84802   0.145268    0.73745   5.75889 	Dead: 0
38  6.78139   0.146859    0.745525  5.75889 	Dead: 0
39  6.82172   0.139938    0.710389  5.75889 	Dead: 0
40  6.75792   0.139776    0.709569  5.75889 	Dead: 0
41  6.82259   0.141676    0.719212  5.75889 	Dead: 0
42  6.78442   0.134976    0.685199  5.75889 	Dead: 0
43  6.67195   0.138218    0.701659  5.75889 	Dead: 0
44  6.88344   0.147722    0.749904  5.75889 	Dead: 0
45  6.85331   0.142783    0.724832  5.75889 	Dead: 0
46  6.83278   0.141112    0.71635   5.75889 	Dead: 0
47  6.81576   0.139506    0.708197  5.75889 	Dead: 0
48  6.82354   0.132979    0.675063  5.75889 	Dead: 0
49  6.77932   0.14547     0.738474  5.75889 	Dead: 0
50  6.82432   0.142656    0.724186  5.75889 	Dead: 0
51  6.80868   0.142568    0.723743  5.75889 	Dead: 0
52  6.79878   0.153071    0.777061  5.75889 	Dead: 0
53  6.78442   0.142862    0.725232  5.75889 	Dead: 0
54  6.74928   0.149916    0.761043  5.75889 	Dead: 0
55  6.79062   0.143457    0.728253  5.75889 	Dead: 0
56  6.81778   0.145115    0.736673  5.75889 	Dead: 0
57  6.72537   0.156155    0.792717  5.75889 	Dead: 0
58  6.86041   0.145417    0.738203  5.75889 	Dead: 0
59  6.7556    0.135768    0.68922   5.75889 	Dead: 0
60  6.6944    0.142729    0.724561  5.75889 	Dead: 0
61  6.81339   0.144378    0.732928  5.75889 	Dead: 0
62  6.75884   0.143695    0.729461  5.75889 	Dead: 0
63  6.74719   0.144       0.731012  5.75889 	Dead: 0
64  6.78971   0.13959     0.708622  5.75889 	Dead: 0
65  6.78202   0.142901    0.725432  5.75889 	Dead: 0
66  6.76315   0.148215    0.75241   5.75889 	Dead: 0
67  6.79274   0.145562    0.73894   5.69184 	Dead: 0
68  6.68323   0.143732    0.729653  5.69184 	Dead: 0
69  6.74738   0.143488    0.728414  5.69184 	Dead: 0
70  6.77283   0.149028    0.756536  5.69184 	Dead: 0
71  6.76013   0.145082    0.736506  5.69184 	Dead: 0
72  6.85389   0.153762    0.78057   5.69184 	Dead: 0
73  6.79399   0.145474    0.738495  5.69184 	Dead: 0
74  6.65501   0.133835    0.679407  5.69184 	Dead: 0
75  6.7972    0.150558    0.764305  5.69184 	Dead: 0
76  6.80162   0.154987    0.786784  5.69184 	Dead: 0
77  6.7374    0.136121    0.691015  5.69184 	Dead: 0
78  6.71738   0.142786    0.724848  5.69184 	Dead: 0
79  6.74464   0.140547    0.713481  5.69184 	Dead: 0
80  6.73262   0.143261    0.727261  5.69184 	Dead: 0
81  6.5829    0.141947    0.720588  5.69184 	Dead: 0
82  6.81874   0.156918    0.796589  5.69184 	Dead: 0
83  6.72106   0.142586    0.723831  5.69184 	Dead: 0
84  6.74919   0.14547     0.738474  5.69184 	Dead: 0
85  6.79783   0.158716    0.805716  5.69184 	Dead: 0
86  6.77668   0.145105    0.736618  5.69184 	Dead: 0
87  6.74139   0.143442    0.728179  5.69184 	Dead: 0
88  6.85353   0.143395    0.72794   5.69184 	Dead: 0
89  6.6982    0.147186    0.747186  5.69184 	Dead: 0
90  6.78265   0.156777    0.795874  5.69184 	Dead: 0
91  6.61964   0.139534    0.708339  5.69184 	Dead: 0
92  6.71228   0.141149    0.716537  5.69184 	Dead: 0
93  6.76723   0.147952    0.751075  5.69184 	Dead: 0
94  6.75076   0.150396    0.763479  5.69184 	Dead: 0
95  6.77224   0.151696    0.77008   5.69184 	Dead: 0
96  6.72274   0.144524    0.733669  5.69184 	Dead: 0
97  6.7485    0.149482    0.758838  5.69184 	Dead: 0
98  6.76306   0.144153    0.73179   5.69184 	Dead: 0
99  6.76844   0.141783    0.719757  5.69184 	Dead: 0
100 6.64252   0.144421    0.733149  5.69184 	Dead: 0
