6.62352   0.118975    0.603971  5.1716  	Dead: 0
3.67301   0.043508    0.220867  3.34622 	Dead: 0
3.32661   0.046305    0.235066  2.77314 	Dead: 0
2.98181   0.0319578   0.162233  2.75461 	Dead: 0
2.87594   0.027988    0.14208   2.60616 	Dead: 0
2.87388   0.0345872   0.175581  2.60616 	Dead: 0
2.84128   0.033423    0.169671  2.60616 	Dead: 0
2.8105    0.0318139   0.161502  2.60616 	Dead: 0
2.81489   0.0368444   0.187039  2.54205 	Dead: 0
2.78389   0.034278    0.174011  2.54205 	Dead: 0
2.75952   0.029507    0.149791  2.51202 	Dead: 0
2.76975   0.0393285   0.19965   2.47768 	Dead: 0
2.751     0.0418368   0.212383  2.47768 	Dead: 0
2.7459    0.0417497   0.211941  2.47768 	Dead: 0
2.72383   0.0365169   0.185377  2.46364 	Dead: 0
2.69687   0.0376264   0.191009  2.36023 	Dead: 0
2.69921   0.0388365   0.197152  2.36023 	Dead: 0
2.67483   0.0406176   0.206194  2.36023 	Dead: 0
2.63917   0.0397827   0.201956  2.36023 	Dead: 0
2.62061   0.0380253   0.193034  2.36023 	Dead: 0
2.55628   0.0308868   0.156796  2.36023 	Dead: 0
2.54879   0.034625    0.175773  2.33494 	Dead: 0
2.52803   0.0340614   0.172912  2.33494 	Dead: 0
2.54402   0.0346959   0.176133  2.27874 	Dead: 0
2.52612   0.0340664   0.172937  2.27874 	Dead: 0
2.52196   0.036922    0.187433  2.26723 	Dead: 0
2.53088   0.0420953   0.213695  2.26723 	Dead: 0
2.50578   0.0317857   0.161359  2.24971 	Dead: 0
2.50243   0.0310126   0.157434  2.24971 	Dead: 0
2.52645   0.0401898   0.204022  2.24971 	Dead: 0
2.50589   0.0363863   0.184714  2.24971 	Dead: 0
2.47616   0.0322192   0.16356   2.22116 	Dead: 0
2.48381   0.0350172   0.177764  2.22116 	Dead: 0
2.47785   0.0344606   0.174938  2.22116 	Dead: 0
2.4406    0.0285241   0.144801  2.22116 	Dead: 0
2.47027   0.0348139   0.176732  2.22116 	Dead: 0
2.4474    0.0345842   0.175566  2.22116 	Dead: 0
2.43007   0.0326237   0.165613  2.22116 	Dead: 0
2.41853   0.0293715   0.149104  2.22116 	Dead: 0
2.43141   0.0377492   0.191633  2.22116 	Dead: 0
2.4206    0.0329058   0.167045  2.15359 	Dead: 0
2.41956   0.0364355   0.184963  2.15359 	Dead: 0
2.38954   0.0281392   0.142848  2.15359 	Dead: 0
2.41488   0.0382254   0.19405   2.15359 	Dead: 0
2.41879   0.0336368   0.170756  2.15359 	Dead: 0
2.39838   0.0368933   0.187288  2.15359 	Dead: 0
2.40625   0.0347587   0.176452  2.15359 	Dead: 0
2.40244   0.0368352   0.186993  2.15359 	Dead: 0
2.38817   0.0378571   0.19218   2.15359 	Dead: 0
2.36972   0.0314492   0.159651  2.13173 	Dead: 0
2.40756   0.0428744   0.21765   2.09026 	Dead: 0
2.32667   0.0268237   0.13617   2.09026 	Dead: 0
2.35292   0.0384341   0.195109  2.09026 	Dead: 0
2.32205   0.0367497   0.186559  2.07853 	Dead: 0
2.32755   0.0379675   0.192741  2.07853 	Dead: 0
2.30591   0.0331247   0.168156  2.07853 	Dead: 0
2.32009   0.039773    0.201906  2.07853 	Dead: 0
2.31802   0.0316705   0.160774  2.07853 	Dead: 0
2.30965   0.036013    0.182819  2.07853 	Dead: 0
2.30653   0.0373735   0.189725  2.07853 	Dead: 0
2.30327   0.0364666   0.185121  2.07853 	Dead: 0
2.29736   0.0323291   0.164117  2.07015 	Dead: 0
2.29682   0.0365852   0.185724  2.07015 	Dead: 0
2.29841   0.0324968   0.164969  2.07015 	Dead: 0
2.29494   0.0311836   0.158303  2.07015 	Dead: 0
2.27244   0.0324675   0.16482   2.02096 	Dead: 0
2.26461   0.0381362   0.193597  1.98509 	Dead: 0
2.29253   0.0452512   0.229716  1.98049 	Dead: 0
2.28866   0.0396277   0.201169  1.98049 	Dead: 0
2.25372   0.0303502   0.154072  1.98049 	Dead: 0
2.24702   0.0337303   0.171231  1.98049 	Dead: 0
2.26114   0.0403762   0.204968  1.98049 	Dead: 0
2.25252   0.0315998   0.160415  1.98049 	Dead: 0
2.26108   0.0336781   0.170966  1.98049 	Dead: 0
2.26144   0.040259    0.204373  1.98049 	Dead: 0
2.26837   0.0407627   0.206931  1.98049 	Dead: 0
2.24179   0.0299591   0.152086  1.98049 	Dead: 0
2.24703   0.033596    0.170549  1.98049 	Dead: 0
2.25204   0.0350164   0.17776   1.96348 	Dead: 0
2.25165   0.0411672   0.208984  1.96348 	Dead: 0
2.23351   0.0427628   0.217084  1.96348 	Dead: 0
2.22871   0.0354195   0.179806  1.96348 	Dead: 0
2.20887   0.0313192   0.158991  1.96348 	Dead: 0
2.24164   0.0342408   0.173822  1.96348 	Dead: 0
2.23749   0.0457283   0.232138  1.96348 	Dead: 0
2.22172   0.0402684   0.204421  1.96348 	Dead: 0
2.20048   0.0324956   0.164963  1.96348 	Dead: 0
2.2103    0.0356887   0.181172  1.9596  	Dead: 0
2.21619   0.0384806   0.195346  1.9596  	Dead: 0
2.20133   0.0353902   0.179657  1.95262 	Dead: 0
2.18911   0.0344749   0.175011  1.95262 	Dead: 0
2.18945   0.0368726   0.187182  1.94894 	Dead: 0
2.1853    0.035462    0.180022  1.94894 	Dead: 0
2.18092   0.0376417   0.191087  1.93041 	Dead: 0
2.17403   0.0299358   0.151968  1.93041 	Dead: 0
2.18148   0.0365452   0.185521  1.93041 	Dead: 0
2.15323   0.0291096   0.147774  1.93041 	Dead: 0
2.17184   0.0348095   0.176709  1.93041 	Dead: 0
2.16553   0.0315518   0.160172  1.93041 	Dead: 0
2.17072   0.028584    0.145106  1.93041 	Dead: 0
2.18868   0.0341274   0.173247  1.91957 	Dead: 0
