6.56881   0.129276    0.656266  4.8187  	Dead: 0
3.58721   0.0363874   0.184719  3.26714 	Dead: 0
3.20454   0.0250894   0.127365  2.97258 	Dead: 0
3.12407   0.0253365   0.12862   2.838   	Dead: 0
3.10858   0.0284531   0.144441  2.838   	Dead: 0
3.09042   0.0305494   0.155083  2.838   	Dead: 0
3.0777    0.0257015   0.130473  2.838   	Dead: 0
3.06938   0.0314158   0.159481  2.838   	Dead: 0
3.03473   0.025557    0.129739  2.7719  	Dead: 0
2.99268   0.0291907   0.148186  2.7719  	Dead: 0
2.94447   0.0304448   0.154552  2.69369 	Dead: 0
2.92464   0.0280845   0.14257   2.69369 	Dead: 0
2.92099   0.0348586   0.176959  2.69369 	Dead: 0
2.88635   0.0271784   0.13797   2.69369 	Dead: 0
2.87495   0.0288808   0.146612  2.64641 	Dead: 0
2.84305   0.0270787   0.137464  2.62671 	Dead: 0
2.81878   0.0296795   0.150667  2.59744 	Dead: 0
2.77525   0.0289526   0.146977  2.53057 	Dead: 0
2.68052   0.0259454   0.131711  2.4861  	Dead: 0
2.69468   0.0330268   0.16766   2.33011 	Dead: 0
2.65723   0.0281253   0.142777  2.33011 	Dead: 0
2.63463   0.0234277   0.11893   2.33011 	Dead: 0
2.6604    0.0320763   0.162835  2.33011 	Dead: 0
2.6499    0.027336    0.13877   2.33011 	Dead: 0
2.67322   0.0335339   0.170234  2.33011 	Dead: 0
2.65092   0.0316433   0.160636  2.33011 	Dead: 0
2.63614   0.0293059   0.148771  2.33011 	Dead: 0
2.62066   0.024042    0.122049  2.33011 	Dead: 0
2.65958   0.0318244   0.161555  2.33011 	Dead: 0
2.64007   0.0308308   0.156511  2.33011 	Dead: 0
2.63333   0.0358578   0.182031  2.33011 	Dead: 0
2.60104   0.0293433   0.14896   2.33011 	Dead: 0
2.61098   0.0303733   0.154189  2.33011 	Dead: 0
2.59454   0.0300901   0.152752  2.33011 	Dead: 0
2.59212   0.0303019   0.153827  2.33011 	Dead: 0
2.59      0.0307712   0.156209  2.33011 	Dead: 0
2.58275   0.0282279   0.143298  2.33011 	Dead: 0
2.58637   0.0293402   0.148945  2.33011 	Dead: 0
2.57754   0.0292989   0.148735  2.33011 	Dead: 0
2.57871   0.031586    0.160345  2.33011 	Dead: 0
2.57932   0.0314228   0.159517  2.33011 	Dead: 0
2.6053    0.0432204   0.219407  2.33011 	Dead: 0
2.56043   0.0274001   0.139096  2.33011 	Dead: 0
2.57598   0.0338242   0.171707  2.33011 	Dead: 0
2.57367   0.0332148   0.168614  2.33011 	Dead: 0
2.56025   0.0299747   0.152165  2.33011 	Dead: 0
2.55357   0.0289019   0.146719  2.33011 	Dead: 0
2.58228   0.0385389   0.195642  2.33011 	Dead: 0
2.58544   0.0432894   0.219757  2.33011 	Dead: 0
2.5814    0.0381814   0.193826  2.33011 	Dead: 0
2.56393   0.035205    0.178717  2.33011 	Dead: 0
2.56454   0.0317246   0.161049  2.33011 	Dead: 0
2.55852   0.030714    0.155919  2.32702 	Dead: 0
2.57485   0.0387089   0.196505  2.30076 	Dead: 0
2.55926   0.0361187   0.183355  2.30076 	Dead: 0
2.5687    0.0370898   0.188285  2.30076 	Dead: 0
2.57109   0.0354401   0.179911  2.30076 	Dead: 0
2.57646   0.0396349   0.201205  2.30076 	Dead: 0
2.56213   0.0357575   0.181522  2.30076 	Dead: 0
2.53163   0.0324068   0.164512  2.28623 	Dead: 0
2.53422   0.0363805   0.184684  2.24258 	Dead: 0
2.53187   0.0406994   0.206609  2.24258 	Dead: 0
2.49547   0.034851    0.17692   2.24258 	Dead: 0
2.43      0.0391274   0.198629  2.15116 	Dead: 0
2.33303   0.0468001   0.237579  2.06344 	Dead: 0
2.24841   0.0405487   0.205844  1.96434 	Dead: 0
2.18904   0.0327356   0.166181  1.93361 	Dead: 0
2.13528   0.0356358   0.180904  1.89521 	Dead: 0
2.11815   0.0330566   0.167811  1.89521 	Dead: 0
2.12051   0.0306333   0.155509  1.89521 	Dead: 0
2.14821   0.0410152   0.208212  1.89521 	Dead: 0
2.13518   0.0407936   0.207088  1.89017 	Dead: 0
2.09466   0.0270142   0.137137  1.89017 	Dead: 0
2.11563   0.0349556   0.177451  1.89017 	Dead: 0
2.11135   0.0358355   0.181918  1.89008 	Dead: 0
2.12381   0.038099    0.193408  1.89008 	Dead: 0
2.10831   0.0384856   0.195371  1.89008 	Dead: 0
2.08533   0.0287359   0.145877  1.89008 	Dead: 0
2.09585   0.0323817   0.164385  1.89008 	Dead: 0
2.08978   0.0315117   0.159968  1.89008 	Dead: 0
2.10159   0.0337635   0.171399  1.89008 	Dead: 0
2.12462   0.0484145   0.245775  1.89008 	Dead: 0
2.08794   0.0296533   0.150534  1.89008 	Dead: 0
2.07764   0.0333903   0.169505  1.89008 	Dead: 0
2.10089   0.0363653   0.184607  1.88322 	Dead: 0
2.07888   0.0309694   0.157215  1.88322 	Dead: 0
2.06852   0.032691    0.165955  1.88322 	Dead: 0
2.09268   0.0400378   0.203251  1.86591 	Dead: 0
2.0949    0.036637    0.185986  1.86591 	Dead: 0
2.10057   0.0466395   0.236764  1.86591 	Dead: 0
2.07956   0.0335696   0.170415  1.86089 	Dead: 0
2.11605   0.0477566   0.242435  1.85641 	Dead: 0
2.13537   0.0472223   0.239723  1.83653 	Dead: 0
2.09572   0.0427056   0.216794  1.82315 	Dead: 0
2.04985   0.0273259   0.138719  1.82315 	Dead: 0
2.08222   0.0407552   0.206892  1.82315 	Dead: 0
2.07919   0.0387682   0.196806  1.82315 	Dead: 0
2.06873   0.0346662   0.175982  1.82315 	Dead: 0
2.06447   0.0295776   0.15015   1.82315 	Dead: 0
2.04646   0.0307745   0.156226  1.81473 	Dead: 0
2.07199   0.0387681   0.196805  1.81473 	Dead: 0
