6.61942   0.129761    0.65873   4.81417 	Dead: 0
3.13867   0.0337278   0.171218  2.78425 	Dead: 0
2.89046   0.0288359   0.146385  2.68894 	Dead: 0
2.73804   0.0341981   0.173606  2.51372 	Dead: 0
2.68581   0.0284637   0.144495  2.45825 	Dead: 0
2.64224   0.0338171   0.171671  2.40697 	Dead: 0
2.51126   0.0252464   0.128163  2.29851 	Dead: 0
2.4891    0.025884    0.131399  2.27058 	Dead: 0
2.48231   0.0331846   0.16846   2.27058 	Dead: 0
2.46653   0.0244971   0.124359  2.2607  	Dead: 0
2.46802   0.0379509   0.192657  2.2607  	Dead: 0
2.44663   0.0277735   0.140991  2.2413  	Dead: 0
2.44      0.0295962   0.150244  2.18369 	Dead: 0
2.45582   0.0344209   0.174737  2.18369 	Dead: 0
2.40031   0.0249444   0.126629  2.18369 	Dead: 0
2.44351   0.0384262   0.195069  2.18369 	Dead: 0
2.37881   0.0275899   0.140059  2.11972 	Dead: 0
2.40426   0.0326768   0.165883  2.11972 	Dead: 0
2.34491   0.0300373   0.152483  2.11972 	Dead: 0
2.34032   0.0347071   0.17619   2.08314 	Dead: 0
2.32798   0.0411599   0.208947  2.08314 	Dead: 0
2.34025   0.0428297   0.217424  2.03276 	Dead: 0
2.28617   0.0466972   0.237057  2.03276 	Dead: 0
2.24788   0.0323044   0.163992  2.03276 	Dead: 0
2.26241   0.0425962   0.216238  1.96736 	Dead: 0
2.22778   0.0303774   0.15421   1.96736 	Dead: 0
2.23167   0.0312217   0.158496  1.96736 	Dead: 0
2.24635   0.0418169   0.212282  1.96736 	Dead: 0
2.22135   0.0335326   0.170227  1.96736 	Dead: 0
2.24205   0.0510401   0.259103  1.96736 	Dead: 0
2.21294   0.0270552   0.137345  1.96736 	Dead: 0
2.22225   0.0421848   0.21415   1.96736 	Dead: 0
2.20567   0.0305231   0.154949  1.96736 	Dead: 0
2.22725   0.0388463   0.197202  1.96736 	Dead: 0
2.21786   0.0312548   0.158664  1.96736 	Dead: 0
2.20754   0.0313189   0.158989  1.96736 	Dead: 0
2.22481   0.0376473   0.191115  1.96736 	Dead: 0
2.2149    0.0303297   0.153968  1.96736 	Dead: 0
2.22618   0.0460875   0.233962  1.96736 	Dead: 0
2.20982   0.0310714   0.157733  1.96736 	Dead: 0
2.21895   0.0368639   0.187138  1.96736 	Dead: 0
2.19833   0.0316988   0.160918  1.96736 	Dead: 0
2.20169   0.0310235   0.15749   1.96736 	Dead: 0
2.21043   0.0298143   0.151351  1.96736 	Dead: 0
2.20247   0.0299742   0.152163  1.96736 	Dead: 0
2.20823   0.0389969   0.197967  1.96141 	Dead: 0
2.22751   0.044945    0.228162  1.96141 	Dead: 0
2.18792   0.0323842   0.164397  1.96141 	Dead: 0
2.19915   0.0356801   0.181129  1.96141 	Dead: 0
2.21074   0.0368312   0.186972  1.96141 	Dead: 0
2.19109   0.0328314   0.166668  1.96141 	Dead: 0
2.17157   0.0292127   0.148297  1.88643 	Dead: 0
2.19244   0.0378025   0.191903  1.88643 	Dead: 0
2.19597   0.0312669   0.158725  1.88643 	Dead: 0
2.20573   0.0394217   0.200123  1.88643 	Dead: 0
2.20659   0.0365974   0.185785  1.88643 	Dead: 0
2.22024   0.0404183   0.205182  1.88643 	Dead: 0
2.19078   0.0326227   0.165608  1.88643 	Dead: 0
2.20951   0.0394161   0.200095  1.88643 	Dead: 0
2.19799   0.0332374   0.168729  1.88643 	Dead: 0
2.20187   0.0339049   0.172117  1.88643 	Dead: 0
2.18381   0.0302232   0.153427  1.88643 	Dead: 0
2.1656    0.0268073   0.136086  1.88643 	Dead: 0
2.18873   0.040214    0.204145  1.88643 	Dead: 0
2.20571   0.0431211   0.218903  1.88643 	Dead: 0
2.16931   0.0310223   0.157484  1.88643 	Dead: 0
2.19461   0.0377968   0.191874  1.88643 	Dead: 0
2.20078   0.0459698   0.233364  1.88643 	Dead: 0
2.18721   0.0348971   0.177154  1.88643 	Dead: 0
2.16923   0.0349907   0.177629  1.88643 	Dead: 0
2.18102   0.0371951   0.18882   1.88643 	Dead: 0
2.20096   0.0374201   0.189962  1.88643 	Dead: 0
2.23263   0.045258    0.229751  1.88643 	Dead: 0
2.18997   0.0415775   0.211067  1.88643 	Dead: 0
2.17009   0.0368675   0.187157  1.88352 	Dead: 0
2.16546   0.0364681   0.185129  1.88352 	Dead: 0
2.16315   0.0345986   0.175638  1.88352 	Dead: 0
2.18107   0.0374358   0.190042  1.88352 	Dead: 0
2.17358   0.0407436   0.206834  1.88352 	Dead: 0
2.14457   0.028976    0.147096  1.88352 	Dead: 0
2.18592   0.0442364   0.224564  1.88352 	Dead: 0
2.17631   0.046763    0.237391  1.88352 	Dead: 0
2.15926   0.030853    0.156624  1.88352 	Dead: 0
2.17466   0.0470206   0.238699  1.88352 	Dead: 0
2.15828   0.0390412   0.198191  1.88352 	Dead: 0
2.17878   0.0439218   0.222968  1.88352 	Dead: 0
2.13309   0.0271608   0.137881  1.88352 	Dead: 0
2.13978   0.0336776   0.170963  1.88352 	Dead: 0
2.13752   0.0314695   0.159754  1.88352 	Dead: 0
2.13647   0.0285387   0.144876  1.88352 	Dead: 0
2.14134   0.0273269   0.138724  1.88352 	Dead: 0
2.14252   0.0290129   0.147283  1.88352 	Dead: 0
2.13948   0.0345991   0.175641  1.88352 	Dead: 0
2.1364    0.036077    0.183144  1.88352 	Dead: 0
2.14521   0.0351952   0.178667  1.88352 	Dead: 0
2.11933   0.0285894   0.145133  1.88352 	Dead: 0
2.1571    0.0467638   0.237395  1.88352 	Dead: 0
2.12975   0.0322943   0.163941  1.88352 	Dead: 0
2.11466   0.0291159   0.147806  1.88352 	Dead: 0
2.11734   0.0288953   0.146686  1.88352 	Dead: 0
2.11268   0.0279502   0.141888  1.88352 	Dead: 0
