10.4382   0.0592774   0.30092   9.73922 	Dead: 0
9.71517   0.0364602   0.185089  9.31132 	Dead: 0
9.56642   0.0473825   0.240536  9.21131 	Dead: 0
9.5187    0.0472905   0.240069  9.19357 	Dead: 0
9.45702   0.0376175   0.190964  9.07562 	Dead: 0
9.44239   0.0436685   0.221682  9.07562 	Dead: 0
9.44161   0.0452683   0.229803  9.07562 	Dead: 0
9.37191   0.0433466   0.220047  9.05536 	Dead: 0
9.36743   0.047447    0.240863  9.05536 	Dead: 0
9.34158   0.049433    0.250945  9.02812 	Dead: 0
9.34646   0.0501386   0.254527  9.0157  	Dead: 0
9.31606   0.0465643   0.236382  9.0157  	Dead: 0
9.35353   0.0514426   0.261147  9.0157  	Dead: 0
9.30377   0.0458421   0.232716  9.0157  	Dead: 0
9.30997   0.0501214   0.254439  8.99372 	Dead: 0
9.32702   0.0526087   0.267067  8.99372 	Dead: 0
9.28788   0.0495574   0.251577  8.89516 	Dead: 0
9.30556   0.0558848   0.283697  8.89516 	Dead: 0
9.31862   0.055187    0.280155  8.89516 	Dead: 0
9.27787   0.0507501   0.257631  8.89516 	Dead: 0
9.3015    0.0539873   0.274065  8.89516 	Dead: 0
9.2524    0.051927    0.263606  8.89516 	Dead: 0
9.2829    0.0543896   0.276107  8.82708 	Dead: 0
9.28067   0.0521701   0.26484   8.82708 	Dead: 0
9.27219   0.051394    0.2609    8.82708 	Dead: 0
9.25688   0.0550749   0.279586  8.82708 	Dead: 0
9.31662   0.0588483   0.298742  8.82708 	Dead: 0
9.28123   0.0552386   0.280417  8.82708 	Dead: 0
9.28368   0.0553812   0.281141  8.82708 	Dead: 0
9.25501   0.0531994   0.270065  8.82708 	Dead: 0
9.25647   0.0553247   0.280854  8.78424 	Dead: 0
9.23436   0.0519458   0.263701  8.78424 	Dead: 0
9.18705   0.0470882   0.239041  8.78424 	Dead: 0
9.22544   0.0554906   0.281696  8.78424 	Dead: 0
9.21392   0.0544312   0.276318  8.78424 	Dead: 0
9.20979   0.0544349   0.276337  8.78424 	Dead: 0
9.22651   0.0544958   0.276646  8.78424 	Dead: 0
9.21338   0.0534416   0.271295  8.78424 	Dead: 0
9.20079   0.0542558   0.275428  8.78424 	Dead: 0
9.23027   0.0604699   0.306974  8.78424 	Dead: 0
9.21095   0.0562833   0.285721  8.78424 	Dead: 0
9.2158    0.0609247   0.309282  8.78424 	Dead: 0
9.24653   0.0649022   0.329474  8.78424 	Dead: 0
9.20812   0.0547498   0.277935  8.78424 	Dead: 0
9.20935   0.0569818   0.289266  8.78424 	Dead: 0
9.23905   0.0583256   0.296088  8.71002 	Dead: 0
9.21226   0.0574396   0.29159   8.71002 	Dead: 0
9.25112   0.0617786   0.313617  8.71002 	Dead: 0
9.20102   0.0554233   0.281355  8.71002 	Dead: 0
9.22092   0.0572011   0.290379  8.71002 	Dead: 0
9.2258    0.0607299   0.308293  8.71002 	Dead: 0
9.26191   0.0663357   0.336751  8.71002 	Dead: 0
9.1654    0.0495087   0.25133   8.71002 	Dead: 0
9.2006    0.0562908   0.285758  8.71002 	Dead: 0
9.21234   0.058974    0.299379  8.71002 	Dead: 0
9.22672   0.059791    0.303527  8.71002 	Dead: 0
9.16519   0.0548669   0.27853   8.71002 	Dead: 0
9.22014   0.0581468   0.29518   8.71002 	Dead: 0
9.24051   0.0620633   0.315062  8.71002 	Dead: 0
9.23498   0.0616655   0.313043  8.71002 	Dead: 0
9.20554   0.0603742   0.306488  8.71002 	Dead: 0
9.19619   0.0571295   0.290016  8.71002 	Dead: 0
9.2024    0.063747    0.323609  8.71002 	Dead: 0
9.23802   0.0631757   0.320709  8.71002 	Dead: 0
9.20912   0.0570899   0.289815  8.71002 	Dead: 0
9.21331   0.0604586   0.306916  8.71002 	Dead: 0
9.18891   0.0548948   0.278672  8.71002 	Dead: 0
9.19393   0.058902    0.299014  8.71002 	Dead: 0
9.20483   0.0566371   0.287516  8.71002 	Dead: 0
9.20261   0.0638367   0.324065  8.71002 	Dead: 0
9.20911   0.05981     0.303623  8.71002 	Dead: 0
9.2083    0.0651691   0.330829  8.71002 	Dead: 0
9.2303    0.0611359   0.310354  8.71002 	Dead: 0
9.22458   0.0595377   0.302241  8.71002 	Dead: 0
9.24311   0.0667859   0.339036  8.71002 	Dead: 0
9.17645   0.0504346   0.25603   8.71002 	Dead: 0
9.22727   0.0543845   0.276081  8.71002 	Dead: 0
9.17971   0.0584592   0.296766  8.71002 	Dead: 0
9.19801   0.0591965   0.300509  8.71002 	Dead: 0
9.19871   0.0629076   0.319348  8.71002 	Dead: 0
9.22319   0.0616883   0.313159  8.71002 	Dead: 0
9.22488   0.0608495   0.308901  8.71002 	Dead: 0
9.21805   0.0623338   0.316435  8.71002 	Dead: 0
9.19322   0.0577286   0.293057  8.71002 	Dead: 0
9.20144   0.061386    0.311624  8.71002 	Dead: 0
9.22757   0.0661807   0.335964  8.71002 	Dead: 0
9.19018   0.0572065   0.290407  8.71002 	Dead: 0
9.20766   0.0576371   0.292593  8.71002 	Dead: 0
9.19815   0.0578896   0.293875  8.71002 	Dead: 0
9.19939   0.0561369   0.284977  8.71002 	Dead: 0
9.21013   0.066484    0.337504  8.71002 	Dead: 0
9.21795   0.0594002   0.301543  8.71002 	Dead: 0
9.16222   0.0550835   0.279629  8.71002 	Dead: 0
9.17722   0.0558915   0.283731  8.71002 	Dead: 0
9.1875    0.0570947   0.289839  8.71002 	Dead: 0
9.18559   0.0588342   0.29867   8.71002 	Dead: 0
9.22374   0.0671052   0.340657  8.71002 	Dead: 0
9.20662   0.0607541   0.308416  8.71002 	Dead: 0
9.23757   0.0638125   0.323942  8.71002 	Dead: 0
9.19394   0.0614326   0.311861  8.71002 	Dead: 0
9.18976   0.0567389   0.288033  8.71002 	Dead: 0
