10.4492   0.0638001   0.323879  9.89584 	Dead: 0
9.78881   0.0323376   0.164161  9.46722 	Dead: 0
9.50697   0.0371765   0.188725  9.22487 	Dead: 0
9.48652   0.0468977   0.238075  9.14044 	Dead: 0
9.38649   0.0356983   0.181221  9.06495 	Dead: 0
9.3715    0.0337657   0.17141   9.06495 	Dead: 0
9.39163   0.0409958   0.208114  9.06495 	Dead: 0
9.37096   0.0379818   0.192813  9.06495 	Dead: 0
9.38157   0.0418307   0.212352  9.01804 	Dead: 0
9.32836   0.0367686   0.186655  8.94413 	Dead: 0
9.33632   0.0394498   0.200266  8.94413 	Dead: 0
9.30187   0.0370788   0.188229  8.94413 	Dead: 0
9.34964   0.0392076   0.199036  8.94413 	Dead: 0
9.32441   0.0416875   0.211625  8.94413 	Dead: 0
9.29463   0.0397871   0.201978  8.94413 	Dead: 0
9.34499   0.044888    0.227873  8.94413 	Dead: 0
9.31589   0.0394131   0.200079  8.94413 	Dead: 0
9.31073   0.0401303   0.20372   8.94413 	Dead: 0
9.2988    0.0399876   0.202996  8.94413 	Dead: 0
9.3067    0.0434085   0.220362  8.8755  	Dead: 0
9.28945   0.0402221   0.204186  8.8755  	Dead: 0
9.29465   0.039446    0.200246  8.8755  	Dead: 0
9.29467   0.0414632   0.210487  8.8755  	Dead: 0
9.27304   0.0399916   0.203016  8.8755  	Dead: 0
9.27837   0.0419046   0.212727  8.8755  	Dead: 0
9.27838   0.0418457   0.212428  8.8755  	Dead: 0
9.26027   0.0432864   0.219742  8.8755  	Dead: 0
9.28741   0.0461683   0.234372  8.8755  	Dead: 0
9.28071   0.0450765   0.228829  8.8755  	Dead: 0
9.25087   0.043744    0.222065  8.8755  	Dead: 0
9.28146   0.0482172   0.244773  8.8755  	Dead: 0
9.25152   0.0440238   0.223485  8.8755  	Dead: 0
9.24393   0.0405914   0.206061  8.8755  	Dead: 0
9.24619   0.0444948   0.225876  8.87189 	Dead: 0
9.26402   0.0474185   0.240718  8.86245 	Dead: 0
9.23615   0.0434986   0.220819  8.86245 	Dead: 0
9.23596   0.0452228   0.229572  8.86245 	Dead: 0
9.25813   0.0459514   0.233271  8.86245 	Dead: 0
9.26606   0.0532039   0.270088  8.86245 	Dead: 0
9.23921   0.0542812   0.275557  8.82288 	Dead: 0
9.20639   0.0531294   0.26971   8.82288 	Dead: 0
9.19905   0.0510654   0.259232  8.82288 	Dead: 0
9.19595   0.0514601   0.261236  8.79377 	Dead: 0
9.16909   0.0511277   0.259548  8.79377 	Dead: 0
9.20805   0.0595899   0.302506  8.78603 	Dead: 0
9.19022   0.0532908   0.270529  8.7645  	Dead: 0
9.19227   0.0566381   0.287521  8.7645  	Dead: 0
9.23208   0.0609277   0.309298  8.7645  	Dead: 0
9.17486   0.0522449   0.265219  8.7645  	Dead: 0
9.22158   0.0617645   0.313545  8.7645  	Dead: 0
9.224     0.0641623   0.325718  8.7645  	Dead: 0
9.20104   0.0586829   0.297902  8.7645  	Dead: 0
9.18921   0.0609634   0.309479  8.7645  	Dead: 0
9.24067   0.0608519   0.308913  8.7645  	Dead: 0
9.19212   0.0558939   0.283743  8.7645  	Dead: 0
9.15478   0.0607881   0.308589  8.7645  	Dead: 0
9.2179    0.0664701   0.337433  8.7288  	Dead: 0
9.1649    0.059577    0.302441  8.7288  	Dead: 0
9.20666   0.0590832   0.299934  8.7288  	Dead: 0
9.18276   0.0630462   0.320052  8.7288  	Dead: 0
9.19551   0.0586254   0.29761   8.7288  	Dead: 0
9.1838    0.05883     0.298649  8.7288  	Dead: 0
9.17654   0.0533658   0.27091   8.7288  	Dead: 0
9.17419   0.0563847   0.286235  8.7288  	Dead: 0
9.18717   0.0608745   0.309027  8.7288  	Dead: 0
9.15511   0.0567618   0.28815   8.7288  	Dead: 0
9.17477   0.0561622   0.285106  8.7288  	Dead: 0
9.13748   0.0583136   0.296027  8.7288  	Dead: 0
9.15588   0.0649237   0.329583  8.7288  	Dead: 0
9.16342   0.0586637   0.297804  8.7288  	Dead: 0
9.17046   0.064862    0.32927   8.7288  	Dead: 0
9.14169   0.0611131   0.310239  8.7288  	Dead: 0
9.20731   0.065177    0.330869  8.7288  	Dead: 0
9.16474   0.064074    0.32527   8.7288  	Dead: 0
9.20831   0.0710932   0.360902  8.7288  	Dead: 0
9.13729   0.0561587   0.285088  8.7288  	Dead: 0
9.23162   0.0717707   0.364342  8.7288  	Dead: 0
9.18361   0.063087    0.320259  8.7288  	Dead: 0
9.21621   0.0676383   0.343364  8.7288  	Dead: 0
9.16722   0.0625908   0.31774   8.7288  	Dead: 0
9.18409   0.062339    0.316462  8.7288  	Dead: 0
9.18689   0.0640152   0.324971  8.7288  	Dead: 0
9.19842   0.0697919   0.354296  8.7288  	Dead: 0
9.17278   0.0563036   0.285823  8.7288  	Dead: 0
9.13004   0.0567087   0.28788   8.7288  	Dead: 0
9.20478   0.0686538   0.348519  8.7288  	Dead: 0
9.173     0.0599958   0.304567  8.7288  	Dead: 0
9.15806   0.0563962   0.286293  8.7288  	Dead: 0
9.16309   0.0601269   0.305232  8.7288  	Dead: 0
9.18076   0.0618517   0.313988  8.7288  	Dead: 0
9.16641   0.0569327   0.289017  8.7288  	Dead: 0
9.16535   0.0615575   0.312495  8.7288  	Dead: 0
9.1715    0.058434    0.296638  8.7288  	Dead: 0
9.19978   0.063749    0.32362   8.7288  	Dead: 0
9.20009   0.0621017   0.315257  8.7288  	Dead: 0
9.17372   0.0585037   0.296992  8.7288  	Dead: 0
9.20499   0.0648268   0.329091  8.7288  	Dead: 0
9.17291   0.0631962   0.320813  8.7288  	Dead: 0
9.16443   0.0614894   0.312149  8.7288  	Dead: 0
9.14175   0.0620887   0.315191  8.7288  	Dead: 0
9.12961   0.061366    0.311522  8.7288  	Dead: 0
