13.1456   0.0649556   0.329745  12.5005 	Dead: 0
12.3113   0.0326687   0.165842  11.9457 	Dead: 0
12.273    0.0435767   0.221216  11.8883 	Dead: 0
12.2371   0.0443408   0.225095  11.8603 	Dead: 0
12.1878   0.045115    0.229025  11.8545 	Dead: 0
12.1606   0.0396616   0.201341  11.8109 	Dead: 0
12.1405   0.042421    0.215349  11.7887 	Dead: 0
12.1231   0.0402325   0.204239  11.7887 	Dead: 0
12.1376   0.0421353   0.213899  11.7711 	Dead: 0
12.1243   0.0418147   0.212271  11.7711 	Dead: 0
12.0924   0.0401337   0.203737  11.7711 	Dead: 0
12.092    0.0383769   0.194819  11.7702 	Dead: 0
12.0853   0.0430286   0.218433  11.7702 	Dead: 0
12.1052   0.0453989   0.230466  11.7702 	Dead: 0
12.1052   0.0470826   0.239013  11.7565 	Dead: 0
12.103    0.0468364   0.237763  11.7565 	Dead: 0
12.104    0.043867    0.222689  11.7422 	Dead: 0
12.0489   0.0439029   0.222871  11.6336 	Dead: 0
12.0436   0.0415252   0.210801  11.6336 	Dead: 0
12.0799   0.0503236   0.255466  11.6336 	Dead: 0
12.0636   0.0398487   0.202291  11.6336 	Dead: 0
12.0302   0.0442034   0.224397  11.6336 	Dead: 0
12.0219   0.046054    0.233791  11.6336 	Dead: 0
12.0084   0.0444721   0.225761  11.6336 	Dead: 0
11.9771   0.0412935   0.209625  11.5479 	Dead: 0
11.9566   0.0454575   0.230764  11.5305 	Dead: 0
11.9593   0.0453233   0.230082  11.5305 	Dead: 0
11.9263   0.0416729   0.211551  11.5305 	Dead: 0
11.9354   0.04535     0.230218  11.5305 	Dead: 0
11.9139   0.044664    0.226735  11.5305 	Dead: 0
11.9208   0.0458913   0.232966  11.5305 	Dead: 0
11.9045   0.047307    0.240152  11.4983 	Dead: 0
11.8495   0.0392265   0.199132  11.4983 	Dead: 0
11.8598   0.0430311   0.218446  11.4983 	Dead: 0
11.8829   0.0453387   0.23016   11.4983 	Dead: 0
11.8588   0.0459048   0.233034  11.4171 	Dead: 0
11.8863   0.0490833   0.24917   11.4171 	Dead: 0
11.8368   0.0438908   0.22281   11.4171 	Dead: 0
11.834    0.0461807   0.234435  11.4171 	Dead: 0
11.8444   0.0457014   0.232002  11.4171 	Dead: 0
11.8345   0.0472731   0.23998   11.4171 	Dead: 0
11.7879   0.042667    0.216598  11.3889 	Dead: 0
11.8065   0.0460303   0.233671  11.3889 	Dead: 0
11.8038   0.0415909   0.211135  11.3889 	Dead: 0
11.7975   0.0450433   0.228661  11.3889 	Dead: 0
11.8068   0.0469251   0.238214  11.3889 	Dead: 0
11.8044   0.0477552   0.242427  11.3889 	Dead: 0
11.8088   0.0495259   0.251416  11.3889 	Dead: 0
11.8186   0.0463298   0.235192  11.3889 	Dead: 0
11.8121   0.0482449   0.244914  11.3889 	Dead: 0
11.8098   0.0471533   0.239372  11.3889 	Dead: 0
11.8106   0.0451889   0.2294    11.3889 	Dead: 0
11.8306   0.0475389   0.241329  11.3889 	Dead: 0
11.8134   0.046597    0.236548  11.3889 	Dead: 0
11.7808   0.0465713   0.236418  11.3751 	Dead: 0
11.8114   0.0484077   0.24574   11.3751 	Dead: 0
11.811    0.0489647   0.248568  11.3751 	Dead: 0
11.7932   0.0464259   0.23568   11.3751 	Dead: 0
11.8029   0.0472905   0.240069  11.3751 	Dead: 0
11.8044   0.0525311   0.266672  11.3751 	Dead: 0
11.7999   0.0481035   0.244196  11.3751 	Dead: 0
11.7789   0.045357    0.230253  11.3751 	Dead: 0
11.8032   0.0527253   0.267658  11.3751 	Dead: 0
11.8058   0.0525039   0.266534  11.3751 	Dead: 0
11.8063   0.0483475   0.245435  11.3751 	Dead: 0
11.776    0.0473277   0.240258  11.3751 	Dead: 0
11.8252   0.0527827   0.26795   11.3751 	Dead: 0
11.8167   0.0511438   0.25963   11.3751 	Dead: 0
11.7976   0.0484004   0.245703  11.3751 	Dead: 0
11.81     0.0494218   0.250888  11.3751 	Dead: 0
11.8012   0.045413    0.230538  11.3751 	Dead: 0
11.807    0.0467482   0.237316  11.3751 	Dead: 0
11.7867   0.0504995   0.256359  11.3751 	Dead: 0
11.8177   0.0541226   0.274752  11.3751 	Dead: 0
11.7954   0.0493127   0.250334  11.3751 	Dead: 0
11.8011   0.0490776   0.249141  11.3751 	Dead: 0
11.7806   0.0462123   0.234595  11.363  	Dead: 0
11.7613   0.0458118   0.232562  11.363  	Dead: 0
11.7812   0.0479016   0.243171  11.363  	Dead: 0
11.8004   0.0514739   0.261305  11.363  	Dead: 0
11.793    0.0504185   0.255948  11.363  	Dead: 0
11.768    0.0487303   0.247378  11.363  	Dead: 0
11.7809   0.0472537   0.239882  11.363  	Dead: 0
11.7786   0.049898    0.253305  11.363  	Dead: 0
11.7417   0.046632    0.236726  11.363  	Dead: 0
11.7661   0.0483394   0.245393  11.363  	Dead: 0
11.7712   0.0529886   0.268995  11.363  	Dead: 0
11.7819   0.0479471   0.243402  11.363  	Dead: 0
11.763    0.0470536   0.238866  11.3347 	Dead: 0
11.7645   0.0485373   0.246398  11.3347 	Dead: 0
11.741    0.0455363   0.231163  11.3347 	Dead: 0
11.7693   0.0521166   0.264568  11.2708 	Dead: 0
11.7456   0.043642    0.221547  11.2708 	Dead: 0
11.7577   0.0463482   0.235285  11.2708 	Dead: 0
11.7536   0.047634    0.241812  11.2708 	Dead: 0
11.7412   0.0451134   0.229017  11.2708 	Dead: 0
11.7599   0.0472138   0.239679  11.2708 	Dead: 0
11.7462   0.0497257   0.252431  11.2708 	Dead: 0
11.782    0.0507677   0.257721  11.2708 	Dead: 0
11.7747   0.0491905   0.249714  11.2708 	Dead: 0
11.7787   0.0468682   0.237925  11.2708 	Dead: 0
