13.1412   0.0630088   0.319862  12.5458 	Dead: 0
12.4143   0.0343337   0.174294  12.0487 	Dead: 0
12.301    0.0357051   0.181256  12.0133 	Dead: 0
12.1432   0.036332    0.184438  11.7112 	Dead: 0
12.1065   0.0408142   0.207192  11.7112 	Dead: 0
12.0771   0.0414581   0.210461  11.7112 	Dead: 0
12.0025   0.0325097   0.165034  11.7112 	Dead: 0
12.0555   0.0457495   0.232246  11.6207 	Dead: 0
12.0667   0.0454282   0.230615  11.6207 	Dead: 0
12.0216   0.0441268   0.224008  11.6207 	Dead: 0
12.0348   0.0493444   0.250495  11.6207 	Dead: 0
12.0174   0.0445666   0.226241  11.6207 	Dead: 0
12.0036   0.0443163   0.22497   11.6207 	Dead: 0
12.0327   0.0448256   0.227556  11.6207 	Dead: 0
12.0393   0.0504895   0.256308  11.6207 	Dead: 0
11.9892   0.0363678   0.18462   11.6207 	Dead: 0
12.0135   0.0446858   0.226846  11.6207 	Dead: 0
11.993    0.040888    0.207566  11.6207 	Dead: 0
12.0067   0.0528706   0.268396  11.6207 	Dead: 0
11.9999   0.0445945   0.226382  11.6207 	Dead: 0
11.9724   0.0410622   0.208451  11.6207 	Dead: 0
11.9901   0.0435026   0.220839  11.6207 	Dead: 0
12.0504   0.0528512   0.268297  11.6207 	Dead: 0
11.9905   0.0429508   0.218038  11.6207 	Dead: 0
12.0023   0.0466091   0.23661   11.6207 	Dead: 0
12.0064   0.0493077   0.250309  11.6207 	Dead: 0
11.9651   0.0429577   0.218073  11.6207 	Dead: 0
11.9597   0.0417951   0.212171  11.6207 	Dead: 0
11.9931   0.0502717   0.255203  11.6207 	Dead: 0
11.9823   0.0459912   0.233473  11.6207 	Dead: 0
11.9531   0.0422508   0.214485  11.6207 	Dead: 0
11.9696   0.0434252   0.220447  11.5747 	Dead: 0
11.9623   0.0433076   0.219849  11.5747 	Dead: 0
11.9728   0.047304    0.240137  11.5747 	Dead: 0
11.9668   0.0445977   0.226399  11.5747 	Dead: 0
11.946    0.0428165   0.217356  11.5747 	Dead: 0
11.987    0.0467403   0.237275  11.5747 	Dead: 0
11.9842   0.0446404   0.226615  11.5747 	Dead: 0
11.979    0.0469499   0.238339  11.5747 	Dead: 0
11.9999   0.0472032   0.239625  11.5747 	Dead: 0
11.9845   0.0487      0.247224  11.5747 	Dead: 0
11.9743   0.0479332   0.243331  11.5747 	Dead: 0
11.9578   0.0453035   0.229982  11.5747 	Dead: 0
11.9728   0.0463013   0.235047  11.5747 	Dead: 0
11.9364   0.0448529   0.227694  11.5747 	Dead: 0
11.9682   0.0474481   0.240869  11.5132 	Dead: 0
11.9929   0.0480692   0.244022  11.5132 	Dead: 0
11.969    0.048769    0.247574  11.5132 	Dead: 0
11.9718   0.0513581   0.260717  11.5132 	Dead: 0
11.9736   0.0466654   0.236895  11.5132 	Dead: 0
11.9782   0.0456263   0.231621  11.5132 	Dead: 0
11.9698   0.0450736   0.228815  11.5132 	Dead: 0
11.976    0.046563    0.236376  11.5132 	Dead: 0
11.9814   0.0487964   0.247713  11.5132 	Dead: 0
11.9776   0.047744    0.242371  11.5132 	Dead: 0
12.006    0.0525498   0.266767  11.5132 	Dead: 0
11.9614   0.0470062   0.238625  11.5132 	Dead: 0
11.9737   0.047742    0.24236   11.5132 	Dead: 0
11.9356   0.046906    0.238117  11.5132 	Dead: 0
11.96     0.0472933   0.240083  11.5132 	Dead: 0
11.9611   0.0489051   0.248265  11.5132 	Dead: 0
11.9387   0.0475875   0.241576  11.5132 	Dead: 0
11.9275   0.0467775   0.237465  11.5132 	Dead: 0
11.9557   0.0464279   0.23569   11.5132 	Dead: 0
11.9482   0.0447306   0.227073  11.5132 	Dead: 0
11.9724   0.0512302   0.260068  11.5132 	Dead: 0
11.924    0.0482173   0.244773  11.5132 	Dead: 0
11.9453   0.0452026   0.229469  11.5132 	Dead: 0
11.9146   0.0452873   0.229899  11.4967 	Dead: 0
11.9234   0.048565    0.246539  11.4967 	Dead: 0
11.9171   0.0452689   0.229806  11.4967 	Dead: 0
11.923    0.0471293   0.239251  11.4967 	Dead: 0
11.9161   0.0487421   0.247438  11.425  	Dead: 0
11.8968   0.0463916   0.235506  11.425  	Dead: 0
11.9052   0.0475978   0.241629  11.425  	Dead: 0
11.9378   0.0495774   0.251678  11.425  	Dead: 0
11.9262   0.0496909   0.252254  11.425  	Dead: 0
11.9168   0.0467618   0.237385  11.425  	Dead: 0
11.9086   0.0493983   0.250769  11.4156 	Dead: 0
11.8625   0.0448302   0.227579  11.4156 	Dead: 0
11.8946   0.0518684   0.263308  11.4156 	Dead: 0
11.8871   0.048916    0.248321  11.4156 	Dead: 0
11.8997   0.048929    0.248386  11.4156 	Dead: 0
11.9244   0.0524376   0.266198  11.4156 	Dead: 0
11.8905   0.0472885   0.240059  11.4156 	Dead: 0
11.9154   0.0514784   0.261328  11.4156 	Dead: 0
11.8908   0.0536135   0.272167  11.4156 	Dead: 0
11.8629   0.0486185   0.24681   11.4156 	Dead: 0
11.8874   0.0495371   0.251474  11.4156 	Dead: 0
11.8526   0.0491812   0.249667  11.4156 	Dead: 0
11.8878   0.0501886   0.254781  11.4156 	Dead: 0
11.8534   0.0447151   0.226995  11.4156 	Dead: 0
11.8596   0.0528301   0.26819   11.2936 	Dead: 0
11.8593   0.0444131   0.225461  11.2936 	Dead: 0
11.8771   0.0516016   0.261954  11.2936 	Dead: 0
11.8635   0.0508906   0.258345  11.2936 	Dead: 0
11.9042   0.0540156   0.274208  11.2936 	Dead: 0
11.8425   0.0479041   0.243184  11.2936 	Dead: 0
11.8564   0.0502198   0.254939  11.2936 	Dead: 0
11.8509   0.0482142   0.244758  11.2936 	Dead: 0
11.8458   0.0464149   0.235624  11.2936 	Dead: 0
