6.32878   0.0948382   0.481443  5.07795 	Dead: 0
3.64252   0.0397068   0.20157   3.17572 	Dead: 0
3.5038    0.0501916   0.254796  3.01293 	Dead: 0
3.44044   0.0512481   0.260159  2.94191 	Dead: 0
3.43166   0.0550315   0.279366  2.94191 	Dead: 0
3.41417   0.0529497   0.268797  2.94191 	Dead: 0
3.41066   0.0567769   0.288226  2.94191 	Dead: 0
3.39509   0.0554722   0.281603  2.94191 	Dead: 0
3.3571    0.0481605   0.244485  2.94191 	Dead: 0
3.3462    0.0525693   0.266866  2.94191 	Dead: 0
3.38013   0.0557603   0.283065  2.90394 	Dead: 0
3.35183   0.0648016   0.328963  2.90394 	Dead: 0
3.27282   0.050278    0.255235  2.8793  	Dead: 0
3.28736   0.0645888   0.327883  2.8793  	Dead: 0
3.26351   0.0564051   0.286339  2.85281 	Dead: 0
3.22627   0.063053    0.320086  2.77643 	Dead: 0
3.13205   0.0504768   0.256244  2.77643 	Dead: 0
3.12309   0.0529989   0.269047  2.76297 	Dead: 0
3.08852   0.0449498   0.228186  2.76067 	Dead: 0
3.0635    0.0444184   0.225488  2.75386 	Dead: 0
3.07433   0.0548936   0.278666  2.63964 	Dead: 0
3.04376   0.0438731   0.22272   2.63964 	Dead: 0
3.06468   0.0486917   0.247182  2.63964 	Dead: 0
3.06453   0.058954    0.299278  2.63964 	Dead: 0
3.05564   0.0519513   0.263729  2.63964 	Dead: 0
3.06194   0.0515651   0.261768  2.63964 	Dead: 0
3.04235   0.04954     0.251488  2.63964 	Dead: 0
3.03815   0.0486936   0.247191  2.63964 	Dead: 0
3.05621   0.0487606   0.247531  2.63964 	Dead: 0
3.04011   0.0479688   0.243512  2.63964 	Dead: 0
2.99561   0.0485513   0.246469  2.63964 	Dead: 0
3.04481   0.0478916   0.24312   2.63964 	Dead: 0
3.04937   0.0514911   0.261393  2.63964 	Dead: 0
3.06779   0.0563138   0.285875  2.63964 	Dead: 0
3.05714   0.0516157   0.262025  2.63964 	Dead: 0
3.0542    0.0505982   0.25686   2.63964 	Dead: 0
3.04533   0.0545175   0.276756  2.63964 	Dead: 0
3.06029   0.0564895   0.286767  2.63964 	Dead: 0
3.06233   0.0578421   0.293634  2.63964 	Dead: 0
3.03361   0.0479328   0.243329  2.63964 	Dead: 0
3.02386   0.0475963   0.241621  2.63964 	Dead: 0
3.0402    0.053406    0.271114  2.63964 	Dead: 0
3.06154   0.0466434   0.236784  2.63964 	Dead: 0
3.03423   0.0544377   0.276351  2.63964 	Dead: 0
3.04387   0.0514776   0.261325  2.63964 	Dead: 0
3.00236   0.0414797   0.21057   2.63964 	Dead: 0
3.02765   0.0476009   0.241644  2.63964 	Dead: 0
3.04192   0.0513769   0.260813  2.63964 	Dead: 0
2.99232   0.0413991   0.210161  2.63964 	Dead: 0
3.02822   0.0497714   0.252663  2.63964 	Dead: 0
3.02585   0.0536672   0.27244   2.63964 	Dead: 0
3.03764   0.054838    0.278383  2.63964 	Dead: 0
3.04729   0.0581683   0.29529   2.63964 	Dead: 0
3.00474   0.0449948   0.228415  2.63964 	Dead: 0
3.03806   0.0567581   0.288131  2.63964 	Dead: 0
3.02759   0.049024    0.248869  2.63964 	Dead: 0
3.05407   0.056029    0.284429  2.63964 	Dead: 0
3.03663   0.0538445   0.27334   2.63964 	Dead: 0
3.03256   0.0533865   0.271015  2.63964 	Dead: 0
3.03482   0.0534604   0.27139   2.63964 	Dead: 0
3.01612   0.0448263   0.227559  2.63964 	Dead: 0
3.05136   0.049678    0.252189  2.63964 	Dead: 0
3.04675   0.0543017   0.275661  2.63964 	Dead: 0
3.0369    0.0510349   0.259077  2.63964 	Dead: 0
3.04808   0.0514796   0.261334  2.63964 	Dead: 0
3.02802   0.0505387   0.256558  2.63964 	Dead: 0
3.01835   0.0532285   0.270213  2.63964 	Dead: 0
3.03588   0.056478    0.286709  2.63964 	Dead: 0
2.98987   0.0473825   0.240536  2.63964 	Dead: 0
3.02453   0.0519274   0.263608  2.63964 	Dead: 0
3.00533   0.0465348   0.236232  2.63964 	Dead: 0
3.01988   0.0499429   0.253533  2.63964 	Dead: 0
3.03812   0.0493558   0.250553  2.63964 	Dead: 0
3.05407   0.061832    0.313888  2.63964 	Dead: 0
2.97179   0.0486863   0.247154  2.63648 	Dead: 0
3.05028   0.0589051   0.29903   2.63648 	Dead: 0
3.0289    0.0536235   0.272218  2.63648 	Dead: 0
3.01685   0.0485542   0.246484  2.63648 	Dead: 0
3.00538   0.0444956   0.225881  2.62159 	Dead: 0
2.9859    0.0474633   0.240946  2.62159 	Dead: 0
3.0005    0.0489709   0.248599  2.62159 	Dead: 0
3.00115   0.0510698   0.259254  2.62159 	Dead: 0
3.00716   0.0484562   0.245986  2.62159 	Dead: 0
3.00376   0.045284    0.229883  2.62159 	Dead: 0
3.01749   0.046999    0.238589  2.62159 	Dead: 0
3.01184   0.0501381   0.254525  2.62159 	Dead: 0
3.00908   0.0507994   0.257882  2.62159 	Dead: 0
3.00237   0.048535    0.246386  2.62159 	Dead: 0
2.97785   0.0518605   0.263268  2.62159 	Dead: 0
2.99973   0.0516052   0.261972  2.62159 	Dead: 0
3.01686   0.0522169   0.265077  2.62159 	Dead: 0
2.99273   0.0501906   0.254791  2.62159 	Dead: 0
2.98915   0.0480211   0.243778  2.62159 	Dead: 0
3.02329   0.0555378   0.281936  2.62159 	Dead: 0
3.01173   0.0504393   0.256054  2.62159 	Dead: 0
3.00094   0.0518269   0.263098  2.62159 	Dead: 0
2.99925   0.0502812   0.255251  2.62159 	Dead: 0
3.0051    0.0483041   0.245214  2.62159 	Dead: 0
3.01986   0.0516981   0.262444  2.62159 	Dead: 0
2.99297   0.0481046   0.244201  2.62159 	Dead: 0
3.03372   0.0520898   0.264432  2.62159 	Dead: 0
