10.2723   0.0525086   0.266558  9.69091 	Dead: 0
9.36572   0.035137    0.178372  8.94665 	Dead: 0
8.92571   0.0327874   0.166444  8.6028  	Dead: 0
8.69069   0.0351109   0.178239  8.35775 	Dead: 0
8.63159   0.0307951   0.15633   8.35775 	Dead: 0
8.59118   0.0295618   0.15007   8.35775 	Dead: 0
8.60351   0.0351037   0.178203  8.28388 	Dead: 0
8.56557   0.0340859   0.173036  8.28388 	Dead: 0
8.52771   0.0353      0.179199  8.20072 	Dead: 0
8.49923   0.0347428   0.176371  8.20072 	Dead: 0
8.45966   0.0318849   0.161863  8.20072 	Dead: 0
8.46998   0.0348466   0.176897  8.20072 	Dead: 0
8.46865   0.0356467   0.180959  8.18451 	Dead: 0
8.42132   0.0364924   0.185252  8.10311 	Dead: 0
8.39436   0.0363341   0.184449  8.07926 	Dead: 0
8.37419   0.0351406   0.17839   8.07926 	Dead: 0
8.36083   0.0371802   0.188744  8.07926 	Dead: 0
8.3342    0.0371839   0.188763  8.0588  	Dead: 0
8.31257   0.034572    0.175504  8.0588  	Dead: 0
8.2952    0.0336632   0.17089   7.98026 	Dead: 0
8.26475   0.0296473   0.150504  7.98026 	Dead: 0
8.26253   0.0364791   0.185185  7.93753 	Dead: 0
8.24309   0.0345322   0.175301  7.911   	Dead: 0
8.24602   0.0368152   0.186891  7.911   	Dead: 0
8.23538   0.0339621   0.172407  7.911   	Dead: 0
8.25186   0.0365979   0.185788  7.911   	Dead: 0
8.23109   0.0344489   0.174879  7.911   	Dead: 0
8.21734   0.0350217   0.177787  7.911   	Dead: 0
8.21806   0.0355904   0.180673  7.911   	Dead: 0
8.20105   0.0320455   0.162678  7.8897  	Dead: 0
8.22488   0.0379812   0.19281   7.8897  	Dead: 0
8.19673   0.03847     0.195292  7.8897  	Dead: 0
8.16649   0.0322291   0.16361   7.8897  	Dead: 0
8.17147   0.035019    0.177773  7.8897  	Dead: 0
8.18757   0.0348051   0.176687  7.88655 	Dead: 0
8.19717   0.03972     0.201637  7.86765 	Dead: 0
8.16925   0.0416777   0.211575  7.86765 	Dead: 0
8.16478   0.0373961   0.18984   7.86765 	Dead: 0
8.17208   0.0417401   0.211892  7.86765 	Dead: 0
8.13997   0.0356865   0.181161  7.84568 	Dead: 0
8.15439   0.0415539   0.210947  7.84568 	Dead: 0
8.12535   0.0334943   0.170033  7.84568 	Dead: 0
8.12195   0.0347946   0.176634  7.84568 	Dead: 0
8.12741   0.036919    0.187418  7.8263  	Dead: 0
8.14483   0.0411321   0.208806  7.8263  	Dead: 0
8.12348   0.0366059   0.185829  7.8263  	Dead: 0
8.14173   0.0364418   0.184996  7.8263  	Dead: 0
8.11942   0.037991    0.19286   7.8263  	Dead: 0
8.12729   0.0399787   0.20295   7.8263  	Dead: 0
8.09947   0.0336122   0.170631  7.8263  	Dead: 0
8.10282   0.0352086   0.178735  7.8263  	Dead: 0
8.10704   0.0378393   0.19209   7.81848 	Dead: 0
8.09587   0.0333767   0.169436  7.81848 	Dead: 0
8.08925   0.0374424   0.190075  7.81848 	Dead: 0
8.10046   0.0398201   0.202145  7.81848 	Dead: 0
8.09766   0.0378005   0.191893  7.81779 	Dead: 0
8.09975   0.0398974   0.202538  7.80087 	Dead: 0
8.11799   0.0410576   0.208428  7.80087 	Dead: 0
8.08872   0.038971    0.197835  7.7662  	Dead: 0
8.09386   0.0396073   0.201065  7.7662  	Dead: 0
8.08319   0.0383282   0.194572  7.74298 	Dead: 0
8.08581   0.040018    0.20315   7.74298 	Dead: 0
8.08051   0.0370999   0.188336  7.74298 	Dead: 0
8.08597   0.039784    0.201962  7.74298 	Dead: 0
8.06582   0.0372289   0.188991  7.74298 	Dead: 0
8.06859   0.0361993   0.183765  7.74298 	Dead: 0
8.06048   0.0327168   0.166086  7.74298 	Dead: 0
8.07218   0.0394775   0.200406  7.74298 	Dead: 0
8.08135   0.038445    0.195165  7.74298 	Dead: 0
8.07109   0.0383865   0.194868  7.74298 	Dead: 0
8.10443   0.0414133   0.210233  7.74298 	Dead: 0
8.08946   0.0381659   0.193748  7.74298 	Dead: 0
8.09514   0.0404152   0.205167  7.74298 	Dead: 0
8.06148   0.0353737   0.179574  7.74298 	Dead: 0
8.09888   0.0417652   0.21202   7.74298 	Dead: 0
8.08936   0.0409215   0.207736  7.74298 	Dead: 0
8.09023   0.0384098   0.194986  7.74298 	Dead: 0
8.08372   0.0361295   0.18341   7.74298 	Dead: 0
8.09249   0.0394718   0.200377  7.74298 	Dead: 0
8.07064   0.0383251   0.194556  7.74298 	Dead: 0
8.07596   0.0393883   0.199953  7.74298 	Dead: 0
8.07127   0.0408657   0.207453  7.73988 	Dead: 0
8.07402   0.0421127   0.213784  7.73988 	Dead: 0
8.06917   0.0424204   0.215346  7.73988 	Dead: 0
8.08704   0.0428386   0.217469  7.73988 	Dead: 0
8.07689   0.0415573   0.210964  7.73988 	Dead: 0
8.07226   0.039053    0.198251  7.73988 	Dead: 0
8.08168   0.0425564   0.216036  7.73988 	Dead: 0
8.06098   0.0381148   0.193489  7.73988 	Dead: 0
8.04744   0.038394    0.194906  7.73988 	Dead: 0
8.07731   0.0418055   0.212224  7.73988 	Dead: 0
8.05551   0.0401235   0.203686  7.73918 	Dead: 0
8.05863   0.0377004   0.191385  7.73918 	Dead: 0
8.08375   0.0435125   0.22089   7.73918 	Dead: 0
8.08171   0.0410749   0.208515  7.73918 	Dead: 0
8.05235   0.0377052   0.191409  7.73918 	Dead: 0
8.07731   0.0436952   0.221817  7.73918 	Dead: 0
8.07397   0.0426897   0.216713  7.73918 	Dead: 0
8.06827   0.0406393   0.206304  7.70375 	Dead: 0
8.06533   0.0438962   0.222838  7.70375 	Dead: 0
8.05388   0.039404    0.200033  7.70375 	Dead: 0
