10.4524   0.0838647   0.425736  9.60672 	Dead: 0
8.87742   0.0327578   0.166294  8.55023 	Dead: 0
8.51      0.0353157   0.179279  8.09221 	Dead: 0
8.01993   0.0310915   0.157835  7.63752 	Dead: 0
7.66615   0.0362298   0.183919  7.24955 	Dead: 0
7.2658    0.0402742   0.204451  6.75028 	Dead: 0
6.89692   0.0482167   0.24477   6.52702 	Dead: 0
6.41334   0.0427267   0.216901  5.95649 	Dead: 0
5.86786   0.0484363   0.245885  5.47765 	Dead: 0
5.44975   0.0518052   0.262987  5.036   	Dead: 0
5.30472   0.0634013   0.321855  4.84529 	Dead: 0
5.08674   0.0590861   0.299949  4.63928 	Dead: 0
4.94963   0.0496543   0.252069  4.59086 	Dead: 0
4.89993   0.0711236   0.361057  4.38675 	Dead: 0
4.71187   0.0613473   0.311428  4.3133  	Dead: 0
4.64254   0.0746424   0.37892   4.04106 	Dead: 0
4.54828   0.0730875   0.371026  4.04106 	Dead: 0
4.40114   0.0624696   0.317125  3.97913 	Dead: 0
4.31838   0.0622126   0.31582   3.92559 	Dead: 0
4.30235   0.0684796   0.347634  3.92559 	Dead: 0
4.27439   0.0789191   0.40063   3.776   	Dead: 0
4.24044   0.0824114   0.418359  3.776   	Dead: 0
4.17229   0.0856043   0.434567  3.71121 	Dead: 0
4.13273   0.081749    0.414996  3.60602 	Dead: 0
4.07964   0.0780224   0.396078  3.60602 	Dead: 0
4.02224   0.0767867   0.389805  3.49268 	Dead: 0
4.05909   0.0884624   0.449076  3.49268 	Dead: 0
4.02219   0.0797503   0.40485   3.49268 	Dead: 0
4.04074   0.0874909   0.444145  3.49268 	Dead: 0
3.98048   0.0823392   0.417992  3.45962 	Dead: 0
4.00618   0.0901873   0.457833  3.45962 	Dead: 0
4.00567   0.0837919   0.425367  3.45962 	Dead: 0
4.05461   0.10342     0.525006  3.45962 	Dead: 0
3.94007   0.0804011   0.408154  3.45962 	Dead: 0
3.89883   0.0643203   0.32652   3.45962 	Dead: 0
3.88954   0.0846085   0.429512  3.3895  	Dead: 0
3.81228   0.0725582   0.368339  3.3895  	Dead: 0
3.87211   0.0852427   0.432732  3.34515 	Dead: 0
3.92722   0.0965552   0.490159  3.34515 	Dead: 0
3.80379   0.082835    0.420509  3.32651 	Dead: 0
3.77979   0.0839691   0.426267  3.32161 	Dead: 0
3.82699   0.0948321   0.481412  3.32161 	Dead: 0
3.77439   0.0831292   0.422002  3.23936 	Dead: 0
3.7689    0.0841988   0.427432  3.23936 	Dead: 0
3.78513   0.0930721   0.472477  3.23936 	Dead: 0
3.74916   0.0904021   0.458923  3.23936 	Dead: 0
3.77121   0.0998721   0.506997  3.23151 	Dead: 0
3.69088   0.0866573   0.439913  3.04755 	Dead: 0
3.71501   0.0800036   0.406136  3.04755 	Dead: 0
3.69959   0.0906979   0.460425  3.04755 	Dead: 0
3.69288   0.0842144   0.427512  3.04755 	Dead: 0
3.76571   0.119224    0.605236  3.04755 	Dead: 0
3.73234   0.0900689   0.457232  3.04755 	Dead: 0
3.72803   0.0847075   0.430015  3.04755 	Dead: 0
3.68963   0.0821079   0.416818  3.04755 	Dead: 0
3.64266   0.0739511   0.37541   3.04755 	Dead: 0
3.76666   0.12374     0.628161  3.04755 	Dead: 0
3.71429   0.0978203   0.496581  3.04755 	Dead: 0
3.68087   0.0843338   0.428117  3.04755 	Dead: 0
3.71324   0.0971665   0.493262  3.04755 	Dead: 0
3.66178   0.091574    0.464872  3.04755 	Dead: 0
3.73516   0.120918    0.613838  3.04755 	Dead: 0
3.6861    0.0965462   0.490113  3.04755 	Dead: 0
3.65946   0.0989861   0.5025    3.04755 	Dead: 0
3.64595   0.0983734   0.499389  3.04755 	Dead: 0
3.62982   0.0957096   0.485867  3.04755 	Dead: 0
3.63062   0.0876007   0.444702  3.04755 	Dead: 0
3.64755   0.0944384   0.479413  3.04755 	Dead: 0
3.73823   0.119415    0.606206  3.04755 	Dead: 0
3.70692   0.117566    0.596817  3.04755 	Dead: 0
3.66751   0.109874    0.557772  3.04755 	Dead: 0
3.67439   0.110176    0.559302  3.04755 	Dead: 0
3.63493   0.101015    0.512801  3.04755 	Dead: 0
3.58513   0.0872582   0.442963  3.04755 	Dead: 0
3.66569   0.112832    0.57279   3.04755 	Dead: 0
3.60171   0.088785    0.450714  3.04755 	Dead: 0
3.62901   0.108054    0.548533  3.04453 	Dead: 0
3.64223   0.0947874   0.481185  3.04453 	Dead: 0
3.68519   0.111547    0.566266  3.04004 	Dead: 0
3.56744   0.084802    0.430494  3.04004 	Dead: 0
3.65704   0.114749    0.582522  3.04004 	Dead: 0
3.64089   0.108014    0.548331  3.04004 	Dead: 0
3.57081   0.107337    0.544891  3.04004 	Dead: 0
3.64554   0.11683     0.593085  3.04004 	Dead: 0
3.63054   0.104816    0.532093  3.04004 	Dead: 0
3.6298    0.110471    0.5608    3.04004 	Dead: 0
3.60025   0.107298    0.544696  3.04004 	Dead: 0
3.60635   0.0986379   0.500732  3.04004 	Dead: 0
3.59444   0.109665    0.556712  3.04004 	Dead: 0
3.59621   0.10427     0.529324  3.04004 	Dead: 0
3.60496   0.112035    0.568741  2.99914 	Dead: 0
3.63124   0.111948    0.5683    2.99914 	Dead: 0
3.50395   0.0797789   0.404995  2.99914 	Dead: 0
3.60113   0.101655    0.516047  2.99914 	Dead: 0
3.55209   0.101712    0.516335  2.99914 	Dead: 0
3.55792   0.0990925   0.50304   2.99914 	Dead: 0
3.56544   0.102471    0.520188  2.99914 	Dead: 0
3.59403   0.106317    0.539714  2.99914 	Dead: 0
3.57844   0.102215    0.518892  2.99914 	Dead: 0
3.59704   0.110442    0.560654  2.99914 	Dead: 0
3.63204   0.116931    0.593594  2.99914 	Dead: 0
