10.4703   0.0841689   0.42728   9.5662  	Dead: 0
9.12385   0.0339511   0.172352  8.77409 	Dead: 0
8.68607   0.0295159   0.149836  8.37163 	Dead: 0
8.51772   0.0347752   0.176535  8.1986  	Dead: 0
7.94224   0.0337349   0.171254  7.43148 	Dead: 0
7.45223   0.0349546   0.177446  7.04486 	Dead: 0
7.02583   0.0367717   0.186671  6.6693  	Dead: 0
6.63903   0.0462953   0.235017  6.21091 	Dead: 0
6.25204   0.0478606   0.242963  5.81925 	Dead: 0
5.89404   0.039313    0.199571  5.53323 	Dead: 0
5.86422   0.0538256   0.273244  5.36283 	Dead: 0
5.74799   0.0528454   0.268268  5.36283 	Dead: 0
5.59019   0.057792    0.293379  5.1544  	Dead: 0
5.36938   0.0474945   0.241104  5.06324 	Dead: 0
5.21656   0.0586417   0.297693  4.73852 	Dead: 0
4.85583   0.0534895   0.271538  4.50775 	Dead: 0
4.61369   0.062547    0.317518  4.14174 	Dead: 0
4.36843   0.0565611   0.287131  4.00757 	Dead: 0
4.31846   0.0652714   0.331348  3.91743 	Dead: 0
4.19896   0.0722109   0.366576  3.72435 	Dead: 0
4.09543   0.0707347   0.359082  3.58626 	Dead: 0
4.05706   0.0684967   0.347721  3.58626 	Dead: 0
4.04741   0.0717118   0.364043  3.58626 	Dead: 0
4.02621   0.0694022   0.352318  3.58626 	Dead: 0
4.02103   0.0751081   0.381284  3.58626 	Dead: 0
4.00771   0.0694514   0.352568  3.58626 	Dead: 0
4.01645   0.0797252   0.404722  3.58626 	Dead: 0
3.97169   0.064792    0.328914  3.58466 	Dead: 0
4.01229   0.0796209   0.404193  3.55621 	Dead: 0
3.99933   0.0806527   0.409431  3.52824 	Dead: 0
4.00351   0.0790235   0.40116   3.52824 	Dead: 0
4.01122   0.0888352   0.450969  3.51534 	Dead: 0
3.93841   0.0733858   0.37254   3.51534 	Dead: 0
3.93173   0.0712131   0.361511  3.51534 	Dead: 0
3.92337   0.0691932   0.351257  3.51534 	Dead: 0
3.9209    0.0692805   0.3517    3.48431 	Dead: 0
3.92776   0.0743019   0.377191  3.44889 	Dead: 0
3.90852   0.0747427   0.379429  3.44889 	Dead: 0
3.95901   0.0962864   0.488795  3.43203 	Dead: 0
3.96043   0.0882768   0.448134  3.43203 	Dead: 0
3.88457   0.0719414   0.365208  3.43203 	Dead: 0
3.85753   0.0742822   0.377091  3.43203 	Dead: 0
3.83842   0.0763403   0.387539  3.43203 	Dead: 0
3.83791   0.0600324   0.304752  3.43203 	Dead: 0
3.83879   0.0626875   0.318231  3.43203 	Dead: 0
3.86003   0.0723135   0.367097  3.43203 	Dead: 0
3.88826   0.0811258   0.411833  3.3992  	Dead: 0
3.89584   0.0836793   0.424795  3.3992  	Dead: 0
3.8332    0.0640874   0.325338  3.34146 	Dead: 0
3.89288   0.0904504   0.459168  3.34146 	Dead: 0
3.85753   0.0864162   0.438689  3.34146 	Dead: 0
3.83874   0.0784098   0.398045  3.34146 	Dead: 0
3.78388   0.0729705   0.370432  3.34146 	Dead: 0
3.77516   0.0651448   0.330706  3.34146 	Dead: 0
3.83878   0.0829163   0.420922  3.34146 	Dead: 0
3.82477   0.0764445   0.388068  3.34146 	Dead: 0
3.83497   0.0766888   0.389308  3.34146 	Dead: 0
3.86048   0.0888743   0.451168  3.34146 	Dead: 0
3.84378   0.0825754   0.419191  3.34146 	Dead: 0
3.86243   0.081309    0.412762  3.34146 	Dead: 0
3.90144   0.0942928   0.478674  3.34146 	Dead: 0
3.82442   0.0899959   0.456861  3.34146 	Dead: 0
3.7805    0.0743425   0.377397  3.30414 	Dead: 0
3.84896   0.0852928   0.432986  3.30414 	Dead: 0
3.82808   0.0932927   0.473597  3.24751 	Dead: 0
3.78877   0.0746968   0.379196  3.24751 	Dead: 0
3.75472   0.074983    0.380649  3.24751 	Dead: 0
3.71571   0.0717108   0.364038  3.24751 	Dead: 0
3.81301   0.100369    0.509521  3.24751 	Dead: 0
3.75262   0.0886986   0.450276  3.21617 	Dead: 0
3.76567   0.0913529   0.46375   3.21617 	Dead: 0
3.7919    0.0981474   0.498242  3.21617 	Dead: 0
3.69488   0.076953    0.390649  3.21617 	Dead: 0
3.74648   0.0885901   0.449725  3.21617 	Dead: 0
3.67088   0.0737317   0.374297  3.21617 	Dead: 0
3.72399   0.0978531   0.496748  3.21617 	Dead: 0
3.71559   0.0917093   0.465559  3.21617 	Dead: 0
3.66051   0.0850099   0.43155   3.16527 	Dead: 0
3.76144   0.114524    0.581376  3.16527 	Dead: 0
3.63451   0.0867446   0.440356  3.16527 	Dead: 0
3.65864   0.0864918   0.439073  3.16527 	Dead: 0
3.68176   0.0916316   0.465165  3.15319 	Dead: 0
3.67966   0.0844414   0.428664  3.15319 	Dead: 0
3.64481   0.0878845   0.446143  3.15319 	Dead: 0
3.63018   0.0841458   0.427163  3.15319 	Dead: 0
3.56029   0.0755574   0.383564  3.10954 	Dead: 0
3.62131   0.084474    0.428829  3.10954 	Dead: 0
3.59326   0.0792283   0.4022    3.10954 	Dead: 0
3.6981    0.111768    0.567384  3.10954 	Dead: 0
3.67123   0.0942713   0.478565  3.10954 	Dead: 0
3.61668   0.0892642   0.453147  3.10954 	Dead: 0
3.61791   0.0828318   0.420493  3.10954 	Dead: 0
3.55862   0.0763604   0.387641  3.0513  	Dead: 0
3.51561   0.0694237   0.352427  3.0513  	Dead: 0
3.63766   0.0951586   0.483069  3.0513  	Dead: 0
3.61032   0.0932064   0.473159  3.0513  	Dead: 0
3.59397   0.0879058   0.446251  3.0513  	Dead: 0
3.68282   0.11935     0.605877  3.0513  	Dead: 0
3.59029   0.0838018   0.425417  3.0513  	Dead: 0
3.67685   0.111606    0.566564  3.0513  	Dead: 0
3.6463    0.114309    0.580288  3.0513  	Dead: 0
