10.4772   0.0813182   0.412809  9.638   	Dead: 0
9.18328   0.0284795   0.144575  8.82471 	Dead: 0
8.94741   0.0302354   0.153489  8.64085 	Dead: 0
8.69236   0.0317147   0.160999  8.38577 	Dead: 0
8.25746   0.0306049   0.155365  7.93471 	Dead: 0
8.01609   0.0363558   0.184559  7.563   	Dead: 0
7.54227   0.0408048   0.207144  7.13995 	Dead: 0
7.06674   0.0441125   0.223936  6.62867 	Dead: 0
6.36808   0.0507858   0.257812  5.88675 	Dead: 0
6.00632   0.0542349   0.275322  5.58583 	Dead: 0
5.73879   0.0653351   0.331672  5.27306 	Dead: 0
5.49318   0.0509165   0.258476  5.10471 	Dead: 0
5.28803   0.0625374   0.317469  4.86858 	Dead: 0
5.08919   0.0694537   0.35258   4.44812 	Dead: 0
4.69052   0.06605     0.3353    4.2347  	Dead: 0
4.55414   0.0792374   0.402246  4.06455 	Dead: 0
4.36313   0.0652642   0.331312  3.92304 	Dead: 0
4.03229   0.0750957   0.381221  3.46897 	Dead: 0
3.90743   0.0829594   0.421141  3.34588 	Dead: 0
3.8166    0.0881814   0.44765   3.24414 	Dead: 0
3.74907   0.0797277   0.404735  3.21703 	Dead: 0
3.71678   0.101312    0.514306  3.21703 	Dead: 0
3.69519   0.085399    0.433525  3.21703 	Dead: 0
3.67608   0.0906639   0.460252  3.14776 	Dead: 0
3.60346   0.0932574   0.473418  3.14776 	Dead: 0
3.57248   0.0787521   0.399783  3.09718 	Dead: 0
3.55695   0.0867879   0.440576  3.03583 	Dead: 0
3.48561   0.0727219   0.36917   3.03583 	Dead: 0
3.43014   0.0820968   0.416762  2.94761 	Dead: 0
3.47414   0.115307    0.58535   2.92656 	Dead: 0
3.3945    0.103114    0.523455  2.92656 	Dead: 0
3.4386    0.0943129   0.478776  2.92656 	Dead: 0
3.37522   0.0855546   0.434315  2.83916 	Dead: 0
3.41167   0.097102    0.492935  2.83916 	Dead: 0
3.44054   0.113234    0.574828  2.83916 	Dead: 0
3.41716   0.107299    0.544698  2.83916 	Dead: 0
3.34177   0.107454    0.545487  2.83916 	Dead: 0
3.32872   0.0955094   0.48485   2.83916 	Dead: 0
3.38511   0.107363    0.545023  2.83916 	Dead: 0
3.45179   0.117783    0.597923  2.83916 	Dead: 0
3.45489   0.130049    0.660189  2.83916 	Dead: 0
3.37546   0.119826    0.608293  2.83916 	Dead: 0
3.33929   0.102743    0.521573  2.80782 	Dead: 0
3.30662   0.0945053   0.479753  2.80782 	Dead: 0
3.31051   0.0981175   0.49809   2.80782 	Dead: 0
3.35161   0.117908    0.598558  2.80782 	Dead: 0
3.34656   0.101438    0.514948  2.80782 	Dead: 0
3.32507   0.102725    0.521479  2.80782 	Dead: 0
3.32424   0.108599    0.5513    2.77482 	Dead: 0
3.31565   0.105551    0.535828  2.77482 	Dead: 0
3.35445   0.136548    0.693181  2.74641 	Dead: 0
3.27778   0.0846241   0.429591  2.74641 	Dead: 0
3.34967   0.110962    0.563295  2.74641 	Dead: 0
3.29587   0.106642    0.541367  2.73377 	Dead: 0
3.27739   0.105928    0.537741  2.73377 	Dead: 0
3.26895   0.0910593   0.462259  2.73377 	Dead: 0
3.2596    0.0936978   0.475654  2.73377 	Dead: 0
3.2698    0.119006    0.604132  2.73377 	Dead: 0
3.26038   0.109316    0.554939  2.73377 	Dead: 0
3.21878   0.101279    0.514138  2.72983 	Dead: 0
3.29175   0.105994    0.538073  2.72983 	Dead: 0
3.27306   0.126356    0.641443  2.72983 	Dead: 0
3.27373   0.113969    0.578561  2.72983 	Dead: 0
3.25016   0.101305    0.514273  2.71625 	Dead: 0
3.23005   0.0970885   0.492867  2.71625 	Dead: 0
3.25191   0.119284    0.605541  2.71625 	Dead: 0
3.38291   0.134508    0.682824  2.71625 	Dead: 0
3.2938    0.108498    0.550785  2.71625 	Dead: 0
3.18564   0.0917789   0.465912  2.66892 	Dead: 0
3.29846   0.127517    0.647335  2.66892 	Dead: 0
3.23345   0.101654    0.516044  2.66892 	Dead: 0
3.18964   0.103799    0.526933  2.66892 	Dead: 0
3.199     0.0915208   0.464602  2.66892 	Dead: 0
3.33077   0.130409    0.662017  2.66892 	Dead: 0
3.16145   0.0901856   0.457824  2.66892 	Dead: 0
3.18208   0.0996404   0.505821  2.66892 	Dead: 0
3.20758   0.106317    0.539715  2.66892 	Dead: 0
3.2972    0.127747    0.648504  2.66892 	Dead: 0
3.20924   0.103481    0.525318  2.66892 	Dead: 0
3.28698   0.123759    0.628257  2.57532 	Dead: 0
3.32386   0.152752    0.775442  2.57532 	Dead: 0
3.19927   0.107324    0.544827  2.57532 	Dead: 0
3.27865   0.126478    0.64206   2.57532 	Dead: 0
3.20044   0.101522    0.515372  2.57532 	Dead: 0
3.22138   0.113083    0.574062  2.57532 	Dead: 0
3.26371   0.115452    0.586091  2.57532 	Dead: 0
3.20809   0.10205     0.518051  2.57532 	Dead: 0
3.14802   0.10536     0.534857  2.57532 	Dead: 0
3.22893   0.125697    0.638099  2.57532 	Dead: 0
3.22863   0.124449    0.631762  2.57532 	Dead: 0
3.21271   0.101509    0.515308  2.57532 	Dead: 0
3.25332   0.129358    0.656684  2.57532 	Dead: 0
3.19432   0.0962363   0.48854   2.57532 	Dead: 0
3.26924   0.12152     0.616891  2.57532 	Dead: 0
3.29568   0.134672    0.683656  2.57532 	Dead: 0
3.25733   0.12164     0.617503  2.57532 	Dead: 0
3.24986   0.12953     0.657556  2.57532 	Dead: 0
3.25036   0.118754    0.602851  2.57532 	Dead: 0
3.22718   0.112538    0.571294  2.57532 	Dead: 0
3.25392   0.132439    0.672324  2.57532 	Dead: 0
3.20778   0.103849    0.527187  2.57532 	Dead: 0
