9.89397   0.086578    0.43951   8.88216 	Dead: 0
8.02438   0.0482926   0.245156  7.39723 	Dead: 0
7.50236   0.0473018   0.240126  7.09027 	Dead: 0
7.34666   0.0536165   0.272182  6.90152 	Dead: 0
7.33853   0.0633427   0.321557  6.87798 	Dead: 0
7.24258   0.0565488   0.287068  6.8195  	Dead: 0
7.1811    0.0572074   0.290411  6.68822 	Dead: 0
7.12202   0.0637873   0.323814  6.52557 	Dead: 0
7.02222   0.0546642   0.277501  6.49377 	Dead: 0
7.05593   0.0662254   0.336191  6.44123 	Dead: 0
6.96171   0.0617337   0.313389  6.44123 	Dead: 0
6.90468   0.058985    0.299435  6.39025 	Dead: 0
6.82882   0.0556109   0.282307  6.36516 	Dead: 0
6.81829   0.0660991   0.33555   6.25151 	Dead: 0
6.76694   0.0564992   0.286816  6.25151 	Dead: 0
6.76507   0.062693    0.318259  6.25151 	Dead: 0
6.75168   0.0629789   0.319711  6.25151 	Dead: 0
6.64313   0.0627039   0.318314  6.05333 	Dead: 0
6.60265   0.0632913   0.321296  6.05333 	Dead: 0
6.5264    0.063529    0.322503  6.02052 	Dead: 0
6.51311   0.0672561   0.341423  6.00591 	Dead: 0
6.50856   0.067632    0.343331  6.00591 	Dead: 0
6.52157   0.0742392   0.376873  5.93568 	Dead: 0
6.4919    0.0694403   0.352512  5.93568 	Dead: 0
6.49325   0.0690346   0.350452  5.93568 	Dead: 0
6.45449   0.0627322   0.318458  5.93277 	Dead: 0
6.45911   0.0709808   0.360332  5.89012 	Dead: 0
6.44724   0.0692514   0.351552  5.89012 	Dead: 0
6.41695   0.0676247   0.343294  5.87257 	Dead: 0
6.3993    0.0688544   0.349537  5.87257 	Dead: 0
6.40005   0.0770988   0.39139   5.74028 	Dead: 0
6.40796   0.0815815   0.414146  5.74028 	Dead: 0
6.36651   0.0757464   0.384524  5.74028 	Dead: 0
6.39475   0.0805136   0.408725  5.74028 	Dead: 0
6.3513    0.0715032   0.362984  5.74028 	Dead: 0
6.32559   0.0713642   0.362278  5.6194  	Dead: 0
6.29807   0.0681585   0.346004  5.6194  	Dead: 0
6.32146   0.0782544   0.397256  5.6194  	Dead: 0
6.29779   0.0721466   0.36625   5.6194  	Dead: 0
6.27827   0.0733058   0.372134  5.6194  	Dead: 0
6.276     0.0772321   0.392066  5.6194  	Dead: 0
6.29829   0.0700301   0.355506  5.6194  	Dead: 0
6.25297   0.0722684   0.366868  5.6194  	Dead: 0
6.21192   0.0668402   0.339312  5.55848 	Dead: 0
6.21745   0.0771516   0.391658  5.55848 	Dead: 0
6.19776   0.0679522   0.344957  5.55848 	Dead: 0
6.22597   0.0722155   0.366599  5.55848 	Dead: 0
6.15995   0.0699221   0.354957  5.55848 	Dead: 0
6.18159   0.0705207   0.357996  5.55848 	Dead: 0
6.16697   0.0711299   0.361089  5.47151 	Dead: 0
6.13332   0.0687713   0.349115  5.47151 	Dead: 0
6.14853   0.0701102   0.355912  5.47151 	Dead: 0
6.11342   0.0695268   0.352951  5.47151 	Dead: 0
6.10808   0.0722175   0.36661   5.47151 	Dead: 0
6.10835   0.0711381   0.36113   5.47151 	Dead: 0
6.08707   0.0690312   0.350435  5.47151 	Dead: 0
6.09934   0.0689067   0.349802  5.47151 	Dead: 0
6.10949   0.0779412   0.395666  5.47151 	Dead: 0
6.11878   0.0775846   0.393856  5.47151 	Dead: 0
6.08787   0.0684906   0.34769   5.47151 	Dead: 0
6.11781   0.0751198   0.381343  5.44686 	Dead: 0
6.07344   0.073114    0.371161  5.44686 	Dead: 0
6.08807   0.0786929   0.399482  5.44686 	Dead: 0
6.07473   0.0712631   0.361765  5.44686 	Dead: 0
6.0866    0.0751001   0.381243  5.44686 	Dead: 0
6.10205   0.0811573   0.411992  5.44686 	Dead: 0
6.12082   0.0817148   0.414822  5.44686 	Dead: 0
6.06615   0.066747    0.338839  5.44686 	Dead: 0
6.09037   0.0796277   0.404227  5.44686 	Dead: 0
6.08007   0.0739252   0.375279  5.44686 	Dead: 0
6.08382   0.0701527   0.356128  5.44686 	Dead: 0
6.07807   0.0740733   0.37603   5.44686 	Dead: 0
6.10238   0.0832102   0.422414  5.44686 	Dead: 0
6.0507    0.0684048   0.347254  5.44686 	Dead: 0
6.08925   0.0770764   0.391276  5.44686 	Dead: 0
6.12624   0.0792809   0.402467  5.44686 	Dead: 0
6.08017   0.0734333   0.372782  5.44686 	Dead: 0
6.06165   0.0706352   0.358577  5.44686 	Dead: 0
6.06064   0.0724462   0.367771  5.44686 	Dead: 0
6.02329   0.0693436   0.35202   5.44686 	Dead: 0
6.08644   0.0800695   0.40647   5.44686 	Dead: 0
6.049     0.0770736   0.391261  5.44686 	Dead: 0
6.05011   0.0723027   0.367042  5.44686 	Dead: 0
6.03574   0.0728539   0.36984   5.44686 	Dead: 0
6.11411   0.086443    0.438825  5.44686 	Dead: 0
6.01642   0.0694544   0.352583  5.44686 	Dead: 0
6.0769    0.0758281   0.384939  5.44686 	Dead: 0
6.1199    0.0891944   0.452792  5.44686 	Dead: 0
6.03802   0.0731779   0.371485  5.44686 	Dead: 0
6.05205   0.0699646   0.355173  5.44686 	Dead: 0
6.07561   0.0771628   0.391714  5.44686 	Dead: 0
6.10781   0.0829464   0.421075  5.44686 	Dead: 0
6.08371   0.0779756   0.39584   5.44686 	Dead: 0
6.03472   0.072486    0.367973  5.44686 	Dead: 0
6.01169   0.0659356   0.33472   5.43113 	Dead: 0
6.05847   0.0747715   0.379575  5.43113 	Dead: 0
6.06584   0.07559     0.38373   5.43113 	Dead: 0
6.02657   0.0717265   0.364117  5.43113 	Dead: 0
6.04158   0.0741365   0.376352  5.43113 	Dead: 0
6.07798   0.0749743   0.380605  5.43113 	Dead: 0
5.98867   0.0679264   0.344826  5.43113 	Dead: 0
