9.90746   0.0877665   0.445544  8.7907  	Dead: 0
8.13429   0.0451917   0.229414  7.5032  	Dead: 0
7.86342   0.0470962   0.239082  7.38158 	Dead: 0
7.56149   0.0456862   0.231925  7.17497 	Dead: 0
7.51573   0.0581172   0.29503   6.92412 	Dead: 0
7.49489   0.061905    0.314259  6.92412 	Dead: 0
7.44971   0.0641934   0.325876  6.92412 	Dead: 0
7.43173   0.0665807   0.337995  6.89594 	Dead: 0
7.3707    0.0629253   0.319438  6.85135 	Dead: 0
7.35602   0.0629075   0.319348  6.85135 	Dead: 0
7.30448   0.0646595   0.328242  6.85135 	Dead: 0
7.23627   0.0653704   0.331851  6.64592 	Dead: 0
7.18077   0.0598631   0.303893  6.56154 	Dead: 0
7.15166   0.0664457   0.337309  6.56154 	Dead: 0
7.0184    0.0689505   0.350025  6.45144 	Dead: 0
6.98463   0.058608    0.297521  6.45144 	Dead: 0
6.82973   0.0624089   0.316817  6.32622 	Dead: 0
6.81817   0.060091    0.30505   6.2074  	Dead: 0
6.76922   0.0694987   0.352808  6.19837 	Dead: 0
6.75794   0.070229    0.356515  6.11177 	Dead: 0
6.76455   0.0724802   0.367943  6.11177 	Dead: 0
6.70706   0.0660483   0.335292  6.11177 	Dead: 0
6.72845   0.0754649   0.383095  6.11177 	Dead: 0
6.67337   0.0667415   0.338811  6.11177 	Dead: 0
6.64615   0.0639175   0.324475  6.11177 	Dead: 0
6.61743   0.0718632   0.364811  6.01851 	Dead: 0
6.66511   0.0919456   0.466759  6.01851 	Dead: 0
6.6203    0.0701833   0.356283  5.82159 	Dead: 0
6.54145   0.0596906   0.303017  5.82159 	Dead: 0
6.60496   0.0710503   0.360684  5.82159 	Dead: 0
6.60424   0.0766418   0.38907   5.82159 	Dead: 0
6.54117   0.0642447   0.326136  5.82159 	Dead: 0
6.61129   0.0739976   0.375646  5.82159 	Dead: 0
6.58202   0.0789401   0.400737  5.82159 	Dead: 0
6.55951   0.0776076   0.393972  5.82159 	Dead: 0
6.56597   0.0768663   0.390209  5.82159 	Dead: 0
6.5594    0.0727723   0.369426  5.82159 	Dead: 0
6.56958   0.0696357   0.353503  5.82159 	Dead: 0
6.56907   0.073816    0.374725  5.82159 	Dead: 0
6.56029   0.0854538   0.433804  5.82159 	Dead: 0
6.53782   0.0680725   0.345568  5.82159 	Dead: 0
6.50826   0.0680873   0.345643  5.82159 	Dead: 0
6.51324   0.0730425   0.370798  5.82159 	Dead: 0
6.49837   0.0683532   0.346993  5.81515 	Dead: 0
6.50914   0.0758153   0.384874  5.81515 	Dead: 0
6.50837   0.0696916   0.353787  5.81515 	Dead: 0
6.49828   0.0700313   0.355511  5.81515 	Dead: 0
6.49068   0.0791722   0.401915  5.81515 	Dead: 0
6.49049   0.0686637   0.348569  5.81515 	Dead: 0
6.51441   0.0695583   0.35311   5.81515 	Dead: 0
6.49752   0.0709873   0.360364  5.81515 	Dead: 0
6.4815    0.0760063   0.385844  5.81515 	Dead: 0
6.50001   0.073311    0.372161  5.81515 	Dead: 0
6.50756   0.0716885   0.363924  5.81515 	Dead: 0
6.52388   0.0726191   0.368648  5.81515 	Dead: 0
6.48368   0.0690726   0.350645  5.81515 	Dead: 0
6.56036   0.0792481   0.4023    5.81515 	Dead: 0
6.48601   0.0693411   0.352008  5.81515 	Dead: 0
6.46906   0.0692159   0.351372  5.81515 	Dead: 0
6.42929   0.0713155   0.362031  5.81515 	Dead: 0
6.36721   0.0669293   0.339764  5.81515 	Dead: 0
6.35312   0.0639018   0.324396  5.81515 	Dead: 0
6.38194   0.0788396   0.400227  5.81515 	Dead: 0
6.35375   0.0791771   0.40194   5.78923 	Dead: 0
6.36795   0.0800269   0.406254  5.78923 	Dead: 0
6.35143   0.0818635   0.415578  5.78923 	Dead: 0
6.31098   0.0690492   0.350526  5.55368 	Dead: 0
6.34786   0.0834949   0.423859  5.55368 	Dead: 0
6.27478   0.0664841   0.337504  5.55368 	Dead: 0
6.26597   0.0666578   0.338386  5.55368 	Dead: 0
6.29482   0.0731204   0.371193  5.55368 	Dead: 0
6.32937   0.0757117   0.384348  5.55368 	Dead: 0
6.29585   0.0764492   0.388092  5.55368 	Dead: 0
6.33991   0.0827294   0.419973  5.55368 	Dead: 0
6.3487    0.0853445   0.433249  5.55368 	Dead: 0
6.33549   0.07763     0.394086  5.55368 	Dead: 0
6.33134   0.0779465   0.395693  5.55368 	Dead: 0
6.32112   0.0789637   0.400857  5.55368 	Dead: 0
6.2242    0.0656267   0.333152  5.55368 	Dead: 0
6.30652   0.073539    0.373318  5.55368 	Dead: 0
6.30927   0.0736737   0.374002  5.55368 	Dead: 0
6.26392   0.0744307   0.377845  5.55368 	Dead: 0
6.2959    0.0770893   0.391341  5.55368 	Dead: 0
6.30085   0.0736701   0.373984  5.55368 	Dead: 0
6.30239   0.0909111   0.461507  5.55368 	Dead: 0
6.31137   0.0795651   0.40391   5.55368 	Dead: 0
6.25099   0.0677679   0.344022  5.55368 	Dead: 0
6.28551   0.076193    0.386791  5.55368 	Dead: 0
6.29947   0.0736309   0.373785  5.55368 	Dead: 0
6.2772    0.0762376   0.387018  5.55368 	Dead: 0
6.30047   0.0788678   0.40037   5.55368 	Dead: 0
6.29863   0.0818925   0.415725  5.55368 	Dead: 0
6.27532   0.0725061   0.368075  5.55368 	Dead: 0
6.32462   0.0849333   0.431161  5.49581 	Dead: 0
6.30054   0.0814327   0.41339   5.49581 	Dead: 0
6.28953   0.0767944   0.389844  5.49581 	Dead: 0
6.31031   0.0792338   0.402228  5.49581 	Dead: 0
6.31374   0.0910506   0.462215  5.49581 	Dead: 0
6.30023   0.0810212   0.411301  5.49581 	Dead: 0
6.23253   0.0722965   0.367011  5.49581 	Dead: 0
6.26942   0.0797      0.404594  5.49581 	Dead: 0
