6.31998   0.120501    0.611717  5.02237 	Dead: 0
4.05101   0.0506437   0.257091  3.46858 	Dead: 0
3.64248   0.0445766   0.226291  3.22772 	Dead: 0
3.40879   0.0398818   0.202458  3.04735 	Dead: 0
3.24265   0.0407599   0.206916  2.92999 	Dead: 0
3.1287    0.0376225   0.190989  2.8259  	Dead: 0
3.0015    0.0313527   0.159161  2.7263  	Dead: 0
2.9835    0.036074    0.183128  2.60417 	Dead: 0
2.95928   0.0392879   0.199444  2.60417 	Dead: 0
2.90172   0.0367483   0.186551  2.60417 	Dead: 0
2.88771   0.0354289   0.179854  2.60417 	Dead: 0
2.88793   0.0378146   0.191964  2.60417 	Dead: 0
2.86427   0.037063    0.188149  2.60417 	Dead: 0
2.8533    0.0345959   0.175625  2.56951 	Dead: 0
2.84036   0.0380797   0.19331   2.56951 	Dead: 0
2.79044   0.0366137   0.185868  2.54928 	Dead: 0
2.79192   0.0324427   0.164694  2.51891 	Dead: 0
2.7679    0.0367579   0.1866    2.44099 	Dead: 0
2.78678   0.0389085   0.197517  2.44099 	Dead: 0
2.77839   0.0344592   0.174931  2.44099 	Dead: 0
2.76859   0.0346426   0.175862  2.44099 	Dead: 0
2.77052   0.0387339   0.196631  2.44099 	Dead: 0
2.74013   0.0327932   0.166474  2.44099 	Dead: 0
2.74858   0.0346824   0.176064  2.44099 	Dead: 0
2.7429    0.0347763   0.176541  2.44099 	Dead: 0
2.75335   0.0366988   0.1863    2.40693 	Dead: 0
2.74623   0.0406608   0.206413  2.40693 	Dead: 0
2.73062   0.0391673   0.198832  2.40693 	Dead: 0
2.71514   0.0358641   0.182063  2.40693 	Dead: 0
2.71409   0.0359798   0.18265   2.40693 	Dead: 0
2.71933   0.0364413   0.184993  2.40693 	Dead: 0
2.69857   0.0356637   0.181045  2.40693 	Dead: 0
2.67266   0.0306618   0.155654  2.40693 	Dead: 0
2.69977   0.0387188   0.196555  2.40693 	Dead: 0
2.71878   0.0371861   0.188774  2.40693 	Dead: 0
2.69752   0.0354587   0.180005  2.38819 	Dead: 0
2.6611    0.0299848   0.152217  2.38819 	Dead: 0
2.67325   0.0375273   0.190506  2.38819 	Dead: 0
2.68373   0.0362377   0.18396   2.38819 	Dead: 0
2.66997   0.0350357   0.177857  2.38819 	Dead: 0
2.65371   0.0351674   0.178526  2.38819 	Dead: 0
2.65031   0.0361524   0.183527  2.38819 	Dead: 0
2.6303    0.0320639   0.162772  2.34709 	Dead: 0
2.65525   0.0399575   0.202843  2.34709 	Dead: 0
2.62075   0.0395366   0.200706  2.34709 	Dead: 0
2.63938   0.0353966   0.17969   2.34709 	Dead: 0
2.62252   0.0326057   0.165522  2.34709 	Dead: 0
2.62693   0.0337633   0.171398  2.34709 	Dead: 0
2.6142    0.0334583   0.16985   2.34709 	Dead: 0
2.61396   0.0355693   0.180566  2.34709 	Dead: 0
2.6174    0.0338887   0.172035  2.34709 	Dead: 0
2.60851   0.0336444   0.170795  2.326   	Dead: 0
2.61094   0.0395507   0.200778  2.326   	Dead: 0
2.61037   0.0382904   0.19438   2.326   	Dead: 0
2.58233   0.0332261   0.168671  2.326   	Dead: 0
2.55425   0.0301044   0.152824  2.326   	Dead: 0
2.5632    0.0327234   0.166119  2.326   	Dead: 0
2.55304   0.0322968   0.163954  2.326   	Dead: 0
2.5548    0.0332889   0.16899   2.32245 	Dead: 0
2.56558   0.0365523   0.185556  2.32245 	Dead: 0
2.55368   0.0330974   0.168018  2.27409 	Dead: 0
2.54224   0.0326367   0.165679  2.27409 	Dead: 0
2.54608   0.034594    0.175615  2.26471 	Dead: 0
2.54471   0.0349599   0.177473  2.26471 	Dead: 0
2.52528   0.0323746   0.164349  2.26375 	Dead: 0
2.52147   0.030569    0.155183  2.26375 	Dead: 0
2.51641   0.0331788   0.168431  2.26375 	Dead: 0
2.51457   0.0328237   0.166628  2.26113 	Dead: 0
2.49877   0.031486    0.159838  2.21131 	Dead: 0
2.51514   0.0331152   0.168108  2.21131 	Dead: 0
2.51107   0.0295277   0.149896  2.21131 	Dead: 0
2.52669   0.0341211   0.173214  2.21131 	Dead: 0
2.5265    0.0343638   0.174447  2.21131 	Dead: 0
2.5266    0.0336147   0.170644  2.21131 	Dead: 0
2.51931   0.0344872   0.175073  2.21131 	Dead: 0
2.5164    0.0318614   0.161743  2.21131 	Dead: 0
2.50379   0.0348922   0.177129  2.21131 	Dead: 0
2.52102   0.0330154   0.167602  2.21131 	Dead: 0
2.51603   0.0352926   0.179162  2.21131 	Dead: 0
2.53286   0.0365522   0.185556  2.21131 	Dead: 0
2.49456   0.0305246   0.154957  2.21131 	Dead: 0
2.50709   0.0357489   0.181478  2.21131 	Dead: 0
2.49479   0.0322674   0.163805  2.21131 	Dead: 0
2.50762   0.0310364   0.157555  2.21131 	Dead: 0
2.51369   0.0337802   0.171484  2.21131 	Dead: 0
2.5268    0.0368574   0.187105  2.21131 	Dead: 0
2.54369   0.0396807   0.201438  2.21131 	Dead: 0
2.53116   0.038863    0.197287  2.21131 	Dead: 0
2.51958   0.0324903   0.164936  2.21131 	Dead: 0
2.52409   0.0368689   0.187164  2.21131 	Dead: 0
2.52267   0.0340808   0.17301   2.21131 	Dead: 0
2.53464   0.0364689   0.185133  2.21131 	Dead: 0
2.50722   0.0291361   0.147908  2.21131 	Dead: 0
2.51383   0.0347273   0.176292  2.21131 	Dead: 0
2.51313   0.0347681   0.176499  2.21131 	Dead: 0
2.49841   0.0311612   0.158189  2.21131 	Dead: 0
2.52357   0.0425737   0.216124  2.21131 	Dead: 0
2.49167   0.0327662   0.166336  2.21131 	Dead: 0
2.50918   0.0360595   0.183055  2.21131 	Dead: 0
2.48491   0.0327526   0.166267  2.21131 	Dead: 0
2.47456   0.0287437   0.145916  2.21131 	Dead: 0
