6.26012   0.135792    0.689343  4.95927 	Dead: 0
3.67755   0.0402596   0.204377  3.26945 	Dead: 0
3.31793   0.0430185   0.218382  2.90111 	Dead: 0
3.15999   0.0378096   0.191939  2.78369 	Dead: 0
3.08602   0.0353625   0.179517  2.78369 	Dead: 0
3.04328   0.033818    0.171676  2.78369 	Dead: 0
3.03252   0.035307    0.179235  2.77854 	Dead: 0
3.00143   0.0376002   0.190876  2.69418 	Dead: 0
2.97096   0.0356853   0.181155  2.69418 	Dead: 0
2.92645   0.0421702   0.214075  2.6425  	Dead: 0
2.90373   0.0359913   0.182708  2.6425  	Dead: 0
2.90826   0.0359387   0.182441  2.64214 	Dead: 0
2.87786   0.0367546   0.186584  2.57964 	Dead: 0
2.86163   0.0390249   0.198109  2.57964 	Dead: 0
2.83472   0.0313616   0.159206  2.57964 	Dead: 0
2.83604   0.0327818   0.166416  2.57964 	Dead: 0
2.81955   0.0321871   0.163396  2.57964 	Dead: 0
2.83626   0.0374118   0.18992   2.53681 	Dead: 0
2.84416   0.0415547   0.210951  2.53681 	Dead: 0
2.83653   0.0361032   0.183276  2.53681 	Dead: 0
2.82474   0.037063    0.188149  2.471   	Dead: 0
2.82182   0.0421331   0.213887  2.471   	Dead: 0
2.79237   0.0358901   0.182195  2.42688 	Dead: 0
2.82301   0.0410659   0.20847   2.42688 	Dead: 0
2.79264   0.042134    0.213892  2.42688 	Dead: 0
2.78969   0.038431    0.195094  2.42688 	Dead: 0
2.76162   0.0325882   0.165433  2.42688 	Dead: 0
2.79062   0.037278    0.18924   2.42688 	Dead: 0
2.75864   0.0360074   0.18279   2.42688 	Dead: 0
2.75986   0.0357801   0.181637  2.42688 	Dead: 0
2.78233   0.0385241   0.195566  2.42688 	Dead: 0
2.76427   0.0354974   0.180201  2.42688 	Dead: 0
2.78477   0.0402182   0.204166  2.42688 	Dead: 0
2.75149   0.0394725   0.200381  2.42688 	Dead: 0
2.78355   0.0404714   0.205452  2.42688 	Dead: 0
2.76957   0.0389068   0.197509  2.42688 	Dead: 0
2.76737   0.0382641   0.194246  2.42688 	Dead: 0
2.7773    0.0383168   0.194514  2.42688 	Dead: 0
2.75774   0.0379084   0.192441  2.42688 	Dead: 0
2.7419    0.035135    0.178362  2.42688 	Dead: 0
2.74745   0.0401449   0.203794  2.42688 	Dead: 0
2.74234   0.0351001   0.178185  2.42688 	Dead: 0
2.75954   0.0444944   0.225874  2.42688 	Dead: 0
2.75377   0.0427991   0.217268  2.42688 	Dead: 0
2.74421   0.0357362   0.181414  2.42688 	Dead: 0
2.74095   0.0378447   0.192117  2.42688 	Dead: 0
2.74696   0.0405864   0.206035  2.42688 	Dead: 0
2.70092   0.0355264   0.180349  2.42688 	Dead: 0
2.69011   0.0349389   0.177366  2.38831 	Dead: 0
2.70406   0.0361119   0.183321  2.38831 	Dead: 0
2.68696   0.0355506   0.180471  2.38831 	Dead: 0
2.6962    0.0360139   0.182824  2.38831 	Dead: 0
2.71211   0.0334537   0.169827  2.38831 	Dead: 0
2.72259   0.0387894   0.196913  2.38831 	Dead: 0
2.70033   0.035468    0.180052  2.38831 	Dead: 0
2.69525   0.0369496   0.187573  2.38831 	Dead: 0
2.70824   0.0371358   0.188518  2.38831 	Dead: 0
2.68501   0.0345756   0.175522  2.38831 	Dead: 0
2.69624   0.0404105   0.205142  2.38831 	Dead: 0
2.69132   0.0391453   0.19872   2.38831 	Dead: 0
2.65593   0.0360017   0.182761  2.38831 	Dead: 0
2.63779   0.0322369   0.163649  2.38831 	Dead: 0
2.65756   0.0361862   0.183698  2.38831 	Dead: 0
2.64575   0.0370513   0.18809   2.34178 	Dead: 0
2.6194    0.0321214   0.163063  2.34178 	Dead: 0
2.63135   0.0360577   0.183046  2.34178 	Dead: 0
2.63478   0.0332314   0.168698  2.34178 	Dead: 0
2.63531   0.037141    0.188545  2.34178 	Dead: 0
2.61616   0.0396984   0.201528  2.34178 	Dead: 0
2.58954   0.0324081   0.164519  2.34178 	Dead: 0
2.60479   0.0405186   0.205692  2.33558 	Dead: 0
2.59333   0.0305284   0.154977  2.33558 	Dead: 0
2.57309   0.030719    0.155944  2.33558 	Dead: 0
2.58269   0.0391031   0.198506  2.33558 	Dead: 0
2.55902   0.0301043   0.152824  2.33558 	Dead: 0
2.57417   0.0295437   0.149978  2.33558 	Dead: 0
2.55682   0.029962    0.152101  2.26944 	Dead: 0
2.55994   0.0297495   0.151022  2.26944 	Dead: 0
2.54515   0.0308619   0.156669  2.26944 	Dead: 0
2.55661   0.0316595   0.160718  2.26944 	Dead: 0
2.55889   0.039693    0.2015    2.26944 	Dead: 0
2.54621   0.0331545   0.168308  2.26944 	Dead: 0
2.53549   0.0331778   0.168426  2.26944 	Dead: 0
2.52901   0.0313763   0.159281  2.26944 	Dead: 0
2.54971   0.033458    0.169848  2.26944 	Dead: 0
2.54061   0.0354756   0.180091  2.26944 	Dead: 0
2.53752   0.0348805   0.17707   2.26944 	Dead: 0
2.54126   0.038366    0.194764  2.26944 	Dead: 0
2.54233   0.0338676   0.171928  2.26944 	Dead: 0
2.52717   0.0325224   0.165099  2.26944 	Dead: 0
2.53911   0.0388837   0.197392  2.2581  	Dead: 0
2.53133   0.0318056   0.16146   2.2581  	Dead: 0
2.50974   0.0317592   0.161224  2.2581  	Dead: 0
2.53126   0.0388928   0.197438  2.2581  	Dead: 0
2.53955   0.0366885   0.186248  2.23249 	Dead: 0
2.50896   0.0317932   0.161397  2.23249 	Dead: 0
2.52157   0.0358743   0.182114  2.23249 	Dead: 0
2.52859   0.0435293   0.220975  2.22136 	Dead: 0
2.52307   0.0307381   0.156041  2.22136 	Dead: 0
2.54456   0.0387636   0.196782  2.22136 	Dead: 0
2.52561   0.0382043   0.193943  2.22136 	Dead: 0
