13.688    0.122292    0.620814  11.5368 	Dead: 0
9.8131    0.0421216   0.213829  9.33537 	Dead: 0
8.91716   0.0467453   0.237301  8.52979 	Dead: 0
8.14901   0.0646853   0.328373  7.46526 	Dead: 0
7.01881   0.0610002   0.309665  6.47824 	Dead: 0
6.60318   0.087967    0.446562  5.98992 	Dead: 0
6.10785   0.0722702   0.366877  5.55825 	Dead: 0
5.73603   0.125043    0.634779  5.13308 	Dead: 0
5.25493   0.128734    0.653515  4.65424 	Dead: 0
4.92586   0.10203     0.517951  4.29144 	Dead: 0
4.57866   0.113191    0.57461   3.90902 	Dead: 0
4.11195   0.122598    0.622366  3.46871 	Dead: 0
3.87641   0.153221    0.777824  3.26099 	Dead: 0
3.59008   0.127214    0.645797  2.95136 	Dead: 0
3.38763   0.172462    0.875495  2.65854 	Dead: 0
3.12392   0.130111    0.660503  2.58155 	Dead: 0
3.04045   0.117674    0.59737   2.44717 	Dead: 0
2.83275   0.130776    0.663879  2.32714 	Dead: 0
2.80083   0.109817    0.557481  2.30406 	Dead: 0
2.79817   0.145373    0.73798   2.20975 	Dead: 0
2.74412   0.167284    0.849209  2.20345 	Dead: 0
2.6187    0.14725     0.747508  2.07851 	Dead: 0
2.53453   0.133944    0.679963  2.01342 	Dead: 0
2.47941   0.0966453   0.490617  2.01342 	Dead: 0
2.61118   0.187893    0.953834  1.99682 	Dead: 0
2.50359   0.1315      0.667557  1.99682 	Dead: 0
2.46409   0.131797    0.669065  1.97356 	Dead: 0
2.51801   0.174708    0.8869    1.97356 	Dead: 0
2.30767   0.101246    0.513973  1.94558 	Dead: 0
2.40758   0.160071    0.812596  1.85195 	Dead: 0
2.30072   0.14872     0.754971  1.85195 	Dead: 0
2.27251   0.133079    0.675571  1.85195 	Dead: 0
2.37358   0.155781    0.790815  1.82712 	Dead: 0
2.36376   0.1413      0.717306  1.82712 	Dead: 0
2.40211   0.18325     0.93026   1.81319 	Dead: 0
2.30188   0.135578    0.688258  1.81319 	Dead: 0
2.28349   0.157789    0.80101   1.77801 	Dead: 0
2.30595   0.128983    0.654778  1.77801 	Dead: 0
2.42172   0.203774    1.03445   1.77801 	Dead: 0
2.29267   0.146092    0.741633  1.77801 	Dead: 0
2.26945   0.151869    0.770957  1.77801 	Dead: 0
2.31216   0.168191    0.853815  1.74938 	Dead: 0
2.29795   0.179509    0.911274  1.74938 	Dead: 0
2.24859   0.121105    0.614783  1.74938 	Dead: 0
2.35941   0.150806    0.765563  1.74373 	Dead: 0
2.19137   0.131688    0.668511  1.74373 	Dead: 0
2.28084   0.162147    0.823134  1.74373 	Dead: 0
2.32907   0.203552    1.03332   1.74373 	Dead: 0
2.25916   0.158104    0.802608  1.73958 	Dead: 0
2.28172   0.156236    0.793125  1.73958 	Dead: 0
2.25964   0.152386    0.773584  1.73958 	Dead: 0
2.17756   0.119541    0.606848  1.73958 	Dead: 0
2.14617   0.107349    0.544952  1.73958 	Dead: 0
2.13516   0.0973117   0.493999  1.73958 	Dead: 0
2.12574   0.114169    0.579573  1.67881 	Dead: 0
2.3154    0.152855    0.775963  1.67881 	Dead: 0
2.21857   0.125653    0.637873  1.67881 	Dead: 0
2.20021   0.11865     0.602322  1.67881 	Dead: 0
2.19728   0.141265    0.717127  1.67881 	Dead: 0
2.14915   0.114314    0.580311  1.67881 	Dead: 0
2.2956    0.194382    0.986775  1.67881 	Dead: 0
2.24912   0.15064     0.76472   1.67881 	Dead: 0
2.25439   0.157397    0.799019  1.67881 	Dead: 0
2.22571   0.139702    0.709195  1.67881 	Dead: 0
2.2584    0.158515    0.804698  1.67881 	Dead: 0
2.14651   0.13868     0.704002  1.67881 	Dead: 0
2.14621   0.111332    0.565175  1.67881 	Dead: 0
2.17516   0.136555    0.693216  1.67881 	Dead: 0
2.09483   0.0920243   0.467158  1.67881 	Dead: 0
2.23772   0.134731    0.683956  1.67881 	Dead: 0
2.23527   0.153221    0.777822  1.67881 	Dead: 0
2.2482    0.1494      0.758424  1.67881 	Dead: 0
2.09766   0.0954921   0.484762  1.67881 	Dead: 0
2.12252   0.119401    0.606136  1.67881 	Dead: 0
2.20693   0.137447    0.697745  1.67881 	Dead: 0
2.1866    0.108941    0.553033  1.67881 	Dead: 0
2.20612   0.127749    0.648513  1.67881 	Dead: 0
2.22431   0.133096    0.675658  1.67881 	Dead: 0
2.16768   0.123331    0.626085  1.67881 	Dead: 0
2.28519   0.167203    0.8488    1.67881 	Dead: 0
2.07299   0.0970095   0.492466  1.67881 	Dead: 0
2.19301   0.132617    0.673224  1.67011 	Dead: 0
2.14217   0.140524    0.713366  1.67011 	Dead: 0
2.12174   0.107312    0.544767  1.67011 	Dead: 0
2.2306    0.143773    0.729857  1.67011 	Dead: 0
2.18986   0.145828    0.740293  1.67011 	Dead: 0
2.21278   0.154476    0.784191  1.67011 	Dead: 0
2.09689   0.10959     0.556329  1.67011 	Dead: 0
2.1926    0.167164    0.848601  1.66903 	Dead: 0
2.08281   0.120101    0.609688  1.66903 	Dead: 0
2.16387   0.137332    0.697164  1.66903 	Dead: 0
2.11715   0.114431    0.580905  1.66903 	Dead: 0
2.14514   0.1402      0.711722  1.66903 	Dead: 0
2.14851   0.154275    0.78317   1.66903 	Dead: 0
2.20401   0.143901    0.730509  1.66903 	Dead: 0
2.23927   0.144031    0.731169  1.66903 	Dead: 0
2.22814   0.167025    0.847898  1.66903 	Dead: 0
2.12687   0.111054    0.563764  1.66903 	Dead: 0
2.14898   0.121814    0.618385  1.66903 	Dead: 0
2.11795   0.120357    0.610986  1.66903 	Dead: 0
2.24188   0.186848    0.94853   1.66903 	Dead: 0
