13.7156   0.0946678   0.480578  12.4863 	Dead: 0
10.5247   0.0494968   0.251269  10.0495 	Dead: 0
9.27831   0.043281    0.219715  8.65416 	Dead: 0
8.37466   0.0586381   0.297674  7.60943 	Dead: 0
7.49213   0.0641748   0.325781  7.05505 	Dead: 0
6.86685   0.0721949   0.366495  6.35947 	Dead: 0
6.10724   0.115032    0.583954  5.36104 	Dead: 0
5.37517   0.134799    0.684303  4.765   	Dead: 0
4.84474   0.134577    0.683177  4.14909 	Dead: 0
4.44706   0.111043    0.563707  3.80604 	Dead: 0
3.95905   0.118046    0.599258  3.41164 	Dead: 0
3.70594   0.120957    0.614032  3.00685 	Dead: 0
3.32846   0.125394    0.63656   2.56114 	Dead: 0
2.98741   0.117992    0.598982  2.50661 	Dead: 0
2.97754   0.161223    0.818444  2.34505 	Dead: 0
2.8328    0.160769    0.81614   2.27751 	Dead: 0
2.74249   0.163412    0.829554  2.25526 	Dead: 0
2.60932   0.118989    0.604042  2.12027 	Dead: 0
2.48758   0.0903823   0.458823  1.98117 	Dead: 0
2.58805   0.143497    0.728456  1.98117 	Dead: 0
2.55422   0.157091    0.797468  1.98117 	Dead: 0
2.3603    0.130171    0.660809  1.86108 	Dead: 0
2.48183   0.197785    1.00405   1.86108 	Dead: 0
2.33074   0.120568    0.612061  1.86108 	Dead: 0
2.28292   0.138485    0.703014  1.86108 	Dead: 0
2.30409   0.138538    0.703282  1.78302 	Dead: 0
2.21005   0.107212    0.544258  1.78302 	Dead: 0
2.24634   0.124573    0.63239   1.78302 	Dead: 0
2.29118   0.175075    0.888761  1.7516  	Dead: 0
2.27946   0.163052    0.827727  1.7516  	Dead: 0
2.28952   0.158319    0.803702  1.7516  	Dead: 0
2.20589   0.155866    0.791247  1.7516  	Dead: 0
2.22865   0.155019    0.786947  1.7516  	Dead: 0
2.20892   0.152296    0.773126  1.74678 	Dead: 0
2.15532   0.125489    0.637043  1.74159 	Dead: 0
2.26323   0.154223    0.782909  1.74159 	Dead: 0
2.23429   0.137661    0.698829  1.74159 	Dead: 0
2.17435   0.126514    0.642245  1.74159 	Dead: 0
2.11607   0.117653    0.597261  1.73244 	Dead: 0
2.16291   0.148972    0.756251  1.73244 	Dead: 0
2.23795   0.163261    0.82879   1.73244 	Dead: 0
2.2511    0.162983    0.82738   1.69636 	Dead: 0
2.19448   0.132734    0.673819  1.68496 	Dead: 0
2.13746   0.141366    0.71764   1.67999 	Dead: 0
2.12138   0.122824    0.62351   1.67999 	Dead: 0
2.18596   0.141149    0.716539  1.67999 	Dead: 0
2.17112   0.130417    0.662059  1.67999 	Dead: 0
2.13819   0.134358    0.682062  1.67999 	Dead: 0
2.07161   0.116908    0.593481  1.63351 	Dead: 0
2.2407    0.169502    0.860474  1.63351 	Dead: 0
2.13506   0.122644    0.6226    1.63351 	Dead: 0
2.15114   0.130917    0.664597  1.63351 	Dead: 0
2.18296   0.175806    0.892474  1.63351 	Dead: 0
2.18103   0.157431    0.799194  1.63351 	Dead: 0
2.14615   0.119626    0.607277  1.63351 	Dead: 0
2.1108    0.144991    0.736042  1.63351 	Dead: 0
2.07693   0.110355    0.560211  1.63351 	Dead: 0
2.25548   0.163       0.827462  1.63351 	Dead: 0
2.13608   0.136193    0.691381  1.63351 	Dead: 0
2.16417   0.15919     0.808121  1.63351 	Dead: 0
2.06529   0.11109     0.563944  1.63351 	Dead: 0
2.16481   0.16466     0.835892  1.63351 	Dead: 0
2.02555   0.0976311   0.495621  1.63351 	Dead: 0
2.13397   0.136323    0.692041  1.63351 	Dead: 0
2.21465   0.158221    0.803203  1.63351 	Dead: 0
2.091     0.13157     0.667913  1.63351 	Dead: 0
2.14271   0.134239    0.68146   1.63351 	Dead: 0
2.15759   0.142691    0.724366  1.63351 	Dead: 0
2.11868   0.156475    0.79434   1.63351 	Dead: 0
2.18372   0.145944    0.740882  1.63351 	Dead: 0
2.14005   0.139521    0.708274  1.63351 	Dead: 0
2.11596   0.150566    0.764345  1.63351 	Dead: 0
2.06023   0.112339    0.570283  1.63351 	Dead: 0
2.15077   0.149186    0.757338  1.63351 	Dead: 0
2.19482   0.16754     0.85051   1.61907 	Dead: 0
1.98196   0.0925803   0.469981  1.61907 	Dead: 0
1.99438   0.107999    0.548253  1.61907 	Dead: 0
2.12268   0.152437    0.773841  1.61907 	Dead: 0
2.15224   0.156528    0.794607  1.61907 	Dead: 0
2.18327   0.16139     0.819293  1.60538 	Dead: 0
1.98713   0.0960818   0.487756  1.60538 	Dead: 0
2.07782   0.122283    0.620765  1.60538 	Dead: 0
2.10617   0.142726    0.724543  1.60538 	Dead: 0
2.08242   0.164289    0.834009  1.60538 	Dead: 0
1.94056   0.10222     0.518917  1.60538 	Dead: 0
2.0675    0.139564    0.708492  1.60538 	Dead: 0
2.11072   0.148311    0.752894  1.60538 	Dead: 0
1.97281   0.120257    0.610482  1.60538 	Dead: 0
2.05428   0.120937    0.613934  1.60538 	Dead: 0
2.13026   0.157509    0.799588  1.60538 	Dead: 0
2.13851   0.175812    0.892504  1.60538 	Dead: 0
1.99994   0.115279    0.585211  1.59539 	Dead: 0
2.1058    0.149269    0.757759  1.59539 	Dead: 0
2.05302   0.145434    0.738289  1.58389 	Dead: 0
2.05442   0.146601    0.744215  1.58389 	Dead: 0
2.02774   0.135848    0.689629  1.58389 	Dead: 0
2.11266   0.154373    0.783671  1.58389 	Dead: 0
1.99319   0.110136    0.559102  1.58389 	Dead: 0
2.07982   0.139495    0.70814   1.58389 	Dead: 0
2.03234   0.125178    0.635464  1.58389 	Dead: 0
2.18648   0.184649    0.937363  1.58389 	Dead: 0
