13.2297   0.0802805   0.407541  12.1698 	Dead: 0
11.4735   0.0214406   0.108843  11.1265 	Dead: 0
11.1048   0.0223278   0.113346  10.943  	Dead: 0
10.9563   0.0211879   0.10756   10.7687 	Dead: 0
10.7536   0.0173466   0.0880596 10.5853 	Dead: 0
10.6774   0.0319075   0.161978  10.4906 	Dead: 0
10.6399   0.0213595   0.108431  10.4784 	Dead: 0
10.6405   0.0266089   0.135079  10.4475 	Dead: 0
10.6346   0.0404127   0.205154  10.4353 	Dead: 0
10.6183   0.0439192   0.222954  10.3923 	Dead: 0
10.5957   0.0493943   0.250749  10.3923 	Dead: 0
10.5913   0.0654704   0.332358  10.3559 	Dead: 0
10.5219   0.0369937   0.187797  10.3559 	Dead: 0
10.54     0.0599319   0.304242  10.3193 	Dead: 0
10.4754   0.0469119   0.238147  10.3104 	Dead: 0
10.467    0.0536745   0.272477  10.1926 	Dead: 0
10.4196   0.0427064   0.216798  10.1926 	Dead: 0
10.4394   0.0534846   0.271513  10.1926 	Dead: 0
10.421    0.0408109   0.207175  10.1926 	Dead: 0
10.4657   0.0637338   0.323543  10.1926 	Dead: 0
10.4545   0.0711277   0.361077  10.1926 	Dead: 0
10.4396   0.0583836   0.296382  10.1926 	Dead: 0
10.418    0.0470253   0.238722  10.1926 	Dead: 0
10.4471   0.060603    0.307649  10.1926 	Dead: 0
10.3824   0.0371343   0.188511  10.163  	Dead: 0
10.428    0.0650712   0.330332  10.163  	Dead: 0
10.3708   0.0396082   0.20107   10.163  	Dead: 0
10.3648   0.0298388   0.151475  10.163  	Dead: 0
10.368    0.0348321   0.176824  10.163  	Dead: 0
10.3503   0.0414287   0.210311  10.163  	Dead: 0
10.3862   0.0619782   0.31463   10.163  	Dead: 0
10.3505   0.0405355   0.205777  10.163  	Dead: 0
10.381    0.0536688   0.272448  10.163  	Dead: 0
10.4374   0.0777098   0.394491  10.163  	Dead: 0
10.3495   0.0454812   0.230884  10.163  	Dead: 0
10.3506   0.0499993   0.25382   10.1241 	Dead: 0
10.326    0.0404272   0.205227  10.1241 	Dead: 0
10.2982   0.0228227   0.115859  10.1211 	Dead: 0
10.3368   0.0499129   0.253381  10.1211 	Dead: 0
10.3145   0.0363623   0.184592  10.1211 	Dead: 0
10.3343   0.0581869   0.295384  10.1211 	Dead: 0
10.3375   0.0540705   0.274487  10.1211 	Dead: 0
10.3189   0.04879     0.247681  10.1211 	Dead: 0
10.3435   0.0558955   0.283752  10.1211 	Dead: 0
10.3225   0.0455073   0.231016  10.1211 	Dead: 0
10.3265   0.0440566   0.223652  10.1072 	Dead: 0
10.2874   0.0272576   0.138372  10.1072 	Dead: 0
10.3475   0.0654766   0.33239   10.0931 	Dead: 0
10.3048   0.0474516   0.240886  10.0931 	Dead: 0
10.3208   0.0412745   0.209529  10.0931 	Dead: 0
10.4096   0.0798024   0.405114  10.0931 	Dead: 0
10.2883   0.043452    0.220583  10.0931 	Dead: 0
10.365    0.0589991   0.299507  10.0931 	Dead: 0
10.3182   0.043751    0.222101  10.0931 	Dead: 0
10.3694   0.0732521   0.371862  10.0931 	Dead: 0
10.3189   0.052366    0.265834  10.0931 	Dead: 0
10.3114   0.042356    0.215019  10.0931 	Dead: 0
10.3194   0.0520821   0.264393  10.0931 	Dead: 0
10.28     0.0238213   0.120928  10.0931 	Dead: 0
10.4244   0.0939894   0.477134  10.0931 	Dead: 0
10.3348   0.0620332   0.31491   10.0931 	Dead: 0
10.3116   0.0511521   0.259672  10.0931 	Dead: 0
10.3199   0.0486078   0.246756  10.0931 	Dead: 0
10.3326   0.0597069   0.3031    10.0931 	Dead: 0
10.301    0.047654    0.241914  10.0931 	Dead: 0
10.3031   0.0525063   0.266546  10.0931 	Dead: 0
10.3481   0.0632591   0.321133  10.0931 	Dead: 0
10.3502   0.0644166   0.327009  10.0931 	Dead: 0
10.3196   0.0489306   0.248394  10.0931 	Dead: 0
10.3366   0.0550962   0.279694  10.0931 	Dead: 0
10.3148   0.0507174   0.257465  10.0931 	Dead: 0
10.3556   0.0690751   0.350657  10.0931 	Dead: 0
10.3809   0.0731452   0.371319  10.0931 	Dead: 0
10.35     0.0663694   0.336922  10.0931 	Dead: 0
10.3114   0.0470687   0.238943  10.0931 	Dead: 0
10.3073   0.042608    0.216298  10.0931 	Dead: 0
10.3285   0.0636829   0.323284  10.0931 	Dead: 0
10.3353   0.0618356   0.313906  10.0931 	Dead: 0
10.3561   0.0650436   0.330192  10.0931 	Dead: 0
10.3234   0.0487312   0.247382  10.0931 	Dead: 0
10.3171   0.0502327   0.255005  10.0931 	Dead: 0
10.3002   0.0468193   0.237677  10.0931 	Dead: 0
10.317    0.0625787   0.317679  10.0931 	Dead: 0
10.3399   0.0586128   0.297546  10.0931 	Dead: 0
10.2903   0.0499075   0.253354  10.081  	Dead: 0
10.3139   0.0632556   0.321115  10.0759 	Dead: 0
10.2638   0.0434776   0.220713  10.0335 	Dead: 0
10.3113   0.0566029   0.287343  10.0335 	Dead: 0
10.2773   0.0559082   0.283816  10.0335 	Dead: 0
10.2987   0.0658087   0.334075  10.0335 	Dead: 0
10.2844   0.05328     0.270474  10.0283 	Dead: 0
10.2545   0.0499065   0.253349  10.0283 	Dead: 0
10.2517   0.0509882   0.25884   10.0283 	Dead: 0
10.2532   0.0449794   0.228337  10.0283 	Dead: 0
10.2309   0.0349197   0.177269  10.0283 	Dead: 0
10.267    0.0545036   0.276686  10.0283 	Dead: 0
10.2582   0.0516825   0.262364  10.0283 	Dead: 0
10.2236   0.0317376   0.161115  10.0283 	Dead: 0
10.2442   0.0456492   0.231737  10.0166 	Dead: 0
10.2671   0.061161    0.310482  10.0166 	Dead: 0
10.2859   0.0659473   0.334779  10.0166 	Dead: 0
