16.5197   0.055363    0.281048  15.9352 	Dead: 0
15.3022   0.0310383   0.157565  14.9503 	Dead: 0
15.128    0.0398983   0.202542  14.8405 	Dead: 0
15.0338   0.0366697   0.186152  14.6933 	Dead: 0
15.0227   0.0381863   0.193851  14.6493 	Dead: 0
14.996    0.040874    0.207496  14.6234 	Dead: 0
14.9717   0.0375798   0.190772  14.6234 	Dead: 0
14.9636   0.0381334   0.193583  14.6234 	Dead: 0
14.9479   0.0393191   0.199602  14.6234 	Dead: 0
14.9677   0.0422488   0.214474  14.6234 	Dead: 0
14.9231   0.0347839   0.176579  14.6234 	Dead: 0
14.964    0.0414533   0.210436  14.6234 	Dead: 0
14.9614   0.0419593   0.213005  14.6234 	Dead: 0
14.9442   0.0414562   0.210451  14.6234 	Dead: 0
14.9462   0.04376     0.222146  14.6234 	Dead: 0
14.9338   0.043885    0.222781  14.6234 	Dead: 0
14.9049   0.039097    0.198475  14.6234 	Dead: 0
14.8906   0.0388684   0.197314  14.6234 	Dead: 0
14.8686   0.0399997   0.203057  14.6163 	Dead: 0
14.8598   0.0384108   0.194991  14.5935 	Dead: 0
14.7978   0.0328961   0.166996  14.5344 	Dead: 0
14.7796   0.0390923   0.198451  14.5055 	Dead: 0
14.8006   0.0394303   0.200167  14.4736 	Dead: 0
14.7704   0.0352598   0.178995  14.4736 	Dead: 0
14.7944   0.042208    0.214268  14.4736 	Dead: 0
14.7861   0.0419283   0.212848  14.4503 	Dead: 0
14.7731   0.0418914   0.21266   14.4503 	Dead: 0
14.7599   0.0417661   0.212024  14.4503 	Dead: 0
14.7134   0.0430148   0.218363  14.3478 	Dead: 0
14.6925   0.0403592   0.204882  14.3478 	Dead: 0
14.6816   0.0371696   0.18869   14.3478 	Dead: 0
14.6804   0.0421733   0.214091  14.3478 	Dead: 0
14.7001   0.0449068   0.227968  14.3478 	Dead: 0
14.6672   0.0399515   0.202812  14.3283 	Dead: 0
14.6382   0.0407364   0.206797  14.3261 	Dead: 0
14.6019   0.0399144   0.202624  14.2376 	Dead: 0
14.6026   0.0386457   0.196183  14.2376 	Dead: 0
14.6112   0.0425744   0.216128  14.2376 	Dead: 0
14.5841   0.0401415   0.203777  14.2376 	Dead: 0
14.5489   0.0393715   0.199868  14.2376 	Dead: 0
14.5594   0.0375395   0.190568  14.2376 	Dead: 0
14.5642   0.0443431   0.225106  14.2056 	Dead: 0
14.5207   0.0402136   0.204143  14.1607 	Dead: 0
14.5349   0.0423841   0.215162  14.1607 	Dead: 0
14.5269   0.0468815   0.237993  14.1607 	Dead: 0
14.5395   0.0452392   0.229655  14.1607 	Dead: 0
14.4659   0.0393815   0.199919  14.1594 	Dead: 0
14.4905   0.0455046   0.231003  14.1594 	Dead: 0
14.4797   0.0494834   0.251201  14.1448 	Dead: 0
14.4633   0.0483358   0.245375  14.1448 	Dead: 0
14.4531   0.0461589   0.234324  14.0885 	Dead: 0
14.4352   0.047239    0.239807  14.0885 	Dead: 0
14.4148   0.0426519   0.216521  14.0885 	Dead: 0
14.3826   0.0407449   0.20684   14.0605 	Dead: 0
14.3902   0.0491302   0.249408  14.0605 	Dead: 0
14.3612   0.0414905   0.210625  14.0512 	Dead: 0
14.3153   0.0412225   0.209265  14.0052 	Dead: 0
14.3295   0.0453294   0.230113  13.9054 	Dead: 0
14.2991   0.0450392   0.22864   13.9054 	Dead: 0
14.2562   0.04225     0.214481  13.9054 	Dead: 0
14.2145   0.0380323   0.19307   13.9054 	Dead: 0
14.2264   0.040993    0.2081    13.9054 	Dead: 0
14.2029   0.037526    0.1905    13.9054 	Dead: 0
14.2037   0.0415815   0.211087  13.8919 	Dead: 0
14.2115   0.0411401   0.208846  13.8919 	Dead: 0
14.1977   0.0397315   0.201695  13.8742 	Dead: 0
14.1655   0.0430843   0.218716  13.8006 	Dead: 0
14.1767   0.0496383   0.251987  13.8006 	Dead: 0
14.1711   0.0419788   0.213104  13.8006 	Dead: 0
14.1213   0.0376017   0.190884  13.8006 	Dead: 0
14.1259   0.0451982   0.229447  13.7889 	Dead: 0
14.164    0.0502256   0.254969  13.7889 	Dead: 0
14.1539   0.0478043   0.242677  13.7889 	Dead: 0
14.1406   0.0514421   0.261144  13.7889 	Dead: 0
14.1171   0.04829     0.245142  13.781  	Dead: 0
14.1022   0.0468568   0.237867  13.7496 	Dead: 0
14.0845   0.0492081   0.249803  13.73   	Dead: 0
14.1008   0.0552397   0.280423  13.73   	Dead: 0
14.0636   0.0391101   0.198541  13.6444 	Dead: 0
14.0703   0.0510059   0.25893   13.6444 	Dead: 0
14.0704   0.0467828   0.237492  13.6444 	Dead: 0
14.067    0.0564735   0.286686  13.6152 	Dead: 0
14.0868   0.0524605   0.266314  13.6152 	Dead: 0
14.0406   0.0504025   0.255867  13.6152 	Dead: 0
14.0593   0.0583265   0.296093  13.5953 	Dead: 0
14.0194   0.0443849   0.225319  13.5953 	Dead: 0
14.0723   0.0618768   0.314115  13.5953 	Dead: 0
14.019    0.05602     0.284383  13.5953 	Dead: 0
14.0174   0.0548377   0.278382  13.5953 	Dead: 0
13.9573   0.0456093   0.231534  13.5802 	Dead: 0
14.0183   0.0628887   0.319252  13.5802 	Dead: 0
14.0022   0.0474448   0.240852  13.5802 	Dead: 0
13.9736   0.04391     0.222908  13.5802 	Dead: 0
14.0086   0.0575212   0.292004  13.5802 	Dead: 0
13.9761   0.0486467   0.246953  13.5802 	Dead: 0
13.9585   0.0423522   0.215     13.5802 	Dead: 0
13.9333   0.0413752   0.21004   13.5802 	Dead: 0
13.9891   0.0459445   0.233236  13.5802 	Dead: 0
13.9731   0.0557673   0.283101  13.5802 	Dead: 0
13.9471   0.0427728   0.217135  13.5802 	Dead: 0
13.9716   0.0491716   0.249618  13.5802 	Dead: 0
