15.6424   0.112493    0.571066  14.6746 	Dead: 0
13.4243   0.0380997   0.193412  13.0716 	Dead: 0
13.2617   0.0401456   0.203798  12.9023 	Dead: 0
13.1826   0.0375457   0.190599  12.8839 	Dead: 0
13.1379   0.0369407   0.187528  12.7724 	Dead: 0
13.0966   0.0465397   0.236257  12.7104 	Dead: 0
13.0582   0.0413011   0.209664  12.7044 	Dead: 0
13.0135   0.0368673   0.187156  12.7044 	Dead: 0
12.9652   0.0463778   0.235435  12.448  	Dead: 0
12.8459   0.0584362   0.296649  12.448  	Dead: 0
12.7161   0.0391093   0.198537  12.3513 	Dead: 0
12.6029   0.0340997   0.173106  12.2128 	Dead: 0
12.4991   0.0385289   0.195591  12.1866 	Dead: 0
12.3516   0.0375953   0.190851  12.0263 	Dead: 0
12.2337   0.0374636   0.190183  11.9013 	Dead: 0
12.1813   0.0418394   0.212396  11.7559 	Dead: 0
12.0648   0.0446255   0.22654   11.4628 	Dead: 0
12.0215   0.0539149   0.273697  11.4628 	Dead: 0
12.0004   0.0566339   0.2875    11.4628 	Dead: 0
12.033    0.0573765   0.29127   11.4628 	Dead: 0
12.0101   0.0575021   0.291908  11.4628 	Dead: 0
11.9709   0.0514165   0.261014  11.4628 	Dead: 0
11.9721   0.0533847   0.271006  11.4628 	Dead: 0
11.8897   0.0546853   0.277608  11.4276 	Dead: 0
11.8827   0.0742284   0.376818  11.3609 	Dead: 0
11.7743   0.0495914   0.251749  11.3609 	Dead: 0
11.788    0.0623786   0.316663  11.2766 	Dead: 0
11.4747   0.0554554   0.281517  10.9476 	Dead: 0
11.3761   0.0604916   0.307083  10.7196 	Dead: 0
11.3215   0.0625647   0.317608  10.7196 	Dead: 0
11.3228   0.0716164   0.363558  10.6898 	Dead: 0
11.3369   0.0782183   0.397073  10.6898 	Dead: 0
11.26     0.0610431   0.309883  10.6898 	Dead: 0
11.2586   0.0628557   0.319085  10.6898 	Dead: 0
11.2994   0.0698864   0.354776  10.6898 	Dead: 0
11.2941   0.0698873   0.354781  10.6559 	Dead: 0
10.7543   0.0514243   0.261054  10.0356 	Dead: 0
10.6852   0.0568281   0.288486  10.0356 	Dead: 0
10.6429   0.058948    0.299248  10.0356 	Dead: 0
10.6247   0.0624171   0.316858  10.0356 	Dead: 0
10.601    0.0586528   0.297749  10.0356 	Dead: 0
10.5942   0.0803098   0.40769   9.67719 	Dead: 0
9.63272   0.0507      0.257377  9.47633 	Dead: 0
9.53714   0.0435995   0.221331  9.27848 	Dead: 0
9.45522   0.0476551   0.241919  9.24472 	Dead: 0
9.38384   0.0518416   0.263172  9.11609 	Dead: 0
9.36104   0.0411122   0.208705  9.09457 	Dead: 0
9.3855    0.0726685   0.368899  9.09457 	Dead: 0
9.32091   0.0315845   0.160338  9.09457 	Dead: 0
9.36264   0.0654884   0.332449  9.09457 	Dead: 0
9.3103    0.0415031   0.210689  9.084   	Dead: 0
9.38267   0.0873297   0.443326  9.07162 	Dead: 0
9.32353   0.0599835   0.304504  9.05761 	Dead: 0
9.29013   0.0546692   0.277526  8.98743 	Dead: 0
9.30393   0.0739185   0.375245  8.98743 	Dead: 0
9.3041    0.0854978   0.434027  8.98521 	Dead: 0
9.25205   0.0532211   0.270175  8.98521 	Dead: 0
9.2874    0.0691379   0.350976  8.98521 	Dead: 0
9.28399   0.0905113   0.459478  8.98521 	Dead: 0
9.25226   0.0743022   0.377193  8.98521 	Dead: 0
9.24013   0.0561967   0.28528   8.98521 	Dead: 0
9.24107   0.0614011   0.311701  8.93674 	Dead: 0
9.23895   0.0668188   0.339203  8.93674 	Dead: 0
9.2741    0.0785373   0.398692  8.93674 	Dead: 0
9.25087   0.0806163   0.409246  8.93674 	Dead: 0
9.24279   0.0826635   0.419638  8.93674 	Dead: 0
9.21728   0.0521137   0.264553  8.93674 	Dead: 0
9.29268   0.075004    0.380755  8.88197 	Dead: 0
9.3101    0.11281     0.572674  8.88197 	Dead: 0
9.22822   0.0567931   0.288308  8.88197 	Dead: 0
9.21874   0.0611123   0.310234  8.88197 	Dead: 0
9.2271    0.0714873   0.362903  8.88197 	Dead: 0
9.25305   0.105177    0.533927  8.88197 	Dead: 0
9.23857   0.0641115   0.32546   8.88197 	Dead: 0
9.18588   0.0429053   0.217807  8.88197 	Dead: 0
9.23823   0.0782752   0.397362  8.88197 	Dead: 0
9.2338    0.0727887   0.369509  8.88197 	Dead: 0
9.16526   0.0366036   0.185817  8.88197 	Dead: 0
9.1967    0.0673964   0.342136  8.88197 	Dead: 0
9.24032   0.0753667   0.382596  8.88197 	Dead: 0
9.2327    0.0654089   0.332046  8.88197 	Dead: 0
9.21132   0.0697214   0.353938  8.88197 	Dead: 0
9.2232    0.0794829   0.403492  8.88197 	Dead: 0
9.18491   0.0701295   0.35601   8.88197 	Dead: 0
9.23194   0.0842622   0.427754  8.88197 	Dead: 0
9.16603   0.0605473   0.307366  8.88197 	Dead: 0
9.12419   0.0418609   0.212506  8.87414 	Dead: 0
9.11386   0.0399946   0.203031  8.87414 	Dead: 0
9.13616   0.0816196   0.414339  8.80412 	Dead: 0
9.09262   0.0589124   0.299067  8.80412 	Dead: 0
9.09714   0.0699077   0.354884  8.80412 	Dead: 0
9.06647   0.0432743   0.219681  8.75581 	Dead: 0
9.04183   0.0525652   0.266846  8.75581 	Dead: 0
9.0552    0.0591207   0.300124  8.75581 	Dead: 0
9.0709    0.0703876   0.35732   8.75581 	Dead: 0
9.03826   0.0611182   0.310264  8.75581 	Dead: 0
9.05797   0.0721974   0.366508  8.75581 	Dead: 0
9.03729   0.0576865   0.292844  8.75581 	Dead: 0
9.07155   0.0718748   0.36487   8.75581 	Dead: 0
9.09044   0.0693954   0.352284  8.75581 	Dead: 0
9.05629   0.0545841   0.277095  8.75581 	Dead: 0
