15.6509   0.101066    0.513059  14.6068 	Dead: 0
13.3866   0.0461505   0.234281  12.971  	Dead: 0
13.0665   0.053725    0.272733  12.5114 	Dead: 0
12.8661   0.0404383   0.205284  12.4387 	Dead: 0
12.8639   0.0491634   0.249577  12.4363 	Dead: 0
12.8436   0.0656927   0.333487  12.4355 	Dead: 0
12.7056   0.04683     0.237731  12.3404 	Dead: 0
12.6455   0.0487714   0.247586  12.2019 	Dead: 0
12.5639   0.0436274   0.221473  12.1708 	Dead: 0
12.477    0.0474734   0.240997  12.0366 	Dead: 0
12.4098   0.0499146   0.25339   11.9027 	Dead: 0
12.3594   0.049456    0.251062  11.9027 	Dead: 0
12.2741   0.0444782   0.225792  11.9027 	Dead: 0
12.3139   0.0789123   0.400596  11.6673 	Dead: 0
12.1833   0.0489643   0.248565  11.6673 	Dead: 0
12.1783   0.0545706   0.277026  11.6673 	Dead: 0
12.1291   0.0619755   0.314617  11.6673 	Dead: 0
12.0626   0.0488521   0.247996  11.5884 	Dead: 0
12.0203   0.0424912   0.215705  11.5884 	Dead: 0
12.0321   0.0456823   0.231905  11.5884 	Dead: 0
12.006    0.0546219   0.277286  11.5564 	Dead: 0
12.0203   0.057555    0.292176  11.5564 	Dead: 0
11.9694   0.0494815   0.251191  11.5564 	Dead: 0
11.9294   0.0674546   0.342431  11.5306 	Dead: 0
11.8856   0.0460717   0.233881  11.5306 	Dead: 0
11.9165   0.0623272   0.316402  11.5306 	Dead: 0
11.9005   0.0687368   0.34894   11.4463 	Dead: 0
11.8421   0.0608018   0.308658  11.2659 	Dead: 0
11.8388   0.0575281   0.29204   11.2659 	Dead: 0
11.8123   0.0553352   0.280907  11.2659 	Dead: 0
11.7958   0.0544359   0.276342  11.2659 	Dead: 0
11.8167   0.0625562   0.317565  11.2633 	Dead: 0
11.7816   0.0538446   0.27334   11.2633 	Dead: 0
11.8063   0.067682    0.343586  11.2633 	Dead: 0
11.7578   0.057854    0.293694  11.2633 	Dead: 0
11.7798   0.0687936   0.349228  11.2633 	Dead: 0
11.7446   0.0617235   0.313337  11.1383 	Dead: 0
11.7383   0.0574638   0.291713  11.1383 	Dead: 0
11.7002   0.0672806   0.341548  11.1383 	Dead: 0
11.5686   0.0544651   0.27649   10.9568 	Dead: 0
11.5056   0.0720414   0.365716  10.9568 	Dead: 0
11.4621   0.0585422   0.297187  10.9294 	Dead: 0
11.4651   0.0608553   0.30893   10.9294 	Dead: 0
11.4272   0.055707    0.282795  10.9294 	Dead: 0
11.4106   0.0615219   0.312314  10.9294 	Dead: 0
11.4419   0.0622287   0.315902  10.9294 	Dead: 0
11.3775   0.0590141   0.299583  10.9294 	Dead: 0
11.3565   0.0572703   0.290731  10.9096 	Dead: 0
11.3536   0.058863    0.298816  10.9096 	Dead: 0
11.3431   0.0562084   0.28534   10.9096 	Dead: 0
11.3503   0.0538721   0.27348   10.9096 	Dead: 0
11.3557   0.0550206   0.27931   10.9096 	Dead: 0
11.3758   0.0617212   0.313326  10.8057 	Dead: 0
11.3723   0.0658581   0.334326  10.8057 	Dead: 0
11.3411   0.0643728   0.326786  10.8057 	Dead: 0
11.3355   0.0647157   0.328527  10.7003 	Dead: 0
11.3896   0.0740785   0.376057  10.7003 	Dead: 0
11.3478   0.0683128   0.346788  10.7003 	Dead: 0
11.3351   0.0669988   0.340117  10.7003 	Dead: 0
11.3554   0.0680054   0.345227  10.7003 	Dead: 0
11.3253   0.062827    0.318939  10.7003 	Dead: 0
11.3465   0.0666262   0.338226  10.7003 	Dead: 0
11.3319   0.0606318   0.307795  10.7003 	Dead: 0
11.3593   0.0675522   0.342927  10.7003 	Dead: 0
11.3371   0.0693709   0.352159  10.7003 	Dead: 0
11.2781   0.0574668   0.291729  10.7003 	Dead: 0
11.321    0.064655    0.328219  10.7003 	Dead: 0
11.3629   0.0761439   0.386542  10.7003 	Dead: 0
11.3319   0.0709106   0.359975  10.7003 	Dead: 0
11.2858   0.0644385   0.32712   10.7003 	Dead: 0
11.309    0.067239    0.341336  10.7003 	Dead: 0
11.3416   0.0786975   0.399505  10.7003 	Dead: 0
11.3579   0.0773257   0.392541  10.7003 	Dead: 0
11.3164   0.0679182   0.344784  10.7003 	Dead: 0
11.2921   0.0620655   0.315073  10.7003 	Dead: 0
11.3337   0.0696829   0.353743  10.7003 	Dead: 0
11.3292   0.0793161   0.402646  10.7003 	Dead: 0
11.2839   0.0697724   0.354197  10.7003 	Dead: 0
11.2711   0.0618225   0.31384   10.7003 	Dead: 0
11.2897   0.0657451   0.333753  10.7003 	Dead: 0
11.3201   0.0728325   0.369732  10.7003 	Dead: 0
11.3165   0.0686022   0.348257  10.7003 	Dead: 0
11.3323   0.0641524   0.325667  10.7003 	Dead: 0
11.3524   0.0702224   0.356482  10.7003 	Dead: 0
11.3251   0.0676697   0.343523  10.7003 	Dead: 0
11.3369   0.0670789   0.340524  10.7003 	Dead: 0
11.3043   0.0667187   0.338695  10.7003 	Dead: 0
11.2865   0.0643395   0.326617  10.7003 	Dead: 0
11.3326   0.0711011   0.360943  10.7003 	Dead: 0
11.2693   0.0631823   0.320743  10.7003 	Dead: 0
11.3399   0.0730659   0.370917  10.7003 	Dead: 0
11.3001   0.0647399   0.32865   10.7003 	Dead: 0
11.2918   0.0615845   0.312631  10.7003 	Dead: 0
11.324    0.0657495   0.333775  10.7003 	Dead: 0
11.3132   0.0775434   0.393646  10.7003 	Dead: 0
11.3292   0.0716743   0.363852  10.7003 	Dead: 0
11.3273   0.0706558   0.358682  10.7003 	Dead: 0
11.3158   0.0701366   0.356046  10.7003 	Dead: 0
11.3188   0.0714143   0.362532  10.7003 	Dead: 0
11.3187   0.0699742   0.355222  10.7003 	Dead: 0
11.3012   0.0644352   0.327103  10.7003 	Dead: 0
