6.64335   0.128471    0.652177  5.27086 	Dead: 0
3.18889   0.0230487   0.117006  2.97127 	Dead: 0
3.12576   0.0277372   0.140807  2.8893  	Dead: 0
3.08833   0.0272964   0.138569  2.83955 	Dead: 0
3.03534   0.0242474   0.123091  2.83955 	Dead: 0
3.02821   0.0279612   0.141944  2.78006 	Dead: 0
3.00175   0.025136    0.127602  2.77847 	Dead: 0
3.00012   0.0269992   0.13706   2.77847 	Dead: 0
2.98289   0.0262137   0.133073  2.77847 	Dead: 0
2.97519   0.0338906   0.172044  2.72822 	Dead: 0
2.98194   0.027579    0.140004  2.72822 	Dead: 0
2.95076   0.028238    0.143349  2.72822 	Dead: 0
2.95391   0.0293636   0.149063  2.72822 	Dead: 0
2.92869   0.0289322   0.146873  2.72822 	Dead: 0
2.92713   0.0277139   0.140689  2.70325 	Dead: 0
2.93972   0.0290202   0.14732   2.70325 	Dead: 0
2.93808   0.0332152   0.168616  2.69303 	Dead: 0
2.90112   0.0282111   0.143213  2.69303 	Dead: 0
2.90704   0.0301259   0.152933  2.69303 	Dead: 0
2.89849   0.0314289   0.159548  2.67847 	Dead: 0
2.89688   0.0316339   0.160588  2.67362 	Dead: 0
2.89561   0.0337081   0.171118  2.6505  	Dead: 0
2.88729   0.0328761   0.166894  2.6505  	Dead: 0
2.87201   0.027513    0.139669  2.59223 	Dead: 0
2.8662    0.0299872   0.152229  2.59223 	Dead: 0
2.86194   0.0304894   0.154778  2.59223 	Dead: 0
2.83889   0.0303546   0.154094  2.59223 	Dead: 0
2.82303   0.0281645   0.142976  2.59223 	Dead: 0
2.83096   0.0302296   0.153459  2.59223 	Dead: 0
2.81015   0.0271519   0.137836  2.59223 	Dead: 0
2.79806   0.0242872   0.123293  2.59223 	Dead: 0
2.79167   0.0251718   0.127784  2.59223 	Dead: 0
2.79454   0.026582    0.134942  2.59223 	Dead: 0
2.80053   0.0291058   0.147755  2.59223 	Dead: 0
2.78118   0.0254286   0.129088  2.59223 	Dead: 0
2.79393   0.029152    0.147989  2.59223 	Dead: 0
2.78333   0.0251746   0.127798  2.59223 	Dead: 0
2.78782   0.026126    0.132628  2.59223 	Dead: 0
2.79006   0.0288388   0.146399  2.59223 	Dead: 0
2.78766   0.0245883   0.124821  2.59223 	Dead: 0
2.76157   0.0253702   0.128791  2.57518 	Dead: 0
2.77867   0.0269598   0.13686   2.57518 	Dead: 0
2.76279   0.0238977   0.121316  2.57518 	Dead: 0
2.78819   0.0354543   0.179982  2.57518 	Dead: 0
2.78312   0.0279552   0.141914  2.57518 	Dead: 0
2.774     0.02513     0.127572  2.56389 	Dead: 0
2.75188   0.0264141   0.13409   2.56389 	Dead: 0
2.77222   0.0338493   0.171835  2.56389 	Dead: 0
2.74357   0.0258901   0.13143   2.55112 	Dead: 0
2.75987   0.0292407   0.148439  2.55112 	Dead: 0
2.76682   0.0293221   0.148853  2.52238 	Dead: 0
2.7597    0.0276678   0.140455  2.52238 	Dead: 0
2.76297   0.0289164   0.146793  2.52238 	Dead: 0
2.774     0.0350888   0.178127  2.5035  	Dead: 0
2.73031   0.0269646   0.136885  2.5035  	Dead: 0
2.70871   0.0263436   0.133733  2.5035  	Dead: 0
2.74235   0.0302345   0.153484  2.5035  	Dead: 0
2.72372   0.0260806   0.132397  2.48921 	Dead: 0
2.72672   0.0308981   0.156853  2.46576 	Dead: 0
2.68488   0.0253885   0.128884  2.46576 	Dead: 0
2.70956   0.02924     0.148436  2.46576 	Dead: 0
2.69002   0.0240556   0.122117  2.46576 	Dead: 0
2.71336   0.0330781   0.16792   2.46576 	Dead: 0
2.68618   0.0294957   0.149734  2.46576 	Dead: 0
2.68947   0.02812     0.14275   2.46576 	Dead: 0
2.69546   0.0294159   0.149329  2.46576 	Dead: 0
2.6888    0.0327066   0.166034  2.41209 	Dead: 0
2.66847   0.028574    0.145055  2.41209 	Dead: 0
2.68762   0.0301188   0.152897  2.41209 	Dead: 0
2.66116   0.0272224   0.138194  2.41209 	Dead: 0
2.67683   0.0316713   0.160778  2.41209 	Dead: 0
2.66148   0.02702     0.137166  2.41209 	Dead: 0
2.67643   0.0287272   0.145833  2.41209 	Dead: 0
2.68385   0.0360108   0.182808  2.41209 	Dead: 0
2.68481   0.0296548   0.150542  2.41209 	Dead: 0
2.68647   0.0358496   0.181989  2.41209 	Dead: 0
2.66598   0.0357145   0.181304  2.41209 	Dead: 0
2.67324   0.031447    0.15964   2.41209 	Dead: 0
2.6588    0.0325846   0.165415  2.41209 	Dead: 0
2.66882   0.0307215   0.155956  2.41209 	Dead: 0
2.67321   0.0315006   0.159912  2.41209 	Dead: 0
2.6581    0.0317711   0.161285  2.41209 	Dead: 0
2.65429   0.0277737   0.140992  2.41209 	Dead: 0
2.65194   0.0306388   0.155537  2.41209 	Dead: 0
2.65117   0.0285523   0.144945  2.41209 	Dead: 0
2.64822   0.0307558   0.156131  2.41209 	Dead: 0
2.62558   0.0267578   0.135835  2.40563 	Dead: 0
2.64965   0.0322361   0.163646  2.34494 	Dead: 0
2.64603   0.0325405   0.165191  2.34494 	Dead: 0
2.63254   0.0291544   0.148001  2.34494 	Dead: 0
2.64598   0.0353632   0.17952   2.34494 	Dead: 0
2.6318    0.0282502   0.143411  2.34494 	Dead: 0
2.6268    0.0293069   0.148775  2.34494 	Dead: 0
2.62781   0.0351999   0.178691  2.34494 	Dead: 0
2.62913   0.0335274   0.170201  2.34494 	Dead: 0
2.63447   0.0328186   0.166603  2.34494 	Dead: 0
2.64558   0.036522    0.185403  2.34494 	Dead: 0
2.61704   0.0321195   0.163054  2.34494 	Dead: 0
2.6039    0.0292004   0.148235  2.34494 	Dead: 0
2.61706   0.0337922   0.171545  2.34494 	Dead: 0
2.61394   0.0327545   0.166277  2.34494 	Dead: 0
