6.69568   0.129771    0.658776  5.28392 	Dead: 0
3.3057    0.0310537   0.157643  3.04214 	Dead: 0
3.13004   0.0244393   0.124065  2.91724 	Dead: 0
3.0792    0.026896    0.136537  2.83727 	Dead: 0
2.97389   0.0288547   0.14648   2.72579 	Dead: 0
2.8926    0.0277115   0.140677  2.63654 	Dead: 0
2.85115   0.0249189   0.1265    2.63654 	Dead: 0
2.8454    0.025711    0.130521  2.62819 	Dead: 0
2.80928   0.0302844   0.153738  2.53869 	Dead: 0
2.77906   0.0361363   0.183445  2.50105 	Dead: 0
2.67963   0.0329977   0.167512  2.44738 	Dead: 0
2.68741   0.0360922   0.183221  2.44738 	Dead: 0
2.66436   0.0333329   0.169213  2.40923 	Dead: 0
2.66705   0.0371213   0.188445  2.40923 	Dead: 0
2.62841   0.0304668   0.154663  2.39496 	Dead: 0
2.64468   0.0375366   0.190553  2.39496 	Dead: 0
2.65041   0.0397284   0.20168   2.39496 	Dead: 0
2.64957   0.0351545   0.17846   2.38167 	Dead: 0
2.6088    0.0299851   0.152218  2.33144 	Dead: 0
2.60723   0.0331295   0.168181  2.33144 	Dead: 0
2.58862   0.0341489   0.173356  2.33144 	Dead: 0
2.59355   0.0346214   0.175755  2.3263  	Dead: 0
2.59855   0.0431549   0.219075  2.3263  	Dead: 0
2.57843   0.0290804   0.147626  2.3263  	Dead: 0
2.55472   0.0271932   0.138045  2.3263  	Dead: 0
2.545     0.0311739   0.158253  2.28647 	Dead: 0
2.53105   0.0323305   0.164125  2.21635 	Dead: 0
2.55235   0.0428193   0.217371  2.21635 	Dead: 0
2.53242   0.0315696   0.160262  2.21635 	Dead: 0
2.52371   0.0369416   0.187533  2.21635 	Dead: 0
2.51506   0.0367587   0.186604  2.21635 	Dead: 0
2.49145   0.0336258   0.1707    2.21635 	Dead: 0
2.48964   0.0394946   0.200493  2.20379 	Dead: 0
2.48216   0.0365794   0.185694  2.20379 	Dead: 0
2.47671   0.0346717   0.17601   2.20379 	Dead: 0
2.43945   0.0314937   0.159877  2.20132 	Dead: 0
2.44891   0.0365029   0.185306  2.20132 	Dead: 0
2.43449   0.0303675   0.15416   2.20132 	Dead: 0
2.43169   0.03554     0.180417  2.18064 	Dead: 0
2.43136   0.0373801   0.189759  2.18064 	Dead: 0
2.41241   0.0299699   0.152141  2.18064 	Dead: 0
2.42726   0.0322575   0.163754  2.18064 	Dead: 0
2.41481   0.0325219   0.165096  2.18064 	Dead: 0
2.43842   0.0385469   0.195682  2.18064 	Dead: 0
2.41756   0.0333214   0.169155  2.18064 	Dead: 0
2.40899   0.0373261   0.189484  2.16268 	Dead: 0
2.41492   0.0320967   0.162938  2.16268 	Dead: 0
2.41283   0.0364419   0.184996  2.16268 	Dead: 0
2.42756   0.0374714   0.190222  2.16268 	Dead: 0
2.40517   0.0303917   0.154282  2.16268 	Dead: 0
2.43953   0.0411181   0.208734  2.16268 	Dead: 0
2.42641   0.0356811   0.181134  2.16268 	Dead: 0
2.40628   0.0357413   0.181439  2.16268 	Dead: 0
2.4117    0.0315546   0.160186  2.16268 	Dead: 0
2.39328   0.0317993   0.161428  2.16268 	Dead: 0
2.43387   0.0478633   0.242976  2.15447 	Dead: 0
2.40878   0.0381316   0.193574  2.15447 	Dead: 0
2.40662   0.0408685   0.207468  2.15447 	Dead: 0
2.38627   0.0334465   0.16979   2.15447 	Dead: 0
2.39763   0.0405566   0.205884  2.15447 	Dead: 0
2.39557   0.0353009   0.179204  2.15447 	Dead: 0
2.36407   0.0288436   0.146424  2.15447 	Dead: 0
2.39479   0.0360282   0.182896  2.15447 	Dead: 0
2.39796   0.0318183   0.161524  2.15447 	Dead: 0
2.37787   0.032363    0.16429   2.15447 	Dead: 0
2.39465   0.0375795   0.190771  2.15447 	Dead: 0
2.39592   0.0355607   0.180523  2.14792 	Dead: 0
2.36847   0.0304903   0.154783  2.14792 	Dead: 0
2.37637   0.0361209   0.183367  2.08404 	Dead: 0
2.38099   0.0335199   0.170163  2.08404 	Dead: 0
2.37194   0.0329366   0.167201  2.08404 	Dead: 0
2.37973   0.0402508   0.204332  2.08404 	Dead: 0
2.39277   0.0344531   0.1749    2.08404 	Dead: 0
2.38182   0.037649    0.191124  2.08404 	Dead: 0
2.37116   0.0371181   0.188429  2.08404 	Dead: 0
2.36743   0.0298779   0.151674  2.08404 	Dead: 0
2.37143   0.0310122   0.157432  2.08404 	Dead: 0
2.35744   0.0316954   0.160901  2.08404 	Dead: 0
2.36644   0.0376377   0.191067  2.08404 	Dead: 0
2.34722   0.0305218   0.154943  2.08404 	Dead: 0
2.37682   0.0347612   0.176464  2.08404 	Dead: 0
2.37117   0.0380032   0.192922  2.08404 	Dead: 0
2.35652   0.0309694   0.157215  2.08404 	Dead: 0
2.38649   0.0389242   0.197597  2.08404 	Dead: 0
2.35553   0.0364761   0.18517   2.08404 	Dead: 0
2.34056   0.0303222   0.15393   2.08404 	Dead: 0
2.34057   0.0273147   0.138662  2.08404 	Dead: 0
2.35652   0.0357861   0.181667  2.08404 	Dead: 0
2.33815   0.0288506   0.146459  2.08404 	Dead: 0
2.35004   0.0314323   0.159565  2.08404 	Dead: 0
2.34862   0.0318547   0.161709  2.08404 	Dead: 0
2.36086   0.035155    0.178463  2.08404 	Dead: 0
2.34381   0.0311617   0.158191  2.08404 	Dead: 0
2.38459   0.0361865   0.1837    2.08404 	Dead: 0
2.35509   0.0322243   0.163586  2.08404 	Dead: 0
2.35525   0.0357092   0.181276  2.08404 	Dead: 0
2.3612    0.0348526   0.176928  2.08404 	Dead: 0
2.34553   0.0323622   0.164286  2.08404 	Dead: 0
2.35762   0.039961    0.202861  2.08404 	Dead: 0
2.37914   0.0429951   0.218263  2.08404 	Dead: 0
2.34905   0.0367221   0.186419  2.08404 	Dead: 0
