6.60342   0.129594    0.65788   4.60535 	Dead: 0
3.17464   0.0253517   0.128697  2.86598 	Dead: 0
3.02968   0.0233501   0.118536  2.84244 	Dead: 0
2.91665   0.0276903   0.140569  2.70365 	Dead: 0
2.83104   0.0265746   0.134905  2.59692 	Dead: 0
2.79016   0.0307855   0.156281  2.54254 	Dead: 0
2.74357   0.0280875   0.142585  2.48681 	Dead: 0
2.70553   0.0349197   0.177269  2.40136 	Dead: 0
2.63916   0.0347389   0.176351  2.36986 	Dead: 0
2.62748   0.0313825   0.159312  2.36986 	Dead: 0
2.59562   0.0282827   0.143576  2.36986 	Dead: 0
2.60011   0.0345022   0.175149  2.36986 	Dead: 0
2.58186   0.0329359   0.167198  2.2621  	Dead: 0
2.55496   0.0304817   0.154739  2.2621  	Dead: 0
2.52883   0.0279465   0.141869  2.2621  	Dead: 0
2.56249   0.0303743   0.154194  2.2621  	Dead: 0
2.54504   0.0317349   0.161101  2.2621  	Dead: 0
2.5269    0.0309126   0.156927  2.2621  	Dead: 0
2.51519   0.0372948   0.189326  2.17788 	Dead: 0
2.49194   0.029219    0.14833   2.17788 	Dead: 0
2.50296   0.0314669   0.159741  2.17788 	Dead: 0
2.51216   0.0333175   0.169135  2.17788 	Dead: 0
2.49595   0.0337812   0.171489  2.17788 	Dead: 0
2.48172   0.0356896   0.181177  2.17788 	Dead: 0
2.47872   0.0347133   0.176221  2.17788 	Dead: 0
2.49211   0.037234    0.189017  2.17788 	Dead: 0
2.47219   0.0308557   0.156638  2.17788 	Dead: 0
2.48163   0.0354409   0.179914  2.17788 	Dead: 0
2.46426   0.0343973   0.174617  2.17788 	Dead: 0
2.45875   0.0342961   0.174103  2.17788 	Dead: 0
2.45494   0.0318782   0.161828  2.17788 	Dead: 0
2.46062   0.0333982   0.169545  2.17788 	Dead: 0
2.44465   0.033599    0.170564  2.17788 	Dead: 0
2.43132   0.031792    0.161391  2.17788 	Dead: 0
2.44855   0.0348212   0.176769  2.17788 	Dead: 0
2.47333   0.0352608   0.179     2.17788 	Dead: 0
2.46028   0.0321667   0.163293  2.17788 	Dead: 0
2.45572   0.0350465   0.177913  2.17788 	Dead: 0
2.44049   0.0332713   0.1689    2.17788 	Dead: 0
2.44595   0.0371231   0.188454  2.17788 	Dead: 0
2.44031   0.03638     0.184682  2.17788 	Dead: 0
2.45654   0.0343003   0.174124  2.17788 	Dead: 0
2.45704   0.0379036   0.192416  2.17788 	Dead: 0
2.45937   0.038102    0.193424  2.17788 	Dead: 0
2.44622   0.0354078   0.179746  2.17788 	Dead: 0
2.45357   0.03406     0.172904  2.17788 	Dead: 0
2.41827   0.028199    0.143151  2.17788 	Dead: 0
2.44821   0.033751    0.171336  2.17788 	Dead: 0
2.43663   0.0354425   0.179923  2.17788 	Dead: 0
2.4273    0.0338355   0.171765  2.15924 	Dead: 0
2.44693   0.0359052   0.182272  2.15924 	Dead: 0
2.45043   0.0377463   0.191618  2.15924 	Dead: 0
2.43779   0.0330084   0.167566  2.15924 	Dead: 0
2.42971   0.0334033   0.169571  2.15924 	Dead: 0
2.43313   0.0331984   0.16853   2.15924 	Dead: 0
2.42393   0.0341488   0.173355  2.15924 	Dead: 0
2.43838   0.0326385   0.165688  2.15924 	Dead: 0
2.42599   0.0320855   0.162881  2.15924 	Dead: 0
2.44678   0.0355858   0.18065   2.15924 	Dead: 0
2.44354   0.0357508   0.181488  2.15924 	Dead: 0
2.44719   0.0386842   0.196379  2.15924 	Dead: 0
2.44791   0.039023    0.198099  2.15924 	Dead: 0
2.43698   0.0343992   0.174626  2.15924 	Dead: 0
2.42905   0.0330369   0.16771   2.15924 	Dead: 0
2.42441   0.0310613   0.157681  2.15924 	Dead: 0
2.45977   0.0397256   0.201666  2.15924 	Dead: 0
2.45844   0.0410499   0.208389  2.15194 	Dead: 0
2.42887   0.0335496   0.170313  2.15194 	Dead: 0
2.44444   0.0343518   0.174386  2.15194 	Dead: 0
2.42303   0.0334194   0.169653  2.15194 	Dead: 0
2.4327    0.0348251   0.176788  2.15194 	Dead: 0
2.43883   0.0354626   0.180024  2.15194 	Dead: 0
2.41934   0.0338787   0.171984  2.15194 	Dead: 0
2.42952   0.0384937   0.195412  2.15194 	Dead: 0
2.44255   0.0427395   0.216966  2.15194 	Dead: 0
2.42235   0.035449    0.179956  2.15194 	Dead: 0
2.4173    0.0315649   0.160238  2.15194 	Dead: 0
2.42641   0.0361584   0.183557  2.15194 	Dead: 0
2.42951   0.0327523   0.166266  2.15194 	Dead: 0
2.43298   0.0333213   0.169155  2.15194 	Dead: 0
2.46341   0.0414799   0.210571  2.15194 	Dead: 0
2.4393    0.039497    0.200505  2.15194 	Dead: 0
2.41505   0.0320374   0.162637  2.15194 	Dead: 0
2.41985   0.0339825   0.172511  2.15194 	Dead: 0
2.42638   0.0302934   0.153783  2.15194 	Dead: 0
2.41016   0.0315507   0.160166  2.15194 	Dead: 0
2.44482   0.0376021   0.190886  2.15194 	Dead: 0
2.43934   0.0382352   0.1941    2.15194 	Dead: 0
2.42529   0.0342713   0.173977  2.15194 	Dead: 0
2.42497   0.0322963   0.163951  2.15194 	Dead: 0
2.42944   0.033033    0.167691  2.15194 	Dead: 0
2.42342   0.0399722   0.202918  2.15194 	Dead: 0
2.43421   0.0402187   0.204169  2.15194 	Dead: 0
2.42158   0.0416358   0.211363  2.15194 	Dead: 0
2.40906   0.0362676   0.184111  2.15194 	Dead: 0
2.4143    0.0333144   0.169119  2.15194 	Dead: 0
2.43439   0.03873     0.196611  2.15194 	Dead: 0
2.41627   0.0350568   0.177965  2.15194 	Dead: 0
2.39859   0.0354667   0.180046  2.15194 	Dead: 0
2.43994   0.0391809   0.1989    2.15194 	Dead: 0
2.42786   0.0361733   0.183632  2.15194 	Dead: 0
