12.9216   0.120291    0.610654  11.6047 	Dead: 0
10.837    0.0414598   0.21047   10.3573 	Dead: 0
10.6783   0.0422895   0.214681  10.2664 	Dead: 0
10.5536   0.044869    0.227776  10.212  	Dead: 0
10.3493   0.0484214   0.24581   9.74415 	Dead: 0
10.1794   0.0437474   0.222082  9.74415 	Dead: 0
10.0444   0.0520138   0.264046  9.62902 	Dead: 0
9.94538   0.0442004   0.224382  9.56131 	Dead: 0
9.92152   0.0565435   0.287041  9.45844 	Dead: 0
9.87791   0.0510566   0.259187  9.39277 	Dead: 0
9.84736   0.0543648   0.275981  9.39277 	Dead: 0
9.8239    0.0535612   0.271902  9.39277 	Dead: 0
9.779     0.0491133   0.249322  9.39277 	Dead: 0
9.76203   0.0505439   0.256585  9.39277 	Dead: 0
9.76371   0.0578501   0.293674  9.33267 	Dead: 0
9.65261   0.0542993   0.275648  9.26053 	Dead: 0
9.63299   0.0587495   0.29824   9.16263 	Dead: 0
9.55764   0.0448058   0.227455  9.16263 	Dead: 0
9.61977   0.0637398   0.323573  9.07772 	Dead: 0
9.58166   0.0639669   0.324726  9.07772 	Dead: 0
9.61116   0.0659558   0.334823  9.07772 	Dead: 0
9.52956   0.0639791   0.324788  9.07772 	Dead: 0
9.54023   0.0692873   0.351735  9.04217 	Dead: 0
9.57536   0.0682801   0.346622  9.00338 	Dead: 0
9.51881   0.0674546   0.342431  9.00338 	Dead: 0
9.52864   0.0673548   0.341924  9.00338 	Dead: 0
9.55819   0.0677967   0.344168  9.00338 	Dead: 0
9.52864   0.0636904   0.323322  9.00338 	Dead: 0
9.51082   0.064538    0.327625  9.00338 	Dead: 0
9.54082   0.0788036   0.400044  9.00338 	Dead: 0
9.54857   0.0734719   0.372978  8.91712 	Dead: 0
9.53342   0.0694578   0.3526    8.91712 	Dead: 0
9.5151    0.06799     0.345149  8.91712 	Dead: 0
9.53228   0.0697257   0.35396   8.91712 	Dead: 0
9.53786   0.0652855   0.33142   8.91712 	Dead: 0
9.48488   0.0677664   0.344014  8.91712 	Dead: 0
9.52514   0.0724472   0.367776  8.91712 	Dead: 0
9.51454   0.0770062   0.390919  8.91712 	Dead: 0
9.48867   0.0734778   0.373008  8.91712 	Dead: 0
9.52763   0.0763174   0.387423  8.91712 	Dead: 0
9.55332   0.0865724   0.439482  8.91712 	Dead: 0
9.44763   0.0716637   0.363798  8.91712 	Dead: 0
9.40547   0.0717434   0.364203  8.8376  	Dead: 0
9.43554   0.079038    0.401234  8.83695 	Dead: 0
9.38059   0.0762202   0.386929  8.81893 	Dead: 0
9.32108   0.0690239   0.350398  8.68206 	Dead: 0
9.03032   0.0634334   0.322017  8.62729 	Dead: 0
8.9876    0.076303    0.38735   8.3668  	Dead: 0
8.93992   0.0734034   0.37263   8.3668  	Dead: 0
8.91346   0.0861449   0.437312  8.3668  	Dead: 0
8.96803   0.094232    0.478366  8.3668  	Dead: 0
8.87454   0.0764221   0.387954  8.2888  	Dead: 0
8.90281   0.0761029   0.386334  8.2888  	Dead: 0
8.90885   0.0767379   0.389557  8.2888  	Dead: 0
8.9496    0.0911309   0.462623  8.2888  	Dead: 0
8.87717   0.0785141   0.398574  8.2888  	Dead: 0
8.88763   0.0843257   0.428077  8.2888  	Dead: 0
8.85513   0.0892512   0.453081  8.27415 	Dead: 0
8.90276   0.0865115   0.439173  8.27415 	Dead: 0
8.83759   0.0782907   0.39744   8.27415 	Dead: 0
8.79588   0.0665773   0.337977  8.27415 	Dead: 0
8.86019   0.08674     0.440333  8.27415 	Dead: 0
8.84808   0.0861293   0.437232  8.27415 	Dead: 0
8.86985   0.0926105   0.470134  8.24899 	Dead: 0
8.64383   0.0790003   0.401043  8.08228 	Dead: 0
8.44257   0.0662928   0.336533  8.02266 	Dead: 0
8.34675   0.0662822   0.336479  7.89525 	Dead: 0
8.37018   0.0771221   0.391508  7.89525 	Dead: 0
8.29661   0.0713172   0.36204   7.85548 	Dead: 0
8.31426   0.0662079   0.336102  7.85548 	Dead: 0
8.25025   0.0557186   0.282854  7.85548 	Dead: 0
8.27994   0.0648983   0.329454  7.85548 	Dead: 0
8.24599   0.0610054   0.309692  7.85548 	Dead: 0
8.26376   0.0637151   0.323448  7.85548 	Dead: 0
8.25432   0.0645295   0.327582  7.85471 	Dead: 0
8.2321    0.0665827   0.338005  7.8307  	Dead: 0
8.19717   0.0551855   0.280147  7.8307  	Dead: 0
8.20429   0.0644937   0.3274    7.6922  	Dead: 0
8.25663   0.0665504   0.337841  7.6922  	Dead: 0
8.27403   0.0750578   0.381028  7.6922  	Dead: 0
8.23275   0.072313    0.367095  7.6922  	Dead: 0
8.21135   0.0645059   0.327462  7.6922  	Dead: 0
8.1888    0.0565983   0.287319  7.6922  	Dead: 0
8.17618   0.0555068   0.281779  7.6922  	Dead: 0
8.21057   0.06425     0.326163  7.6922  	Dead: 0
8.18117   0.0585982   0.297472  7.6922  	Dead: 0
8.22001   0.0755044   0.383295  7.6922  	Dead: 0
8.19607   0.0562409   0.285505  7.6922  	Dead: 0
8.24027   0.0759779   0.385699  7.6922  	Dead: 0
8.23775   0.0721794   0.366416  7.6922  	Dead: 0
8.23084   0.0734189   0.372709  7.6922  	Dead: 0
8.19969   0.0678909   0.344646  7.6922  	Dead: 0
8.26836   0.072742    0.369272  7.6922  	Dead: 0
8.20275   0.0633706   0.321698  7.6922  	Dead: 0
8.21677   0.072833    0.369734  7.6922  	Dead: 0
8.21306   0.0648997   0.329461  7.6922  	Dead: 0
8.21021   0.0625312   0.317437  7.67217 	Dead: 0
8.21153   0.0642228   0.326025  7.67217 	Dead: 0
8.26159   0.0830969   0.421839  7.67217 	Dead: 0
8.211     0.0631683   0.320672  7.67217 	Dead: 0
8.15764   0.0549022   0.278709  7.67217 	Dead: 0
