12.8774   0.117873    0.59838   11.6216 	Dead: 0
10.8784   0.0391393   0.198689  10.3165 	Dead: 0
10.6089   0.0438436   0.222571  10.0492 	Dead: 0
10.5175   0.0427475   0.217006  10.0341 	Dead: 0
10.4785   0.0551232   0.279831  9.99972 	Dead: 0
10.3969   0.0423122   0.214796  9.99972 	Dead: 0
10.4161   0.0491259   0.249386  9.99972 	Dead: 0
10.3632   0.050218    0.25493   9.92779 	Dead: 0
10.3771   0.0714305   0.362615  9.92779 	Dead: 0
10.3136   0.0481518   0.244441  9.92779 	Dead: 0
10.3236   0.0529116   0.268604  9.92779 	Dead: 0
10.3349   0.058656    0.297765  9.85324 	Dead: 0
10.2406   0.0511654   0.259739  9.71324 	Dead: 0
10.1603   0.0459431   0.233229  9.69491 	Dead: 0
10.1351   0.0507165   0.257461  9.69491 	Dead: 0
10.0996   0.0489593   0.24854   9.69491 	Dead: 0
10.0918   0.0454733   0.230844  9.69491 	Dead: 0
10.0905   0.0538411   0.273323  9.67073 	Dead: 0
10.08     0.049158    0.249549  9.67073 	Dead: 0
10.0622   0.0473631   0.240437  9.67073 	Dead: 0
10.0826   0.054902    0.278708  9.67073 	Dead: 0
10.0611   0.0510206   0.259004  9.58611 	Dead: 0
10.0671   0.0676701   0.343525  9.58611 	Dead: 0
10.013    0.0514617   0.261243  9.48516 	Dead: 0
10.0079   0.0536078   0.272138  9.48516 	Dead: 0
9.98123   0.0475998   0.241639  9.48516 	Dead: 0
9.98382   0.0520336   0.264147  9.48516 	Dead: 0
9.95652   0.0505843   0.25679   9.48516 	Dead: 0
9.95888   0.0546754   0.277558  9.48516 	Dead: 0
9.93058   0.0494393   0.250977  9.48516 	Dead: 0
9.94813   0.0516638   0.262269  9.48516 	Dead: 0
9.90238   0.0467641   0.237396  9.44997 	Dead: 0
9.94149   0.0575166   0.291981  9.44997 	Dead: 0
9.89279   0.0560286   0.284427  9.44997 	Dead: 0
9.79694   0.0490674   0.249089  9.42039 	Dead: 0
9.7841    0.0496129   0.251858  9.42039 	Dead: 0
9.75421   0.0456561   0.231772  9.30764 	Dead: 0
9.75981   0.0470209   0.2387    9.30764 	Dead: 0
9.73955   0.0480345   0.243846  9.25998 	Dead: 0
9.73897   0.0483957   0.245679  9.25998 	Dead: 0
9.70179   0.0513682   0.260769  9.25998 	Dead: 0
9.71067   0.0511892   0.25986   9.25998 	Dead: 0
9.66896   0.048186    0.244615  9.25998 	Dead: 0
9.68568   0.0497957   0.252786  9.25998 	Dead: 0
9.6954    0.0547646   0.278011  9.25998 	Dead: 0
9.64898   0.047418    0.240716  9.25998 	Dead: 0
9.66859   0.0536595   0.272401  9.15862 	Dead: 0
9.66762   0.048706    0.247254  9.15862 	Dead: 0
9.60708   0.0458559   0.232786  9.15862 	Dead: 0
9.64415   0.0517836   0.262878  9.15862 	Dead: 0
9.62451   0.0606245   0.307758  9.15862 	Dead: 0
9.62033   0.0518998   0.263468  9.15862 	Dead: 0
9.65353   0.0561723   0.285157  9.15862 	Dead: 0
9.61493   0.053001    0.269058  9.15809 	Dead: 0
9.61111   0.0536314   0.272258  9.0963  	Dead: 0
9.6135    0.0582259   0.295582  9.0963  	Dead: 0
9.57911   0.0505095   0.25641   9.0963  	Dead: 0
9.59415   0.06636     0.336874  9.0963  	Dead: 0
9.52498   0.064225    0.326036  9.0963  	Dead: 0
9.50357   0.0575001   0.291897  9.05618 	Dead: 0
9.40558   0.0658492   0.334281  8.90867 	Dead: 0
9.32807   0.076642    0.389071  8.74057 	Dead: 0
9.25485   0.08004     0.40632   8.64311 	Dead: 0
9.20258   0.0705462   0.358125  8.64311 	Dead: 0
9.18579   0.073985    0.375582  8.64311 	Dead: 0
9.12028   0.0696318   0.353484  8.64311 	Dead: 0
9.1122    0.0655332   0.332677  8.64311 	Dead: 0
9.15554   0.0806605   0.40947   8.62259 	Dead: 0
9.18592   0.079988    0.406057  8.54163 	Dead: 0
9.19693   0.0845217   0.429072  8.54163 	Dead: 0
9.13061   0.0784635   0.398317  8.54163 	Dead: 0
9.10196   0.0724151   0.367613  8.54163 	Dead: 0
9.13536   0.081403    0.41324   8.50675 	Dead: 0
9.17187   0.0919041   0.466548  8.50675 	Dead: 0
9.14839   0.0810356   0.411374  8.50675 	Dead: 0
9.08563   0.0749017   0.380236  8.50675 	Dead: 0
9.07148   0.0760577   0.386104  8.50675 	Dead: 0
9.16451   0.0828539   0.420605  8.50675 	Dead: 0
9.09759   0.0798204   0.405206  8.50675 	Dead: 0
9.11117   0.0838065   0.425441  8.50675 	Dead: 0
9.1021    0.0775706   0.393785  8.50675 	Dead: 0
9.08281   0.0708757   0.359798  8.50675 	Dead: 0
9.10001   0.0825399   0.419011  8.50675 	Dead: 0
9.1086    0.0804959   0.408635  8.50675 	Dead: 0
9.14128   0.0904075   0.458951  8.50675 	Dead: 0
9.12246   0.0924488   0.469313  8.50675 	Dead: 0
9.09621   0.0780736   0.396338  8.46776 	Dead: 0
9.09578   0.0809135   0.410755  8.46776 	Dead: 0
9.11519   0.0891517   0.452576  8.46776 	Dead: 0
9.12613   0.0841198   0.427031  8.46776 	Dead: 0
9.08924   0.078163    0.396792  8.46776 	Dead: 0
9.09399   0.0817427   0.414964  8.46776 	Dead: 0
9.11183   0.0868112   0.440694  8.46776 	Dead: 0
9.12785   0.0916654   0.465336  8.46776 	Dead: 0
9.08013   0.0828383   0.420526  8.46776 	Dead: 0
9.12459   0.105027    0.533166  8.46776 	Dead: 0
9.09615   0.0867441   0.440354  8.46776 	Dead: 0
9.0763    0.0864615   0.438919  8.46776 	Dead: 0
9.05595   0.078025    0.396092  8.46776 	Dead: 0
9.12274   0.103317    0.524486  8.46776 	Dead: 0
9.14058   0.100977    0.512607  8.46776 	Dead: 0
