12.8555   0.104701    0.531511  11.6316 	Dead: 0
10.6088   0.0381546   0.19369   10.2371 	Dead: 0
10.3555   0.0434427   0.220536  10.0097 	Dead: 0
10.1875   0.0492131   0.249829  9.86312 	Dead: 0
10.0917   0.0420304   0.213366  9.69577 	Dead: 0
10.0098   0.0428633   0.217594  9.68315 	Dead: 0
9.93007   0.0524877   0.266452  9.48268 	Dead: 0
9.90936   0.0500859   0.254259  9.34885 	Dead: 0
9.8574    0.0456765   0.231875  9.34885 	Dead: 0
9.81865   0.0519114   0.263526  9.34885 	Dead: 0
9.81037   0.0511018   0.259416  9.34885 	Dead: 0
9.80844   0.0525422   0.266729  9.34885 	Dead: 0
9.79109   0.0516155   0.262024  9.34885 	Dead: 0
9.79127   0.0474426   0.240841  9.34885 	Dead: 0
9.77016   0.0489354   0.248419  9.32722 	Dead: 0
9.7839    0.0478481   0.242899  9.32722 	Dead: 0
9.7762    0.0528912   0.268501  9.32722 	Dead: 0
9.69464   0.0541591   0.274937  9.32722 	Dead: 0
9.68802   0.0710903   0.360887  9.26476 	Dead: 0
9.59534   0.0511178   0.259498  9.1705  	Dead: 0
9.55323   0.0489777   0.248634  9.1705  	Dead: 0
9.52163   0.049769    0.252651  9.07204 	Dead: 0
9.49849   0.0536795   0.272502  9.07204 	Dead: 0
9.49096   0.0591582   0.300314  8.95593 	Dead: 0
9.46735   0.0538115   0.273172  8.93313 	Dead: 0
9.49855   0.0781676   0.396815  8.93313 	Dead: 0
9.29211   0.0615486   0.312449  8.84685 	Dead: 0
9.22326   0.0586175   0.29757   8.84435 	Dead: 0
9.16301   0.0551303   0.279867  8.67577 	Dead: 0
9.13022   0.0481472   0.244418  8.67577 	Dead: 0
9.17555   0.0615787   0.312602  8.67577 	Dead: 0
9.13017   0.0445912   0.226366  8.67577 	Dead: 0
9.12398   0.0534414   0.271294  8.67577 	Dead: 0
9.14576   0.0613958   0.311674  8.67577 	Dead: 0
9.11279   0.0526049   0.267047  8.67577 	Dead: 0
9.08573   0.0617364   0.313403  8.66292 	Dead: 0
9.08088   0.055225    0.280348  8.64832 	Dead: 0
9.10145   0.0613114   0.311245  8.64789 	Dead: 0
9.03168   0.0455889   0.231431  8.64789 	Dead: 0
9.11219   0.0583367   0.296144  8.64789 	Dead: 0
9.05035   0.0518905   0.26342   8.64789 	Dead: 0
9.08732   0.0569803   0.289259  8.64789 	Dead: 0
9.09792   0.0645407   0.327639  8.64789 	Dead: 0
9.10627   0.0585362   0.297157  8.64789 	Dead: 0
9.08607   0.053068    0.269398  8.64789 	Dead: 0
9.05541   0.0554236   0.281356  8.64789 	Dead: 0
9.06066   0.0586464   0.297716  8.64789 	Dead: 0
9.05579   0.0525479   0.266757  8.64789 	Dead: 0
9.06194   0.0529578   0.268838  8.64789 	Dead: 0
9.05224   0.0599771   0.304472  8.64789 	Dead: 0
9.06318   0.052396    0.265987  8.64789 	Dead: 0
9.08441   0.0531601   0.269865  8.64789 	Dead: 0
9.04645   0.0504072   0.255891  8.64789 	Dead: 0
9.06814   0.0513577   0.260716  8.64789 	Dead: 0
9.06742   0.054366    0.275987  8.64789 	Dead: 0
9.07294   0.0568102   0.288395  8.64789 	Dead: 0
9.07462   0.059189    0.300471  8.64789 	Dead: 0
9.0413    0.0567237   0.287956  8.64789 	Dead: 0
9.05689   0.0570188   0.289454  8.64789 	Dead: 0
9.03215   0.0488777   0.248126  8.62861 	Dead: 0
9.02866   0.0519386   0.263665  8.62861 	Dead: 0
9.07436   0.0673152   0.341723  8.62861 	Dead: 0
9.02172   0.0477065   0.242181  8.62861 	Dead: 0
9.09353   0.0669876   0.34006   8.62861 	Dead: 0
9.07603   0.0583076   0.295997  8.62861 	Dead: 0
8.90144   0.0851909   0.432469  8.45354 	Dead: 0
8.80075   0.0994671   0.504941  8.32534 	Dead: 0
8.72336   0.0884568   0.449048  8.20915 	Dead: 0
8.6593    0.0816022   0.414251  8.20915 	Dead: 0
8.68109   0.0839295   0.426065  8.20915 	Dead: 0
8.66595   0.0861476   0.437326  8.20915 	Dead: 0
8.62978   0.0729396   0.370275  8.20915 	Dead: 0
8.67435   0.0958974   0.48682   8.20915 	Dead: 0
8.60459   0.0760127   0.385876  8.20915 	Dead: 0
8.67718   0.0983185   0.49911   8.20915 	Dead: 0
8.70412   0.102911    0.522424  8.20915 	Dead: 0
8.67415   0.0957338   0.485989  8.20915 	Dead: 0
8.58756   0.0942087   0.478247  8.106   	Dead: 0
8.56368   0.0829877   0.421284  8.106   	Dead: 0
8.53225   0.0847823   0.430395  8.106   	Dead: 0
8.54567   0.0905524   0.459686  8.106   	Dead: 0
8.5263    0.0757387   0.384485  8.106   	Dead: 0
8.58673   0.104083    0.528372  8.09935 	Dead: 0
8.55037   0.0975124   0.495018  8.09935 	Dead: 0
8.46603   0.0760269   0.385948  7.99662 	Dead: 0
8.47812   0.0802856   0.407567  7.99662 	Dead: 0
8.48808   0.0832135   0.42243   7.99662 	Dead: 0
8.57079   0.106662    0.541466  7.99662 	Dead: 0
8.45796   0.0818432   0.415474  7.99662 	Dead: 0
8.49279   0.084304    0.427966  7.99662 	Dead: 0
8.5288    0.0930238   0.472232  7.99662 	Dead: 0
8.51662   0.0891809   0.452724  7.99662 	Dead: 0
8.46655   0.0829019   0.420849  7.99662 	Dead: 0
8.54516   0.0965475   0.49012   7.99662 	Dead: 0
8.47382   0.0866215   0.439731  7.99662 	Dead: 0
8.53716   0.0967357   0.491076  7.99662 	Dead: 0
8.46318   0.0752386   0.381946  7.99662 	Dead: 0
8.47904   0.0872175   0.442757  7.99662 	Dead: 0
8.52684   0.0964803   0.489779  7.99662 	Dead: 0
8.4745    0.0996751   0.505997  7.99662 	Dead: 0
8.49943   0.0857871   0.435496  7.99662 	Dead: 0
