4.64241   0.0667314   0.33876   3.70696 	Dead: 0
3.96764   0.0503944   0.255825  3.27081 	Dead: 0
3.84141   0.0552245   0.280346  3.27081 	Dead: 0
3.73261   0.0464131   0.235615  3.27081 	Dead: 0
3.71949   0.0554161   0.281318  3.27081 	Dead: 0
3.68322   0.0568624   0.28866   3.27081 	Dead: 0
3.68028   0.0569576   0.289143  3.21502 	Dead: 0
3.65989   0.0588291   0.298644  2.89152 	Dead: 0
3.66565   0.0651389   0.330675  2.89152 	Dead: 0
3.65353   0.0623425   0.31648   2.89152 	Dead: 0
3.64801   0.0622269   0.315893  2.89152 	Dead: 0
3.58748   0.0562683   0.285644  2.89152 	Dead: 0
3.59141   0.0580491   0.294684  2.89152 	Dead: 0
3.58646   0.0560603   0.284588  2.89152 	Dead: 0
3.54985   0.0534246   0.271208  2.89152 	Dead: 0
3.616     0.0645209   0.327538  2.89152 	Dead: 0
3.54667   0.0555154   0.281822  2.89152 	Dead: 0
3.59573   0.0645329   0.327599  2.89152 	Dead: 0
3.59319   0.0619956   0.314718  2.89152 	Dead: 0
3.5392    0.0600809   0.304999  2.89152 	Dead: 0
3.51204   0.0597763   0.303452  2.89152 	Dead: 0
3.53998   0.0601139   0.305166  2.89152 	Dead: 0
3.53005   0.0649671   0.329803  2.89152 	Dead: 0
3.56803   0.0631752   0.320707  2.89152 	Dead: 0
3.54998   0.0669764   0.340004  2.89152 	Dead: 0
3.52784   0.0600723   0.304955  2.89152 	Dead: 0
3.471     0.0567121   0.287897  2.89152 	Dead: 0
3.55831   0.0707222   0.359019  2.89152 	Dead: 0
3.48039   0.0661577   0.335848  2.89152 	Dead: 0
3.49869   0.0611149   0.310248  2.89152 	Dead: 0
3.50246   0.065174    0.330853  2.89152 	Dead: 0
3.46341   0.057222    0.290485  2.89152 	Dead: 0
3.52861   0.0670274   0.340262  2.89152 	Dead: 0
3.47076   0.0602471   0.305842  2.89152 	Dead: 0
3.50377   0.0635689   0.322705  2.89152 	Dead: 0
3.50266   0.0644894   0.327378  2.89152 	Dead: 0
3.48699   0.0639706   0.324744  2.89152 	Dead: 0
3.46619   0.0613869   0.311628  2.89152 	Dead: 0
3.52744   0.0678955   0.344669  2.89152 	Dead: 0
3.51218   0.0655483   0.332754  2.89152 	Dead: 0
3.45648   0.059314    0.301106  2.89152 	Dead: 0
3.48911   0.0601131   0.305162  2.89152 	Dead: 0
3.4887    0.0621767   0.315638  2.89152 	Dead: 0
3.48812   0.0621377   0.31544   2.89152 	Dead: 0
3.4725    0.0592455   0.300758  2.89152 	Dead: 0
3.52149   0.0657328   0.33369   2.89152 	Dead: 0
3.46515   0.0630247   0.319943  2.89152 	Dead: 0
3.51169   0.0651132   0.330545  2.89152 	Dead: 0
3.49332   0.0631588   0.320624  2.89152 	Dead: 0
3.50556   0.0662189   0.336158  2.89152 	Dead: 0
3.43548   0.0594421   0.301756  2.89152 	Dead: 0
3.45243   0.0606979   0.308131  2.89152 	Dead: 0
3.51149   0.0634837   0.322273  2.89152 	Dead: 0
3.42933   0.0558018   0.283276  2.89152 	Dead: 0
3.44614   0.0561847   0.28522   2.89152 	Dead: 0
3.46881   0.0602286   0.305749  2.89152 	Dead: 0
3.41032   0.0561902   0.285247  2.89152 	Dead: 0
3.43447   0.0575148   0.291972  2.89152 	Dead: 0
3.43099   0.060266    0.305938  2.89152 	Dead: 0
3.4584    0.0595579   0.302344  2.89152 	Dead: 0
3.43764   0.0583172   0.296045  2.89152 	Dead: 0
3.48342   0.0649967   0.329954  2.89152 	Dead: 0
3.47302   0.0610924   0.310133  2.89152 	Dead: 0
3.46994   0.0639147   0.324461  2.89152 	Dead: 0
3.43795   0.0610043   0.309686  2.89152 	Dead: 0
3.48307   0.0630689   0.320167  2.89152 	Dead: 0
3.43722   0.0620631   0.315061  2.89152 	Dead: 0
3.4217    0.0592309   0.300684  2.89152 	Dead: 0
3.43558   0.0612616   0.310992  2.89152 	Dead: 0
3.44631   0.0631618   0.320639  2.89152 	Dead: 0
3.40943   0.0577666   0.29325   2.89152 	Dead: 0
3.46085   0.065659    0.333316  2.89152 	Dead: 0
3.42218   0.0652319   0.331148  2.89152 	Dead: 0
3.42438   0.0574027   0.291403  2.89152 	Dead: 0
3.44669   0.0613056   0.311216  2.89152 	Dead: 0
3.41957   0.0599565   0.304367  2.89152 	Dead: 0
3.45339   0.060713    0.308208  2.89152 	Dead: 0
3.43286   0.0582334   0.29562   2.89152 	Dead: 0
3.44161   0.0635935   0.32283   2.89152 	Dead: 0
3.4483    0.0638524   0.324144  2.89152 	Dead: 0
3.44675   0.0635114   0.322414  2.89152 	Dead: 0
3.45152   0.0616428   0.312927  2.89152 	Dead: 0
3.42472   0.0607999   0.308648  2.89152 	Dead: 0
3.40023   0.0541777   0.275032  2.89152 	Dead: 0
3.40792   0.0552697   0.280575  2.89152 	Dead: 0
3.42748   0.0626665   0.318124  2.89152 	Dead: 0
3.46095   0.0671163   0.340713  2.89152 	Dead: 0
3.40289   0.0661215   0.335664  2.89152 	Dead: 0
3.42463   0.0662856   0.336496  2.89152 	Dead: 0
3.36851   0.056291    0.285759  2.89152 	Dead: 0
3.40806   0.065269    0.331336  2.89152 	Dead: 0
3.40512   0.062856    0.319086  2.80023 	Dead: 0
3.40927   0.0625694   0.317631  2.80023 	Dead: 0
3.40938   0.0591041   0.30004   2.80023 	Dead: 0
3.36593   0.0593557   0.301317  2.80023 	Dead: 0
3.3597    0.0532828   0.270488  2.80023 	Dead: 0
3.36305   0.054942    0.278911  2.80023 	Dead: 0
3.36854   0.0551062   0.279745  2.80023 	Dead: 0
3.41017   0.0657136   0.333593  2.80023 	Dead: 0
3.38392   0.0607307   0.308297  2.80023 	Dead: 0
3.3439    0.0611478   0.310415  2.80023 	Dead: 0
