8.05611   0.18282     0.928077  6.09164 	Dead: 0
3.20568   0.0423183   0.214828  2.84939 	Dead: 0
3.08456   0.0388175   0.197056  2.75982 	Dead: 0
3.01313   0.0474919   0.241091  2.61294 	Dead: 0
2.94664   0.0510421   0.259113  2.51758 	Dead: 0
2.82863   0.0553986   0.281229  2.49121 	Dead: 0
2.72033   0.0468887   0.238029  2.37736 	Dead: 0
2.69217   0.0604804   0.307027  2.37725 	Dead: 0
2.64339   0.0404951   0.205572  2.37725 	Dead: 0
2.65559   0.0517256   0.262583  2.30372 	Dead: 0
2.66715   0.0558408   0.283474  2.30372 	Dead: 0
2.66622   0.0617425   0.313434  2.30372 	Dead: 0
2.619     0.0499697   0.25367   2.30372 	Dead: 0
2.58377   0.0462675   0.234876  2.2735  	Dead: 0
2.58983   0.0500044   0.253846  2.2735  	Dead: 0
2.60649   0.0529949   0.269027  2.2735  	Dead: 0
2.55976   0.0434897   0.220774  2.2735  	Dead: 0
2.56598   0.0527421   0.267744  2.25026 	Dead: 0
2.6029    0.0524705   0.266365  2.23679 	Dead: 0
2.57339   0.0475508   0.24139   2.23679 	Dead: 0
2.56719   0.0478738   0.24303   2.23679 	Dead: 0
2.51894   0.0413772   0.21005   2.23679 	Dead: 0
2.52781   0.0443566   0.225175  2.16107 	Dead: 0
2.50818   0.0491882   0.249702  2.16107 	Dead: 0
2.50794   0.0441326   0.224038  2.16107 	Dead: 0
2.51734   0.0450826   0.22886   2.16107 	Dead: 0
2.50093   0.0466705   0.236921  2.11371 	Dead: 0
2.49807   0.0507314   0.257536  2.11371 	Dead: 0
2.46701   0.0394863   0.200451  2.11371 	Dead: 0
2.49755   0.047376    0.240503  2.11371 	Dead: 0
2.46091   0.0431301   0.218948  2.11371 	Dead: 0
2.48396   0.0504645   0.256182  2.11371 	Dead: 0
2.50695   0.0560738   0.284657  2.11371 	Dead: 0
2.49348   0.0450324   0.228605  2.11371 	Dead: 0
2.45847   0.0449795   0.228337  2.11371 	Dead: 0
2.48757   0.0510474   0.25914   2.11371 	Dead: 0
2.43612   0.0415277   0.210814  2.11371 	Dead: 0
2.46669   0.0470597   0.238897  2.11371 	Dead: 0
2.47824   0.0494277   0.250918  2.11371 	Dead: 0
2.46424   0.0426634   0.216579  2.11371 	Dead: 0
2.49095   0.0532726   0.270437  2.11371 	Dead: 0
2.46907   0.0443344   0.225062  2.11371 	Dead: 0
2.46063   0.0448874   0.227869  2.11371 	Dead: 0
2.46037   0.0432683   0.21965   2.11371 	Dead: 0
2.46199   0.0418593   0.212497  2.11371 	Dead: 0
2.45396   0.0492308   0.249918  2.11371 	Dead: 0
2.46215   0.047167    0.239441  2.11371 	Dead: 0
2.44364   0.0411557   0.208925  2.11371 	Dead: 0
2.44335   0.0389149   0.19755   2.11371 	Dead: 0
2.46489   0.0489186   0.248333  2.11371 	Dead: 0
2.44018   0.0459781   0.233406  2.11371 	Dead: 0
2.44535   0.045533    0.231147  2.11371 	Dead: 0
2.4377    0.0468928   0.238049  2.11371 	Dead: 0
2.42525   0.0407705   0.20697   2.04053 	Dead: 0
2.45821   0.0505365   0.256547  2.04053 	Dead: 0
2.44497   0.0479886   0.243613  2.04053 	Dead: 0
2.43446   0.0474744   0.241002  2.04053 	Dead: 0
2.45189   0.0467772   0.237463  2.04053 	Dead: 0
2.45879   0.0494378   0.250969  2.04053 	Dead: 0
2.43682   0.0468923   0.238047  2.04053 	Dead: 0
2.41561   0.0441059   0.223902  2.04053 	Dead: 0
2.44472   0.0500418   0.254035  2.04053 	Dead: 0
2.41967   0.0435597   0.221129  2.04053 	Dead: 0
2.44906   0.0455906   0.231439  2.04053 	Dead: 0
2.44394   0.0483577   0.245486  2.04053 	Dead: 0
2.41148   0.0432593   0.219604  2.04053 	Dead: 0
2.4306    0.0480778   0.244065  2.04053 	Dead: 0
2.44116   0.0561327   0.284956  2.04053 	Dead: 0
2.42151   0.0463608   0.235349  2.04053 	Dead: 0
2.43525   0.0512035   0.259933  2.04053 	Dead: 0
2.41775   0.0471329   0.239268  2.03679 	Dead: 0
2.41698   0.0452312   0.229615  2.03679 	Dead: 0
2.42006   0.0445322   0.226066  2.03679 	Dead: 0
2.40192   0.046882    0.237995  2.03679 	Dead: 0
2.41813   0.0447509   0.227176  2.03679 	Dead: 0
2.41646   0.048617    0.246802  2.03679 	Dead: 0
2.4086    0.0452253   0.229585  2.03679 	Dead: 0
2.39093   0.0402035   0.204092  2.03679 	Dead: 0
2.40715   0.0477124   0.24221   2.03679 	Dead: 0
2.41108   0.0444806   0.225804  2.03679 	Dead: 0
2.41189   0.0463519   0.235304  2.03679 	Dead: 0
2.44856   0.0513703   0.26078   2.03679 	Dead: 0
2.43771   0.0493746   0.250648  2.03679 	Dead: 0
2.41565   0.0448953   0.227909  2.03679 	Dead: 0
2.40677   0.0410588   0.208434  2.03679 	Dead: 0
2.40953   0.0488037   0.24775   2.03679 	Dead: 0
2.42642   0.0530549   0.269332  2.03679 	Dead: 0
2.42956   0.0503246   0.255471  2.03679 	Dead: 0
2.3942    0.0452855   0.22989   2.03679 	Dead: 0
2.39577   0.0475223   0.241245  2.03679 	Dead: 0
2.40814   0.0453503   0.230219  2.03679 	Dead: 0
2.39496   0.0493201   0.250372  2.03679 	Dead: 0
2.362     0.044297    0.224872  2.03679 	Dead: 0
2.38688   0.0461402   0.234229  2.03679 	Dead: 0
2.39142   0.0455344   0.231154  2.03679 	Dead: 0
2.37314   0.0465357   0.236237  2.03679 	Dead: 0
2.38989   0.0487334   0.247394  2.03679 	Dead: 0
2.43546   0.0562257   0.285428  2.03679 	Dead: 0
2.39062   0.0503516   0.255608  2.01548 	Dead: 0
2.37891   0.0450055   0.228469  2.01548 	Dead: 0
2.36406   0.0418534   0.212467  2.01548 	Dead: 0
