10.554    0.0894368   0.454023  9.90073 	Dead: 0
9.45409   0.0491494   0.249505  8.95474 	Dead: 0
9.36101   0.0531011   0.269566  8.87308 	Dead: 0
9.29528   0.0561479   0.285033  8.87308 	Dead: 0
9.26052   0.0624497   0.317024  8.57287 	Dead: 0
9.24218   0.0662115   0.336121  8.57287 	Dead: 0
9.16817   0.0555465   0.28198   8.55085 	Dead: 0
9.18817   0.0647781   0.328844  8.55085 	Dead: 0
9.14417   0.0588879   0.298942  8.55085 	Dead: 0
9.1479    0.0625907   0.317739  8.55085 	Dead: 0
9.11722   0.0585944   0.297452  8.55085 	Dead: 0
9.06542   0.0569634   0.289173  8.55085 	Dead: 0
9.08375   0.0628704   0.319159  8.55085 	Dead: 0
9.03256   0.0594947   0.302023  8.53797 	Dead: 0
9.07813   0.0705691   0.358242  8.53797 	Dead: 0
9.04055   0.0602248   0.305729  8.53797 	Dead: 0
9.06829   0.0660108   0.335102  8.53797 	Dead: 0
9.03988   0.0607173   0.30823   8.41635 	Dead: 0
9.04247   0.0613347   0.311363  8.41635 	Dead: 0
9.07687   0.0694574   0.352598  8.41635 	Dead: 0
9.07404   0.0677506   0.343934  8.41635 	Dead: 0
9.05307   0.0636359   0.323045  8.41635 	Dead: 0
8.97775   0.0591833   0.300442  8.41635 	Dead: 0
9.02984   0.0601083   0.305138  8.41635 	Dead: 0
8.98947   0.0611288   0.310318  8.41635 	Dead: 0
8.98139   0.0714918   0.362926  8.41635 	Dead: 0
8.92644   0.0659048   0.334564  8.39105 	Dead: 0
8.87525   0.0620791   0.315142  8.35284 	Dead: 0
8.84064   0.0608043   0.308671  8.35284 	Dead: 0
8.66348   0.0648592   0.329255  8.13147 	Dead: 0
8.55618   0.0605489   0.307375  8.05587 	Dead: 0
8.5011    0.0706158   0.358479  8.04208 	Dead: 0
8.50975   0.0744275   0.377829  8.04208 	Dead: 0
8.4865    0.0702015   0.356375  7.95119 	Dead: 0
8.5092    0.0811306   0.411857  7.92074 	Dead: 0
8.49476   0.0800926   0.406588  7.92074 	Dead: 0
8.45378   0.0705901   0.358348  7.92074 	Dead: 0
8.46543   0.0752907   0.382211  7.92074 	Dead: 0
8.47718   0.0866831   0.440044  7.92074 	Dead: 0
8.3948    0.0604344   0.306793  7.92074 	Dead: 0
8.4293    0.0726451   0.36878   7.92074 	Dead: 0
8.35779   0.0641094   0.325449  7.92074 	Dead: 0
8.40087   0.0743633   0.377503  7.92074 	Dead: 0
8.34827   0.0579716   0.294291  7.92074 	Dead: 0
8.39121   0.0620621   0.315056  7.89594 	Dead: 0
8.38878   0.0776619   0.394248  7.89594 	Dead: 0
8.35718   0.0558741   0.283643  7.89594 	Dead: 0
8.32856   0.0536961   0.272586  7.89594 	Dead: 0
8.37219   0.0613081   0.311228  7.78139 	Dead: 0
8.25497   0.0702392   0.356567  7.5886  	Dead: 0
8.00768   0.121887    0.618754  7.38483 	Dead: 0
7.93842   0.116477    0.591291  7.38093 	Dead: 0
7.77846   0.0721553   0.366294  7.38093 	Dead: 0
7.83929   0.0944693   0.47957   7.11036 	Dead: 0
7.77783   0.0785702   0.398859  7.11036 	Dead: 0
7.83812   0.096417    0.489458  7.11036 	Dead: 0
7.83128   0.0942453   0.478433  7.11036 	Dead: 0
7.83473   0.107802    0.547255  7.11036 	Dead: 0
7.79806   0.106531    0.540799  7.11036 	Dead: 0
7.78134   0.104146    0.528692  7.11036 	Dead: 0
7.76631   0.10564     0.536279  7.11036 	Dead: 0
7.92778   0.134591    0.683246  7.11036 	Dead: 0
7.75722   0.0903457   0.458637  7.11036 	Dead: 0
7.77857   0.116309    0.590438  7.11036 	Dead: 0
7.79424   0.0981572   0.498291  7.11036 	Dead: 0
7.86048   0.134301    0.681776  7.11036 	Dead: 0
7.7657    0.106479    0.540537  7.11036 	Dead: 0
7.79761   0.112913    0.5732    7.11036 	Dead: 0
7.80254   0.115116    0.584381  7.11036 	Dead: 0
7.79389   0.111571    0.566389  7.11036 	Dead: 0
7.82158   0.129879    0.659328  7.11036 	Dead: 0
7.73294   0.106654    0.541428  7.11036 	Dead: 0
7.77843   0.0913941   0.463959  7.11036 	Dead: 0
7.76377   0.10934     0.555063  7.11036 	Dead: 0
7.81593   0.112916    0.573215  7.11036 	Dead: 0
7.80393   0.112033    0.568732  7.11036 	Dead: 0
7.75824   0.101418    0.514845  7.11036 	Dead: 0
7.72838   0.0884829   0.44918   7.11036 	Dead: 0
7.75169   0.113007    0.573677  7.11036 	Dead: 0
7.74058   0.0925422   0.469788  7.11036 	Dead: 0
7.72123   0.0791544   0.401825  7.11036 	Dead: 0
7.70594   0.0889371   0.451486  7.11036 	Dead: 0
7.79827   0.115559    0.586633  7.11036 	Dead: 0
7.7301    0.0816102   0.414291  7.11036 	Dead: 0
7.70993   0.0832741   0.422738  7.11036 	Dead: 0
7.72594   0.0861801   0.437491  7.11036 	Dead: 0
7.76411   0.1248      0.633544  7.11036 	Dead: 0
7.73147   0.104292    0.529434  7.11036 	Dead: 0
7.73529   0.0953443   0.484012  7.11036 	Dead: 0
7.7452    0.100568    0.510529  7.11036 	Dead: 0
7.72103   0.0960517   0.487603  7.11036 	Dead: 0
7.68561   0.0697701   0.354186  7.11036 	Dead: 0
7.78568   0.10953     0.556028  7.11036 	Dead: 0
7.72678   0.0906838   0.460353  7.11036 	Dead: 0
7.78617   0.0971391   0.493124  7.11036 	Dead: 0
7.76205   0.0995631   0.505429  7.11036 	Dead: 0
7.71782   0.0979502   0.497241  7.11036 	Dead: 0
7.70872   0.0760805   0.38622   7.11036 	Dead: 0
7.78041   0.105965    0.53793   7.11036 	Dead: 0
7.6843    0.0765693   0.388702  7.11036 	Dead: 0
7.78357   0.100954    0.512491  7.11036 	Dead: 0
