11.447    0.155483    0.789304  9.27551 	Dead: 0
7.11183   0.0600226   0.304703  6.3711  	Dead: 0
5.50981   0.0652163   0.331068  4.76971 	Dead: 0
4.58803   0.0714632   0.36278   4.14171 	Dead: 0
3.79304   0.0872239   0.442789  3.28899 	Dead: 0
3.24785   0.0540474   0.27437   2.71781 	Dead: 0
2.91228   0.0888375   0.450981  2.47773 	Dead: 0
2.69933   0.0616223   0.312823  2.36683 	Dead: 0
2.61468   0.0656728   0.333386  2.32872 	Dead: 0
2.67141   0.087123    0.442277  2.32872 	Dead: 0
2.61396   0.0715433   0.363187  2.27149 	Dead: 0
2.59934   0.086611    0.439678  2.23887 	Dead: 0
2.56788   0.066662    0.338407  2.23887 	Dead: 0
2.53385   0.0615704   0.31256   2.21261 	Dead: 0
2.54178   0.0690698   0.350631  2.20864 	Dead: 0
2.51096   0.0607863   0.30858   2.20864 	Dead: 0
2.56786   0.0932124   0.47319   2.20864 	Dead: 0
2.50528   0.0832753   0.422744  2.20017 	Dead: 0
2.44922   0.0597071   0.303101  2.13851 	Dead: 0
2.52073   0.086632    0.439785  2.13851 	Dead: 0
2.46994   0.0640547   0.325171  2.13851 	Dead: 0
2.44266   0.0598892   0.304026  2.13851 	Dead: 0
2.43392   0.0682061   0.346246  2.13851 	Dead: 0
2.51179   0.0773895   0.392865  2.13851 	Dead: 0
2.44146   0.066772    0.338966  2.13851 	Dead: 0
2.41579   0.0602137   0.305673  2.13851 	Dead: 0
2.43654   0.0782468   0.397217  2.11152 	Dead: 0
2.47018   0.088502    0.449278  2.08316 	Dead: 0
2.36049   0.0561542   0.285065  2.08316 	Dead: 0
2.31379   0.0406744   0.206482  2.08316 	Dead: 0
2.38452   0.0663342   0.336743  2.08316 	Dead: 0
2.36681   0.0615083   0.312245  2.08316 	Dead: 0
2.44004   0.102025    0.517928  2.08316 	Dead: 0
2.37887   0.0831924   0.422323  2.05407 	Dead: 0
2.34809   0.0533202   0.270678  2.05407 	Dead: 0
2.37209   0.0799142   0.405682  2.05356 	Dead: 0
2.38349   0.0759722   0.38567   2.04811 	Dead: 0
2.34937   0.0677207   0.343782  2.01325 	Dead: 0
2.33154   0.0686554   0.348527  2.01086 	Dead: 0
2.32982   0.0723758   0.367413  2.01086 	Dead: 0
2.30111   0.0699706   0.355204  1.98144 	Dead: 0
2.25979   0.050786    0.257813  1.98115 	Dead: 0
2.27132   0.0641859   0.325838  1.98115 	Dead: 0
2.28004   0.060549    0.307375  1.98115 	Dead: 0
2.24378   0.0571167   0.289951  1.98115 	Dead: 0
2.26748   0.0684992   0.347734  1.98115 	Dead: 0
2.30129   0.0787194   0.399616  1.98115 	Dead: 0
2.23221   0.0568568   0.288632  1.98115 	Dead: 0
2.26147   0.069635    0.3535    1.98115 	Dead: 0
2.30537   0.0861525   0.43735   1.96003 	Dead: 0
2.24064   0.0652551   0.331265  1.96003 	Dead: 0
2.2705    0.0734897   0.373068  1.96003 	Dead: 0
2.20966   0.0749269   0.380364  1.93903 	Dead: 0
2.15972   0.0430471   0.218527  1.81086 	Dead: 0
2.21942   0.0859326   0.436234  1.81086 	Dead: 0
2.20811   0.0780054   0.395992  1.81086 	Dead: 0
2.12849   0.0517935   0.262928  1.81086 	Dead: 0
2.22562   0.079455    0.403351  1.81086 	Dead: 0
2.16396   0.0610417   0.309876  1.81086 	Dead: 0
2.18766   0.0743639   0.377506  1.81086 	Dead: 0
2.15791   0.0729835   0.370498  1.81086 	Dead: 0
2.15119   0.0621939   0.315725  1.81086 	Dead: 0
2.19627   0.0862101   0.437643  1.81086 	Dead: 0
2.15238   0.0677781   0.344074  1.81086 	Dead: 0
2.11031   0.045943    0.233228  1.81086 	Dead: 0
2.15231   0.0692103   0.351344  1.81086 	Dead: 0
2.13632   0.0743026   0.377194  1.81086 	Dead: 0
2.14362   0.0820874   0.416714  1.81086 	Dead: 0
2.16545   0.0760755   0.386195  1.81086 	Dead: 0
2.15686   0.072476    0.367922  1.81086 	Dead: 0
2.16071   0.0701393   0.35606   1.81086 	Dead: 0
2.15542   0.0628594   0.319104  1.81086 	Dead: 0
2.11624   0.0598774   0.303966  1.81086 	Dead: 0
2.12129   0.0618374   0.313916  1.81086 	Dead: 0
2.11884   0.0744201   0.377791  1.81086 	Dead: 0
2.11137   0.0704464   0.357619  1.81086 	Dead: 0
2.09442   0.0514193   0.261029  1.81086 	Dead: 0
2.16247   0.0632647   0.321161  1.81086 	Dead: 0
2.20045   0.0995081   0.50515   1.81086 	Dead: 0
2.17848   0.0893648   0.453657  1.81086 	Dead: 0
2.13417   0.0623892   0.316717  1.81086 	Dead: 0
2.09513   0.0555542   0.282019  1.81086 	Dead: 0
2.13259   0.0636686   0.323212  1.81086 	Dead: 0
2.12072   0.0597869   0.303506  1.81086 	Dead: 0
2.15971   0.0762217   0.386937  1.81086 	Dead: 0
2.14752   0.0757147   0.384363  1.81086 	Dead: 0
2.13728   0.0706      0.358399  1.81086 	Dead: 0
2.09399   0.0585469   0.297211  1.81086 	Dead: 0
2.17483   0.0790214   0.40115   1.81086 	Dead: 0
2.11382   0.0631935   0.3208    1.81086 	Dead: 0
2.12487   0.0943114   0.478769  1.81086 	Dead: 0
2.109     0.066702    0.338611  1.80736 	Dead: 0
2.21971   0.104318    0.529566  1.80736 	Dead: 0
2.1086    0.0769178   0.390471  1.80736 	Dead: 0
2.09243   0.0643231   0.326534  1.80736 	Dead: 0
2.11496   0.0698977   0.354833  1.80736 	Dead: 0
2.1475    0.0847168   0.430062  1.80736 	Dead: 0
2.14478   0.0820225   0.416384  1.80736 	Dead: 0
2.09713   0.0535452   0.27182   1.80432 	Dead: 0
2.09176   0.0501355   0.254511  1.80432 	Dead: 0
2.14152   0.0699519   0.355108  1.80432 	Dead: 0
