11.5074   0.155766    0.79074   9.72865 	Dead: 0
6.58893   0.0567029   0.28785   5.95269 	Dead: 0
4.8801    0.0615596   0.312505  4.26765 	Dead: 0
3.7695    0.0829902   0.421297  3.06772 	Dead: 0
3.20542   0.0586753   0.297863  2.85559 	Dead: 0
2.99273   0.056272    0.285663  2.66215 	Dead: 0
2.84705   0.0713729   0.362322  2.35908 	Dead: 0
2.7582    0.0893391   0.453527  2.33732 	Dead: 0
2.63078   0.0708486   0.35966   2.16105 	Dead: 0
2.58654   0.064607    0.327975  2.16105 	Dead: 0
2.53823   0.0730206   0.370686  2.16105 	Dead: 0
2.52535   0.0699694   0.355197  2.16105 	Dead: 0
2.43794   0.0629417   0.319521  2.11797 	Dead: 0
2.50389   0.0841462   0.427165  2.08166 	Dead: 0
2.41966   0.0667236   0.33872   2.08166 	Dead: 0
2.37741   0.0693807   0.352209  2.03894 	Dead: 0
2.34487   0.0567073   0.287872  2.03894 	Dead: 0
2.38771   0.0906875   0.460372  2.03894 	Dead: 0
2.31545   0.0517427   0.26267   2.03736 	Dead: 0
2.24455   0.0676574   0.343461  1.97893 	Dead: 0
2.22503   0.0742902   0.377132  1.96427 	Dead: 0
2.26213   0.098571    0.500393  1.92017 	Dead: 0
2.22965   0.0896294   0.455     1.92017 	Dead: 0
2.18891   0.0666463   0.338328  1.9063  	Dead: 0
2.22689   0.0849509   0.43125   1.90379 	Dead: 0
2.25843   0.124049    0.629729  1.90379 	Dead: 0
2.285     0.118111    0.599589  1.8676  	Dead: 0
2.2112    0.0942402   0.478407  1.8676  	Dead: 0
2.2028    0.0882968   0.448236  1.8676  	Dead: 0
2.18108   0.0755582   0.383569  1.86202 	Dead: 0
2.17206   0.0734084   0.372655  1.86202 	Dead: 0
2.18009   0.0894914   0.4543    1.86202 	Dead: 0
2.15737   0.0824151   0.418378  1.8305  	Dead: 0
2.12999   0.0766844   0.389286  1.8305  	Dead: 0
2.16445   0.0839999   0.426423  1.8305  	Dead: 0
2.18501   0.0928699   0.471451  1.83012 	Dead: 0
2.2142    0.0927618   0.470902  1.83012 	Dead: 0
2.14686   0.0765634   0.388671  1.83012 	Dead: 0
2.16508   0.0930995   0.472617  1.83012 	Dead: 0
2.13961   0.0894288   0.453983  1.83012 	Dead: 0
2.14275   0.0706345   0.358573  1.83012 	Dead: 0
2.14082   0.0797123   0.404657  1.83012 	Dead: 0
2.15612   0.085864    0.435886  1.83012 	Dead: 0
2.201     0.10657     0.541001  1.78822 	Dead: 0
2.12777   0.0755882   0.383721  1.78822 	Dead: 0
2.08948   0.0578735   0.293793  1.78822 	Dead: 0
2.11265   0.0563582   0.2861    1.78822 	Dead: 0
2.13528   0.0704864   0.357822  1.78822 	Dead: 0
2.07891   0.0556618   0.282565  1.78822 	Dead: 0
2.16119   0.102697    0.521336  1.7859  	Dead: 0
2.08166   0.0642025   0.325922  1.7859  	Dead: 0
2.24314   0.130195    0.660931  1.7859  	Dead: 0
2.11378   0.0735022   0.373131  1.7859  	Dead: 0
2.16515   0.102387    0.519766  1.77547 	Dead: 0
2.06237   0.0551927   0.280184  1.77547 	Dead: 0
2.11577   0.106298    0.53962   1.77547 	Dead: 0
2.12205   0.103091    0.52334   1.77547 	Dead: 0
2.11725   0.0966976   0.490882  1.77547 	Dead: 0
2.08914   0.0980125   0.497557  1.77547 	Dead: 0
2.02951   0.0623863   0.316702  1.74853 	Dead: 0
2.03154   0.0521745   0.264862  1.74853 	Dead: 0
2.07      0.0706385   0.358594  1.74853 	Dead: 0
2.0389    0.0624105   0.316825  1.74853 	Dead: 0
2.10108   0.0900549   0.457161  1.74853 	Dead: 0
2.02831   0.062301    0.316269  1.74853 	Dead: 0
2.10294   0.0941206   0.4778    1.74853 	Dead: 0
2.07493   0.0956039   0.48533   1.74853 	Dead: 0
2.1079    0.0941311   0.477853  1.74853 	Dead: 0
2.06195   0.0714293   0.362608  1.74853 	Dead: 0
2.07978   0.0754844   0.383194  1.74853 	Dead: 0
2.06552   0.0722408   0.366728  1.74853 	Dead: 0
2.03618   0.0846627   0.429787  1.74853 	Dead: 0
2.03514   0.0736579   0.373922  1.74853 	Dead: 0
2.09548   0.0823135   0.417862  1.74853 	Dead: 0
2.01282   0.0754681   0.383111  1.74853 	Dead: 0
2.07203   0.084456    0.428738  1.72025 	Dead: 0
2.03813   0.0616998   0.313217  1.72025 	Dead: 0
2.04157   0.0666337   0.338264  1.72025 	Dead: 0
2.04417   0.0654409   0.332209  1.72025 	Dead: 0
2.10515   0.111058    0.563784  1.71241 	Dead: 0
2.05432   0.0913515   0.463743  1.71241 	Dead: 0
2.1429    0.117209    0.595008  1.71241 	Dead: 0
2.10114   0.117378    0.595868  1.71241 	Dead: 0
2.09684   0.0926848   0.470511  1.71241 	Dead: 0
2.08326   0.0813765   0.413105  1.71241 	Dead: 0
2.03501   0.0738659   0.374978  1.71241 	Dead: 0
2.02158   0.0707684   0.359254  1.71241 	Dead: 0
2.0178    0.0586773   0.297873  1.71241 	Dead: 0
1.9991    0.0630092   0.319864  1.71241 	Dead: 0
2.07275   0.0904164   0.458996  1.71241 	Dead: 0
2.05751   0.0943766   0.4791    1.71241 	Dead: 0
2.08638   0.0989344   0.502237  1.71241 	Dead: 0
2.0766    0.0837263   0.425034  1.71241 	Dead: 0
2.07523   0.0793658   0.402898  1.71241 	Dead: 0
2.01122   0.0685975   0.348233  1.71241 	Dead: 0
2.10296   0.0964304   0.489526  1.71241 	Dead: 0
2.07624   0.08537     0.433378  1.71241 	Dead: 0
2.06632   0.0909849   0.461882  1.71241 	Dead: 0
2.0338    0.07314     0.371293  1.71241 	Dead: 0
2.07054   0.0809664   0.411023  1.71241 	Dead: 0
2.08793   0.0985719   0.500397  1.71241 	Dead: 0
