8.05355   0.0404672   0.20543   7.52563 	Dead: 0
6.8884    0.0343866   0.174563  6.54391 	Dead: 0
6.80758   0.0384342   0.19511   6.4506  	Dead: 0
6.77335   0.0423217   0.214845  6.34625 	Dead: 0
6.60254   0.0394388   0.20021   6.09395 	Dead: 0
6.50943   0.0401163   0.203649  6.09395 	Dead: 0
6.45782   0.0386551   0.196232  6.09395 	Dead: 0
6.44992   0.0416907   0.211641  6.09395 	Dead: 0
6.41938   0.0396475   0.201269  6.04105 	Dead: 0
6.38536   0.0408346   0.207295  5.93053 	Dead: 0
6.39915   0.041773    0.212059  5.93053 	Dead: 0
6.38722   0.0461511   0.234285  5.93053 	Dead: 0
6.38356   0.0405106   0.205651  5.93053 	Dead: 0
6.36087   0.043704    0.221862  5.93053 	Dead: 0
6.39134   0.0481616   0.244491  5.93053 	Dead: 0
6.41265   0.048082    0.244087  5.93053 	Dead: 0
6.39489   0.0472599   0.239913  5.93053 	Dead: 0
6.37095   0.0429437   0.218002  5.93053 	Dead: 0
6.3936    0.0514931   0.261403  5.93053 	Dead: 0
6.34388   0.0457873   0.232438  5.93053 	Dead: 0
6.38391   0.054218    0.275236  5.93053 	Dead: 0
6.33064   0.0479833   0.243586  5.93053 	Dead: 0
6.34271   0.0498018   0.252817  5.93053 	Dead: 0
6.33435   0.047463    0.240944  5.93053 	Dead: 0
6.31477   0.0446648   0.226739  5.93053 	Dead: 0
6.32307   0.0518817   0.263376  5.88861 	Dead: 0
6.30487   0.045097    0.228933  5.84898 	Dead: 0
6.26794   0.046323    0.235157  5.82297 	Dead: 0
6.24404   0.0460079   0.233557  5.82297 	Dead: 0
6.23015   0.0469719   0.238451  5.69158 	Dead: 0
6.29459   0.0557436   0.28298   5.69158 	Dead: 0
6.2609    0.0496942   0.252271  5.69158 	Dead: 0
6.20797   0.0454056   0.2305    5.69158 	Dead: 0
6.22128   0.0476551   0.24192   5.69158 	Dead: 0
6.24942   0.0531184   0.269654  5.69158 	Dead: 0
6.25567   0.0517449   0.262681  5.69158 	Dead: 0
6.21856   0.0461594   0.234327  5.69158 	Dead: 0
6.2451    0.0493382   0.250464  5.69158 	Dead: 0
6.23533   0.0476088   0.241685  5.69158 	Dead: 0
6.24573   0.0535626   0.271909  5.69158 	Dead: 0
6.23598   0.051228    0.260057  5.69158 	Dead: 0
6.217     0.04903     0.248899  5.69158 	Dead: 0
6.21945   0.0505199   0.256463  5.69158 	Dead: 0
6.22835   0.0496716   0.252156  5.69158 	Dead: 0
6.19638   0.0496387   0.251989  5.69158 	Dead: 0
6.20156   0.0479569   0.243452  5.69158 	Dead: 0
6.2176    0.0492775   0.250156  5.69158 	Dead: 0
6.23637   0.0490993   0.249251  5.69158 	Dead: 0
6.2152    0.0487711   0.247585  5.69158 	Dead: 0
6.20666   0.0509236   0.258512  5.69158 	Dead: 0
6.19027   0.0456362   0.231671  5.69158 	Dead: 0
6.213     0.0509291   0.25854   5.69158 	Dead: 0
6.23913   0.0520271   0.264114  5.69158 	Dead: 0
6.20247   0.050201    0.254843  5.69158 	Dead: 0
6.22237   0.0532528   0.270336  5.69158 	Dead: 0
6.21024   0.0539609   0.273931  5.69158 	Dead: 0
6.24624   0.0532698   0.270422  5.69158 	Dead: 0
6.23733   0.0533556   0.270858  5.69158 	Dead: 0
6.23075   0.0536969   0.272591  5.69158 	Dead: 0
6.21558   0.0471322   0.239265  5.69158 	Dead: 0
6.20373   0.0483326   0.245359  5.69158 	Dead: 0
6.19914   0.0490787   0.249147  5.69158 	Dead: 0
6.21042   0.0566124   0.287391  5.69158 	Dead: 0
6.18388   0.0518356   0.263142  5.69158 	Dead: 0
6.17471   0.0520884   0.264425  5.69158 	Dead: 0
6.18241   0.0522452   0.265221  5.69158 	Dead: 0
6.16097   0.051466    0.261265  5.69158 	Dead: 0
6.18924   0.0505694   0.256714  5.69158 	Dead: 0
6.20594   0.0528635   0.26836   5.67299 	Dead: 0
6.16071   0.0482381   0.244879  5.67299 	Dead: 0
6.16351   0.0474799   0.24103   5.67299 	Dead: 0
6.18962   0.0498272   0.252946  5.67299 	Dead: 0
6.19523   0.0549562   0.278983  5.67299 	Dead: 0
6.17212   0.0499339   0.253488  5.67299 	Dead: 0
6.16293   0.0510956   0.259385  5.67299 	Dead: 0
6.14445   0.0484828   0.246121  5.67299 	Dead: 0
6.19842   0.0525656   0.266848  5.67299 	Dead: 0
6.19845   0.0536166   0.272183  5.67299 	Dead: 0
6.17806   0.0520157   0.264056  5.67299 	Dead: 0
6.1973    0.0565762   0.287207  5.67299 	Dead: 0
6.18762   0.0536058   0.272128  5.67299 	Dead: 0
6.18932   0.0569421   0.289064  5.67299 	Dead: 0
6.17519   0.0533514   0.270837  5.67299 	Dead: 0
6.17258   0.0528039   0.268057  5.67299 	Dead: 0
6.19292   0.054865    0.27852   5.67299 	Dead: 0
6.1982    0.0562203   0.2854    5.67299 	Dead: 0
6.13552   0.0498482   0.253053  5.67299 	Dead: 0
6.16741   0.0526969   0.267514  5.67299 	Dead: 0
6.16874   0.0556773   0.282644  5.62523 	Dead: 0
6.15642   0.0532466   0.270305  5.62523 	Dead: 0
6.14788   0.050117    0.254417  5.62523 	Dead: 0
6.17891   0.0558041   0.283288  5.62523 	Dead: 0
6.18118   0.0567866   0.288276  5.62523 	Dead: 0
6.15925   0.0526893   0.267475  5.62523 	Dead: 0
6.15878   0.0541459   0.27487   5.62523 	Dead: 0
6.15446   0.0511985   0.259907  5.62523 	Dead: 0
6.13653   0.0483537   0.245466  5.62523 	Dead: 0
6.14103   0.0533257   0.270706  5.62523 	Dead: 0
6.17633   0.0573496   0.291133  5.62523 	Dead: 0
6.16515   0.0518372   0.26315   5.62523 	Dead: 0
6.1715    0.0546795   0.277579  5.62523 	Dead: 0
