0   10.6843   0.164553    0.835349  8.6923  	Dead: 0
1   6.24719   0.0870466   0.441889  5.50622 	Dead: 0
2   5.73423   0.0993684   0.50444   4.84988 	Dead: 0
3   5.48086   0.109623    0.556499  4.65976 	Dead: 0
4   5.24879   0.133228    0.676327  4.17464 	Dead: 0
5   4.9947    0.127974    0.649656  4.01955 	Dead: 0
6   4.9301    0.117722    0.597613  4.01955 	Dead: 0
7   4.91381   0.127157    0.64551   4.01955 	Dead: 0
8   4.91016   0.139041    0.705837  4.01955 	Dead: 0
9   4.73659   0.114504    0.581278  3.79986 	Dead: 0
10  4.72843   0.121473    0.616654  3.53809 	Dead: 0
11  4.75936   0.158152    0.802854  3.53809 	Dead: 0
12  4.61101   0.175194    0.889364  3.38833 	Dead: 0
13  4.50159   0.160061    0.812542  3.33082 	Dead: 0
14  4.54931   0.167288    0.849233  3.33082 	Dead: 0
15  4.48342   0.165084    0.838044  3.33082 	Dead: 0
16  4.49135   0.196843    0.999267  3.26334 	Dead: 0
17  4.40743   0.167288    0.849231  3.26334 	Dead: 0
18  4.55999   0.202798    1.0295    3.20353 	Dead: 0
19  4.55422   0.172429    0.875331  3.20353 	Dead: 0
20  4.53556   0.18226     0.925239  3.20353 	Dead: 0
21  4.602     0.200538    1.01803   3.20353 	Dead: 0
22  4.40388   0.178869    0.908023  3.20353 	Dead: 0
23  4.31928   0.165172    0.838491  3.20353 	Dead: 0
24  4.45527   0.184213    0.935153  3.20353 	Dead: 0
25  4.46442   0.175976    0.893334  3.20353 	Dead: 0
26  4.3571    0.171002    0.868085  3.20353 	Dead: 0
27  4.48337   0.187411    0.951387  3.20353 	Dead: 0
28  4.44624   0.173977    0.883186  3.20353 	Dead: 0
29  4.35742   0.162985    0.827387  3.20353 	Dead: 0
30  4.41203   0.175313    0.889969  3.20353 	Dead: 0
31  4.45921   0.189606    0.962527  3.20353 	Dead: 0
32  4.50498   0.194546    0.987605  3.20353 	Dead: 0
33  4.44429   0.182789    0.927924  3.20353 	Dead: 0
34  4.41591   0.185932    0.943879  3.20353 	Dead: 0
35  4.43531   0.18625     0.945494  3.20353 	Dead: 0
36  4.35873   0.179194    0.909672  3.20353 	Dead: 0
37  4.39127   0.174529    0.885989  3.15546 	Dead: 0
38  4.46718   0.178661    0.906967  3.15546 	Dead: 0
39  4.48942   0.186913    0.948857  3.15546 	Dead: 0
40  4.37401   0.187252    0.950577  3.15546 	Dead: 0
41  4.42025   0.214248    1.08762   3.05008 	Dead: 0
42  4.26891   0.190026    0.96466   2.9929  	Dead: 0
43  4.30026   0.178669    0.907007  2.9929  	Dead: 0
44  4.3648    0.183746    0.932779  2.9929  	Dead: 0
45  4.38902   0.181971    0.92377   2.9929  	Dead: 0
46  4.39404   0.205891    1.0452    2.9929  	Dead: 0
47  4.26013   0.184868    0.938477  2.96963 	Dead: 0
48  4.27022   0.189273    0.960839  2.96963 	Dead: 0
49  4.30761   0.1932      0.980771  2.96963 	Dead: 0
50  4.41803   0.210273    1.06744   2.96963 	Dead: 0
51  4.31438   0.19008     0.964933  2.85372 	Dead: 0
52  4.29389   0.203767    1.03441   2.85372 	Dead: 0
53  4.33308   0.211914    1.07578   2.85372 	Dead: 0
54  4.35471   0.202567    1.02832   2.85372 	Dead: 0
55  4.29771   0.213353    1.08308   2.85372 	Dead: 0
56  4.20958   0.189259    0.960765  2.85372 	Dead: 0
57  4.34051   0.202896    1.03      2.85372 	Dead: 0
58  4.22811   0.177844    0.902818  2.85372 	Dead: 0
59  4.28236   0.197392    1.00205   2.85372 	Dead: 0
60  4.2751    0.199689    1.01372   2.85372 	Dead: 0
61  4.26635   0.199295    1.01172   2.85372 	Dead: 0
62  4.43342   0.199852    1.01454   2.85372 	Dead: 0
63  4.39789   0.196653    0.998301  2.85372 	Dead: 0
64  4.34937   0.200393    1.01729   2.85372 	Dead: 0
65  4.208     0.200294    1.01678   2.85372 	Dead: 0
66  4.32313   0.20869     1.05941   2.85372 	Dead: 0
67  4.25359   0.205201    1.0417    2.85372 	Dead: 0
68  4.35304   0.216869    1.10093   2.85372 	Dead: 0
69  4.23379   0.187084    0.949727  2.85372 	Dead: 0
70  4.27961   0.21575     1.09525   2.85372 	Dead: 0
71  4.23303   0.198845    1.00943   2.85372 	Dead: 0
72  4.39673   0.202636    1.02867   2.85372 	Dead: 0
73  4.32256   0.229814    1.16664   2.85372 	Dead: 0
74  4.43299   0.220904    1.12141   2.85372 	Dead: 0
75  4.22834   0.194859    0.989198  2.85372 	Dead: 0
76  4.2791    0.238195    1.20919   2.85372 	Dead: 0
77  4.34932   0.19886     1.00951   2.85372 	Dead: 0
78  4.20579   0.18006     0.914068  2.85372 	Dead: 0
79  4.31538   0.194066    0.985171  2.85372 	Dead: 0
80  4.34827   0.203893    1.03506   2.85372 	Dead: 0
81  4.32846   0.196927    0.999691  2.85372 	Dead: 0
82  4.35821   0.218345    1.10842   2.85372 	Dead: 0
83  4.20928   0.194829    0.989041  2.85372 	Dead: 0
84  4.19499   0.198126    1.00578   2.85372 	Dead: 0
85  4.32836   0.202106    1.02599   2.8028  	Dead: 0
86  4.3219    0.21393     1.08601   2.8028  	Dead: 0
87  4.25704   0.2069      1.05032   2.8028  	Dead: 0
88  4.34503   0.20296     1.03032   2.8028  	Dead: 0
89  4.36668   0.217898    1.10615   2.8028  	Dead: 0
90  4.31498   0.222834    1.13121   2.8028  	Dead: 0
91  4.2666    0.225114    1.14278   2.8028  	Dead: 0
92  4.251     0.209644    1.06425   2.8028  	Dead: 0
93  4.28148   0.21723     1.10276   2.8028  	Dead: 0
94  4.28344   0.210393    1.06805   2.8028  	Dead: 0
95  4.42638   0.226102    1.1478    2.8028  	Dead: 0
96  4.20641   0.197534    1.00277   2.8028  	Dead: 0
97  4.31432   0.216086    1.09695   2.79051 	Dead: 0
98  4.35444   0.20925     1.06225   2.79051 	Dead: 0
99  4.21822   0.199939    1.01498   2.79051 	Dead: 0
100 4.25903   0.186539    0.946961  2.79051 	Dead: 0
