5.03527   0.0847239   0.430098  4.18037 	Dead: 0
4.1878    0.0479922   0.243631  3.86677 	Dead: 0
4.07838   0.0519386   0.263664  3.68705 	Dead: 0
4.02891   0.0488054   0.247759  3.5433  	Dead: 0
3.98858   0.0461067   0.234059  3.5433  	Dead: 0
3.96335   0.0476487   0.241887  3.5433  	Dead: 0
3.93814   0.0566552   0.287608  3.5433  	Dead: 0
3.92177   0.0475295   0.241282  3.5433  	Dead: 0
3.92437   0.049158    0.249549  3.5433  	Dead: 0
3.89925   0.0465257   0.236186  3.5433  	Dead: 0
3.92116   0.0528458   0.26827   3.5433  	Dead: 0
3.88905   0.0481776   0.244572  3.43872 	Dead: 0
3.91702   0.061549    0.312451  3.43872 	Dead: 0
3.89316   0.048601    0.246721  3.43872 	Dead: 0
3.89162   0.0526267   0.267158  3.43872 	Dead: 0
3.91515   0.068379    0.347124  3.43872 	Dead: 0
3.94424   0.0643468   0.326654  3.43872 	Dead: 0
3.8737    0.0470099   0.238644  3.43872 	Dead: 0
3.91842   0.0530892   0.269506  3.43872 	Dead: 0
3.86898   0.0495781   0.251682  3.43872 	Dead: 0
3.87494   0.0541333   0.274806  3.43872 	Dead: 0
3.88566   0.0548312   0.278349  3.43872 	Dead: 0
3.95495   0.0601446   0.305322  3.43872 	Dead: 0
3.85997   0.0506649   0.257199  3.43659 	Dead: 0
3.84348   0.0492445   0.249988  3.43659 	Dead: 0
3.81663   0.0487324   0.247388  3.43659 	Dead: 0
3.8723    0.0511271   0.259545  3.43659 	Dead: 0
3.84991   0.0546147   0.27725   3.43659 	Dead: 0
3.86551   0.0516458   0.262178  3.43659 	Dead: 0
3.81828   0.0503684   0.255693  3.43659 	Dead: 0
3.81673   0.058017    0.294521  3.43659 	Dead: 0
3.80684   0.049106    0.249285  3.43659 	Dead: 0
3.84537   0.0609876   0.309601  3.43659 	Dead: 0
3.83116   0.0583131   0.296024  3.43659 	Dead: 0
3.82      0.0549287   0.278844  3.43659 	Dead: 0
3.8492    0.0585937   0.297449  3.43659 	Dead: 0
3.80767   0.0564363   0.286497  3.42105 	Dead: 0
3.83353   0.0633525   0.321607  3.42105 	Dead: 0
3.81594   0.0593889   0.301486  3.42105 	Dead: 0
3.82271   0.0633213   0.321448  3.37319 	Dead: 0
3.76511   0.0566912   0.287791  3.37319 	Dead: 0
3.83253   0.0612481   0.310924  3.37319 	Dead: 0
3.78675   0.0543196   0.275752  3.37319 	Dead: 0
3.78145   0.0603442   0.306336  3.37319 	Dead: 0
3.77825   0.0530554   0.269334  3.35847 	Dead: 0
3.77474   0.0564066   0.286346  3.35847 	Dead: 0
3.83077   0.0603933   0.306585  3.35847 	Dead: 0
3.79944   0.0639549   0.324665  3.35847 	Dead: 0
3.79621   0.063548    0.322599  3.35847 	Dead: 0
3.73351   0.0558852   0.283699  3.35847 	Dead: 0
3.79837   0.0642613   0.32622   3.35847 	Dead: 0
3.72485   0.0513138   0.260493  3.31384 	Dead: 0
3.76527   0.0591671   0.30036   3.31384 	Dead: 0
3.7486    0.056693    0.2878    3.31384 	Dead: 0
3.745     0.0604861   0.307056  3.31384 	Dead: 0
3.76771   0.0624108   0.316827  3.31384 	Dead: 0
3.7924    0.061086    0.310101  3.31384 	Dead: 0
3.79258   0.0739389   0.375348  3.31384 	Dead: 0
3.74858   0.0676086   0.343213  3.31384 	Dead: 0
3.70907   0.0566383   0.287522  3.31384 	Dead: 0
3.74401   0.0674819   0.34257   3.31384 	Dead: 0
3.73772   0.0611786   0.310571  3.31384 	Dead: 0
3.79358   0.0722206   0.366625  3.31384 	Dead: 0
3.7563    0.0550073   0.279243  3.31384 	Dead: 0
3.74386   0.0643413   0.326626  3.25421 	Dead: 0
3.72939   0.0592421   0.300741  3.25421 	Dead: 0
3.72662   0.0601775   0.305489  3.25421 	Dead: 0
3.75337   0.0648631   0.329275  3.25421 	Dead: 0
3.76182   0.0692958   0.351778  3.25421 	Dead: 0
3.72556   0.0637889   0.323822  3.25421 	Dead: 0
3.69986   0.0599558   0.304364  3.25421 	Dead: 0
3.75031   0.0661115   0.335613  3.25421 	Dead: 0
3.68023   0.0617192   0.313315  3.25421 	Dead: 0
3.72591   0.0642133   0.325976  3.25421 	Dead: 0
3.74672   0.0702201   0.35647   3.25421 	Dead: 0
3.65998   0.0650927   0.330441  3.25421 	Dead: 0
3.72884   0.0660763   0.335434  3.25421 	Dead: 0
3.7358    0.067871    0.344545  3.25421 	Dead: 0
3.76538   0.0769559   0.390664  3.23585 	Dead: 0
3.71546   0.0630959   0.320304  3.23585 	Dead: 0
3.70746   0.0697726   0.354198  3.23585 	Dead: 0
3.69288   0.0710829   0.36085   3.23585 	Dead: 0
3.73802   0.0760937   0.386287  3.23585 	Dead: 0
3.70247   0.0661132   0.335622  3.23585 	Dead: 0
3.69928   0.0665059   0.337615  3.23585 	Dead: 0
3.7128    0.0744059   0.377719  3.23585 	Dead: 0
3.67755   0.0659256   0.334669  3.22635 	Dead: 0
3.72973   0.0823662   0.418129  3.22635 	Dead: 0
3.74898   0.0816055   0.414268  3.22635 	Dead: 0
3.72771   0.0781229   0.396588  3.22635 	Dead: 0
3.68959   0.0676795   0.343572  3.22635 	Dead: 0
3.73822   0.0768873   0.390316  3.22635 	Dead: 0
3.71553   0.0709369   0.360109  3.22635 	Dead: 0
3.68436   0.0763593   0.387636  3.22635 	Dead: 0
3.71646   0.0765993   0.388854  3.22635 	Dead: 0
3.70226   0.0747909   0.379674  3.22635 	Dead: 0
3.67416   0.0685464   0.347974  3.18765 	Dead: 0
3.73519   0.0817783   0.415145  3.18765 	Dead: 0
3.69573   0.0748839   0.380146  3.18765 	Dead: 0
3.693     0.0736176   0.373717  3.18765 	Dead: 0
3.70716   0.0760787   0.386211  3.18765 	Dead: 0
