5.00913   0.0804445   0.408374  4.02882 	Dead: 0
4.35665   0.0643749   0.326797  3.89276 	Dead: 0
4.01717   0.0470449   0.238822  3.603   	Dead: 0
3.94593   0.0449994   0.228438  3.51819 	Dead: 0
3.94242   0.0501582   0.254626  3.51819 	Dead: 0
3.91051   0.0474604   0.240931  3.51819 	Dead: 0
3.93397   0.0528159   0.268118  3.51819 	Dead: 0
3.8888    0.047078    0.23899   3.51819 	Dead: 0
3.8799    0.043146    0.219029  3.51819 	Dead: 0
3.88395   0.0460361   0.233701  3.51819 	Dead: 0
3.90383   0.0509227   0.258507  3.51819 	Dead: 0
3.8958    0.0561731   0.285161  3.51819 	Dead: 0
3.87845   0.0526819   0.267438  3.5123  	Dead: 0
3.88266   0.0539875   0.274065  3.49038 	Dead: 0
3.86341   0.0530674   0.269395  3.49038 	Dead: 0
3.85443   0.0542015   0.275152  3.48377 	Dead: 0
3.82275   0.0439355   0.223037  3.48377 	Dead: 0
3.90683   0.0589207   0.299109  3.48377 	Dead: 0
3.88027   0.0557425   0.282975  3.48377 	Dead: 0
3.86742   0.0564119   0.286373  3.48377 	Dead: 0
3.8597    0.0524546   0.266284  3.48377 	Dead: 0
3.84446   0.0487739   0.247599  3.48377 	Dead: 0
3.82926   0.0452502   0.229711  3.48377 	Dead: 0
3.86342   0.0500641   0.254149  3.48377 	Dead: 0
3.85202   0.0535405   0.271797  3.48377 	Dead: 0
3.85095   0.0543154   0.27573   3.48377 	Dead: 0
3.91733   0.0670789   0.340524  3.48377 	Dead: 0
3.84307   0.0500016   0.253831  3.48377 	Dead: 0
3.85053   0.051474    0.261306  3.48377 	Dead: 0
3.85495   0.0545686   0.277016  3.48377 	Dead: 0
3.82201   0.0497028   0.252314  3.48377 	Dead: 0
3.84235   0.0535659   0.271926  3.48377 	Dead: 0
3.81148   0.0511783   0.259805  3.48377 	Dead: 0
3.83681   0.0572106   0.290428  3.48377 	Dead: 0
3.83809   0.0516901   0.262403  3.48377 	Dead: 0
3.79866   0.0475668   0.241472  3.48377 	Dead: 0
3.81343   0.0514082   0.260972  3.48377 	Dead: 0
3.82338   0.0589067   0.299038  3.48377 	Dead: 0
3.8274    0.0499939   0.253792  3.48377 	Dead: 0
3.8483    0.0510129   0.258966  3.38725 	Dead: 0
3.79374   0.0532219   0.270179  3.38725 	Dead: 0
3.7912    0.0526311   0.26718   3.38725 	Dead: 0
3.77966   0.0514364   0.261115  3.38725 	Dead: 0
3.78593   0.0534937   0.271559  3.38725 	Dead: 0
3.79285   0.0547895   0.278137  3.38725 	Dead: 0
3.77678   0.0553141   0.2808    3.38725 	Dead: 0
3.79097   0.0517361   0.262637  3.38725 	Dead: 0
3.76303   0.0487968   0.247715  3.38725 	Dead: 0
3.76219   0.0478501   0.242909  3.38725 	Dead: 0
3.76405   0.0501238   0.254452  3.38725 	Dead: 0
3.76964   0.0475688   0.241482  3.38725 	Dead: 0
3.78636   0.0565765   0.287209  3.3671  	Dead: 0
3.77814   0.0508482   0.258129  3.3671  	Dead: 0
3.78852   0.0539628   0.27394   3.3671  	Dead: 0
3.78024   0.0510182   0.258992  3.3671  	Dead: 0
3.78328   0.0494884   0.251226  3.3671  	Dead: 0
3.76197   0.0504602   0.25616   3.3671  	Dead: 0
3.76992   0.0512829   0.260336  3.3671  	Dead: 0
3.7538    0.0443913   0.225351  3.3671  	Dead: 0
3.75521   0.0460095   0.233566  3.3671  	Dead: 0
3.77967   0.054961    0.279008  3.3671  	Dead: 0
3.76634   0.0570611   0.289669  3.3671  	Dead: 0
3.74815   0.0514095   0.260978  3.33837 	Dead: 0
3.77255   0.0555051   0.28177   3.33837 	Dead: 0
3.80713   0.0571006   0.289869  3.33837 	Dead: 0
3.77327   0.049599    0.251787  3.33837 	Dead: 0
3.77766   0.0562209   0.285403  3.33837 	Dead: 0
3.84707   0.0658237   0.334152  3.33837 	Dead: 0
3.7675    0.0549855   0.279132  3.33837 	Dead: 0
3.76624   0.050744    0.2576    3.33837 	Dead: 0
3.75908   0.0503779   0.255742  3.33837 	Dead: 0
3.77339   0.0506603   0.257175  3.33837 	Dead: 0
3.77032   0.05358     0.271997  3.33837 	Dead: 0
3.78181   0.0602642   0.305929  3.33642 	Dead: 0
3.74141   0.0555634   0.282066  3.33642 	Dead: 0
3.78926   0.0592588   0.300825  3.33642 	Dead: 0
3.76967   0.0591607   0.300327  3.33642 	Dead: 0
3.78388   0.0559643   0.284101  3.33642 	Dead: 0
3.78632   0.0554785   0.281635  3.33642 	Dead: 0
3.78521   0.0570904   0.289818  3.33642 	Dead: 0
3.76732   0.0520911   0.264439  3.33642 	Dead: 0
3.76538   0.0612146   0.310754  3.33642 	Dead: 0
3.76529   0.0559476   0.284016  3.33642 	Dead: 0
3.75834   0.0506913   0.257333  3.33642 	Dead: 0
3.79842   0.0612047   0.310703  3.33642 	Dead: 0
3.76429   0.0526939   0.267499  3.33642 	Dead: 0
3.80899   0.0583471   0.296197  3.33642 	Dead: 0
3.74477   0.0482699   0.245041  3.33642 	Dead: 0
3.75652   0.0537334   0.272776  3.33642 	Dead: 0
3.76687   0.0575286   0.292042  3.33642 	Dead: 0
3.73857   0.050373    0.255717  3.33642 	Dead: 0
3.73384   0.0504498   0.256107  3.33642 	Dead: 0
3.72472   0.0430513   0.218549  3.33642 	Dead: 0
3.7589    0.0580712   0.294796  3.33642 	Dead: 0
3.72434   0.053751    0.272865  3.33642 	Dead: 0
3.7212    0.0520491   0.264225  3.33642 	Dead: 0
3.73487   0.051569    0.261788  3.33642 	Dead: 0
3.71941   0.0499674   0.253658  3.33642 	Dead: 0
3.77415   0.0635641   0.322681  3.33642 	Dead: 0
3.75642   0.0517647   0.262782  3.33642 	Dead: 0
3.7192    0.0447157   0.226998  3.33642 	Dead: 0
