4.93608   0.0729808   0.370484  4.14508 	Dead: 0
4.24683   0.0671346   0.340806  3.74606 	Dead: 0
4.09266   0.0496412   0.252002  3.69758 	Dead: 0
4.04677   0.0542006   0.275147  3.57021 	Dead: 0
4.01234   0.0567175   0.287925  3.49552 	Dead: 0
3.95937   0.0493487   0.250517  3.4449  	Dead: 0
3.9209    0.0528051   0.268063  3.4449  	Dead: 0
3.90168   0.0505501   0.256616  3.4449  	Dead: 0
3.89421   0.0513295   0.260573  3.4449  	Dead: 0
3.89453   0.0480192   0.243768  3.4449  	Dead: 0
3.87483   0.0496622   0.252108  3.4449  	Dead: 0
3.91411   0.0586753   0.297863  3.4449  	Dead: 0
3.89868   0.0547897   0.278138  3.4449  	Dead: 0
3.85801   0.0500793   0.254226  3.38374 	Dead: 0
3.88036   0.0574189   0.291485  3.38374 	Dead: 0
3.84875   0.0518764   0.263349  3.38374 	Dead: 0
3.86311   0.0570833   0.289782  3.38374 	Dead: 0
3.85333   0.0593167   0.301119  3.38374 	Dead: 0
3.86226   0.055117    0.279799  3.38374 	Dead: 0
3.8301    0.0466236   0.236683  3.38374 	Dead: 0
3.8454    0.0498981   0.253306  3.38374 	Dead: 0
3.83102   0.0502211   0.254946  3.38374 	Dead: 0
3.86122   0.0581164   0.295026  3.38374 	Dead: 0
3.86572   0.0601407   0.305302  3.38374 	Dead: 0
3.84241   0.0578333   0.293589  3.38374 	Dead: 0
3.84422   0.0519696   0.263822  3.38374 	Dead: 0
3.85488   0.0533976   0.271071  3.38374 	Dead: 0
3.88785   0.0585397   0.297175  3.38374 	Dead: 0
3.81203   0.0469661   0.238422  3.38374 	Dead: 0
3.83419   0.0580513   0.294695  3.38374 	Dead: 0
3.85093   0.061403    0.31171   3.38374 	Dead: 0
3.85939   0.0572248   0.2905    3.38374 	Dead: 0
3.81409   0.058466    0.296801  3.38374 	Dead: 0
3.85431   0.066586    0.338022  3.38374 	Dead: 0
3.81795   0.0563943   0.286284  3.38374 	Dead: 0
3.80458   0.0559345   0.28395   3.38374 	Dead: 0
3.79159   0.0530196   0.269152  3.38374 	Dead: 0
3.78225   0.0578046   0.293443  3.38374 	Dead: 0
3.78815   0.0565528   0.287088  3.38374 	Dead: 0
3.75538   0.0476143   0.241712  3.38374 	Dead: 0
3.73888   0.0474597   0.240928  3.38374 	Dead: 0
3.74973   0.058281    0.295862  3.38374 	Dead: 0
3.74829   0.0590648   0.29984   3.38374 	Dead: 0
3.71221   0.0511098   0.259457  3.37012 	Dead: 0
3.73657   0.053384    0.271002  3.37012 	Dead: 0
3.73691   0.0496068   0.251827  3.37012 	Dead: 0
3.71358   0.0481415   0.244389  3.37012 	Dead: 0
3.69309   0.0458883   0.23295   3.37012 	Dead: 0
3.75265   0.0564428   0.28653   3.37012 	Dead: 0
3.70463   0.0536167   0.272183  3.33515 	Dead: 0
3.69888   0.0509503   0.258648  3.33515 	Dead: 0
3.71968   0.0458867   0.232942  3.33515 	Dead: 0
3.70908   0.0499043   0.253338  3.33515 	Dead: 0
3.68615   0.045028    0.228583  3.33515 	Dead: 0
3.69938   0.0550468   0.279443  3.33515 	Dead: 0
3.69083   0.0475847   0.241562  3.33515 	Dead: 0
3.69914   0.0493744   0.250647  3.33515 	Dead: 0
3.71351   0.0548538   0.278463  3.33515 	Dead: 0
3.70831   0.053597    0.272084  3.33515 	Dead: 0
3.69115   0.0456021   0.231497  3.2703  	Dead: 0
3.66789   0.0419097   0.212753  3.2703  	Dead: 0
3.71499   0.0580178   0.294525  3.2703  	Dead: 0
3.72117   0.0594369   0.30173   3.2703  	Dead: 0
3.70378   0.0529094   0.268593  3.2703  	Dead: 0
3.70539   0.0500712   0.254185  3.2703  	Dead: 0
3.67338   0.0480611   0.243981  3.2703  	Dead: 0
3.72184   0.0587282   0.298132  3.2703  	Dead: 0
3.64828   0.0438721   0.222715  3.2703  	Dead: 0
3.68997   0.0575678   0.292241  3.2703  	Dead: 0
3.68648   0.0534111   0.27114   3.2703  	Dead: 0
3.66614   0.0498887   0.253258  3.2703  	Dead: 0
3.67767   0.0458394   0.232702  3.2703  	Dead: 0
3.7235    0.065105    0.330504  3.2703  	Dead: 0
3.69359   0.0560756   0.284666  3.2703  	Dead: 0
3.67971   0.0476606   0.241947  3.2703  	Dead: 0
3.67696   0.054784    0.278109  3.2703  	Dead: 0
3.66291   0.0560127   0.284347  3.2703  	Dead: 0
3.64673   0.0492085   0.249805  3.2703  	Dead: 0
3.66088   0.0525648   0.266843  3.2703  	Dead: 0
3.68564   0.0562543   0.285573  3.2703  	Dead: 0
3.64404   0.0524933   0.266481  3.2703  	Dead: 0
3.67532   0.0629456   0.319541  3.2703  	Dead: 0
3.65506   0.0560285   0.284427  3.2703  	Dead: 0
3.66737   0.0559656   0.284107  3.2703  	Dead: 0
3.67428   0.0577893   0.293365  3.2703  	Dead: 0
3.63951   0.0491008   0.249259  3.2703  	Dead: 0
3.61429   0.0427361   0.216948  3.2703  	Dead: 0
3.66747   0.059973    0.304451  3.2703  	Dead: 0
3.66377   0.0579025   0.29394   3.2703  	Dead: 0
3.64625   0.0479159   0.243243  3.2703  	Dead: 0
3.67614   0.0717555   0.364265  3.22313 	Dead: 0
3.64109   0.0504748   0.256233  3.22313 	Dead: 0
3.66657   0.0610154   0.309743  3.22313 	Dead: 0
3.67071   0.0580937   0.294911  3.22313 	Dead: 0
3.65636   0.0570082   0.2894    3.22313 	Dead: 0
3.65934   0.0533984   0.271075  3.22313 	Dead: 0
3.60585   0.0461763   0.234413  3.22313 	Dead: 0
3.63929   0.0548851   0.278622  3.22313 	Dead: 0
3.64921   0.0530049   0.269077  3.22313 	Dead: 0
3.62111   0.0469526   0.238353  3.22313 	Dead: 0
3.64929   0.0567372   0.288024  3.22313 	Dead: 0
