4.05793   0.0936882   0.475605  3.24436 	Dead: 0
2.76483   0.0259507   0.131738  2.50712 	Dead: 0
2.61236   0.0262448   0.133231  2.35022 	Dead: 0
2.53137   0.0219308   0.111331  2.35022 	Dead: 0
2.51298   0.0293216   0.14885   2.26566 	Dead: 0
2.44282   0.0246061   0.124912  2.22655 	Dead: 0
2.35347   0.0229667   0.11659   2.13658 	Dead: 0
2.27786   0.0211675   0.107456  2.05764 	Dead: 0
2.25178   0.0210704   0.106963  2.05764 	Dead: 0
2.24469   0.0250883   0.12736   2.0471  	Dead: 0
2.23989   0.0277867   0.141058  2.0027  	Dead: 0
2.21852   0.0233878   0.118727  2.0027  	Dead: 0
2.18992   0.022151    0.112449  2.0027  	Dead: 0
2.18937   0.0236453   0.120035  2.0027  	Dead: 0
2.19419   0.0249239   0.126526  2.0027  	Dead: 0
2.18749   0.0269022   0.136568  1.99976 	Dead: 0
2.17934   0.0288144   0.146275  1.95874 	Dead: 0
2.16084   0.0231371   0.117455  1.95874 	Dead: 0
2.14342   0.0248738   0.126271  1.91899 	Dead: 0
2.14691   0.0298654   0.151611  1.91899 	Dead: 0
2.14419   0.0266141   0.135105  1.91899 	Dead: 0
2.10584   0.0259736   0.131854  1.89653 	Dead: 0
2.08048   0.0248947   0.126377  1.89653 	Dead: 0
2.10311   0.0264981   0.134517  1.89653 	Dead: 0
2.09735   0.0252667   0.128266  1.89653 	Dead: 0
2.10024   0.0340557   0.172883  1.89653 	Dead: 0
2.06737   0.027459    0.139395  1.89653 	Dead: 0
2.07182   0.0270725   0.137433  1.89653 	Dead: 0
2.05932   0.0236977   0.120301  1.81939 	Dead: 0
2.0434    0.021234    0.107793  1.81939 	Dead: 0
2.03429   0.0239137   0.121397  1.81939 	Dead: 0
2.02156   0.0210869   0.107047  1.81939 	Dead: 0
2.01761   0.0211506   0.10737   1.81939 	Dead: 0
2.05211   0.0330846   0.167953  1.81939 	Dead: 0
2.03366   0.0232353   0.117953  1.81939 	Dead: 0
2.04984   0.0280949   0.142623  1.81939 	Dead: 0
2.01763   0.0228452   0.115973  1.81939 	Dead: 0
2.03541   0.0318829   0.161852  1.81939 	Dead: 0
2.0181    0.022236    0.11288   1.81939 	Dead: 0
2.01322   0.0220524   0.111948  1.81939 	Dead: 0
2.01784   0.0237458   0.120545  1.81939 	Dead: 0
2.02836   0.0256728   0.130327  1.81237 	Dead: 0
2.00668   0.0228017   0.115752  1.81237 	Dead: 0
2.0065    0.0246268   0.125017  1.81237 	Dead: 0
2.01592   0.0231075   0.117305  1.81237 	Dead: 0
2.001     0.0234457   0.119021  1.81237 	Dead: 0
2.0169    0.0297566   0.151058  1.81237 	Dead: 0
1.99383   0.0232547   0.118052  1.81237 	Dead: 0
1.99177   0.0236155   0.119883  1.81237 	Dead: 0
1.97726   0.0213572   0.108419  1.81237 	Dead: 0
1.99084   0.0233092   0.118328  1.81237 	Dead: 0
1.97547   0.0246491   0.12513   1.79153 	Dead: 0
1.97532   0.0238738   0.121195  1.79153 	Dead: 0
1.96834   0.02162     0.109753  1.79153 	Dead: 0
1.9775    0.0244017   0.123874  1.79153 	Dead: 0
1.96284   0.0209309   0.106255  1.79153 	Dead: 0
1.9726    0.0255283   0.129593  1.79153 	Dead: 0
1.94676   0.0224057   0.113742  1.79153 	Dead: 0
1.95204   0.0235225   0.119411  1.79153 	Dead: 0
1.94218   0.0211127   0.107178  1.77003 	Dead: 0
1.94495   0.0226438   0.114951  1.77003 	Dead: 0
1.9413    0.0231675   0.117609  1.74643 	Dead: 0
1.92207   0.0197209   0.100112  1.74643 	Dead: 0
1.94111   0.0228094   0.115791  1.73888 	Dead: 0
1.94855   0.0244557   0.124149  1.73888 	Dead: 0
1.94541   0.0270319   0.137226  1.73888 	Dead: 0
1.92809   0.0226989   0.11523   1.73888 	Dead: 0
1.93455   0.0245586   0.124671  1.73888 	Dead: 0
1.9122    0.0218923   0.111136  1.73888 	Dead: 0
1.91607   0.0203736   0.103426  1.73888 	Dead: 0
1.92723   0.0250445   0.127137  1.73888 	Dead: 0
1.92152   0.0237616   0.120625  1.73888 	Dead: 0
1.93096   0.0262802   0.133411  1.73888 	Dead: 0
1.91855   0.0226336   0.114899  1.73888 	Dead: 0
1.91987   0.0244139   0.123936  1.73888 	Dead: 0
1.91503   0.023442    0.119003  1.73888 	Dead: 0
1.93996   0.0279677   0.141977  1.73888 	Dead: 0
1.91749   0.0262177   0.133093  1.73308 	Dead: 0
1.92108   0.0282746   0.143535  1.73308 	Dead: 0
1.93106   0.0274994   0.1396    1.73308 	Dead: 0
1.91883   0.0233432   0.118501  1.73308 	Dead: 0
1.92416   0.0255294   0.129599  1.73308 	Dead: 0
1.90902   0.02071     0.105133  1.73308 	Dead: 0
1.90986   0.0216976   0.110147  1.73308 	Dead: 0
1.92651   0.0277883   0.141066  1.73219 	Dead: 0
1.92861   0.0368789   0.187215  1.73219 	Dead: 0
1.91792   0.0268338   0.136221  1.73219 	Dead: 0
1.92639   0.0263603   0.133817  1.73219 	Dead: 0
1.89279   0.0246722   0.125248  1.73219 	Dead: 0
1.89884   0.0236243   0.119928  1.73219 	Dead: 0
1.88719   0.0241908   0.122804  1.72059 	Dead: 0
1.91799   0.0338933   0.172058  1.72059 	Dead: 0
1.90103   0.0264774   0.134412  1.72059 	Dead: 0
1.88014   0.0278022   0.141137  1.69954 	Dead: 0
1.86026   0.0230332   0.116927  1.69954 	Dead: 0
1.8413    0.0218986   0.111167  1.66387 	Dead: 0
1.8392    0.0212481   0.107865  1.66387 	Dead: 0
1.8369    0.0230066   0.116792  1.66387 	Dead: 0
1.82964   0.0257985   0.130965  1.64117 	Dead: 0
1.82422   0.0224225   0.113827  1.64117 	Dead: 0
1.81507   0.01813     0.0920362 1.64117 	Dead: 0
