7.49304   0.120134    0.609855  5.58862 	Dead: 0
4.91113   0.0390778   0.198377  4.541   	Dead: 0
4.3638    0.0458161   0.232584  3.86852 	Dead: 0
3.79178   0.0347686   0.176502  3.40304 	Dead: 0
3.62688   0.0319824   0.162358  3.35429 	Dead: 0
3.50271   0.0277761   0.141004  3.24516 	Dead: 0
3.4968    0.0335361   0.170245  3.20058 	Dead: 0
3.47059   0.0342362   0.173799  3.20058 	Dead: 0
3.46357   0.034052    0.172864  3.16078 	Dead: 0
3.46477   0.0378431   0.192109  3.16078 	Dead: 0
3.45591   0.0394076   0.200051  3.16078 	Dead: 0
3.46377   0.0362541   0.184043  3.16078 	Dead: 0
3.44573   0.0339889   0.172544  3.16078 	Dead: 0
3.44462   0.0362391   0.183966  3.16078 	Dead: 0
3.44431   0.0350154   0.177755  3.16078 	Dead: 0
3.43815   0.0340797   0.173005  3.16078 	Dead: 0
3.42486   0.0329588   0.167314  3.16078 	Dead: 0
3.43739   0.0359681   0.182591  3.16078 	Dead: 0
3.39827   0.0303399   0.154019  3.15944 	Dead: 0
3.40537   0.0377994   0.191888  3.13438 	Dead: 0
3.3929    0.0351781   0.17858   3.13438 	Dead: 0
3.3657    0.034064    0.172925  3.13438 	Dead: 0
3.33752   0.0326006   0.165496  3.08514 	Dead: 0
3.33542   0.0307766   0.156236  3.08514 	Dead: 0
3.34787   0.0359648   0.182574  3.08514 	Dead: 0
3.32998   0.0310348   0.157547  3.0602  	Dead: 0
3.33361   0.0334847   0.169984  3.0602  	Dead: 0
3.29564   0.0331616   0.168344  3.01453 	Dead: 0
3.29051   0.0327914   0.166465  3.01162 	Dead: 0
3.31207   0.0364628   0.185102  3.01162 	Dead: 0
3.27658   0.0322002   0.163463  3.01162 	Dead: 0
3.27159   0.0344593   0.174931  2.96002 	Dead: 0
3.28766   0.0355064   0.180247  2.96002 	Dead: 0
3.26666   0.03636     0.18458   2.96002 	Dead: 0
3.24191   0.0322625   0.163779  2.96002 	Dead: 0
3.26481   0.0353536   0.179471  2.96002 	Dead: 0
3.26051   0.0341721   0.173474  2.95232 	Dead: 0
3.25554   0.0354078   0.179746  2.94945 	Dead: 0
3.24042   0.0350594   0.177978  2.94945 	Dead: 0
3.23895   0.0365811   0.185703  2.94945 	Dead: 0
3.22724   0.0344326   0.174796  2.94945 	Dead: 0
3.24004   0.039035    0.19816   2.94945 	Dead: 0
3.21643   0.0358034   0.181755  2.94945 	Dead: 0
3.22285   0.037315    0.189428  2.88771 	Dead: 0
3.22672   0.042156    0.214004  2.88771 	Dead: 0
3.20574   0.038006    0.192936  2.88771 	Dead: 0
3.19458   0.0368199   0.186915  2.88771 	Dead: 0
3.19246   0.0374769   0.19025   2.88771 	Dead: 0
3.19429   0.0401265   0.203701  2.83011 	Dead: 0
3.18339   0.034887    0.177103  2.83011 	Dead: 0
3.1652    0.036777    0.186697  2.83011 	Dead: 0
3.17616   0.0396914   0.201492  2.83011 	Dead: 0
3.15204   0.037362    0.189667  2.83011 	Dead: 0
3.15665   0.0376627   0.191193  2.83011 	Dead: 0
3.13713   0.0381977   0.193909  2.83011 	Dead: 0
3.12906   0.0348584   0.176957  2.83011 	Dead: 0
3.12223   0.0364711   0.185144  2.83011 	Dead: 0
3.11517   0.0353556   0.179482  2.83011 	Dead: 0
3.13261   0.037854    0.192164  2.79035 	Dead: 0
3.14152   0.0391289   0.198637  2.79035 	Dead: 0
3.12454   0.0374298   0.190011  2.79035 	Dead: 0
3.10966   0.0380544   0.193182  2.79035 	Dead: 0
3.11438   0.0362002   0.183769  2.79035 	Dead: 0
3.10815   0.0379855   0.192832  2.79035 	Dead: 0
3.10491   0.0358279   0.181879  2.79035 	Dead: 0
3.13117   0.0399903   0.20301   2.79035 	Dead: 0
3.1039    0.0386041   0.195973  2.79035 	Dead: 0
3.10832   0.0357236   0.18135   2.79035 	Dead: 0
3.13861   0.0432991   0.219807  2.79035 	Dead: 0
3.0965    0.0355578   0.180508  2.79035 	Dead: 0
3.12866   0.0429545   0.218057  2.79035 	Dead: 0
3.08693   0.0355563   0.180501  2.79035 	Dead: 0
3.12293   0.0400781   0.203455  2.79035 	Dead: 0
3.09492   0.0408718   0.207484  2.79035 	Dead: 0
3.10251   0.0378061   0.191921  2.79035 	Dead: 0
3.10106   0.0360716   0.183116  2.79035 	Dead: 0
3.10542   0.0409201   0.207729  2.79035 	Dead: 0
3.11689   0.0418123   0.212259  2.79035 	Dead: 0
3.14612   0.0418463   0.212432  2.79035 	Dead: 0
3.11228   0.0406398   0.206307  2.79035 	Dead: 0
3.09196   0.0347879   0.1766    2.79035 	Dead: 0
3.11402   0.0395876   0.200965  2.79035 	Dead: 0
3.09349   0.0399143   0.202624  2.77465 	Dead: 0
3.10085   0.0398232   0.202161  2.77465 	Dead: 0
3.08331   0.0378803   0.192298  2.77465 	Dead: 0
3.09418   0.0432752   0.219685  2.77465 	Dead: 0
3.08278   0.0401366   0.203752  2.77465 	Dead: 0
3.07969   0.0408237   0.20724   2.77031 	Dead: 0
3.10003   0.0438036   0.222367  2.74138 	Dead: 0
3.09638   0.0408455   0.207351  2.74138 	Dead: 0
3.07853   0.0370807   0.188239  2.74138 	Dead: 0
3.07655   0.039308    0.199546  2.74138 	Dead: 0
3.08991   0.0436657   0.221667  2.74138 	Dead: 0
3.0574    0.0345313   0.175297  2.74138 	Dead: 0
3.07065   0.0384144   0.19501   2.74138 	Dead: 0
3.06575   0.0388309   0.197124  2.74138 	Dead: 0
3.07153   0.0397351   0.201714  2.74138 	Dead: 0
3.0776    0.0435344   0.221001  2.72892 	Dead: 0
3.07291   0.03961     0.201079  2.72892 	Dead: 0
3.03526   0.0348153   0.176739  2.72892 	Dead: 0
3.0809    0.0410871   0.208577  2.72892 	Dead: 0
