4.95609   0.0562861   0.285734  4.47301 	Dead: 0
4.43784   0.0571524   0.290132  3.88621 	Dead: 0
4.33745   0.0519792   0.26387   3.88621 	Dead: 0
4.27654   0.0560169   0.284368  3.83902 	Dead: 0
4.26657   0.0589744   0.299382  3.79509 	Dead: 0
4.23384   0.0612761   0.311066  3.76062 	Dead: 0
4.1419    0.0556202   0.282354  3.75878 	Dead: 0
4.10822   0.0541927   0.275107  3.60922 	Dead: 0
4.0878    0.0552896   0.280676  3.60922 	Dead: 0
4.09624   0.0531311   0.269718  3.56619 	Dead: 0
4.08492   0.0559242   0.283897  3.56619 	Dead: 0
4.083     0.0554814   0.281649  3.56619 	Dead: 0
4.04991   0.0546104   0.277228  3.56619 	Dead: 0
4.06369   0.0609078   0.309196  3.56619 	Dead: 0
4.07467   0.0593226   0.301149  3.56619 	Dead: 0
4.04228   0.0569251   0.288978  3.56619 	Dead: 0
4.0291    0.0627065   0.318327  3.56619 	Dead: 0
4.0256    0.0607543   0.308417  3.56619 	Dead: 0
4.02994   0.0555553   0.282024  3.55935 	Dead: 0
4.02146   0.0567036   0.287854  3.51722 	Dead: 0
4.02637   0.0647947   0.328928  3.51722 	Dead: 0
4.04344   0.0629096   0.319359  3.51722 	Dead: 0
4.05024   0.0612733   0.311052  3.51722 	Dead: 0
4.06117   0.0614509   0.311954  3.49297 	Dead: 0
4.03286   0.0582285   0.295595  3.49297 	Dead: 0
4.0491    0.0624215   0.316881  3.49297 	Dead: 0
4.04074   0.0590637   0.299835  3.49297 	Dead: 0
4.04109   0.0679644   0.345019  3.49297 	Dead: 0
3.97958   0.059459    0.301842  3.49297 	Dead: 0
4.05063   0.0649993   0.329967  3.49297 	Dead: 0
3.98422   0.0587408   0.298196  3.49297 	Dead: 0
4.01995   0.0623349   0.316441  3.49297 	Dead: 0
4.0353    0.0677216   0.343786  3.49297 	Dead: 0
4.01592   0.0634495   0.322099  3.49297 	Dead: 0
4.02178   0.0618809   0.314136  3.49297 	Dead: 0
4.03761   0.0641528   0.325669  3.49297 	Dead: 0
4.06015   0.0720521   0.36577   3.49297 	Dead: 0
3.96244   0.0542127   0.275209  3.49297 	Dead: 0
3.98337   0.0593831   0.301456  3.49297 	Dead: 0
3.98557   0.0577391   0.29311   3.49297 	Dead: 0
4.02004   0.0693581   0.352094  3.49297 	Dead: 0
4.03768   0.0611268   0.310308  3.49297 	Dead: 0
4.00058   0.0593582   0.30133   3.49297 	Dead: 0
4.00901   0.0641588   0.3257    3.49297 	Dead: 0
3.97392   0.0532674   0.27041   3.49297 	Dead: 0
3.99574   0.0588274   0.298635  3.49297 	Dead: 0
3.98691   0.0601114   0.305153  3.49297 	Dead: 0
4.03252   0.0623177   0.316354  3.49297 	Dead: 0
4.00772   0.0609551   0.309436  3.49297 	Dead: 0
4.0114    0.0635583   0.322652  3.49297 	Dead: 0
3.97285   0.0570979   0.289856  3.49297 	Dead: 0
3.99834   0.0653028   0.331507  3.49297 	Dead: 0
3.97222   0.0611051   0.310198  3.49297 	Dead: 0
3.99033   0.0625317   0.31744   3.49297 	Dead: 0
4.00955   0.0652184   0.331079  3.49297 	Dead: 0
4.03824   0.066064    0.335372  3.49297 	Dead: 0
4.04281   0.0646467   0.328177  3.49297 	Dead: 0
4.02496   0.0625249   0.317406  3.49297 	Dead: 0
3.99589   0.0621497   0.315501  3.49297 	Dead: 0
3.99011   0.063855    0.324158  3.49297 	Dead: 0
3.99006   0.0632862   0.32127   3.49297 	Dead: 0
4.00955   0.0635312   0.322514  3.49297 	Dead: 0
3.99839   0.0639236   0.324506  3.49297 	Dead: 0
3.98455   0.0658578   0.334325  3.49297 	Dead: 0
3.99945   0.0664782   0.337474  3.49297 	Dead: 0
3.96422   0.0567734   0.288208  3.49297 	Dead: 0
3.99023   0.0647562   0.328733  3.47964 	Dead: 0
3.98514   0.0601497   0.305348  3.47964 	Dead: 0
3.96931   0.0578305   0.293575  3.47964 	Dead: 0
3.96157   0.0570294   0.289508  3.47964 	Dead: 0
4.01366   0.0606467   0.307871  3.47964 	Dead: 0
3.9552    0.0586003   0.297483  3.47964 	Dead: 0
3.94628   0.0525532   0.266785  3.47964 	Dead: 0
3.93387   0.0536516   0.27236   3.47964 	Dead: 0
3.95239   0.0590349   0.299689  3.47964 	Dead: 0
3.98438   0.0626948   0.318268  3.47964 	Dead: 0
3.96973   0.0612692   0.311031  3.47964 	Dead: 0
3.99987   0.060037    0.304776  3.47964 	Dead: 0
3.99598   0.0605152   0.307203  3.47964 	Dead: 0
3.94234   0.054783    0.278104  3.46199 	Dead: 0
4.01114   0.0680427   0.345416  3.46199 	Dead: 0
3.96993   0.059486    0.301979  3.46199 	Dead: 0
3.98937   0.0641926   0.325872  3.46199 	Dead: 0
3.96573   0.0567694   0.288188  3.46199 	Dead: 0
3.97121   0.0624311   0.316929  3.46199 	Dead: 0
3.98113   0.0623697   0.316618  3.46199 	Dead: 0
3.99585   0.0672258   0.341269  3.46199 	Dead: 0
3.95072   0.0600062   0.304619  3.46199 	Dead: 0
3.96081   0.0641284   0.325545  3.46199 	Dead: 0
3.95629   0.0631402   0.320529  3.46199 	Dead: 0
3.92071   0.0567551   0.288115  3.46199 	Dead: 0
3.91238   0.059301    0.30104   3.46199 	Dead: 0
3.92728   0.0629647   0.319638  3.46199 	Dead: 0
3.89251   0.0568536   0.288616  3.43784 	Dead: 0
3.91069   0.0594721   0.301908  3.43784 	Dead: 0
3.92012   0.0632293   0.320982  3.43784 	Dead: 0
3.91174   0.0602017   0.305612  3.43784 	Dead: 0
3.90248   0.0582988   0.295952  3.43784 	Dead: 0
3.92252   0.0590189   0.299608  3.43784 	Dead: 0
3.88361   0.0554745   0.281614  3.43784 	Dead: 0
3.85105   0.0536644   0.272426  3.43784 	Dead: 0
