6.96915   0.120807    0.613272  5.50071 	Dead: 0
4.33972   0.0521427   0.264701  3.81112 	Dead: 0
4.06042   0.0536103   0.272151  3.4879  	Dead: 0
4.00959   0.0546721   0.277541  3.4879  	Dead: 0
3.86504   0.052184    0.264911  3.4879  	Dead: 0
3.82901   0.0528762   0.268424  3.41848 	Dead: 0
3.77916   0.0492968   0.250254  3.35661 	Dead: 0
3.79435   0.0565401   0.287024  3.32607 	Dead: 0
3.73499   0.0545625   0.276985  3.32607 	Dead: 0
3.66524   0.0482602   0.244991  3.30244 	Dead: 0
3.67567   0.0512692   0.260266  3.30244 	Dead: 0
3.65532   0.0507487   0.257624  3.30244 	Dead: 0
3.65816   0.0527958   0.268016  3.23427 	Dead: 0
3.6642    0.0555432   0.281963  3.23427 	Dead: 0
3.63497   0.0506486   0.257116  3.23427 	Dead: 0
3.60532   0.0506304   0.257024  3.22888 	Dead: 0
3.577     0.0506964   0.257359  3.21175 	Dead: 0
3.59481   0.0515301   0.261591  3.21175 	Dead: 0
3.59045   0.0494787   0.251177  3.21175 	Dead: 0
3.60856   0.0545723   0.277034  3.21175 	Dead: 0
3.58555   0.0495497   0.251537  3.21175 	Dead: 0
3.60927   0.0571801   0.290273  3.21175 	Dead: 0
3.57886   0.0509549   0.258671  3.21175 	Dead: 0
3.56037   0.0464732   0.23592   3.21175 	Dead: 0
3.56528   0.0496904   0.252252  3.21175 	Dead: 0
3.54235   0.0471505   0.239358  3.21175 	Dead: 0
3.54463   0.0473658   0.240451  3.16517 	Dead: 0
3.57462   0.0508496   0.258137  3.16517 	Dead: 0
3.53989   0.0562845   0.285726  3.14054 	Dead: 0
3.53473   0.0520772   0.264368  3.14054 	Dead: 0
3.50757   0.0490441   0.248971  3.14054 	Dead: 0
3.51113   0.0514685   0.261278  3.14054 	Dead: 0
3.499     0.0483734   0.245566  3.14054 	Dead: 0
3.50079   0.0580126   0.294499  3.12147 	Dead: 0
3.54104   0.0542591   0.275445  3.12147 	Dead: 0
3.52283   0.0531739   0.269936  3.12147 	Dead: 0
3.52442   0.0642193   0.326007  3.12147 	Dead: 0
3.49107   0.0515679   0.261783  3.12147 	Dead: 0
3.43939   0.0476712   0.242001  3.12076 	Dead: 0
3.48283   0.0558471   0.283506  3.07003 	Dead: 0
3.46316   0.0525862   0.266952  3.07003 	Dead: 0
3.46313   0.0521981   0.264982  3.07003 	Dead: 0
3.42437   0.051111    0.259464  3.07003 	Dead: 0
3.4808    0.0539431   0.27384   3.07003 	Dead: 0
3.45902   0.0507296   0.257527  3.07003 	Dead: 0
3.43116   0.0462629   0.234852  3.07003 	Dead: 0
3.45362   0.0564818   0.286728  2.96115 	Dead: 0
3.45556   0.0533856   0.27101   2.96115 	Dead: 0
3.4128    0.0559006   0.283778  2.96115 	Dead: 0
3.43122   0.0572544   0.29065   2.96115 	Dead: 0
3.41622   0.0574148   0.291464  2.96115 	Dead: 0
3.42371   0.0589388   0.299201  2.96115 	Dead: 0
3.45255   0.0692858   0.351727  2.96115 	Dead: 0
3.41825   0.0641018   0.32541   2.96115 	Dead: 0
3.3815    0.0474531   0.240894  2.96115 	Dead: 0
3.39138   0.0506259   0.257001  2.96115 	Dead: 0
3.40313   0.0588496   0.298748  2.96115 	Dead: 0
3.41517   0.0601194   0.305194  2.96115 	Dead: 0
3.4292    0.0607585   0.308438  2.96115 	Dead: 0
3.39153   0.0494479   0.251021  2.96115 	Dead: 0
3.37554   0.0509312   0.25855   2.96115 	Dead: 0
3.3934    0.0568323   0.288507  2.96115 	Dead: 0
3.34296   0.0496546   0.25207   2.90827 	Dead: 0
3.36589   0.0602665   0.305941  2.90827 	Dead: 0
3.41015   0.0638558   0.324162  2.90827 	Dead: 0
3.41489   0.0720662   0.365842  2.90827 	Dead: 0
3.3559    0.0517761   0.26284   2.90827 	Dead: 0
3.34303   0.0528403   0.268242  2.90827 	Dead: 0
3.42096   0.0655279   0.33265   2.90827 	Dead: 0
3.35948   0.0555472   0.281984  2.90827 	Dead: 0
3.40657   0.0593603   0.30134   2.90827 	Dead: 0
3.3865    0.062898    0.3193    2.90827 	Dead: 0
3.40061   0.0611897   0.310628  2.90827 	Dead: 0
3.38993   0.0581206   0.295047  2.90827 	Dead: 0
3.39911   0.0683008   0.346726  2.90827 	Dead: 0
3.34942   0.0518179   0.263052  2.90827 	Dead: 0
3.35911   0.0600087   0.304632  2.90827 	Dead: 0
3.37669   0.058458    0.29676   2.90827 	Dead: 0
3.33324   0.0512032   0.259931  2.90827 	Dead: 0
3.33844   0.0586651   0.297811  2.90827 	Dead: 0
3.35365   0.0609476   0.309398  2.90827 	Dead: 0
3.32635   0.0540157   0.274209  2.90827 	Dead: 0
3.35764   0.0643782   0.326814  2.90827 	Dead: 0
3.334     0.0525315   0.266674  2.90827 	Dead: 0
3.31671   0.0461923   0.234494  2.90827 	Dead: 0
3.37192   0.0601166   0.30518   2.90827 	Dead: 0
3.35805   0.0507245   0.257501  2.90827 	Dead: 0
3.33004   0.049066    0.249082  2.90827 	Dead: 0
3.33848   0.0511446   0.259634  2.90827 	Dead: 0
3.34901   0.053811    0.27317   2.90827 	Dead: 0
3.34767   0.0588414   0.298706  2.90827 	Dead: 0
3.3588    0.0597535   0.303336  2.90827 	Dead: 0
3.33195   0.0588772   0.298888  2.90827 	Dead: 0
3.35822   0.0556021   0.282262  2.90827 	Dead: 0
3.35654   0.0572121   0.290435  2.90827 	Dead: 0
3.3976    0.0693654   0.352131  2.90827 	Dead: 0
3.35961   0.068314    0.346794  2.90827 	Dead: 0
3.34806   0.0548682   0.278537  2.90827 	Dead: 0
3.34289   0.0572721   0.29074   2.90827 	Dead: 0
3.34509   0.0518323   0.263125  2.90827 	Dead: 0
3.34325   0.0490008   0.248751  2.90827 	Dead: 0
