7.45446   0.112115    0.569146  5.93861 	Dead: 0
5.30472   0.055078    0.279601  4.70973 	Dead: 0
4.62799   0.0507709   0.257737  4.19119 	Dead: 0
4.46819   0.0516294   0.262095  4.00496 	Dead: 0
4.27136   0.0590815   0.299925  3.7876  	Dead: 0
4.14854   0.0514007   0.260934  3.7162  	Dead: 0
4.06707   0.050662    0.257184  3.51967 	Dead: 0
3.99218   0.0533177   0.270666  3.51967 	Dead: 0
3.95692   0.0566973   0.287822  3.49869 	Dead: 0
3.9176    0.0569548   0.289129  3.49869 	Dead: 0
3.89818   0.0534602   0.271389  3.49869 	Dead: 0
3.87858   0.0494517   0.25104   3.49869 	Dead: 0
3.87929   0.0587669   0.298328  3.3807  	Dead: 0
3.88529   0.0566623   0.287644  3.3807  	Dead: 0
3.89185   0.0511652   0.259738  3.3807  	Dead: 0
3.85453   0.0614079   0.311735  3.3807  	Dead: 0
3.80666   0.0634228   0.321964  3.31516 	Dead: 0
3.72338   0.0530745   0.269431  3.31516 	Dead: 0
3.71269   0.051572    0.261804  3.31516 	Dead: 0
3.72093   0.0523455   0.26573   3.27689 	Dead: 0
3.70778   0.0616815   0.313124  3.27689 	Dead: 0
3.63845   0.0478632   0.242976  3.23388 	Dead: 0
3.66453   0.050469    0.256204  3.17434 	Dead: 0
3.64797   0.0527612   0.26784   3.17434 	Dead: 0
3.62446   0.0490003   0.248748  3.17434 	Dead: 0
3.6196    0.0537166   0.27269   3.17434 	Dead: 0
3.60281   0.0504692   0.256205  3.17434 	Dead: 0
3.61015   0.0545534   0.276938  3.17434 	Dead: 0
3.64101   0.0581539   0.295217  3.17434 	Dead: 0
3.63136   0.058081    0.294846  3.17434 	Dead: 0
3.62925   0.0535505   0.271847  3.17434 	Dead: 0
3.59289   0.0502071   0.254875  3.17434 	Dead: 0
3.59032   0.0524531   0.266276  3.17434 	Dead: 0
3.61367   0.0550131   0.279272  3.17434 	Dead: 0
3.54688   0.0502988   0.25534   3.17434 	Dead: 0
3.55153   0.0562248   0.285423  3.13456 	Dead: 0
3.53221   0.0472736   0.239983  3.13456 	Dead: 0
3.51651   0.0517989   0.262955  3.13456 	Dead: 0
3.50212   0.0503227   0.255461  3.03414 	Dead: 0
3.46242   0.0468884   0.238027  3.03414 	Dead: 0
3.50494   0.0558416   0.283478  3.03414 	Dead: 0
3.52131   0.0528179   0.268129  3.03414 	Dead: 0
3.46854   0.0465927   0.236526  3.03414 	Dead: 0
3.51756   0.0555081   0.281785  3.03414 	Dead: 0
3.45255   0.0479652   0.243494  3.03414 	Dead: 0
3.47095   0.0527777   0.267924  3.03414 	Dead: 0
3.47974   0.0563004   0.285807  3.03414 	Dead: 0
3.47339   0.0540391   0.274328  3.03414 	Dead: 0
3.4167    0.0463647   0.235369  3.03414 	Dead: 0
3.50854   0.0610399   0.309867  3.03414 	Dead: 0
3.48206   0.0470815   0.239008  3.03414 	Dead: 0
3.39876   0.0474603   0.24093   3.03414 	Dead: 0
3.42909   0.0530995   0.269558  3.03414 	Dead: 0
3.43297   0.051617    0.262032  3.03414 	Dead: 0
3.40501   0.0519753   0.263851  3.03414 	Dead: 0
3.42133   0.0532011   0.270073  3.03414 	Dead: 0
3.42893   0.0523756   0.265883  3.01402 	Dead: 0
3.42605   0.0541698   0.274991  3.01402 	Dead: 0
3.44889   0.0673546   0.341923  3.01402 	Dead: 0
3.40892   0.0466153   0.236641  3.01402 	Dead: 0
3.40016   0.0477364   0.242332  3.01402 	Dead: 0
3.45566   0.0591471   0.300258  3.01402 	Dead: 0
3.44198   0.0546163   0.277258  3.01402 	Dead: 0
3.39997   0.0541531   0.274906  3.01402 	Dead: 0
3.45253   0.0564766   0.286701  3.01402 	Dead: 0
3.43169   0.0565654   0.287152  3.01402 	Dead: 0
3.42975   0.0557215   0.282868  3.01402 	Dead: 0
3.41488   0.0552561   0.280506  3.01402 	Dead: 0
3.40995   0.0517466   0.26269   3.01402 	Dead: 0
3.4217    0.0563136   0.285874  3.01402 	Dead: 0
3.43646   0.0621096   0.315297  3.01402 	Dead: 0
3.4317    0.0599725   0.304448  3.01402 	Dead: 0
3.39016   0.0560764   0.28467   3.01402 	Dead: 0
3.38734   0.0452876   0.229901  3.01402 	Dead: 0
3.4232    0.0530158   0.269133  3.01402 	Dead: 0
3.37758   0.0481748   0.244558  3.01402 	Dead: 0
3.39516   0.0502522   0.255104  2.96317 	Dead: 0
3.39154   0.0544994   0.276664  2.96317 	Dead: 0
3.41495   0.0584643   0.296792  2.96317 	Dead: 0
3.38765   0.0550236   0.279326  2.96317 	Dead: 0
3.39331   0.0545434   0.276888  2.96317 	Dead: 0
3.38573   0.0534419   0.271296  2.96317 	Dead: 0
3.42051   0.0570031   0.289374  2.96317 	Dead: 0
3.40264   0.0526211   0.267129  2.96317 	Dead: 0
3.40686   0.0565767   0.287209  2.96317 	Dead: 0
3.41057   0.0587183   0.298082  2.96317 	Dead: 0
3.41483   0.0557012   0.282765  2.96317 	Dead: 0
3.38054   0.0519792   0.263871  2.96317 	Dead: 0
3.40828   0.0573359   0.291064  2.95607 	Dead: 0
3.40801   0.0527765   0.267918  2.95607 	Dead: 0
3.3943    0.053855    0.273393  2.95607 	Dead: 0
3.39372   0.053305    0.270601  2.95607 	Dead: 0
3.3706    0.0434417   0.22053   2.95607 	Dead: 0
3.41476   0.0591054   0.300046  2.95607 	Dead: 0
3.39585   0.0574114   0.291447  2.95607 	Dead: 0
3.41737   0.0585488   0.297221  2.95607 	Dead: 0
3.39838   0.0517767   0.262843  2.95607 	Dead: 0
3.39028   0.0562747   0.285677  2.95607 	Dead: 0
3.38586   0.054222    0.275256  2.95607 	Dead: 0
3.35687   0.0492618   0.250076  2.95607 	Dead: 0
3.34843   0.0507658   0.257711  2.95607 	Dead: 0
