5.20662   0.0985535   0.500304  4.22587 	Dead: 0
4.45175   0.0565684   0.287168  3.89458 	Dead: 0
4.33286   0.052053    0.264245  3.89458 	Dead: 0
4.28921   0.0631317   0.320486  3.73801 	Dead: 0
4.23044   0.063742    0.323584  3.73801 	Dead: 0
4.23411   0.0653523   0.331759  3.73801 	Dead: 0
4.20255   0.0670286   0.340269  3.59172 	Dead: 0
4.21688   0.0662289   0.336209  3.59172 	Dead: 0
4.16505   0.0635664   0.322693  3.59172 	Dead: 0
4.13802   0.060977    0.309548  3.59172 	Dead: 0
4.13321   0.065891    0.334494  3.59172 	Dead: 0
4.12768   0.0643045   0.32644   3.59172 	Dead: 0
4.08965   0.0632972   0.321326  3.59172 	Dead: 0
4.1037    0.0644662   0.32726   3.58961 	Dead: 0
4.10343   0.0659758   0.334924  3.58961 	Dead: 0
4.11245   0.0661282   0.335697  3.56708 	Dead: 0
4.09885   0.0685155   0.347817  3.56708 	Dead: 0
4.07468   0.063759    0.32367   3.56708 	Dead: 0
4.11089   0.069478    0.352703  3.56708 	Dead: 0
4.08487   0.0701019   0.35587   3.56708 	Dead: 0
4.09028   0.0656831   0.333438  3.56708 	Dead: 0
4.08461   0.0705804   0.358299  3.56708 	Dead: 0
4.10187   0.0697805   0.354238  3.56708 	Dead: 0
4.0591    0.0675052   0.342688  3.56708 	Dead: 0
4.07178   0.0678708   0.344544  3.56708 	Dead: 0
4.07332   0.06671     0.338651  3.56708 	Dead: 0
4.07886   0.0598621   0.303888  3.56708 	Dead: 0
4.06902   0.0720259   0.365637  3.44692 	Dead: 0
4.05207   0.0645608   0.327741  3.44692 	Dead: 0
4.06804   0.0671159   0.340712  3.44692 	Dead: 0
4.11676   0.0721484   0.366259  3.44692 	Dead: 0
4.08699   0.0683811   0.347134  3.44692 	Dead: 0
4.12356   0.0780047   0.395988  3.44692 	Dead: 0
4.03894   0.0634522   0.322113  3.44692 	Dead: 0
4.03589   0.0612368   0.310867  3.44692 	Dead: 0
4.05461   0.0667019   0.33861   3.44692 	Dead: 0
4.02667   0.0650198   0.330071  3.44692 	Dead: 0
4.07268   0.071052    0.360693  3.44692 	Dead: 0
4.0413    0.0658586   0.334329  3.44692 	Dead: 0
4.09464   0.0740974   0.376153  3.44692 	Dead: 0
4.04377   0.0641925   0.325871  3.44692 	Dead: 0
4.09292   0.0700999   0.35586   3.44692 	Dead: 0
4.04726   0.0670264   0.340258  3.42893 	Dead: 0
4.06033   0.0701      0.35586   3.42893 	Dead: 0
4.02223   0.0646439   0.328163  3.42893 	Dead: 0
4.07122   0.0718334   0.36466   3.42893 	Dead: 0
4.0268    0.0740503   0.375914  3.42893 	Dead: 0
4.02799   0.06999     0.355302  3.42893 	Dead: 0
4.04988   0.0682196   0.346314  3.42893 	Dead: 0
4.05465   0.0692543   0.351567  3.42893 	Dead: 0
4.05946   0.0681949   0.346189  3.42893 	Dead: 0
4.02084   0.0658738   0.334406  3.42893 	Dead: 0
4.05533   0.0758883   0.385244  3.42893 	Dead: 0
4.0564    0.0699449   0.355073  3.42893 	Dead: 0
4.05949   0.0711968   0.361428  3.42893 	Dead: 0
4.05355   0.0722226   0.366635  3.42893 	Dead: 0
4.04903   0.0731647   0.371418  3.42893 	Dead: 0
4.00379   0.0645172   0.327519  3.42893 	Dead: 0
4.01114   0.0660655   0.335379  3.42893 	Dead: 0
4.01956   0.0749288   0.380374  3.42893 	Dead: 0
4.01539   0.071002    0.360439  3.42893 	Dead: 0
3.98518   0.0702746   0.356747  3.42893 	Dead: 0
3.98315   0.0644109   0.32698   3.42893 	Dead: 0
4.0123    0.067979    0.345093  3.42893 	Dead: 0
4.05254   0.0726744   0.368929  3.42893 	Dead: 0
4.0302    0.0702443   0.356593  3.42893 	Dead: 0
4.01652   0.071608    0.363516  3.42893 	Dead: 0
4.06635   0.0733672   0.372446  3.42893 	Dead: 0
3.99876   0.069729    0.353977  3.42893 	Dead: 0
4.0097    0.0708885   0.359863  3.42893 	Dead: 0
3.97345   0.0748207   0.379825  3.42893 	Dead: 0
4.0242    0.0782159   0.397061  3.42893 	Dead: 0
3.94675   0.0577382   0.293106  3.42893 	Dead: 0
4.00123   0.069385    0.352231  3.42893 	Dead: 0
4.0059    0.0756326   0.383946  3.42893 	Dead: 0
3.9974    0.0704648   0.357712  3.42893 	Dead: 0
3.97694   0.0682995   0.34672   3.42893 	Dead: 0
3.98893   0.0682449   0.346443  3.42893 	Dead: 0
3.97771   0.0699972   0.355338  3.42893 	Dead: 0
4.02599   0.0742839   0.3771    3.42893 	Dead: 0
3.9586    0.0652562   0.331271  3.36369 	Dead: 0
3.98899   0.0731858   0.371525  3.36369 	Dead: 0
3.9784    0.0664396   0.337279  3.36369 	Dead: 0
3.96639   0.071154    0.361211  3.36369 	Dead: 0
3.97794   0.0678791   0.344586  3.36369 	Dead: 0
3.98083   0.0659903   0.334998  3.36369 	Dead: 0
3.99104   0.0703206   0.35698   3.36369 	Dead: 0
3.99718   0.0675856   0.343096  3.36369 	Dead: 0
4.03274   0.0797379   0.404787  3.36369 	Dead: 0
3.96966   0.0674525   0.342421  3.36369 	Dead: 0
3.9735    0.0684964   0.34772   3.36369 	Dead: 0
3.94951   0.0656422   0.333231  3.36369 	Dead: 0
3.95525   0.0686194   0.348344  3.36369 	Dead: 0
3.97007   0.0686881   0.348693  3.36369 	Dead: 0
3.93771   0.0622741   0.316133  3.36369 	Dead: 0
3.98515   0.0675364   0.342846  3.36369 	Dead: 0
3.98606   0.0683939   0.347199  3.36369 	Dead: 0
3.94691   0.0630379   0.32001   3.36369 	Dead: 0
3.97096   0.067397    0.342138  3.36369 	Dead: 0
3.99654   0.07104     0.360632  3.36369 	Dead: 0
3.93488   0.0635429   0.322573  3.36369 	Dead: 0
