6.474     0.139751    0.709442  4.77741 	Dead: 0
3.83615   0.0421723   0.214086  3.49172 	Dead: 0
3.44923   0.0396227   0.201143  3.08576 	Dead: 0
3.26395   0.0353734   0.179572  2.93849 	Dead: 0
3.17689   0.0374367   0.190046  2.87197 	Dead: 0
3.11034   0.0317884   0.161373  2.83254 	Dead: 0
3.10691   0.0364189   0.184879  2.78405 	Dead: 0
3.08188   0.0378836   0.192315  2.75908 	Dead: 0
3.05443   0.0344011   0.174636  2.75908 	Dead: 0
3.04387   0.03543     0.179859  2.75908 	Dead: 0
2.98062   0.0300385   0.152489  2.66897 	Dead: 0
2.97973   0.0349408   0.177376  2.65182 	Dead: 0
2.97507   0.033127    0.168168  2.65182 	Dead: 0
2.96559   0.0405687   0.205946  2.65182 	Dead: 0
2.95694   0.0347945   0.176633  2.65182 	Dead: 0
2.9367    0.0329868   0.167456  2.65182 	Dead: 0
2.93799   0.0323227   0.164085  2.65182 	Dead: 0
2.97795   0.0434703   0.220676  2.65182 	Dead: 0
2.92826   0.0406957   0.20659   2.65182 	Dead: 0
2.8774    0.0355047   0.180238  2.59679 	Dead: 0
2.89495   0.0354415   0.179918  2.59679 	Dead: 0
2.86911   0.0360284   0.182897  2.59679 	Dead: 0
2.85777   0.0351711   0.178545  2.59679 	Dead: 0
2.82111   0.0307389   0.156045  2.59679 	Dead: 0
2.80389   0.032995    0.167498  2.56141 	Dead: 0
2.75016   0.0308165   0.156439  2.51138 	Dead: 0
2.74371   0.0287797   0.146099  2.49252 	Dead: 0
2.71661   0.0296104   0.150316  2.48171 	Dead: 0
2.70288   0.0277222   0.140731  2.40564 	Dead: 0
2.70695   0.0307402   0.156051  2.40564 	Dead: 0
2.70319   0.0307135   0.155916  2.40564 	Dead: 0
2.69367   0.0380713   0.193267  2.40564 	Dead: 0
2.69241   0.0317311   0.161082  2.40564 	Dead: 0
2.68707   0.03075     0.156101  2.40564 	Dead: 0
2.6762    0.0319961   0.162427  2.40564 	Dead: 0
2.66847   0.0319714   0.162302  2.40564 	Dead: 0
2.67361   0.0312583   0.158682  2.40564 	Dead: 0
2.6897    0.035218    0.178783  2.40564 	Dead: 0
2.66632   0.0309106   0.156917  2.40564 	Dead: 0
2.66712   0.033291    0.169001  2.40564 	Dead: 0
2.66515   0.0318417   0.161643  2.40564 	Dead: 0
2.6331    0.0281385   0.142844  2.40564 	Dead: 0
2.66441   0.0335869   0.170503  2.40564 	Dead: 0
2.6774    0.0347498   0.176406  2.40564 	Dead: 0
2.66028   0.0310924   0.157839  2.40564 	Dead: 0
2.6634    0.0329133   0.167083  2.40564 	Dead: 0
2.66104   0.0353816   0.179614  2.40564 	Dead: 0
2.65415   0.0302354   0.153489  2.40564 	Dead: 0
2.66681   0.0342569   0.173904  2.40564 	Dead: 0
2.66647   0.0340785   0.172998  2.40564 	Dead: 0
2.6616    0.0306416   0.155551  2.40564 	Dead: 0
2.66432   0.0348326   0.176826  2.40564 	Dead: 0
2.64792   0.0333177   0.169136  2.40564 	Dead: 0
2.66066   0.0343416   0.174334  2.40564 	Dead: 0
2.63664   0.0327084   0.166043  2.40564 	Dead: 0
2.66893   0.0378932   0.192363  2.40564 	Dead: 0
2.64433   0.0301616   0.153114  2.40564 	Dead: 0
2.62163   0.0271912   0.138035  2.40564 	Dead: 0
2.66166   0.0338261   0.171717  2.40564 	Dead: 0
2.64583   0.0306414   0.15555   2.39903 	Dead: 0
2.65347   0.0341156   0.173187  2.39903 	Dead: 0
2.64672   0.0308958   0.156842  2.39903 	Dead: 0
2.64957   0.0309247   0.156988  2.39903 	Dead: 0
2.65017   0.0342543   0.173891  2.39903 	Dead: 0
2.6608    0.0326092   0.165539  2.39903 	Dead: 0
2.64829   0.0309723   0.15723   2.36224 	Dead: 0
2.6621    0.0351447   0.178411  2.36224 	Dead: 0
2.66966   0.0397727   0.201905  2.36224 	Dead: 0
2.64176   0.0304844   0.154753  2.36224 	Dead: 0
2.62738   0.0306936   0.155815  2.36224 	Dead: 0
2.63387   0.031801    0.161437  2.36224 	Dead: 0
2.63403   0.0346032   0.175662  2.36224 	Dead: 0
2.63056   0.0319078   0.161979  2.36224 	Dead: 0
2.62444   0.0359132   0.182312  2.36224 	Dead: 0
2.62501   0.0311474   0.158119  2.36224 	Dead: 0
2.63994   0.0330971   0.168016  2.36224 	Dead: 0
2.62994   0.0316074   0.160454  2.36224 	Dead: 0
2.62193   0.02977     0.151127  2.36224 	Dead: 0
2.62143   0.0316184   0.16051   2.36224 	Dead: 0
2.6256    0.0358007   0.181741  2.36224 	Dead: 0
2.6077    0.0328046   0.166532  2.36224 	Dead: 0
2.61627   0.0345311   0.175296  2.34802 	Dead: 0
2.62386   0.0352866   0.179131  2.34802 	Dead: 0
2.61527   0.0331186   0.168125  2.34802 	Dead: 0
2.61416   0.0314314   0.15956   2.34802 	Dead: 0
2.61735   0.0341008   0.173112  2.34802 	Dead: 0
2.61923   0.0338627   0.171903  2.34802 	Dead: 0
2.60271   0.0336696   0.170923  2.34802 	Dead: 0
2.60571   0.0318112   0.161489  2.34802 	Dead: 0
2.58431   0.0303162   0.153899  2.34802 	Dead: 0
2.6041    0.0368742   0.18719   2.34802 	Dead: 0
2.59395   0.0318958   0.161918  2.3325  	Dead: 0
2.57289   0.0288315   0.146362  2.3325  	Dead: 0
2.57031   0.0302135   0.153378  2.3325  	Dead: 0
2.57289   0.032968    0.167361  2.3325  	Dead: 0
2.60244   0.0359371   0.182434  2.3325  	Dead: 0
2.56634   0.0309017   0.156871  2.3325  	Dead: 0
2.55997   0.0279688   0.141983  2.3325  	Dead: 0
2.58714   0.0326198   0.165593  2.3325  	Dead: 0
2.59006   0.0362679   0.184113  2.3325  	Dead: 0
2.5832    0.0366608   0.186107  2.27654 	Dead: 0
