8.76502   0.0817516   0.415009  7.8272  	Dead: 0
7.08324   0.0317951   0.161407  6.72943 	Dead: 0
5.9451    0.0375872   0.19081   5.49855 	Dead: 0
5.16747   0.0392531   0.199267  4.78701 	Dead: 0
4.75228   0.0428606   0.217581  4.37366 	Dead: 0
4.30742   0.0538667   0.273453  3.88829 	Dead: 0
3.50926   0.0484903   0.246159  3.08001 	Dead: 0
3.15268   0.0438615   0.222662  2.84106 	Dead: 0
3.05704   0.0386242   0.196075  2.82017 	Dead: 0
3.05138   0.0589811   0.299416  2.69115 	Dead: 0
3.01137   0.0506359   0.257052  2.69115 	Dead: 0
2.92765   0.0390865   0.198421  2.69115 	Dead: 0
2.95211   0.0615837   0.312628  2.69115 	Dead: 0
2.90149   0.042944    0.218004  2.66147 	Dead: 0
2.88913   0.0462479   0.234776  2.6566  	Dead: 0
2.89276   0.0460801   0.233924  2.62333 	Dead: 0
2.88686   0.0462      0.234533  2.61723 	Dead: 0
2.90405   0.07159     0.363424  2.59227 	Dead: 0
2.8169    0.0491954   0.249739  2.5276  	Dead: 0
2.81971   0.0643323   0.326581  2.5276  	Dead: 0
2.82347   0.0676381   0.343363  2.5276  	Dead: 0
2.81421   0.0605916   0.307591  2.44598 	Dead: 0
2.7581    0.0549767   0.279087  2.44598 	Dead: 0
2.69849   0.0406365   0.20629   2.44598 	Dead: 0
2.71498   0.0586877   0.297926  2.43768 	Dead: 0
2.69679   0.0511476   0.259649  2.43768 	Dead: 0
2.68503   0.0550205   0.27931   2.42206 	Dead: 0
2.65263   0.0481522   0.244443  2.42206 	Dead: 0
2.69819   0.0705205   0.357995  2.39241 	Dead: 0
2.63612   0.0527441   0.267753  2.39241 	Dead: 0
2.57086   0.0452541   0.229731  2.33993 	Dead: 0
2.56637   0.0477944   0.242627  2.28587 	Dead: 0
2.59601   0.0802345   0.407308  2.28587 	Dead: 0
2.50576   0.0501064   0.254363  2.28587 	Dead: 0
2.54908   0.0606755   0.308017  2.28587 	Dead: 0
2.58843   0.0672729   0.341509  2.28587 	Dead: 0
2.51339   0.049674    0.252168  2.26449 	Dead: 0
2.52615   0.0645202   0.327534  2.25467 	Dead: 0
2.49893   0.0571854   0.2903    2.25203 	Dead: 0
2.45284   0.0503973   0.25584   2.23869 	Dead: 0
2.46526   0.0483928   0.245664  2.22275 	Dead: 0
2.50904   0.0715268   0.363103  2.22275 	Dead: 0
2.56281   0.083766    0.425235  2.22123 	Dead: 0
2.49349   0.0678999   0.344692  2.20696 	Dead: 0
2.46105   0.0589571   0.299294  2.17599 	Dead: 0
2.45227   0.0606627   0.307952  2.17599 	Dead: 0
2.43644   0.0494209   0.250883  2.17599 	Dead: 0
2.48538   0.0702706   0.356727  2.14654 	Dead: 0
2.4286    0.0601531   0.305365  2.12299 	Dead: 0
2.4133    0.0582711   0.295811  2.12299 	Dead: 0
2.40956   0.0518112   0.263018  2.12299 	Dead: 0
2.45372   0.0717188   0.364078  2.12299 	Dead: 0
2.44529   0.0648693   0.329307  2.12299 	Dead: 0
2.42251   0.0593725   0.301402  2.12299 	Dead: 0
2.39564   0.0561803   0.285197  2.12299 	Dead: 0
2.3939    0.0628544   0.319079  2.12272 	Dead: 0
2.38173   0.0581903   0.295401  2.12272 	Dead: 0
2.3978    0.0638639   0.324203  2.12272 	Dead: 0
2.38776   0.0716212   0.363582  2.10773 	Dead: 0
2.42136   0.0717965   0.364473  2.10773 	Dead: 0
2.41877   0.0740927   0.376129  2.09621 	Dead: 0
2.3678    0.0575393   0.292096  2.09621 	Dead: 0
2.38417   0.0661079   0.335594  2.05792 	Dead: 0
2.3817    0.07496     0.380532  2.05792 	Dead: 0
2.37593   0.0691957   0.351269  2.05792 	Dead: 0
2.33264   0.0669496   0.339868  2.05792 	Dead: 0
2.30375   0.0454021   0.230482  2.05792 	Dead: 0
2.32385   0.0698973   0.354831  2.05792 	Dead: 0
2.30135   0.0521446   0.26471   2.05792 	Dead: 0
2.33679   0.0721487   0.36626   2.05792 	Dead: 0
2.33775   0.0648628   0.329274  2.05792 	Dead: 0
2.3184    0.0648571   0.329245  2.05792 	Dead: 0
2.33168   0.0577655   0.293245  2.05792 	Dead: 0
2.30996   0.0649324   0.329627  2.05635 	Dead: 0
2.29891   0.0650556   0.330252  2.05635 	Dead: 0
2.3119    0.0617508   0.313476  2.05635 	Dead: 0
2.30204   0.0661922   0.336023  2.05635 	Dead: 0
2.31538   0.0632896   0.321287  2.05635 	Dead: 0
2.3031    0.0625958   0.317766  2.05635 	Dead: 0
2.27708   0.0511446   0.259634  2.05635 	Dead: 0
2.30178   0.0630682   0.320164  2.05635 	Dead: 0
2.34862   0.0725414   0.368254  2.0518  	Dead: 0
2.29016   0.0626291   0.317935  2.05067 	Dead: 0
2.32201   0.0632145   0.320906  2.03941 	Dead: 0
2.30225   0.0647668   0.328786  2.00483 	Dead: 0
2.25846   0.0571482   0.290111  1.95169 	Dead: 0
2.32666   0.0758291   0.384944  1.95169 	Dead: 0
2.32261   0.0758712   0.385158  1.95169 	Dead: 0
2.31033   0.0672308   0.341295  1.95169 	Dead: 0
2.27028   0.0680581   0.345495  1.95169 	Dead: 0
2.28941   0.0683512   0.346982  1.95169 	Dead: 0
2.22088   0.0537998   0.273113  1.95169 	Dead: 0
2.22571   0.0513342   0.260596  1.95169 	Dead: 0
2.24331   0.0561844   0.285218  1.95169 	Dead: 0
2.23915   0.0590973   0.300006  1.95169 	Dead: 0
2.31824   0.0816498   0.414492  1.95169 	Dead: 0
2.2261    0.0570125   0.289422  1.95169 	Dead: 0
2.23686   0.0628791   0.319204  1.95169 	Dead: 0
2.2642    0.0691822   0.351201  1.95169 	Dead: 0
2.21926   0.0579504   0.294183  1.92503 	Dead: 0
2.2713    0.0788818   0.400441  1.92503 	Dead: 0
