6.3882    0.095314    0.483858  5.43895 	Dead: 0
4.95673   0.0388149   0.197042  4.62029 	Dead: 0
4.71624   0.0406391   0.206303  4.27795 	Dead: 0
4.63799   0.0473316   0.240277  4.17514 	Dead: 0
4.54131   0.0414614   0.210478  4.17514 	Dead: 0
4.55493   0.0429423   0.217995  4.16894 	Dead: 0
4.52351   0.0459016   0.233018  4.16894 	Dead: 0
4.49049   0.0450201   0.228543  4.16894 	Dead: 0
4.48864   0.046179    0.234426  4.12519 	Dead: 0
4.49424   0.049328    0.250412  4.12519 	Dead: 0
4.46036   0.0445485   0.226149  4.12061 	Dead: 0
4.42785   0.0396816   0.201442  4.11686 	Dead: 0
4.46941   0.0642393   0.326109  4.11686 	Dead: 0
4.40506   0.0434753   0.220701  4.06052 	Dead: 0
4.39441   0.0423093   0.214782  4.03021 	Dead: 0
4.40184   0.044536    0.226086  4.03021 	Dead: 0
4.39987   0.0469484   0.238332  4.03021 	Dead: 0
4.35818   0.0493715   0.250633  4.02868 	Dead: 0
4.3479    0.0487267   0.247359  3.98504 	Dead: 0
4.36066   0.0486791   0.247118  3.98504 	Dead: 0
4.3452    0.0524629   0.266326  3.95116 	Dead: 0
4.30367   0.0439253   0.222985  3.95116 	Dead: 0
4.29946   0.0429856   0.218215  3.95116 	Dead: 0
4.31291   0.0490111   0.248803  3.87119 	Dead: 0
4.29304   0.0508589   0.258184  3.87119 	Dead: 0
4.28745   0.0523183   0.265592  3.87119 	Dead: 0
4.29823   0.0477673   0.242489  3.87119 	Dead: 0
4.29326   0.0416674   0.211523  3.87119 	Dead: 0
4.29385   0.0484602   0.246007  3.87119 	Dead: 0
4.29347   0.0484878   0.246147  3.87119 	Dead: 0
4.2893    0.0475747   0.241512  3.8601  	Dead: 0
4.2629    0.0467593   0.237372  3.8601  	Dead: 0
4.26122   0.0453873   0.230407  3.8601  	Dead: 0
4.23447   0.0425368   0.215936  3.8601  	Dead: 0
4.26807   0.0459687   0.233358  3.8601  	Dead: 0
4.24743   0.04449     0.225852  3.8601  	Dead: 0
4.29518   0.0521158   0.264564  3.8601  	Dead: 0
4.26191   0.046153    0.234294  3.8601  	Dead: 0
4.27637   0.0461754   0.234408  3.8601  	Dead: 0
4.24973   0.0445783   0.2263    3.8601  	Dead: 0
4.23007   0.0444546   0.225672  3.8601  	Dead: 0
4.25958   0.050119    0.254428  3.8601  	Dead: 0
4.27269   0.0522649   0.265321  3.8601  	Dead: 0
4.27676   0.0482988   0.245187  3.8601  	Dead: 0
4.25815   0.0459646   0.233338  3.8601  	Dead: 0
4.26506   0.0525652   0.266846  3.83946 	Dead: 0
4.24007   0.0495394   0.251485  3.83946 	Dead: 0
4.25851   0.0487552   0.247504  3.83946 	Dead: 0
4.22491   0.0456548   0.231765  3.83946 	Dead: 0
4.26182   0.0465815   0.236469  3.83946 	Dead: 0
4.24457   0.0478589   0.242954  3.83946 	Dead: 0
4.25963   0.0461784   0.234423  3.83946 	Dead: 0
4.27144   0.0527197   0.26763   3.83946 	Dead: 0
4.20905   0.0439607   0.223165  3.83946 	Dead: 0
4.25102   0.0510813   0.259312  3.83946 	Dead: 0
4.25223   0.0492971   0.250255  3.83946 	Dead: 0
4.24278   0.0449394   0.228133  3.83946 	Dead: 0
4.25007   0.0500038   0.253843  3.83946 	Dead: 0
4.23687   0.0461549   0.234304  3.83946 	Dead: 0
4.25071   0.0508319   0.258046  3.83946 	Dead: 0
4.23609   0.047451    0.240884  3.83946 	Dead: 0
4.25335   0.0499868   0.253756  3.83946 	Dead: 0
4.23262   0.0455123   0.231042  3.83946 	Dead: 0
4.22446   0.0511554   0.259689  3.83946 	Dead: 0
4.22328   0.046083    0.233939  3.83946 	Dead: 0
4.2295    0.0483565   0.24548   3.83946 	Dead: 0
4.2242    0.0473784   0.240515  3.83946 	Dead: 0
4.20481   0.0462574   0.234824  3.83946 	Dead: 0
4.19822   0.0460533   0.233788  3.83946 	Dead: 0
4.20198   0.0428934   0.217747  3.83946 	Dead: 0
4.18269   0.0403405   0.204787  3.83946 	Dead: 0
4.19077   0.0411441   0.208867  3.83946 	Dead: 0
4.17141   0.0428361   0.217456  3.7496  	Dead: 0
4.20305   0.0512143   0.259987  3.7496  	Dead: 0
4.18373   0.0492139   0.249833  3.7496  	Dead: 0
4.1691    0.0468251   0.237706  3.7496  	Dead: 0
4.17885   0.0466813   0.236976  3.7496  	Dead: 0
4.21932   0.0495597   0.251588  3.7496  	Dead: 0
4.15093   0.0448871   0.227868  3.7496  	Dead: 0
4.1713    0.0441903   0.224331  3.7496  	Dead: 0
4.16672   0.0481642   0.244504  3.7496  	Dead: 0
4.19186   0.0539732   0.273993  3.7496  	Dead: 0
4.17331   0.051854    0.263235  3.7318  	Dead: 0
4.16843   0.0459729   0.23338   3.7318  	Dead: 0
4.16094   0.0458639   0.232827  3.7318  	Dead: 0
4.12492   0.0430991   0.218791  3.7318  	Dead: 0
4.13901   0.0435781   0.221223  3.7318  	Dead: 0
4.15932   0.0511548   0.259686  3.7318  	Dead: 0
4.14356   0.0519729   0.263839  3.7318  	Dead: 0
4.12378   0.0481304   0.244332  3.7318  	Dead: 0
4.15007   0.0530169   0.269138  3.7318  	Dead: 0
4.14267   0.0511423   0.259622  3.7318  	Dead: 0
4.09099   0.0396167   0.201113  3.7318  	Dead: 0
4.14318   0.0497146   0.252375  3.7318  	Dead: 0
4.11589   0.0466596   0.236866  3.7318  	Dead: 0
4.09871   0.0457384   0.232189  3.7318  	Dead: 0
4.14113   0.0472995   0.240114  3.7318  	Dead: 0
4.11554   0.0525734   0.266887  3.7318  	Dead: 0
4.08778   0.0490694   0.249099  3.7318  	Dead: 0
4.05497   0.0431017   0.218804  3.7318  	Dead: 0
4.09784   0.0536313   0.272258  3.7318  	Dead: 0
