0   6.20175   0.14436     0.732841  4.36687 	Dead: 0
1   3.74709   0.0804807   0.408558  3.24189 	Dead: 0
2   3.61511   0.0714033   0.362476  3.03531 	Dead: 0
3   3.61465   0.074615    0.378781  3.03531 	Dead: 0
4   3.64007   0.0869127   0.441209  3.03531 	Dead: 0
5   3.57794   0.0759166   0.385388  3.03531 	Dead: 0
6   3.56176   0.0888756   0.451174  2.8976  	Dead: 0
7   3.56243   0.0797454   0.404825  2.8976  	Dead: 0
8   3.4906    0.0679826   0.345111  2.8976  	Dead: 0
9   3.52509   0.0773884   0.39286   2.8976  	Dead: 0
10  3.54953   0.0797067   0.404629  2.8976  	Dead: 0
11  3.51548   0.0750354   0.380915  2.8976  	Dead: 0
12  3.52675   0.0745983   0.378696  2.8976  	Dead: 0
13  3.50102   0.0769037   0.390399  2.8976  	Dead: 0
14  3.50432   0.0804669   0.408488  2.8976  	Dead: 0
15  3.49454   0.0820516   0.416532  2.8976  	Dead: 0
16  3.56271   0.0815942   0.41421   2.8976  	Dead: 0
17  3.55219   0.0865256   0.439245  2.8976  	Dead: 0
18  3.5405    0.0882205   0.447849  2.8976  	Dead: 0
19  3.53405   0.0781716   0.396835  2.8976  	Dead: 0
20  3.5771    0.104146    0.528695  2.8976  	Dead: 0
21  3.47277   0.0701686   0.356208  2.8976  	Dead: 0
22  3.49273   0.0762151   0.386904  2.8976  	Dead: 0
23  3.56421   0.0970434   0.492638  2.8976  	Dead: 0
24  3.52289   0.0870358   0.441834  2.8976  	Dead: 0
25  3.5172    0.0882123   0.447807  2.8976  	Dead: 0
26  3.49052   0.0884745   0.449138  2.8976  	Dead: 0
27  3.50913   0.0858422   0.435775  2.8976  	Dead: 0
28  3.56055   0.0870279   0.441794  2.8976  	Dead: 0
29  3.55013   0.0899665   0.456712  2.8976  	Dead: 0
30  3.53882   0.084006    0.426454  2.8976  	Dead: 0
31  3.56592   0.098981    0.502474  2.77397 	Dead: 0
32  3.48266   0.0821963   0.417267  2.77397 	Dead: 0
33  3.48789   0.0876011   0.444704  2.77397 	Dead: 0
34  3.48798   0.0851451   0.432236  2.77397 	Dead: 0
35  3.52403   0.0861292   0.437232  2.77397 	Dead: 0
36  3.5456    0.10008     0.508055  2.77397 	Dead: 0
37  3.48721   0.082483    0.418722  2.77397 	Dead: 0
38  3.52862   0.0929991   0.472107  2.77397 	Dead: 0
39  3.55334   0.0884776   0.449154  2.77397 	Dead: 0
40  3.54281   0.0932824   0.473545  2.77397 	Dead: 0
41  3.54866   0.0966072   0.490423  2.77397 	Dead: 0
42  3.51712   0.0872576   0.44296   2.77397 	Dead: 0
43  3.5257    0.103162    0.523697  2.77397 	Dead: 0
44  3.44595   0.0843836   0.428371  2.77397 	Dead: 0
45  3.47218   0.0867645   0.440457  2.77397 	Dead: 0
46  3.51634   0.0932053   0.473154  2.77397 	Dead: 0
47  3.48549   0.0960907   0.487801  2.77397 	Dead: 0
48  3.51279   0.102414    0.519904  2.77397 	Dead: 0
49  3.49551   0.0938744   0.47655   2.73206 	Dead: 0
50  3.51266   0.102397    0.519816  2.73206 	Dead: 0
51  3.54611   0.104685    0.531431  2.73206 	Dead: 0
52  3.56514   0.10878     0.552216  2.73206 	Dead: 0
53  3.49512   0.0954724   0.484662  2.73206 	Dead: 0
54  3.47957   0.0965081   0.48992   2.73206 	Dead: 0
55  3.43561   0.100654    0.510966  2.73206 	Dead: 0
56  3.48035   0.101924    0.517415  2.73206 	Dead: 0
57  3.57741   0.127295    0.646209  2.73206 	Dead: 0
58  3.44037   0.0961552   0.488129  2.73206 	Dead: 0
59  3.48003   0.108557    0.551087  2.73206 	Dead: 0
60  3.41673   0.0871629   0.442479  2.73206 	Dead: 0
61  3.54583   0.100536    0.51037   2.73206 	Dead: 0
62  3.46337   0.0965702   0.490236  2.73206 	Dead: 0
63  3.55118   0.111732    0.567203  2.73206 	Dead: 0
64  3.56943   0.11741     0.596028  2.73206 	Dead: 0
65  3.4692    0.0941253   0.477824  2.73206 	Dead: 0
66  3.49745   0.102415    0.519907  2.73206 	Dead: 0
67  3.51601   0.109547    0.556113  2.73206 	Dead: 0
68  3.61062   0.117754    0.597774  2.73206 	Dead: 0
69  3.44908   0.109181    0.554253  2.73206 	Dead: 0
70  3.46898   0.105642    0.53629   2.73206 	Dead: 0
71  3.48113   0.101803    0.516798  2.73206 	Dead: 0
72  3.4598    0.111676    0.566919  2.73206 	Dead: 0
73  3.51435   0.105722    0.536694  2.73206 	Dead: 0
74  3.57571   0.111871    0.567912  2.73206 	Dead: 0
75  3.49108   0.112688    0.572057  2.73206 	Dead: 0
76  3.43183   0.0911496   0.462718  2.73206 	Dead: 0
77  3.45605   0.112096    0.56905   2.73206 	Dead: 0
78  3.43031   0.102593    0.52081   2.63099 	Dead: 0
79  3.41504   0.0998891   0.507084  2.63099 	Dead: 0
80  3.47478   0.11863     0.602223  2.63099 	Dead: 0
81  3.46355   0.114179    0.579627  2.63099 	Dead: 0
82  3.4911    0.110115    0.558996  2.63099 	Dead: 0
83  3.46438   0.109712    0.556949  2.63099 	Dead: 0
84  3.53233   0.115024    0.583918  2.63099 	Dead: 0
85  3.43206   0.114144    0.579447  2.63099 	Dead: 0
86  3.51124   0.119193    0.605079  2.63099 	Dead: 0
87  3.43487   0.111993    0.568529  2.63099 	Dead: 0
88  3.42092   0.1104      0.560441  2.63099 	Dead: 0
89  3.42468   0.10647     0.540491  2.63099 	Dead: 0
90  3.42042   0.110432    0.560602  2.63099 	Dead: 0
91  3.44041   0.111307    0.565048  2.63099 	Dead: 0
92  3.40789   0.110679    0.561857  2.63099 	Dead: 0
93  3.52064   0.114269    0.580083  2.63099 	Dead: 0
94  3.44937   0.108013    0.548326  2.63099 	Dead: 0
95  3.51305   0.11925     0.605369  2.63099 	Dead: 0
96  3.43902   0.109531    0.556031  2.63099 	Dead: 0
97  3.45677   0.108316    0.549864  2.63099 	Dead: 0
98  3.45603   0.106596    0.541129  2.63099 	Dead: 0
99  3.37021   0.0967131   0.490961  2.63099 	Dead: 0
100 3.42005   0.109413    0.55543   2.63099 	Dead: 0
