8.55129   0.0829316   0.420999  7.68741 	Dead: 0
5.64198   0.0569443   0.289076  4.95895 	Dead: 0
4.22946   0.0624272   0.31691   3.72599 	Dead: 0
3.61582   0.0372134   0.188913  3.32045 	Dead: 0
3.54837   0.0478112   0.242712  3.24903 	Dead: 0
3.46083   0.0643419   0.32663   3.12955 	Dead: 0
3.36915   0.0550761   0.279592  2.99526 	Dead: 0
3.28152   0.0519905   0.263928  2.98788 	Dead: 0
3.26731   0.0511012   0.259414  2.92598 	Dead: 0
3.27475   0.0594091   0.301588  2.92598 	Dead: 0
3.22245   0.0681231   0.345825  2.8659  	Dead: 0
3.18494   0.0533104   0.270628  2.81426 	Dead: 0
3.19657   0.0805617   0.408969  2.81069 	Dead: 0
3.15135   0.0589114   0.299062  2.81069 	Dead: 0
3.12505   0.0620406   0.314947  2.81069 	Dead: 0
3.11021   0.0676517   0.343432  2.78631 	Dead: 0
3.11294   0.0589192   0.299101  2.78631 	Dead: 0
3.06407   0.0475165   0.241216  2.76626 	Dead: 0
3.13319   0.0761419   0.386532  2.7214  	Dead: 0
3.10186   0.0879629   0.446541  2.71253 	Dead: 0
3.03633   0.0664839   0.337503  2.71253 	Dead: 0
3.04302   0.0619025   0.314246  2.63995 	Dead: 0
3.08307   0.0814035   0.413242  2.63995 	Dead: 0
3.02888   0.071439    0.362658  2.63995 	Dead: 0
3.01102   0.0716548   0.363753  2.63995 	Dead: 0
3.01454   0.0785013   0.398509  2.63995 	Dead: 0
2.99226   0.0563695   0.286158  2.63995 	Dead: 0
2.95601   0.0551592   0.280014  2.63995 	Dead: 0
2.96344   0.0680971   0.345693  2.63995 	Dead: 0
2.96389   0.0631858   0.32076   2.63995 	Dead: 0
2.97296   0.0828849   0.420763  2.61845 	Dead: 0
3.03164   0.0994181   0.504693  2.61845 	Dead: 0
2.97547   0.071134    0.36111   2.61845 	Dead: 0
2.96623   0.0592505   0.300783  2.61629 	Dead: 0
2.94951   0.0725548   0.368322  2.61629 	Dead: 0
2.97934   0.0749421   0.380441  2.61268 	Dead: 0
2.97168   0.0745159   0.378277  2.59055 	Dead: 0
2.97586   0.0824326   0.418466  2.59055 	Dead: 0
2.9803    0.0867782   0.440527  2.55524 	Dead: 0
2.90459   0.0633918   0.321806  2.46365 	Dead: 0
2.92568   0.0689374   0.349958  2.46365 	Dead: 0
2.89014   0.0715763   0.363355  2.46365 	Dead: 0
2.86118   0.0580595   0.294737  2.46365 	Dead: 0
2.8385    0.061638    0.312903  2.46365 	Dead: 0
2.90211   0.074039    0.375856  2.46365 	Dead: 0
2.9465    0.0907872   0.460878  2.46365 	Dead: 0
2.90432   0.0908245   0.461067  2.46365 	Dead: 0
2.88537   0.0791788   0.401948  2.46365 	Dead: 0
2.92987   0.0961036   0.487867  2.46365 	Dead: 0
2.88863   0.0910533   0.462229  2.46365 	Dead: 0
2.83344   0.0657753   0.333906  2.46365 	Dead: 0
2.81724   0.0430889   0.218739  2.46365 	Dead: 0
2.89178   0.0890125   0.451869  2.46365 	Dead: 0
2.9398    0.0947802   0.481148  2.46365 	Dead: 0
2.82903   0.0593018   0.301044  2.46365 	Dead: 0
2.9014    0.0838414   0.425618  2.46365 	Dead: 0
2.87141   0.0754858   0.383201  2.46365 	Dead: 0
2.80345   0.0532867   0.270508  2.46365 	Dead: 0
2.85376   0.0809654   0.411018  2.46365 	Dead: 0
2.84052   0.0653676   0.331836  2.46365 	Dead: 0
2.86136   0.0833493   0.42312   2.46365 	Dead: 0
2.83362   0.0664647   0.337406  2.46365 	Dead: 0
2.86062   0.0793378   0.402756  2.34397 	Dead: 0
2.85      0.069726    0.353962  2.34397 	Dead: 0
2.80292   0.0673041   0.341667  2.34397 	Dead: 0
2.8658    0.0769453   0.39061   2.34397 	Dead: 0
2.86809   0.0855533   0.434309  2.34397 	Dead: 0
2.79391   0.0572282   0.290517  2.34397 	Dead: 0
2.85315   0.0814223   0.413337  2.34397 	Dead: 0
2.82979   0.0893744   0.453706  2.34397 	Dead: 0
2.80553   0.06856     0.348043  2.34397 	Dead: 0
2.7905    0.0609567   0.309445  2.34397 	Dead: 0
2.81254   0.0801337   0.406796  2.34397 	Dead: 0
2.8024    0.065671    0.333377  2.34397 	Dead: 0
2.78263   0.0481142   0.24425   2.34397 	Dead: 0
2.78597   0.0546424   0.27739   2.34397 	Dead: 0
2.79853   0.0732458   0.37183   2.34397 	Dead: 0
2.77742   0.0648966   0.329446  2.34397 	Dead: 0
2.84846   0.0844029   0.428469  2.34397 	Dead: 0
2.80397   0.0652485   0.331232  2.34397 	Dead: 0
2.7995    0.0791865   0.401988  2.34397 	Dead: 0
2.8142    0.093542    0.474863  2.34397 	Dead: 0
2.84506   0.0909243   0.461574  2.34397 	Dead: 0
2.8102    0.073984    0.375578  2.34397 	Dead: 0
2.81725   0.0753246   0.382383  2.34397 	Dead: 0
2.80358   0.0835327   0.424051  2.34397 	Dead: 0
2.81184   0.0708256   0.359544  2.34397 	Dead: 0
2.82406   0.0813047   0.41274   2.34397 	Dead: 0
2.81583   0.0753464   0.382494  2.34397 	Dead: 0
2.77824   0.0691948   0.351265  2.34397 	Dead: 0
2.82054   0.0861229   0.4372    2.34397 	Dead: 0
2.79091   0.0793455   0.402795  2.34397 	Dead: 0
2.75354   0.0556122   0.282313  2.34397 	Dead: 0
2.82254   0.0879854   0.446655  2.34397 	Dead: 0
2.81788   0.0869699   0.4415    2.34397 	Dead: 0
2.75276   0.062304    0.316284  2.34397 	Dead: 0
2.75195   0.0633134   0.321408  2.34397 	Dead: 0
2.836     0.0983181   0.499108  2.34397 	Dead: 0
2.87445   0.0951366   0.482958  2.34397 	Dead: 0
2.79429   0.0780135   0.396033  2.34397 	Dead: 0
2.81723   0.0918249   0.466146  2.34397 	Dead: 0
