8.51033   0.0854939   0.434007  7.2254  	Dead: 0
5.69439   0.0607074   0.308179  5.05461 	Dead: 0
4.39764   0.0408328   0.207286  4.05641 	Dead: 0
4.22504   0.0419646   0.213032  3.86274 	Dead: 0
4.0742    0.0446448   0.226638  3.78221 	Dead: 0
4.04318   0.0528472   0.268277  3.60212 	Dead: 0
3.97019   0.0563071   0.285841  3.58131 	Dead: 0
3.84201   0.0468271   0.237716  3.48451 	Dead: 0
3.77096   0.0462637   0.234856  3.46398 	Dead: 0
3.7987    0.0624914   0.317235  3.40406 	Dead: 0
3.67345   0.0416965   0.211671  3.40406 	Dead: 0
3.71017   0.0480759   0.244056  3.33832 	Dead: 0
3.68127   0.0543183   0.275745  3.33832 	Dead: 0
3.69086   0.0636382   0.323057  3.33832 	Dead: 0
3.65931   0.0750917   0.381201  3.20215 	Dead: 0
3.57478   0.047661    0.24195   3.20215 	Dead: 0
3.58763   0.0489686   0.248588  3.20215 	Dead: 0
3.5369    0.0450078   0.22848   3.20215 	Dead: 0
3.55037   0.0688941   0.349739  3.20215 	Dead: 0
3.56089   0.0636434   0.323083  3.20215 	Dead: 0
3.51884   0.0622901   0.316214  3.1837  	Dead: 0
3.57427   0.0809371   0.410874  3.1837  	Dead: 0
3.48094   0.0606818   0.308049  3.08992 	Dead: 0
3.4239    0.054716    0.277764  2.91113 	Dead: 0
3.44546   0.075489    0.383217  2.91113 	Dead: 0
3.41869   0.0558029   0.283282  2.91113 	Dead: 0
3.38076   0.0585352   0.297152  2.91113 	Dead: 0
3.44131   0.0758295   0.384946  2.91113 	Dead: 0
3.34455   0.0626208   0.317892  2.91113 	Dead: 0
3.34657   0.0581861   0.29538   2.91113 	Dead: 0
3.38138   0.069923    0.354962  2.91113 	Dead: 0
3.41004   0.0836626   0.424711  2.91113 	Dead: 0
3.39214   0.0754359   0.382948  2.91113 	Dead: 0
3.37302   0.0675708   0.343021  2.91113 	Dead: 0
3.32535   0.0677279   0.343818  2.91113 	Dead: 0
3.35096   0.0713875   0.362396  2.91113 	Dead: 0
3.36338   0.0734356   0.372793  2.90545 	Dead: 0
3.39653   0.077232    0.392066  2.90545 	Dead: 0
3.34444   0.0791103   0.401601  2.90545 	Dead: 0
3.3164    0.0656945   0.333496  2.90545 	Dead: 0
3.39087   0.103033    0.523045  2.90545 	Dead: 0
3.27237   0.0547327   0.277849  2.90545 	Dead: 0
3.28262   0.06603     0.335199  2.84571 	Dead: 0
3.31081   0.0695453   0.353044  2.84571 	Dead: 0
3.31243   0.0646104   0.327993  2.84281 	Dead: 0
3.26209   0.0635722   0.322722  2.84281 	Dead: 0
3.27229   0.0702351   0.356546  2.84281 	Dead: 0
3.26047   0.0750452   0.380964  2.78268 	Dead: 0
3.1918    0.0587877   0.298434  2.78268 	Dead: 0
3.25663   0.089572    0.454709  2.78268 	Dead: 0
3.23084   0.0727439   0.369282  2.78268 	Dead: 0
3.29812   0.118616    0.602151  2.78268 	Dead: 0
3.24281   0.0933379   0.473827  2.78268 	Dead: 0
3.1931    0.0636257   0.322994  2.77827 	Dead: 0
3.24145   0.0839496   0.426167  2.77827 	Dead: 0
3.25802   0.0992301   0.503738  2.77827 	Dead: 0
3.21565   0.0837633   0.425221  2.77827 	Dead: 0
3.22167   0.0837588   0.425199  2.77827 	Dead: 0
3.20383   0.0853113   0.43308   2.77827 	Dead: 0
3.17547   0.0886046   0.449798  2.77827 	Dead: 0
3.19424   0.079655    0.404366  2.77827 	Dead: 0
3.10776   0.051002    0.25891   2.76474 	Dead: 0
3.13333   0.0663467   0.336807  2.76474 	Dead: 0
3.11727   0.0707688   0.359255  2.72311 	Dead: 0
3.13124   0.094027    0.477325  2.72311 	Dead: 0
3.17122   0.0936305   0.475312  2.72311 	Dead: 0
3.11934   0.0726809   0.368962  2.72311 	Dead: 0
3.11111   0.0746824   0.379123  2.72311 	Dead: 0
3.1303    0.0801529   0.406894  2.72311 	Dead: 0
3.10553   0.0714682   0.362806  2.72311 	Dead: 0
3.09746   0.076873    0.390243  2.72311 	Dead: 0
3.15637   0.12417     0.630342  2.72311 	Dead: 0
3.10827   0.0985281   0.500175  2.71452 	Dead: 0
3.05427   0.0776792   0.394336  2.71261 	Dead: 0
3.08722   0.0791676   0.401892  2.68421 	Dead: 0
3.08173   0.0745643   0.378523  2.68421 	Dead: 0
3.16546   0.112411    0.570653  2.68421 	Dead: 0
3.15582   0.111368    0.565356  2.6812  	Dead: 0
3.10219   0.0807121   0.409732  2.61113 	Dead: 0
3.07966   0.0915447   0.464723  2.61113 	Dead: 0
3.05698   0.0799668   0.405949  2.61113 	Dead: 0
3.01558   0.0687331   0.348921  2.61113 	Dead: 0
3.06448   0.102316    0.519403  2.61113 	Dead: 0
3.02767   0.0669766   0.340005  2.61113 	Dead: 0
3.07943   0.104589    0.530941  2.61113 	Dead: 0
3.05397   0.0871986   0.442661  2.61113 	Dead: 0
2.99142   0.0720144   0.365579  2.58832 	Dead: 0
3.07439   0.111693    0.567006  2.58832 	Dead: 0
3.01353   0.0668292   0.339256  2.58832 	Dead: 0
2.98449   0.0718408   0.364698  2.58832 	Dead: 0
2.99308   0.086833    0.440805  2.58832 	Dead: 0
3.0075    0.0827832   0.420246  2.58832 	Dead: 0
3.04264   0.0939623   0.476997  2.58832 	Dead: 0
2.93065   0.0520346   0.264152  2.58832 	Dead: 0
3.038     0.0894874   0.45428   2.58832 	Dead: 0
2.95513   0.0679127   0.344757  2.58832 	Dead: 0
3.01813   0.094407    0.479254  2.52359 	Dead: 0
3.01534   0.0940989   0.47769   2.52359 	Dead: 0
2.95344   0.0787739   0.399893  2.52359 	Dead: 0
2.98961   0.0920444   0.46726   2.52359 	Dead: 0
2.93859   0.0691174   0.350872  2.52359 	Dead: 0
