8.58863   0.0781074   0.396509  7.25435 	Dead: 0
6.11031   0.0586215   0.29759   5.42354 	Dead: 0
4.60666   0.0350862   0.178114  4.11831 	Dead: 0
4.22807   0.045393    0.230436  3.90242 	Dead: 0
4.17606   0.0635786   0.322754  3.68179 	Dead: 0
3.87458   0.0510145   0.258973  3.52145 	Dead: 0
3.73073   0.0436877   0.221779  3.30277 	Dead: 0
3.64118   0.044132    0.224035  3.28162 	Dead: 0
3.52191   0.0446711   0.226771  3.14094 	Dead: 0
3.47037   0.0553472   0.280968  3.14094 	Dead: 0
3.45619   0.0644978   0.327421  3.0794  	Dead: 0
3.39231   0.0483848   0.245624  3.07363 	Dead: 0
3.38617   0.0512584   0.260212  3.06458 	Dead: 0
3.36676   0.051566    0.261773  3.06364 	Dead: 0
3.35164   0.0641761   0.325788  2.94706 	Dead: 0
3.28653   0.0485046   0.246232  2.94706 	Dead: 0
3.31004   0.0533868   0.271016  2.94706 	Dead: 0
3.31373   0.0557223   0.282873  2.94706 	Dead: 0
3.29399   0.0454105   0.230525  2.94706 	Dead: 0
3.29259   0.0605836   0.307551  2.77251 	Dead: 0
3.28874   0.0626873   0.31823   2.77251 	Dead: 0
3.31694   0.066038    0.33524   2.77251 	Dead: 0
3.29889   0.0592965   0.301017  2.77251 	Dead: 0
3.2824    0.056229    0.285445  2.77251 	Dead: 0
3.2906    0.0730914   0.371046  2.77251 	Dead: 0
3.30883   0.0698622   0.354653  2.77251 	Dead: 0
3.24932   0.0557977   0.283255  2.77251 	Dead: 0
3.24137   0.0520864   0.264415  2.77251 	Dead: 0
3.28144   0.0744833   0.378112  2.77251 	Dead: 0
3.26503   0.0640969   0.325386  2.77251 	Dead: 0
3.2752    0.07537     0.382613  2.77251 	Dead: 0
3.22337   0.0646746   0.328318  2.77251 	Dead: 0
3.23603   0.075567    0.383613  2.77251 	Dead: 0
3.19645   0.0670354   0.340303  2.77251 	Dead: 0
3.2471    0.0837004   0.424902  2.77251 	Dead: 0
3.18229   0.0656048   0.333041  2.77251 	Dead: 0
3.21127   0.077016    0.390969  2.77251 	Dead: 0
3.18228   0.067092    0.340591  2.76739 	Dead: 0
3.22616   0.0950415   0.482475  2.76739 	Dead: 0
3.11895   0.0536851   0.272531  2.76739 	Dead: 0
3.18533   0.0733187   0.3722    2.76739 	Dead: 0
3.13682   0.0681635   0.34603   2.75224 	Dead: 0
3.09764   0.0599086   0.304124  2.75224 	Dead: 0
3.11443   0.0833836   0.423294  2.71624 	Dead: 0
3.08802   0.0743106   0.377236  2.71059 	Dead: 0
3.05063   0.0574515   0.291651  2.70591 	Dead: 0
3.00393   0.053489    0.271535  2.69409 	Dead: 0
3.02107   0.0695602   0.35312   2.65154 	Dead: 0
3.027     0.0701741   0.356237  2.65154 	Dead: 0
3.04244   0.0701383   0.356055  2.65154 	Dead: 0
3.04848   0.0922092   0.468097  2.65154 	Dead: 0
2.97848   0.0613289   0.311334  2.62088 	Dead: 0
2.98823   0.0580301   0.294588  2.62088 	Dead: 0
3.06535   0.0998531   0.506901  2.62088 	Dead: 0
2.98031   0.0585437   0.297195  2.62088 	Dead: 0
2.96755   0.0653306   0.331649  2.61291 	Dead: 0
2.95858   0.0683792   0.347125  2.61291 	Dead: 0
2.93963   0.063798    0.323869  2.59237 	Dead: 0
2.95237   0.0673257   0.341777  2.53593 	Dead: 0
2.97946   0.0806621   0.409478  2.53593 	Dead: 0
2.89653   0.0563556   0.286087  2.53593 	Dead: 0
2.94855   0.0697309   0.353986  2.52263 	Dead: 0
2.95012   0.0793922   0.403032  2.52263 	Dead: 0
2.93925   0.0674889   0.342605  2.52263 	Dead: 0
2.86639   0.0574003   0.291391  2.52263 	Dead: 0
2.86767   0.0633213   0.321448  2.48644 	Dead: 0
2.94377   0.0875341   0.444364  2.48644 	Dead: 0
2.88229   0.0609027   0.309171  2.48644 	Dead: 0
2.88079   0.0522551   0.265271  2.48644 	Dead: 0
2.85746   0.0488801   0.248138  2.48644 	Dead: 0
2.8828    0.0667331   0.338768  2.48644 	Dead: 0
2.9277    0.0805145   0.408729  2.48644 	Dead: 0
2.86422   0.0587539   0.298262  2.48644 	Dead: 0
2.8847    0.0834811   0.423789  2.46834 	Dead: 0
2.90133   0.0805724   0.409023  2.46834 	Dead: 0
2.90435   0.0865501   0.439369  2.46834 	Dead: 0
2.87238   0.0629822   0.319727  2.46834 	Dead: 0
2.82757   0.0585841   0.2974    2.46834 	Dead: 0
2.84328   0.0525047   0.266538  2.46834 	Dead: 0
2.90799   0.0728135   0.369635  2.46834 	Dead: 0
2.86652   0.0706117   0.358458  2.46834 	Dead: 0
2.88162   0.0796988   0.404588  2.46834 	Dead: 0
2.87096   0.0734962   0.373101  2.46834 	Dead: 0
2.85647   0.0632503   0.321088  2.46834 	Dead: 0
2.8715    0.0747447   0.379439  2.43745 	Dead: 0
2.89106   0.0778607   0.395257  2.43745 	Dead: 0
2.87161   0.0690733   0.350648  2.43745 	Dead: 0
2.87768   0.0851589   0.432306  2.43745 	Dead: 0
2.87004   0.0629557   0.319592  2.43745 	Dead: 0
2.86362   0.0734092   0.37266   2.43745 	Dead: 0
2.88539   0.0822522   0.41755   2.43745 	Dead: 0
2.82293   0.0579706   0.294286  2.43745 	Dead: 0
2.83994   0.0589722   0.299371  2.43745 	Dead: 0
2.85342   0.0676115   0.343227  2.43745 	Dead: 0
2.84371   0.0733147   0.372179  2.43745 	Dead: 0
2.84655   0.0699551   0.355125  2.43745 	Dead: 0
2.79681   0.0543149   0.275728  2.43745 	Dead: 0
2.83725   0.0652549   0.331264  2.43745 	Dead: 0
2.81373   0.0524709   0.266367  2.43745 	Dead: 0
2.88921   0.0935243   0.474773  2.43745 	Dead: 0
2.85997   0.0847504   0.430233  2.43745 	Dead: 0
