10.9334   0.105096    0.533519  9.84768 	Dead: 0
9.26653   0.0524852   0.266439  8.76686 	Dead: 0
8.58475   0.0670286   0.340269  7.92309 	Dead: 0
8.5326    0.0697971   0.354323  7.92309 	Dead: 0
8.45626   0.0785669   0.398842  7.63801 	Dead: 0
8.40428   0.0748775   0.380113  7.63801 	Dead: 0
8.30902   0.0845459   0.429195  7.63801 	Dead: 0
8.26477   0.0818932   0.415728  7.63801 	Dead: 0
8.24109   0.0833684   0.423217  7.63801 	Dead: 0
8.22431   0.0781631   0.396792  7.41991 	Dead: 0
8.13111   0.0843382   0.42814   7.41991 	Dead: 0
8.03571   0.066636    0.338275  7.41991 	Dead: 0
8.01354   0.0660192   0.335144  7.41991 	Dead: 0
8.01458   0.0717412   0.364192  7.3512  	Dead: 0
7.98203   0.071454    0.362734  7.3512  	Dead: 0
7.99946   0.0736745   0.374006  7.3512  	Dead: 0
7.92057   0.0694112   0.352364  7.3512  	Dead: 0
7.96263   0.0730311   0.37074   7.30152 	Dead: 0
7.95518   0.0857358   0.435235  7.30152 	Dead: 0
7.9353    0.0765984   0.388849  7.30152 	Dead: 0
7.99467   0.0906079   0.459968  7.30152 	Dead: 0
7.92018   0.081546    0.413965  7.30152 	Dead: 0
7.97939   0.0860566   0.436863  7.30152 	Dead: 0
7.96932   0.0839239   0.426037  7.30152 	Dead: 0
7.8893    0.077308    0.392452  7.28841 	Dead: 0
7.88744   0.0792336   0.402227  7.28841 	Dead: 0
7.92672   0.0900777   0.457276  7.28841 	Dead: 0
7.90342   0.0774059   0.392949  7.28841 	Dead: 0
7.8584    0.0718302   0.364644  7.28841 	Dead: 0
7.94142   0.0815492   0.413982  7.28841 	Dead: 0
7.94994   0.0851543   0.432283  7.28841 	Dead: 0
7.9265    0.0891165   0.452397  7.28841 	Dead: 0
7.88667   0.0780194   0.396063  7.28841 	Dead: 0
7.92854   0.0913708   0.463841  7.19816 	Dead: 0
7.90418   0.0766504   0.389113  7.19816 	Dead: 0
7.90626   0.0860137   0.436646  7.19809 	Dead: 0
7.8911    0.0790628   0.40136   7.19809 	Dead: 0
7.89415   0.0838343   0.425582  7.19809 	Dead: 0
7.92357   0.0907303   0.460589  7.19809 	Dead: 0
7.88209   0.0843159   0.428027  7.19809 	Dead: 0
7.90513   0.0864467   0.438844  7.19809 	Dead: 0
7.89853   0.0833151   0.422946  7.19809 	Dead: 0
7.8579    0.0821114   0.416836  7.19809 	Dead: 0
7.90055   0.0804131   0.408215  7.19809 	Dead: 0
7.85822   0.0780699   0.396319  7.19809 	Dead: 0
7.91835   0.110684    0.561882  7.19809 	Dead: 0
7.83684   0.097584    0.495382  7.10837 	Dead: 0
7.82096   0.0884397   0.448961  7.10837 	Dead: 0
7.8141    0.0827312   0.419982  7.10837 	Dead: 0
7.79894   0.090929    0.461598  7.10837 	Dead: 0
7.77003   0.0841052   0.426957  7.10837 	Dead: 0
7.77889   0.079432    0.403234  7.10837 	Dead: 0
7.77905   0.0990765   0.502958  7.02405 	Dead: 0
7.7572    0.0860747   0.436955  7.02405 	Dead: 0
7.75972   0.0868237   0.440758  7.02405 	Dead: 0
7.71144   0.103665    0.526254  6.84526 	Dead: 0
7.67785   0.0969012   0.491915  6.84526 	Dead: 0
7.6504    0.0967561   0.491179  6.84526 	Dead: 0
7.6061    0.0922055   0.468078  6.84526 	Dead: 0
7.65124   0.104586    0.530928  6.84526 	Dead: 0
7.58751   0.0848132   0.430552  6.84526 	Dead: 0
7.61852   0.0977901   0.496428  6.84526 	Dead: 0
7.59615   0.0985496   0.500284  6.84526 	Dead: 0
7.64114   0.101169    0.51358   6.84526 	Dead: 0
7.65515   0.112196    0.569557  6.84526 	Dead: 0
7.58582   0.0964381   0.489565  6.84526 	Dead: 0
7.58365   0.0926287   0.470226  6.84526 	Dead: 0
7.6095    0.0968418   0.491614  6.84252 	Dead: 0
7.5395    0.0958439   0.486549  6.73863 	Dead: 0
7.58039   0.0957977   0.486314  6.73863 	Dead: 0
7.58359   0.104926    0.532651  6.73863 	Dead: 0
7.56593   0.0908358   0.461125  6.73863 	Dead: 0
7.55305   0.0884585   0.449056  6.73863 	Dead: 0
7.58299   0.09426     0.478508  6.73863 	Dead: 0
7.61024   0.0968655   0.491735  6.73863 	Dead: 0
7.59781   0.107348    0.544948  6.73863 	Dead: 0
7.53913   0.092909    0.471649  6.72846 	Dead: 0
7.55358   0.0978441   0.496702  6.72846 	Dead: 0
7.50452   0.0912227   0.463089  6.67415 	Dead: 0
7.50809   0.0978139   0.496549  6.67415 	Dead: 0
7.52686   0.0960636   0.487663  6.67415 	Dead: 0
7.54644   0.0981577   0.498294  6.67415 	Dead: 0
7.58642   0.111958    0.568351  6.67415 	Dead: 0
7.51772   0.0942062   0.478235  6.67415 	Dead: 0
7.46143   0.0982377   0.4987    6.67415 	Dead: 0
7.54077   0.104371    0.529836  6.67415 	Dead: 0
7.53394   0.106628    0.541296  6.67415 	Dead: 0
7.5359    0.114526    0.581389  6.67415 	Dead: 0
7.45259   0.0875625   0.444508  6.67415 	Dead: 0
7.54769   0.111104    0.564015  6.67415 	Dead: 0
7.50134   0.0985251   0.500159  6.67415 	Dead: 0
7.50453   0.102729    0.521498  6.67415 	Dead: 0
7.4896    0.100499    0.510182  6.67415 	Dead: 0
7.48942   0.100096    0.508133  6.67415 	Dead: 0
7.47288   0.104051    0.528213  6.67415 	Dead: 0
7.40937   0.0863675   0.438442  6.67415 	Dead: 0
7.48472   0.09951     0.505159  6.67415 	Dead: 0
7.50394   0.103407    0.524941  6.67415 	Dead: 0
7.4778    0.10541     0.53511   6.67415 	Dead: 0
7.50205   0.120501    0.611718  6.67415 	Dead: 0
7.47416   0.102892    0.52233   6.67415 	Dead: 0
