10.99     0.0930044   0.472133  9.91097 	Dead: 0
9.3683    0.0613523   0.311453  8.60886 	Dead: 0
8.92514   0.0745962   0.378685  8.11846 	Dead: 0
8.79288   0.0704006   0.357386  8.11846 	Dead: 0
8.76592   0.0772871   0.392345  8.11846 	Dead: 0
8.68144   0.0714343   0.362634  8.11846 	Dead: 0
8.6832    0.0857582   0.435348  8.07428 	Dead: 0
8.62343   0.0834548   0.423656  7.96316 	Dead: 0
8.58987   0.082994    0.421316  7.83018 	Dead: 0
8.5526    0.0839053   0.425942  7.77134 	Dead: 0
8.44075   0.0718393   0.36469   7.55658 	Dead: 0
8.46739   0.084728    0.430119  7.55658 	Dead: 0
8.36816   0.0846972   0.429963  7.55658 	Dead: 0
8.38652   0.0917135   0.465581  7.55658 	Dead: 0
8.35506   0.0916226   0.465119  7.55658 	Dead: 0
8.32646   0.0931899   0.473075  7.55658 	Dead: 0
8.32354   0.0925933   0.470047  7.55658 	Dead: 0
8.27789   0.0937233   0.475783  7.55658 	Dead: 0
8.26358   0.0885556   0.44955   7.55658 	Dead: 0
8.34179   0.107712    0.546794  7.47907 	Dead: 0
8.30318   0.100585    0.510618  7.38824 	Dead: 0
8.2435    0.0892852   0.453253  7.38824 	Dead: 0
8.29768   0.09667     0.490742  7.38824 	Dead: 0
8.30835   0.0987197   0.501147  7.38824 	Dead: 0
8.29527   0.0974008   0.494452  7.38824 	Dead: 0
8.25029   0.0966313   0.490546  7.38824 	Dead: 0
8.24264   0.0975137   0.495025  7.38824 	Dead: 0
8.24308   0.0936274   0.475296  7.38824 	Dead: 0
8.16809   0.0849952   0.431475  7.38824 	Dead: 0
8.18015   0.0946267   0.480369  7.38824 	Dead: 0
8.07252   0.0901685   0.457737  7.30388 	Dead: 0
7.98884   0.100263    0.508984  6.99676 	Dead: 0
7.75954   0.117642    0.597205  6.83593 	Dead: 0
7.49232   0.126265    0.640982  6.69851 	Dead: 0
7.4409    0.129012    0.654926  6.67651 	Dead: 0
7.26226   0.117287    0.595404  6.49935 	Dead: 0
7.34364   0.140138    0.711408  6.49935 	Dead: 0
7.28072   0.127785    0.648696  6.49935 	Dead: 0
7.31732   0.136708    0.693994  6.49935 	Dead: 0
7.21138   0.123322    0.626039  6.49935 	Dead: 0
7.26839   0.135016    0.685404  6.49935 	Dead: 0
7.27805   0.134844    0.684534  6.47224 	Dead: 0
7.21791   0.134625    0.68342   6.47224 	Dead: 0
7.14608   0.117926    0.598648  6.43003 	Dead: 0
7.14551   0.127595    0.64773   6.22739 	Dead: 0
7.16544   0.140463    0.713057  6.21502 	Dead: 0
7.0299    0.137088    0.695921  6.21502 	Dead: 0
7.14551   0.143227    0.727087  6.21502 	Dead: 0
7.00009   0.130987    0.664953  6.21502 	Dead: 0
7.02048   0.138479    0.702986  6.121   	Dead: 0
7.00467   0.127734    0.648439  6.121   	Dead: 0
6.91122   0.13163     0.668214  6.121   	Dead: 0
6.89235   0.124474    0.631886  6.10082 	Dead: 0
6.92615   0.132958    0.674957  6.06129 	Dead: 0
6.84748   0.116643    0.592136  6.06129 	Dead: 0
6.80124   0.126524    0.642296  6.04322 	Dead: 0
6.7374    0.122203    0.620361  5.97569 	Dead: 0
6.79704   0.135978    0.690288  5.97569 	Dead: 0
6.72853   0.112527    0.571242  5.97569 	Dead: 0
6.7633    0.115388    0.585761  5.82756 	Dead: 0
6.81677   0.135327    0.686981  5.82756 	Dead: 0
6.72239   0.12777     0.648621  5.82756 	Dead: 0
6.67594   0.121636    0.617479  5.82756 	Dead: 0
6.64613   0.119947    0.608905  5.82756 	Dead: 0
6.69502   0.123938    0.629168  5.82756 	Dead: 0
6.69786   0.133157    0.675968  5.82756 	Dead: 0
6.74045   0.143416    0.728046  5.82756 	Dead: 0
6.66402   0.131348    0.666784  5.82756 	Dead: 0
6.65101   0.122781    0.623292  5.82756 	Dead: 0
6.66096   0.136695    0.69393   5.76052 	Dead: 0
6.71953   0.151885    0.771038  5.76052 	Dead: 0
6.65785   0.140842    0.71498   5.75181 	Dead: 0
6.61046   0.129718    0.658511  5.75181 	Dead: 0
6.60947   0.126682    0.643099  5.75181 	Dead: 0
6.70052   0.152619    0.774764  5.75181 	Dead: 0
6.67917   0.13455     0.683037  5.75181 	Dead: 0
6.69008   0.13239     0.672072  5.75181 	Dead: 0
6.59727   0.132985    0.675095  5.75181 	Dead: 0
6.53269   0.126528    0.642315  5.75181 	Dead: 0
6.58885   0.126726    0.643318  5.75181 	Dead: 0
6.63274   0.133103    0.675691  5.75181 	Dead: 0
6.53811   0.120125    0.609812  5.75181 	Dead: 0
6.57925   0.134907    0.684849  5.75181 	Dead: 0
6.48003   0.120917    0.613833  5.75181 	Dead: 0
6.55472   0.135169    0.686182  5.75181 	Dead: 0
6.5615    0.133623    0.678333  5.75181 	Dead: 0
6.54414   0.135551    0.688121  5.75181 	Dead: 0
6.55254   0.129237    0.656068  5.75181 	Dead: 0
6.57871   0.13491     0.684866  5.75181 	Dead: 0
6.53879   0.137098    0.695973  5.75181 	Dead: 0
6.41889   0.114426    0.580879  5.75181 	Dead: 0
6.4927    0.127434    0.646915  5.75181 	Dead: 0
6.4499    0.124811    0.6336    5.62569 	Dead: 0
6.41433   0.127135    0.645394  5.62569 	Dead: 0
6.40527   0.115112    0.584361  5.62569 	Dead: 0
6.46851   0.130444    0.662196  5.62569 	Dead: 0
6.31      0.106579    0.541046  5.62569 	Dead: 0
6.38953   0.113702    0.577203  5.62569 	Dead: 0
6.37766   0.117977    0.598908  5.62569 	Dead: 0
6.36154   0.126891    0.644157  5.62569 	Dead: 0
6.39695   0.121448    0.616526  5.62569 	Dead: 0
