10.8936   0.100432    0.509842  9.77856 	Dead: 0
9.13935   0.0557095   0.282807  8.62624 	Dead: 0
8.8438    0.0641773   0.325794  8.39351 	Dead: 0
8.71101   0.061564    0.312528  8.19877 	Dead: 0
8.59732   0.0528064   0.26807   8.04517 	Dead: 0
8.54867   0.059563    0.30237   8.04517 	Dead: 0
8.52612   0.0648267   0.329091  8.02098 	Dead: 0
8.48461   0.0714671   0.3628    7.84137 	Dead: 0
8.37845   0.070899    0.359916  7.69066 	Dead: 0
8.35371   0.0718123   0.364553  7.69066 	Dead: 0
8.2953    0.0612333   0.310849  7.69066 	Dead: 0
8.32347   0.0761556   0.386601  7.69066 	Dead: 0
8.26558   0.0689522   0.350033  7.69066 	Dead: 0
8.25362   0.0753141   0.38233   7.62904 	Dead: 0
8.30491   0.0890816   0.45222   7.6155  	Dead: 0
8.28325   0.0776604   0.394241  7.6155  	Dead: 0
8.2428    0.0796729   0.404457  7.6155  	Dead: 0
8.22611   0.0818683   0.415602  7.55971 	Dead: 0
8.14828   0.0716726   0.363844  7.55971 	Dead: 0
8.0827    0.0725608   0.368352  7.55971 	Dead: 0
8.10648   0.0760133   0.385879  7.55971 	Dead: 0
8.10016   0.076681    0.389269  7.50712 	Dead: 0
8.10136   0.0786724   0.399378  7.39462 	Dead: 0
8.03675   0.0673758   0.342031  7.39462 	Dead: 0
8.10122   0.0808042   0.4102    7.39462 	Dead: 0
8.06832   0.0775283   0.39357   7.2773  	Dead: 0
7.97926   0.071695    0.363957  7.2773  	Dead: 0
8.00477   0.0736305   0.373783  7.27012 	Dead: 0
7.99876   0.0713876   0.362397  7.27012 	Dead: 0
8.04139   0.0785271   0.39864   7.27012 	Dead: 0
7.98252   0.0655522   0.332774  7.27012 	Dead: 0
8.01001   0.0857805   0.435462  7.23937 	Dead: 0
7.94058   0.0767985   0.389865  7.23937 	Dead: 0
7.93932   0.0888571   0.45108   7.23937 	Dead: 0
7.92548   0.0796883   0.404535  7.23937 	Dead: 0
7.87836   0.0809052   0.410713  7.23937 	Dead: 0
7.88668   0.0842534   0.42771   7.23937 	Dead: 0
7.80628   0.0720676   0.365849  7.23937 	Dead: 0
7.80829   0.0829988   0.421341  7.13223 	Dead: 0
7.8139    0.0905948   0.459901  7.13223 	Dead: 0
7.82062   0.0843135   0.428015  7.13223 	Dead: 0
7.76715   0.0828255   0.420461  6.98363 	Dead: 0
7.82521   0.0885909   0.449729  6.98363 	Dead: 0
7.73397   0.0786483   0.399255  6.98363 	Dead: 0
7.76918   0.0856322   0.434709  6.98363 	Dead: 0
7.80594   0.0903647   0.458733  6.98363 	Dead: 0
7.78957   0.0835948   0.424366  6.98363 	Dead: 0
7.75505   0.0839001   0.425916  6.98363 	Dead: 0
7.79965   0.0886403   0.449979  6.98363 	Dead: 0
7.69646   0.0833334   0.423039  6.98363 	Dead: 0
7.71874   0.0794108   0.403126  6.98363 	Dead: 0
7.72848   0.0890364   0.45199   6.98363 	Dead: 0
7.72422   0.0911111   0.462523  6.98363 	Dead: 0
7.71587   0.0816776   0.414634  6.98363 	Dead: 0
7.74336   0.087292    0.443135  6.98363 	Dead: 0
7.72661   0.0888755   0.451174  6.98363 	Dead: 0
7.75083   0.0886053   0.449802  6.98363 	Dead: 0
7.68787   0.0863571   0.438389  6.98363 	Dead: 0
7.68674   0.0853842   0.43345   6.98363 	Dead: 0
7.72231   0.0844818   0.428869  6.98363 	Dead: 0
7.72469   0.0913783   0.463879  6.89894 	Dead: 0
7.66124   0.0828437   0.420553  6.89894 	Dead: 0
7.64198   0.0808052   0.410205  6.89894 	Dead: 0
7.68948   0.0888826   0.45121   6.89894 	Dead: 0
7.64245   0.0845138   0.429032  6.89894 	Dead: 0
7.66725   0.0861062   0.437115  6.89894 	Dead: 0
7.66289   0.0869764   0.441533  6.89894 	Dead: 0
7.63636   0.0866485   0.439868  6.89894 	Dead: 0
7.67011   0.0853642   0.433349  6.89894 	Dead: 0
7.68181   0.0900614   0.457194  6.89894 	Dead: 0
7.65033   0.0956115   0.485368  6.89894 	Dead: 0
7.68541   0.0981109   0.498057  6.89894 	Dead: 0
7.67529   0.0911382   0.46266   6.89894 	Dead: 0
7.62435   0.0875122   0.444253  6.84042 	Dead: 0
7.63243   0.0955757   0.485187  6.84042 	Dead: 0
7.65913   0.0951761   0.483158  6.84042 	Dead: 0
7.63088   0.0894165   0.45392   6.84042 	Dead: 0
7.62717   0.0879044   0.446244  6.84042 	Dead: 0
7.62453   0.0963869   0.489305  6.84042 	Dead: 0
7.6811    0.105109    0.533583  6.83558 	Dead: 0
7.6027    0.0943123   0.478773  6.83558 	Dead: 0
7.6724    0.10255     0.520594  6.83558 	Dead: 0
7.64791   0.11221     0.569631  6.83558 	Dead: 0
7.54173   0.098087    0.497935  6.83558 	Dead: 0
7.72082   0.126669    0.643029  6.83558 	Dead: 0
7.65009   0.117435    0.596154  6.83558 	Dead: 0
7.60319   0.106574    0.541019  6.83558 	Dead: 0
7.57976   0.100815    0.511785  6.83558 	Dead: 0
7.60906   0.111337    0.565199  6.83558 	Dead: 0
7.66141   0.112898    0.573122  6.83558 	Dead: 0
7.63617   0.126397    0.641652  6.83558 	Dead: 0
7.66409   0.119235    0.60529   6.83558 	Dead: 0
7.66233   0.122766    0.623218  6.83558 	Dead: 0
7.6419    0.117411    0.596031  6.83558 	Dead: 0
7.5797    0.102412    0.519893  6.82495 	Dead: 0
7.65837   0.117335    0.595647  6.82495 	Dead: 0
7.61306   0.120486    0.611643  6.82495 	Dead: 0
7.7096    0.121819    0.61841   6.82495 	Dead: 0
7.69673   0.128267    0.651142  6.82495 	Dead: 0
7.6714    0.126389    0.641608  6.82495 	Dead: 0
7.58256   0.111588    0.566473  6.82495 	Dead: 0
