8.24596   0.150554    0.764283  6.72151 	Dead: 0
4.97999   0.0523534   0.26577   4.29997 	Dead: 0
4.05561   0.0532551   0.270348  3.59164 	Dead: 0
3.42006   0.0496555   0.252074  3.02973 	Dead: 0
3.12373   0.0413592   0.209959  2.64031 	Dead: 0
3.03385   0.0451103   0.229001  2.64031 	Dead: 0
2.99824   0.0454439   0.230694  2.60949 	Dead: 0
2.96132   0.0474892   0.241077  2.60153 	Dead: 0
2.92874   0.0454901   0.230929  2.56164 	Dead: 0
2.92936   0.0562998   0.285804  2.56164 	Dead: 0
2.92945   0.0508901   0.258342  2.56164 	Dead: 0
2.90579   0.0483142   0.245265  2.56164 	Dead: 0
2.88028   0.050362    0.255661  2.50948 	Dead: 0
2.88095   0.0490728   0.249117  2.50948 	Dead: 0
2.8833    0.0494783   0.251175  2.50948 	Dead: 0
2.88039   0.048519    0.246305  2.50948 	Dead: 0
2.85754   0.0459013   0.233016  2.50948 	Dead: 0
2.87009   0.0483794   0.245596  2.50948 	Dead: 0
2.90032   0.0584693   0.296818  2.50948 	Dead: 0
2.85191   0.0494334   0.250947  2.50948 	Dead: 0
2.84761   0.0466334   0.236733  2.50948 	Dead: 0
2.83632   0.0493609   0.250579  2.50948 	Dead: 0
2.84068   0.0499909   0.253777  2.50948 	Dead: 0
2.8185    0.0481939   0.244655  2.50948 	Dead: 0
2.82291   0.0469232   0.238204  2.50948 	Dead: 0
2.84879   0.0540819   0.274545  2.50948 	Dead: 0
2.82009   0.0488957   0.248217  2.49718 	Dead: 0
2.79245   0.0397061   0.201567  2.49718 	Dead: 0
2.81104   0.0523807   0.265909  2.49718 	Dead: 0
2.81474   0.0418655   0.212529  2.49718 	Dead: 0
2.83558   0.052221    0.265098  2.47573 	Dead: 0
2.79451   0.0425177   0.215839  2.47573 	Dead: 0
2.82697   0.044158    0.224167  2.47573 	Dead: 0
2.78741   0.0454467   0.230709  2.47573 	Dead: 0
2.81982   0.0441762   0.224259  2.47573 	Dead: 0
2.83323   0.0523747   0.265878  2.47573 	Dead: 0
2.79233   0.0458401   0.232706  2.47573 	Dead: 0
2.81184   0.0515986   0.261939  2.47573 	Dead: 0
2.7924    0.0436759   0.221719  2.47573 	Dead: 0
2.79505   0.0506841   0.257296  2.47573 	Dead: 0
2.81134   0.0465443   0.236281  2.47573 	Dead: 0
2.8105    0.0504313   0.256013  2.47573 	Dead: 0
2.77234   0.0411508   0.208901  2.47573 	Dead: 0
2.78749   0.0484536   0.245973  2.47573 	Dead: 0
2.82064   0.0530513   0.269313  2.47573 	Dead: 0
2.81977   0.0542542   0.27542   2.47573 	Dead: 0
2.80154   0.0428752   0.217655  2.47573 	Dead: 0
2.81845   0.0528134   0.268105  2.47573 	Dead: 0
2.79863   0.0443896   0.225342  2.47573 	Dead: 0
2.80594   0.0523744   0.265877  2.47573 	Dead: 0
2.76624   0.0461458   0.234258  2.47573 	Dead: 0
2.79887   0.043017    0.218374  2.45844 	Dead: 0
2.79977   0.0454412   0.230681  2.45844 	Dead: 0
2.7612    0.0378862   0.192328  2.45844 	Dead: 0
2.75629   0.0444326   0.225561  2.45844 	Dead: 0
2.77631   0.0467189   0.237167  2.45844 	Dead: 0
2.77442   0.0442346   0.224556  2.45844 	Dead: 0
2.76075   0.0461463   0.23426   2.44476 	Dead: 0
2.76034   0.0430472   0.218528  2.44476 	Dead: 0
2.79278   0.0492781   0.250159  2.44476 	Dead: 0
2.79142   0.0517657   0.262787  2.44476 	Dead: 0
2.80426   0.049966    0.253651  2.44476 	Dead: 0
2.78196   0.0450718   0.228806  2.44476 	Dead: 0
2.78171   0.0451336   0.229119  2.44476 	Dead: 0
2.76793   0.044761    0.227228  2.44476 	Dead: 0
2.76386   0.0419479   0.212947  2.44476 	Dead: 0
2.80038   0.0600977   0.305084  2.44476 	Dead: 0
2.78619   0.0500515   0.254085  2.44476 	Dead: 0
2.77723   0.0474031   0.24064   2.44476 	Dead: 0
2.78541   0.046448    0.235791  2.44476 	Dead: 0
2.77227   0.0479645   0.24349   2.44476 	Dead: 0
2.77751   0.0476129   0.241705  2.44476 	Dead: 0
2.76562   0.0513176   0.260512  2.44476 	Dead: 0
2.77157   0.0500298   0.253975  2.44476 	Dead: 0
2.77915   0.0488997   0.248237  2.41466 	Dead: 0
2.7369    0.0383498   0.194681  2.41466 	Dead: 0
2.78083   0.0467898   0.237527  2.41466 	Dead: 0
2.79053   0.0511277   0.259548  2.41466 	Dead: 0
2.76403   0.0532379   0.27026   2.41466 	Dead: 0
2.73027   0.0398358   0.202225  2.40008 	Dead: 0
2.769     0.0499526   0.253583  2.40008 	Dead: 0
2.77276   0.0471669   0.239441  2.39127 	Dead: 0
2.74722   0.0449135   0.228002  2.39127 	Dead: 0
2.76027   0.0471299   0.239254  2.39127 	Dead: 0
2.75766   0.0508918   0.258351  2.38802 	Dead: 0
2.76394   0.0476135   0.241709  2.38802 	Dead: 0
2.80153   0.0611691   0.310523  2.38802 	Dead: 0
2.75559   0.0464214   0.235657  2.38802 	Dead: 0
2.74938   0.0438106   0.222403  2.38802 	Dead: 0
2.75666   0.0441215   0.223981  2.38802 	Dead: 0
2.76039   0.0478809   0.243066  2.38802 	Dead: 0
2.78546   0.0610864   0.310103  2.38802 	Dead: 0
2.77616   0.0494709   0.251137  2.38802 	Dead: 0
2.74717   0.0426546   0.216534  2.38802 	Dead: 0
2.74063   0.0490427   0.248964  2.38802 	Dead: 0
2.73346   0.0488117   0.247791  2.38802 	Dead: 0
2.75406   0.0559256   0.283904  2.38802 	Dead: 0
2.75369   0.0453286   0.230109  2.38802 	Dead: 0
2.77052   0.0564495   0.286564  2.38802 	Dead: 0
2.74815   0.0469306   0.238242  2.38802 	Dead: 0
2.76567   0.0537886   0.273056  2.38802 	Dead: 0
