0   9.44832   0.0585737   0.297348  8.47476 	Dead: 0
1   7.57278   0.0480982   0.244169  7.28604 	Dead: 0
2   7.48159   0.054385    0.276083  7.15733 	Dead: 0
3   7.45402   0.0549987   0.279199  7.12142 	Dead: 0
4   7.459     0.0607589   0.30844   7.12142 	Dead: 0
5   7.42709   0.0582257   0.295581  7.09165 	Dead: 0
6   7.16661   0.0611065   0.310205  6.74782 	Dead: 0
7   7.04879   0.0727974   0.369553  6.68571 	Dead: 0
8   6.84169   0.0631081   0.320366  6.55905 	Dead: 0
9   6.77719   0.0779271   0.395595  6.42134 	Dead: 0
10  6.77377   0.0902682   0.458243  6.36881 	Dead: 0
11  6.80037   0.0978251   0.496606  6.25414 	Dead: 0
12  6.65229   0.082998    0.421336  6.23377 	Dead: 0
13  6.67637   0.113676    0.57707   6.09799 	Dead: 0
14  6.58405   0.117548    0.596728  6.01552 	Dead: 0
15  6.66526   0.13048     0.662379  6.01552 	Dead: 0
16  6.61401   0.124971    0.634411  5.93414 	Dead: 0
17  6.55091   0.115504    0.586352  5.93414 	Dead: 0
18  6.50242   0.111816    0.56763   5.91604 	Dead: 0
19  6.51391   0.115694    0.587315  5.91604 	Dead: 0
20  6.5576    0.116041    0.589079  5.91604 	Dead: 0
21  6.49089   0.107262    0.544511  5.91604 	Dead: 0
22  6.52801   0.110499    0.560944  5.91604 	Dead: 0
23  6.50387   0.113494    0.576149  5.91604 	Dead: 0
24  6.51841   0.118186    0.599967  5.91604 	Dead: 0
25  6.49405   0.11934     0.605824  5.85414 	Dead: 0
26  6.52285   0.116329    0.590541  5.85414 	Dead: 0
27  6.49979   0.111533    0.566194  5.85414 	Dead: 0
28  6.58872   0.127148    0.645462  5.85414 	Dead: 0
29  6.50034   0.118997    0.604084  5.85414 	Dead: 0
30  6.51875   0.122157    0.620128  5.85414 	Dead: 0
31  6.48734   0.118025    0.599149  5.85414 	Dead: 0
32  6.50594   0.123934    0.629149  5.85414 	Dead: 0
33  6.45948   0.107611    0.546281  5.85414 	Dead: 0
34  6.55387   0.134654    0.683564  5.85414 	Dead: 0
35  6.4968    0.120833    0.613405  5.85414 	Dead: 0
36  6.45068   0.110858    0.562767  5.85414 	Dead: 0
37  6.45023   0.113115    0.574227  5.85414 	Dead: 0
38  6.42747   0.107786    0.547172  5.85414 	Dead: 0
39  6.36009   0.101856    0.51707   5.85414 	Dead: 0
40  6.464     0.111094    0.563963  5.85414 	Dead: 0
41  6.40499   0.10773     0.546888  5.85414 	Dead: 0
42  6.49721   0.127654    0.648029  5.85414 	Dead: 0
43  6.40219   0.101791    0.516738  5.85414 	Dead: 0
44  6.48337   0.113417    0.575755  5.85414 	Dead: 0
45  6.39615   0.103749    0.526676  5.85414 	Dead: 0
46  6.47721   0.10993     0.558056  5.85414 	Dead: 0
47  6.4634    0.116246    0.590119  5.85414 	Dead: 0
48  6.40038   0.103699    0.526427  5.85414 	Dead: 0
49  6.44233   0.116255    0.590164  5.85414 	Dead: 0
50  6.4597    0.111283    0.564922  5.85414 	Dead: 0
51  6.3926    0.109958    0.558198  5.85414 	Dead: 0
52  6.39644   0.113407    0.575707  5.85414 	Dead: 0
53  6.4303    0.114328    0.580384  5.85414 	Dead: 0
54  6.38021   0.106928    0.542819  5.85414 	Dead: 0
55  6.35968   0.10589     0.537546  5.85414 	Dead: 0
56  6.32334   0.101012    0.512784  5.85414 	Dead: 0
57  6.33355   0.10305     0.523129  5.84306 	Dead: 0
58  6.34012   0.103505    0.525442  5.84306 	Dead: 0
59  6.39084   0.115023    0.583909  5.84306 	Dead: 0
60  6.38271   0.104129    0.528606  5.84306 	Dead: 0
61  6.41394   0.122996    0.624383  5.81209 	Dead: 0
62  6.44297   0.121744    0.618031  5.81209 	Dead: 0
63  6.35348   0.0997232   0.506242  5.81209 	Dead: 0
64  6.41821   0.117672    0.597356  5.81209 	Dead: 0
65  6.41952   0.118054    0.599296  5.81209 	Dead: 0
66  6.4069    0.111564    0.566349  5.77423 	Dead: 0
67  6.37769   0.113437    0.575859  5.77423 	Dead: 0
68  6.3739    0.107709    0.546782  5.77423 	Dead: 0
69  6.3023    0.0975278   0.495097  5.77423 	Dead: 0
70  6.43493   0.127841    0.648981  5.77423 	Dead: 0
71  6.32048   0.0957882   0.486266  5.77423 	Dead: 0
72  6.43473   0.120994    0.614223  5.77423 	Dead: 0
73  6.24066   0.0855658   0.434372  5.77423 	Dead: 0
74  6.34322   0.107105    0.543714  5.77279 	Dead: 0
75  6.26451   0.101443    0.514974  5.77279 	Dead: 0
76  6.32359   0.107762    0.54705   5.77279 	Dead: 0
77  6.24832   0.0871225   0.442275  5.77279 	Dead: 0
78  6.25254   0.0892227   0.452936  5.77279 	Dead: 0
79  6.26175   0.0939287   0.476826  5.77279 	Dead: 0
80  6.3347    0.110631    0.561616  5.76717 	Dead: 0
81  6.3128    0.104183    0.528883  5.75413 	Dead: 0
82  6.21623   0.0884083   0.448802  5.75413 	Dead: 0
83  6.32616   0.114978    0.583681  5.75413 	Dead: 0
84  6.31861   0.107102    0.5437    5.75413 	Dead: 0
85  6.35972   0.116645    0.592144  5.75413 	Dead: 0
86  6.24959   0.0937802   0.476072  5.75413 	Dead: 0
87  6.27209   0.105263    0.534365  5.75413 	Dead: 0
88  6.35186   0.117317    0.595558  5.75409 	Dead: 0
89  6.24392   0.102646    0.521078  5.75409 	Dead: 0
90  6.20824   0.08506     0.431804  5.75409 	Dead: 0
91  6.21965   0.0913574   0.463773  5.75409 	Dead: 0
92  6.34536   0.121224    0.615391  5.75409 	Dead: 0
93  6.32996   0.112595    0.571584  5.75409 	Dead: 0
94  6.27059   0.100631    0.510851  5.75409 	Dead: 0
95  6.27704   0.105546    0.535801  5.75409 	Dead: 0
96  6.27022   0.105762    0.536898  5.67934 	Dead: 0
97  6.25018   0.100516    0.510266  5.67934 	Dead: 0
98  6.24844   0.100394    0.509648  5.67934 	Dead: 0
99  6.29424   0.108487    0.550729  5.67934 	Dead: 0
100 6.25728   0.108595    0.551281  5.67934 	Dead: 0
