13.017    0.124638    0.632719  10.9759 	Dead: 0
4.50713   0.16653     0.845383  3.57143 	Dead: 0
3.80551   0.125257    0.635864  3.189   	Dead: 0
3.61778   0.11756     0.596789  3.09512 	Dead: 0
3.53823   0.143836    0.73018   2.96716 	Dead: 0
3.3479    0.0784116   0.398054  2.84832 	Dead: 0
3.36814   0.0954305   0.484449  2.84832 	Dead: 0
3.4401    0.149095    0.756876  2.78301 	Dead: 0
3.27811   0.0924161   0.469147  2.78301 	Dead: 0
3.33543   0.140908    0.715312  2.72699 	Dead: 0
3.27588   0.110247    0.559663  2.68676 	Dead: 0
3.30459   0.158304    0.803627  2.68676 	Dead: 0
3.26033   0.128429    0.651967  2.68676 	Dead: 0
3.34039   0.174887    0.887807  2.68676 	Dead: 0
3.12325   0.0972626   0.49375   2.52829 	Dead: 0
3.13321   0.133185    0.676107  2.52829 	Dead: 0
3.15143   0.153701    0.780259  2.51524 	Dead: 0
3.04804   0.12927     0.656236  2.51524 	Dead: 0
2.95458   0.11064     0.561662  2.48167 	Dead: 0
2.89383   0.1234      0.626435  2.40592 	Dead: 0
2.84277   0.0933648   0.473963  2.40592 	Dead: 0
2.97017   0.156269    0.793294  2.39749 	Dead: 0
2.7626    0.0672116   0.341198  2.37792 	Dead: 0
2.80095   0.103716    0.526508  2.35243 	Dead: 0
2.9109    0.179236    0.909885  2.2259  	Dead: 0
2.68545   0.106165    0.538943  2.2259  	Dead: 0
2.83053   0.176289    0.894926  2.1505  	Dead: 0
2.60649   0.0811309   0.411858  2.1505  	Dead: 0
2.70977   0.157412    0.799099  2.1505  	Dead: 0
2.66813   0.119562    0.606954  2.1505  	Dead: 0
2.76619   0.165483    0.840069  2.1505  	Dead: 0
2.64323   0.117865    0.598335  2.1505  	Dead: 0
2.6259    0.116179    0.589778  2.1505  	Dead: 0
2.79994   0.166901    0.847266  2.1505  	Dead: 0
2.66593   0.110196    0.559406  2.1505  	Dead: 0
2.77202   0.179302    0.910221  2.1505  	Dead: 0
2.66611   0.117094    0.594422  2.1505  	Dead: 0
2.58901   0.106354    0.539903  2.1505  	Dead: 0
2.75793   0.174099    0.883806  2.1505  	Dead: 0
2.72904   0.152044    0.771846  2.1505  	Dead: 0
2.69042   0.157186    0.797952  2.1505  	Dead: 0
2.62356   0.128549    0.652573  2.1505  	Dead: 0
2.58184   0.116583    0.591827  2.13768 	Dead: 0
2.68112   0.131687    0.668505  2.13768 	Dead: 0
2.68235   0.15964     0.810405  2.13768 	Dead: 0
2.61125   0.130796    0.66398   2.13768 	Dead: 0
2.66792   0.135727    0.689014  2.13768 	Dead: 0
2.6112    0.103079    0.523276  2.13768 	Dead: 0
2.65413   0.160633    0.815449  2.13768 	Dead: 0
2.65092   0.132829    0.674302  2.13768 	Dead: 0
2.70073   0.17798     0.903509  2.13768 	Dead: 0
2.5902    0.10349     0.525364  2.13768 	Dead: 0
2.64728   0.121916    0.618902  2.10894 	Dead: 0
2.74192   0.20653     1.04844   2.10894 	Dead: 0
2.72859   0.165722    0.841282  2.10894 	Dead: 0
2.68907   0.150307    0.76303   2.10894 	Dead: 0
2.60324   0.10446     0.530288  2.10894 	Dead: 0
2.57012   0.106549    0.540895  2.10894 	Dead: 0
2.6662    0.13568     0.688775  2.10894 	Dead: 0
2.75287   0.182548    0.9267    2.10894 	Dead: 0
2.59379   0.151637    0.76978   2.07094 	Dead: 0
2.57355   0.121207    0.615304  2.07094 	Dead: 0
2.59143   0.115666    0.587177  2.07094 	Dead: 0
2.59299   0.12274     0.623086  2.07094 	Dead: 0
2.66408   0.172953    0.877991  2.07094 	Dead: 0
2.60385   0.146903    0.745749  2.07094 	Dead: 0
2.56272   0.142146    0.721599  2.07094 	Dead: 0
2.5563    0.122996    0.624385  2.07094 	Dead: 0
2.61642   0.144849    0.73532   2.07094 	Dead: 0
2.60796   0.142966    0.725761  2.06259 	Dead: 0
2.68442   0.203388    1.03249   2.06259 	Dead: 0
2.61508   0.144283    0.732449  2.06259 	Dead: 0
2.66085   0.147984    0.751234  2.06259 	Dead: 0
2.58613   0.148614    0.754436  2.06259 	Dead: 0
2.65887   0.175969    0.893301  2.06259 	Dead: 0
2.49277   0.0979575   0.497278  2.06259 	Dead: 0
2.71585   0.218634    1.10989   2.06259 	Dead: 0
2.51941   0.111601    0.566537  2.06259 	Dead: 0
2.6875    0.192233    0.975865  2.06259 	Dead: 0
2.53875   0.12844     0.652021  2.06259 	Dead: 0
2.58978   0.149272    0.757772  2.06259 	Dead: 0
2.6046    0.185314    0.940738  2.06259 	Dead: 0
2.56033   0.135222    0.686452  2.06259 	Dead: 0
2.56894   0.112363    0.570408  2.06259 	Dead: 0
2.58779   0.126827    0.643834  2.06259 	Dead: 0
2.4457    0.0848325   0.430649  2.06259 	Dead: 0
2.61465   0.150413    0.763569  2.06259 	Dead: 0
2.71834   0.205934    1.04542   2.06259 	Dead: 0
2.62294   0.144284    0.732451  2.06259 	Dead: 0
2.57194   0.129562    0.657716  2.03189 	Dead: 0
2.671     0.193964    0.984653  2.03189 	Dead: 0
2.69418   0.210499    1.06859   2.03189 	Dead: 0
2.67521   0.177622    0.901694  2.03189 	Dead: 0
2.50865   0.124505    0.632045  2.03189 	Dead: 0
2.59967   0.143985    0.730934  2.03189 	Dead: 0
2.50026   0.123949    0.629222  2.03189 	Dead: 0
2.55169   0.15038     0.763401  2.03189 	Dead: 0
2.71313   0.208684    1.05938   2.03189 	Dead: 0
2.63189   0.172277    0.874557  2.03189 	Dead: 0
2.57871   0.151961    0.771422  2.03189 	Dead: 0
2.47368   0.109616    0.556464  2.03189 	Dead: 0
