16.3847   0.0639814   0.3248    15.522  	Dead: 0
15.2792   0.0259468   0.131718  14.9926 	Dead: 0
14.9474   0.0241031   0.122359  14.7096 	Dead: 0
14.6032   0.0226152   0.114805  14.3399 	Dead: 0
14.4435   0.0253943   0.128914  14.2676 	Dead: 0
14.2671   0.0221312   0.112348  14.0176 	Dead: 0
14.1548   0.0285667   0.145018  13.8852 	Dead: 0
14.0723   0.0287491   0.145944  13.7925 	Dead: 0
14.0284   0.032531    0.165142  13.7385 	Dead: 0
13.9633   0.0306463   0.155575  13.6981 	Dead: 0
13.9193   0.0323787   0.164369  13.587  	Dead: 0
13.8995   0.0356828   0.181143  13.5751 	Dead: 0
13.8327   0.0328474   0.166749  13.5718 	Dead: 0
13.7986   0.0336979   0.171066  13.4662 	Dead: 0
13.7665   0.0350499   0.17793   13.3891 	Dead: 0
13.7241   0.0330503   0.167779  13.3891 	Dead: 0
13.7388   0.0388662   0.197303  13.3891 	Dead: 0
13.6912   0.032532    0.165148  13.3891 	Dead: 0
13.6897   0.0393635   0.199828  13.3206 	Dead: 0
13.6846   0.0404976   0.205585  13.3206 	Dead: 0
13.6703   0.0358275   0.181877  13.2643 	Dead: 0
13.6528   0.0353064   0.179232  13.2643 	Dead: 0
13.6745   0.038525    0.195571  13.2643 	Dead: 0
13.6733   0.0424717   0.215606  13.2643 	Dead: 0
13.6129   0.0325601   0.16529   13.2643 	Dead: 0
13.6298   0.0351371   0.178372  13.2643 	Dead: 0
13.6092   0.0340338   0.172771  13.2643 	Dead: 0
13.6467   0.0408112   0.207177  13.2643 	Dead: 0
13.6118   0.0348413   0.176871  13.2643 	Dead: 0
13.6187   0.0407115   0.206671  13.2643 	Dead: 0
13.5946   0.0362163   0.183851  13.2643 	Dead: 0
13.5952   0.0358522   0.182002  13.2643 	Dead: 0
13.5863   0.0369546   0.187599  13.2643 	Dead: 0
13.5775   0.037596    0.190855  13.2643 	Dead: 0
13.5674   0.0411622   0.208959  13.2643 	Dead: 0
13.5556   0.0412718   0.209515  13.2643 	Dead: 0
13.5433   0.0349907   0.177629  13.2643 	Dead: 0
13.5459   0.0368455   0.187045  13.2643 	Dead: 0
13.5536   0.039334    0.199678  13.261  	Dead: 0
13.5307   0.0382123   0.193983  13.2433 	Dead: 0
13.5308   0.0381124   0.193476  13.2229 	Dead: 0
13.5287   0.0372793   0.189247  13.2229 	Dead: 0
13.5334   0.0406449   0.206333  13.2229 	Dead: 0
13.5129   0.0367765   0.186695  13.2229 	Dead: 0
13.5062   0.0376743   0.191253  13.2225 	Dead: 0
13.4874   0.0408222   0.207233  13.1451 	Dead: 0
13.4831   0.0396542   0.201303  13.1451 	Dead: 0
13.4403   0.0340158   0.17268   13.1437 	Dead: 0
13.4178   0.0345844   0.175566  13.1232 	Dead: 0
13.4345   0.0371224   0.18845   13.1232 	Dead: 0
13.4311   0.0377983   0.191882  13.1232 	Dead: 0
13.4211   0.03751     0.190418  13.1232 	Dead: 0
13.4159   0.0402123   0.204136  13.1232 	Dead: 0
13.421    0.0427646   0.217093  13.1232 	Dead: 0
13.3617   0.0376869   0.191316  12.9442 	Dead: 0
13.2893   0.0418794   0.2126    12.8934 	Dead: 0
13.2166   0.0380646   0.193234  12.8934 	Dead: 0
13.2428   0.0448317   0.227587  12.8934 	Dead: 0
13.1984   0.0367461   0.18654   12.8934 	Dead: 0
13.1904   0.0373897   0.189807  12.8934 	Dead: 0
13.1716   0.0417742   0.212065  12.8934 	Dead: 0
13.1703   0.0394997   0.200519  12.8856 	Dead: 0
13.1641   0.0379732   0.19277   12.7301 	Dead: 0
13.189    0.0400754   0.203441  12.7301 	Dead: 0
13.1967   0.0443718   0.225252  12.7264 	Dead: 0
13.1563   0.0411175   0.208732  12.7264 	Dead: 0
13.1309   0.0382267   0.194057  12.7264 	Dead: 0
13.1172   0.0449778   0.228328  12.7264 	Dead: 0
13.0673   0.0457575   0.232287  12.7264 	Dead: 0
13.0102   0.0437259   0.221973  12.6074 	Dead: 0
12.9813   0.0431646   0.219124  12.6074 	Dead: 0
12.9746   0.0434453   0.220548  12.6074 	Dead: 0
12.9674   0.0393301   0.199658  12.6074 	Dead: 0
12.9606   0.0400548   0.203337  12.6074 	Dead: 0
12.9287   0.0382214   0.19403   12.6074 	Dead: 0
12.9194   0.0396939   0.201505  12.6074 	Dead: 0
12.9122   0.0402975   0.204569  12.6074 	Dead: 0
12.9385   0.0433373   0.22      12.6074 	Dead: 0
12.9163   0.0422184   0.21432   12.6074 	Dead: 0
12.9171   0.0473769   0.240507  12.5901 	Dead: 0
12.8896   0.0400914   0.203522  12.5901 	Dead: 0
12.8853   0.0431955   0.21928   12.5821 	Dead: 0
12.8849   0.0448871   0.227868  12.5733 	Dead: 0
12.8817   0.0424489   0.21549   12.5733 	Dead: 0
12.8993   0.0450664   0.228778  12.5733 	Dead: 0
12.8768   0.0413635   0.20998   12.5733 	Dead: 0
12.8406   0.0418316   0.212357  12.5733 	Dead: 0
12.821    0.0418079   0.212236  12.4773 	Dead: 0
12.7555   0.0448401   0.227629  12.245  	Dead: 0
12.6917   0.0504855   0.256288  12.1811 	Dead: 0
12.5353   0.0406724   0.206472  12.1811 	Dead: 0
12.5195   0.0461389   0.234222  12.0786 	Dead: 0
12.4637   0.0412307   0.209306  12.0786 	Dead: 0
12.3812   0.0356702   0.181079  12.0773 	Dead: 0
12.4079   0.041036    0.208318  12.0582 	Dead: 0
12.407    0.0537799   0.273012  12.0582 	Dead: 0
12.0104   0.041585    0.211105  11.6759 	Dead: 0
11.9027   0.0328127   0.166572  11.6119 	Dead: 0
11.8781   0.0429918   0.218246  11.5238 	Dead: 0
11.8881   0.0592656   0.30086   11.4493 	Dead: 0
11.8737   0.0458175   0.232591  11.4493 	Dead: 0
