9.32247   0.0868837   0.441062  8.41368 	Dead: 0
8.37795   0.0416423   0.211396  8.03406 	Dead: 0
8.24649   0.0452421   0.22967   7.8932  	Dead: 0
8.11492   0.0383706   0.194787  7.76937 	Dead: 0
8.09375   0.0478446   0.242882  7.69055 	Dead: 0
8.06088   0.0436671   0.221675  7.69055 	Dead: 0
8.05826   0.0455767   0.231369  7.69055 	Dead: 0
8.04909   0.045419    0.230568  7.68083 	Dead: 0
8.03569   0.053692    0.272565  7.68083 	Dead: 0
8.07079   0.0547297   0.277833  7.68083 	Dead: 0
8.00113   0.0435441   0.22105   7.58587 	Dead: 0
8.01114   0.0461742   0.234402  7.58587 	Dead: 0
7.9886    0.0436555   0.221616  7.58587 	Dead: 0
8.03674   0.056531    0.286978  7.58587 	Dead: 0
8.0353    0.0559622   0.28409   7.58587 	Dead: 0
8.03335   0.0486305   0.246871  7.58587 	Dead: 0
8.01622   0.0541453   0.274867  7.58587 	Dead: 0
8.02115   0.0490038   0.248766  7.58587 	Dead: 0
8.04744   0.070116    0.355941  7.58587 	Dead: 0
8.01256   0.0588215   0.298605  7.48128 	Dead: 0
7.99418   0.0566637   0.287652  7.48128 	Dead: 0
7.99978   0.0613463   0.311422  7.48128 	Dead: 0
7.95746   0.0536672   0.27244   7.48128 	Dead: 0
8.02153   0.0738483   0.374888  7.48128 	Dead: 0
8.01976   0.0707338   0.359078  7.48128 	Dead: 0
7.99537   0.0545368   0.276854  7.48128 	Dead: 0
8.03879   0.0836899   0.424849  7.48128 	Dead: 0
8.03783   0.0771145   0.391469  7.48128 	Dead: 0
7.9833    0.0596258   0.302689  7.48128 	Dead: 0
8.01566   0.0665908   0.338046  7.48128 	Dead: 0
7.98976   0.0705438   0.358113  7.48128 	Dead: 0
8.00886   0.0704923   0.357852  7.48128 	Dead: 0
7.98157   0.0588397   0.298698  7.48128 	Dead: 0
7.9704    0.0616302   0.312864  7.48128 	Dead: 0
7.97375   0.0558145   0.28334   7.48128 	Dead: 0
8.01994   0.0737261   0.374268  7.48128 	Dead: 0
7.95799   0.0557222   0.282872  7.48128 	Dead: 0
7.97867   0.0622526   0.316023  7.48128 	Dead: 0
7.96904   0.062885    0.319234  7.48128 	Dead: 0
7.96445   0.0597491   0.303314  7.48128 	Dead: 0
7.94121   0.0508823   0.258302  7.48128 	Dead: 0
7.9508    0.0587499   0.298242  7.48128 	Dead: 0
7.97956   0.0632802   0.32124   7.48128 	Dead: 0
7.98864   0.0640053   0.324921  7.48128 	Dead: 0
8.01346   0.0738262   0.374776  7.48128 	Dead: 0
7.99144   0.0748152   0.379797  7.48128 	Dead: 0
7.98627   0.071016    0.36051   7.48128 	Dead: 0
7.98103   0.0701913   0.356324  7.48128 	Dead: 0
8.00301   0.0760751   0.386193  7.48128 	Dead: 0
7.95455   0.053418    0.271174  7.48128 	Dead: 0
7.93873   0.0568773   0.288736  7.48128 	Dead: 0
7.93527   0.0516108   0.262     7.48128 	Dead: 0
7.97891   0.0722541   0.366796  7.48128 	Dead: 0
7.92626   0.0542076   0.275183  7.48128 	Dead: 0
7.93045   0.0532044   0.27009   7.48128 	Dead: 0
7.93579   0.0567662   0.288172  7.48128 	Dead: 0
7.98994   0.0827738   0.420199  7.48128 	Dead: 0
7.93376   0.0610814   0.310078  7.44402 	Dead: 0
7.89089   0.0507099   0.257427  7.44402 	Dead: 0
7.91701   0.0592213   0.300635  7.44402 	Dead: 0
7.91841   0.0610126   0.309729  7.37432 	Dead: 0
7.9109    0.0647588   0.328746  7.37432 	Dead: 0
7.88486   0.054823    0.278307  7.37432 	Dead: 0
7.86042   0.0515787   0.261837  7.37432 	Dead: 0
7.84663   0.0516621   0.262261  7.37432 	Dead: 0
7.91116   0.0725233   0.368162  7.37432 	Dead: 0
7.88168   0.0598862   0.30401   7.37432 	Dead: 0
7.93305   0.0884637   0.449083  7.37432 	Dead: 0
7.89208   0.0724779   0.367931  7.37432 	Dead: 0
7.85389   0.0558766   0.283656  7.37432 	Dead: 0
7.85934   0.0645012   0.327438  7.37432 	Dead: 0
7.86438   0.0656399   0.333219  7.37432 	Dead: 0
7.8429    0.0690557   0.350559  7.37432 	Dead: 0
7.8651    0.0693471   0.352038  7.37432 	Dead: 0
7.81822   0.0554887   0.281687  7.37432 	Dead: 0
7.817     0.055893    0.283739  7.37432 	Dead: 0
7.79941   0.0521533   0.264755  7.37432 	Dead: 0
7.81985   0.0552409   0.280429  7.27765 	Dead: 0
7.79447   0.0662721   0.336428  7.27765 	Dead: 0
7.83315   0.072233    0.366689  7.27765 	Dead: 0
7.80691   0.0566653   0.287659  7.26279 	Dead: 0
7.8365    0.0574631   0.291709  7.26279 	Dead: 0
7.84889   0.0715306   0.363122  7.26279 	Dead: 0
7.88438   0.0875868   0.444632  7.26279 	Dead: 0
7.82127   0.0643325   0.326582  7.26279 	Dead: 0
7.80308   0.0578356   0.2936    7.26279 	Dead: 0
7.81474   0.0662342   0.336236  7.26279 	Dead: 0
7.80205   0.0567135   0.287904  7.26279 	Dead: 0
7.82655   0.068252    0.346479  7.26279 	Dead: 0
7.8366    0.0688188   0.349356  7.26279 	Dead: 0
7.81509   0.0586995   0.297986  7.26279 	Dead: 0
7.79864   0.0612231   0.310797  7.26279 	Dead: 0
7.81234   0.0645279   0.327574  7.26279 	Dead: 0
7.8226    0.0603173   0.306199  7.26279 	Dead: 0
7.80561   0.0540635   0.274452  7.26279 	Dead: 0
7.79909   0.0641855   0.325836  7.26279 	Dead: 0
7.86466   0.0693234   0.351918  7.26279 	Dead: 0
7.81289   0.0794518   0.403334  7.25986 	Dead: 0
7.81197   0.0709449   0.36015   7.25986 	Dead: 0
7.7995    0.0606886   0.308084  7.25986 	Dead: 0
7.79884   0.0678742   0.344561  7.25986 	Dead: 0
