5.70249   0.105397    0.535045  4.74235 	Dead: 0
4.04453   0.0438063   0.222381  3.67286 	Dead: 0
3.93438   0.0499638   0.25364   3.49282 	Dead: 0
3.81063   0.0507423   0.257592  3.39093 	Dead: 0
3.73969   0.0415379   0.210866  3.39093 	Dead: 0
3.73762   0.0536873   0.272542  3.37188 	Dead: 0
3.74555   0.05433     0.275804  3.37188 	Dead: 0
3.70941   0.0402432   0.204293  3.37188 	Dead: 0
3.72582   0.0522886   0.265441  3.37188 	Dead: 0
3.72119   0.0659967   0.33503   3.37188 	Dead: 0
3.696     0.0504124   0.255917  3.37188 	Dead: 0
3.70062   0.0514702   0.261287  3.37188 	Dead: 0
3.68571   0.0485742   0.246585  3.37188 	Dead: 0
3.70371   0.0520723   0.264343  3.37188 	Dead: 0
3.72276   0.0680033   0.345217  3.37188 	Dead: 0
3.71659   0.0515128   0.261503  3.37188 	Dead: 0
3.6727    0.0460695   0.23387   3.37188 	Dead: 0
3.69618   0.0503131   0.255413  3.37188 	Dead: 0
3.6926    0.0506606   0.257177  3.37188 	Dead: 0
3.69754   0.0510353   0.259079  3.37188 	Dead: 0
3.69622   0.0495877   0.25173   3.37188 	Dead: 0
3.65696   0.0446974   0.226905  3.37188 	Dead: 0
3.67678   0.045611    0.231543  3.37064 	Dead: 0
3.67138   0.0465098   0.236106  3.34956 	Dead: 0
3.67308   0.0541287   0.274783  3.34956 	Dead: 0
3.63253   0.0447562   0.227203  3.34956 	Dead: 0
3.63139   0.0422268   0.214363  3.34956 	Dead: 0
3.64397   0.0465489   0.236304  3.34956 	Dead: 0
3.68647   0.0644922   0.327393  3.33472 	Dead: 0
3.63922   0.0438216   0.222459  3.33472 	Dead: 0
3.67689   0.0752026   0.381763  3.33472 	Dead: 0
3.62824   0.0476258   0.241771  3.28908 	Dead: 0
3.65755   0.0508715   0.258247  3.28908 	Dead: 0
3.65732   0.0471654   0.239433  3.28908 	Dead: 0
3.67295   0.0557391   0.282958  3.28908 	Dead: 0
3.67596   0.0630978   0.320314  3.28908 	Dead: 0
3.65768   0.0534723   0.27145   3.28908 	Dead: 0
3.6659    0.0548625   0.278508  3.28908 	Dead: 0
3.65261   0.0470892   0.239047  3.28908 	Dead: 0
3.63769   0.0439182   0.222949  3.28908 	Dead: 0
3.64779   0.0529464   0.26878   3.28908 	Dead: 0
3.65261   0.0526269   0.267159  3.28908 	Dead: 0
3.64807   0.0515195   0.261537  3.28908 	Dead: 0
3.63001   0.045817    0.232588  3.28908 	Dead: 0
3.68519   0.0572453   0.290604  3.28908 	Dead: 0
3.65898   0.0519955   0.263953  3.28908 	Dead: 0
3.64346   0.0557599   0.283063  3.18935 	Dead: 0
3.67611   0.059736    0.303248  3.18935 	Dead: 0
3.65841   0.0620523   0.315006  3.18935 	Dead: 0
3.63938   0.0480066   0.243704  3.18935 	Dead: 0
3.61978   0.0497083   0.252342  3.18935 	Dead: 0
3.68572   0.0592068   0.300562  3.18935 	Dead: 0
3.61988   0.0472128   0.239674  3.18935 	Dead: 0
3.63956   0.0585647   0.297302  3.18935 	Dead: 0
3.64375   0.0554875   0.281681  3.18935 	Dead: 0
3.6346    0.0530042   0.269074  3.18935 	Dead: 0
3.63203   0.0462654   0.234865  3.18935 	Dead: 0
3.66321   0.0558684   0.283614  3.18935 	Dead: 0
3.63745   0.0546875   0.277619  3.18935 	Dead: 0
3.65728   0.0536993   0.272603  3.18935 	Dead: 0
3.63121   0.0458226   0.232617  3.18935 	Dead: 0
3.64635   0.0530406   0.269259  3.18935 	Dead: 0
3.61571   0.0473351   0.240295  3.18935 	Dead: 0
3.64341   0.0496198   0.251893  3.18935 	Dead: 0
3.63083   0.0539204   0.273725  3.18935 	Dead: 0
3.63866   0.0653908   0.331954  3.18935 	Dead: 0
3.63226   0.055627    0.282389  3.18935 	Dead: 0
3.61386   0.0527908   0.267991  3.18935 	Dead: 0
3.64357   0.060007    0.304623  3.18935 	Dead: 0
3.62408   0.059005    0.299537  3.18935 	Dead: 0
3.65513   0.0576256   0.292535  3.18935 	Dead: 0
3.65575   0.0591855   0.300453  3.18935 	Dead: 0
3.61679   0.0554755   0.28162   3.18935 	Dead: 0
3.57207   0.0424079   0.215282  3.18935 	Dead: 0
3.6022    0.0494075   0.250815  3.18935 	Dead: 0
3.62092   0.0562616   0.28561   3.18935 	Dead: 0
3.61706   0.0545566   0.276955  3.18935 	Dead: 0
3.59702   0.0468774   0.237971  3.18935 	Dead: 0
3.66144   0.0695749   0.353194  3.18935 	Dead: 0
3.65341   0.0673048   0.341671  3.18935 	Dead: 0
3.64734   0.0693941   0.352277  3.18935 	Dead: 0
3.63172   0.0539869   0.274062  3.18935 	Dead: 0
3.64566   0.0557361   0.282942  3.18935 	Dead: 0
3.65151   0.0598323   0.303737  3.18935 	Dead: 0
3.59938   0.0466051   0.236589  3.18935 	Dead: 0
3.65602   0.0728686   0.369915  3.18935 	Dead: 0
3.60541   0.0557252   0.282887  3.18935 	Dead: 0
3.63684   0.0575923   0.292365  3.18935 	Dead: 0
3.64994   0.0537319   0.272768  3.18935 	Dead: 0
3.63833   0.0622985   0.316256  3.18935 	Dead: 0
3.60817   0.0559432   0.283994  3.18935 	Dead: 0
3.62587   0.0553674   0.281071  3.18935 	Dead: 0
3.63777   0.0604609   0.306928  3.18935 	Dead: 0
3.63116   0.0533829   0.270996  3.18935 	Dead: 0
3.61439   0.0540699   0.274484  3.18935 	Dead: 0
3.63049   0.0692796   0.351696  3.18935 	Dead: 0
3.60531   0.0539729   0.273992  3.18935 	Dead: 0
3.59165   0.0499015   0.253323  3.18935 	Dead: 0
3.61568   0.0532446   0.270294  3.17866 	Dead: 0
3.62253   0.0582176   0.29554   3.17866 	Dead: 0
3.59371   0.051409    0.260976  3.17866 	Dead: 0
