5.57063   0.110361    0.560243  4.50342 	Dead: 0
4.4361    0.0469856   0.238521  3.97854 	Dead: 0
4.23906   0.054521    0.276774  3.64261 	Dead: 0
4.12214   0.0457311   0.232152  3.64261 	Dead: 0
4.09935   0.0490612   0.249057  3.64261 	Dead: 0
4.07394   0.0498572   0.253098  3.64261 	Dead: 0
4.1345    0.0579035   0.293945  3.64261 	Dead: 0
4.04261   0.0479856   0.243597  3.58562 	Dead: 0
4.04197   0.0451036   0.228967  3.58562 	Dead: 0
4.04706   0.0513485   0.260669  3.58562 	Dead: 0
4.02139   0.0455832   0.231402  3.58562 	Dead: 0
4.0235    0.0518989   0.263463  3.58562 	Dead: 0
4.07206   0.0561966   0.28528   3.58562 	Dead: 0
4.02801   0.0518684   0.263308  3.58562 	Dead: 0
4.02615   0.0552389   0.280418  3.58562 	Dead: 0
4.02729   0.0499314   0.253475  3.58562 	Dead: 0
4.00389   0.0488794   0.248135  3.58562 	Dead: 0
4.0196    0.057021    0.289465  3.58562 	Dead: 0
3.99892   0.0495147   0.25136   3.58562 	Dead: 0
3.99862   0.052644    0.267245  3.58562 	Dead: 0
3.9807    0.0490958   0.249233  3.58562 	Dead: 0
4.0253    0.0569356   0.289032  3.58562 	Dead: 0
3.98318   0.0481559   0.244462  3.58562 	Dead: 0
4.03599   0.053338    0.270769  3.58562 	Dead: 0
4.0355    0.0583973   0.296452  3.58562 	Dead: 0
3.98447   0.0580802   0.294842  3.58562 	Dead: 0
3.93981   0.0454638   0.230795  3.55136 	Dead: 0
3.95655   0.0491079   0.249294  3.55136 	Dead: 0
4.00292   0.0577819   0.293328  3.55136 	Dead: 0
4.03263   0.0623339   0.316436  3.55136 	Dead: 0
3.9838    0.0561815   0.285203  3.55136 	Dead: 0
3.95813   0.0510759   0.259285  3.55136 	Dead: 0
3.9857    0.0569283   0.288994  3.55136 	Dead: 0
3.93769   0.0482901   0.245143  3.55136 	Dead: 0
3.97738   0.0487833   0.247647  3.55136 	Dead: 0
3.95514   0.0494913   0.251241  3.55136 	Dead: 0
3.96588   0.0526975   0.267517  3.55136 	Dead: 0
3.9641    0.054495    0.276642  3.55136 	Dead: 0
3.93919   0.0489533   0.24851   3.55136 	Dead: 0
3.94851   0.052727    0.267667  3.55136 	Dead: 0
3.93448   0.05159     0.261895  3.55136 	Dead: 0
3.97757   0.0618761   0.314112  3.53073 	Dead: 0
3.93504   0.0532316   0.270228  3.53073 	Dead: 0
3.93736   0.0536892   0.272551  3.53073 	Dead: 0
3.90968   0.0464741   0.235924  3.53073 	Dead: 0
3.89386   0.0476817   0.242054  3.53073 	Dead: 0
3.89752   0.0499225   0.25343   3.53073 	Dead: 0
3.89413   0.0470243   0.238717  3.53073 	Dead: 0
3.92068   0.0467659   0.237405  3.53073 	Dead: 0
3.90653   0.0549294   0.278847  3.53073 	Dead: 0
3.92627   0.0529966   0.269036  3.53073 	Dead: 0
3.9234    0.0553575   0.28102   3.53073 	Dead: 0
3.94008   0.0533175   0.270664  3.53073 	Dead: 0
3.91096   0.0477838   0.242573  3.53073 	Dead: 0
3.91576   0.0520003   0.263978  3.53073 	Dead: 0
3.91097   0.051629    0.262093  3.53073 	Dead: 0
3.94059   0.0525271   0.266652  3.53073 	Dead: 0
3.90176   0.0530892   0.269505  3.53073 	Dead: 0
3.95117   0.0602282   0.305746  3.53073 	Dead: 0
3.9333    0.0580319   0.294597  3.53073 	Dead: 0
3.93721   0.0611568   0.31046   3.53073 	Dead: 0
3.9177    0.0523021   0.26551   3.53073 	Dead: 0
3.92675   0.0557414   0.282969  3.50991 	Dead: 0
3.91282   0.0547904   0.278142  3.50991 	Dead: 0
3.90611   0.0513031   0.260439  3.50991 	Dead: 0
3.92544   0.0560995   0.284787  3.50991 	Dead: 0
3.91258   0.0490797   0.249151  3.50991 	Dead: 0
3.93173   0.0547877   0.278128  3.50991 	Dead: 0
3.92229   0.0478582   0.242951  3.50991 	Dead: 0
3.91889   0.0522841   0.265418  3.50991 	Dead: 0
3.9332    0.0524352   0.266185  3.50991 	Dead: 0
3.94941   0.0557585   0.283056  3.50991 	Dead: 0
3.89833   0.0508969   0.258377  3.50991 	Dead: 0
3.90224   0.0532955   0.270553  3.38932 	Dead: 0
3.89927   0.051838    0.263154  3.38932 	Dead: 0
3.9011    0.0509201   0.258494  3.38932 	Dead: 0
3.95083   0.054887    0.278632  3.38932 	Dead: 0
3.88649   0.0472913   0.240072  3.38932 	Dead: 0
3.90442   0.0531299   0.269712  3.38932 	Dead: 0
3.90089   0.0518451   0.26319   3.38932 	Dead: 0
3.90088   0.0480595   0.243972  3.38932 	Dead: 0
3.89217   0.0502689   0.255189  3.38932 	Dead: 0
3.90696   0.0521145   0.264557  3.38932 	Dead: 0
3.88693   0.0494994   0.251282  3.38932 	Dead: 0
3.92541   0.0526221   0.267135  3.38932 	Dead: 0
3.90251   0.051717    0.26254   3.38932 	Dead: 0
3.87728   0.0500051   0.253849  3.38932 	Dead: 0
3.87583   0.051386    0.260859  3.38932 	Dead: 0
3.89667   0.0536954   0.272583  3.38932 	Dead: 0
3.86548   0.0499066   0.253349  3.38932 	Dead: 0
3.89923   0.0580721   0.294801  3.36821 	Dead: 0
3.8698    0.0526999   0.267529  3.36821 	Dead: 0
3.88825   0.0507697   0.257731  3.36821 	Dead: 0
3.89263   0.0548135   0.278259  3.36821 	Dead: 0
3.87836   0.0523746   0.265878  3.36821 	Dead: 0
3.88099   0.0526715   0.267385  3.36821 	Dead: 0
3.86246   0.0510634   0.259222  3.36821 	Dead: 0
3.89944   0.0561405   0.284995  3.36821 	Dead: 0
3.89393   0.0626548   0.318065  3.36821 	Dead: 0
3.87281   0.0539798   0.274027  3.36821 	Dead: 0
3.88984   0.0607444   0.308367  3.36821 	Dead: 0
