7.24686   0.0434711   0.220679  6.76424 	Dead: 0
6.53651   0.0389455   0.197705  6.13398 	Dead: 0
6.41579   0.0449246   0.228058  5.94803 	Dead: 0
6.37231   0.0485876   0.246653  5.94803 	Dead: 0
6.31575   0.0439753   0.223239  5.93305 	Dead: 0
6.25672   0.0488633   0.248053  5.68868 	Dead: 0
6.21238   0.0424324   0.215407  5.68868 	Dead: 0
6.22314   0.0474736   0.240998  5.68868 	Dead: 0
6.15954   0.0475448   0.241359  5.68868 	Dead: 0
6.15268   0.0495301   0.251438  5.68868 	Dead: 0
6.13839   0.0529962   0.269033  5.68868 	Dead: 0
6.13248   0.051672    0.262311  5.68868 	Dead: 0
6.13361   0.0533794   0.270979  5.68868 	Dead: 0
6.10264   0.0483241   0.245316  5.68868 	Dead: 0
6.10326   0.0485447   0.246436  5.68868 	Dead: 0
6.1002    0.0539821   0.274038  5.68868 	Dead: 0
6.08266   0.054371    0.276013  5.58736 	Dead: 0
6.08827   0.0491058   0.249284  5.58736 	Dead: 0
6.03153   0.0454569   0.23076   5.58736 	Dead: 0
6.05588   0.0503001   0.255347  5.58736 	Dead: 0
6.06374   0.0546542   0.27745   5.58736 	Dead: 0
6.05897   0.054048    0.274373  5.58736 	Dead: 0
6.04381   0.0512798   0.26032   5.58736 	Dead: 0
6.08775   0.0546782   0.277572  5.58736 	Dead: 0
6.04639   0.0497088   0.252345  5.58736 	Dead: 0
6.03623   0.0523232   0.265617  5.56261 	Dead: 0
6.06474   0.0554685   0.281584  5.56261 	Dead: 0
6.0575    0.0554138   0.281306  5.56261 	Dead: 0
6.04387   0.0566376   0.287519  5.56261 	Dead: 0
6.00063   0.053386    0.271012  5.56261 	Dead: 0
5.99871   0.0500068   0.253858  5.56261 	Dead: 0
6.00847   0.0556282   0.282395  5.56261 	Dead: 0
6.00354   0.0512156   0.259994  5.56261 	Dead: 0
6.01837   0.0523611   0.265809  5.56261 	Dead: 0
6.00996   0.0535329   0.271758  5.56261 	Dead: 0
6.00195   0.0496695   0.252145  5.56261 	Dead: 0
6.01724   0.0533431   0.270794  5.56261 	Dead: 0
6.00824   0.0560104   0.284335  5.56261 	Dead: 0
6.02716   0.0569694   0.289203  5.56261 	Dead: 0
6.00415   0.0569128   0.288916  5.55089 	Dead: 0
6.01365   0.0582594   0.295752  5.55089 	Dead: 0
6.00023   0.0510117   0.258959  5.55089 	Dead: 0
6.02227   0.058482    0.296882  5.55089 	Dead: 0
6.00091   0.0549571   0.278988  5.55089 	Dead: 0
6.02402   0.058029    0.294582  5.55089 	Dead: 0
5.9843    0.0574794   0.291792  5.53461 	Dead: 0
5.98295   0.0596093   0.302605  5.53461 	Dead: 0
5.96747   0.0464725   0.235916  5.53461 	Dead: 0
5.97066   0.0539024   0.273634  5.53461 	Dead: 0
5.97197   0.0532994   0.270573  5.53461 	Dead: 0
5.94482   0.0536238   0.27222   5.53461 	Dead: 0
5.97162   0.0535593   0.271892  5.53461 	Dead: 0
6.01102   0.0576723   0.292772  5.53461 	Dead: 0
5.98613   0.062696    0.318274  5.53461 	Dead: 0
5.94511   0.0551204   0.279817  5.48306 	Dead: 0
5.94356   0.0536131   0.272165  5.48306 	Dead: 0
5.9851    0.0581444   0.295168  5.48306 	Dead: 0
5.94958   0.0556103   0.282304  5.41518 	Dead: 0
5.92065   0.0519842   0.263896  5.41518 	Dead: 0
5.94573   0.0586896   0.297936  5.41518 	Dead: 0
5.97087   0.0622334   0.315926  5.41518 	Dead: 0
5.96546   0.062055    0.31502   5.41518 	Dead: 0
5.93145   0.0571974   0.29036   5.41518 	Dead: 0
5.97165   0.0591547   0.300297  5.41518 	Dead: 0
5.94505   0.0524998   0.266514  5.41518 	Dead: 0
5.98909   0.0626061   0.317818  5.41518 	Dead: 0
5.95016   0.0528895   0.268492  5.41518 	Dead: 0
5.94291   0.0514117   0.26099   5.41518 	Dead: 0
5.94511   0.0547302   0.277836  5.41518 	Dead: 0
5.95278   0.0609019   0.309166  5.41518 	Dead: 0
5.93911   0.0566639   0.287652  5.41518 	Dead: 0
5.98166   0.0647925   0.328917  5.41518 	Dead: 0
5.9287    0.0582204   0.295554  5.41518 	Dead: 0
5.95888   0.0582949   0.295932  5.41518 	Dead: 0
5.94139   0.0603897   0.306566  5.41518 	Dead: 0
5.9459    0.0634627   0.322166  5.41518 	Dead: 0
5.93211   0.0630672   0.320159  5.41518 	Dead: 0
5.94957   0.0619863   0.314671  5.41518 	Dead: 0
5.93332   0.0578917   0.293885  5.36486 	Dead: 0
5.90785   0.0560938   0.284758  5.36486 	Dead: 0
5.93534   0.0584959   0.296953  5.36486 	Dead: 0
5.93478   0.0628823   0.31922   5.36486 	Dead: 0
5.92908   0.0567829   0.288256  5.36486 	Dead: 0
5.91266   0.0550594   0.279507  5.36486 	Dead: 0
5.91715   0.0531433   0.26978   5.36486 	Dead: 0
5.93183   0.0585392   0.297172  5.36486 	Dead: 0
5.93531   0.0616931   0.313183  5.36486 	Dead: 0
5.93884   0.0599832   0.304503  5.36486 	Dead: 0
5.90674   0.0547609   0.277992  5.36486 	Dead: 0
5.92018   0.062388    0.31671   5.36486 	Dead: 0
5.89793   0.0551927   0.280184  5.36486 	Dead: 0
5.92438   0.0591447   0.300246  5.36486 	Dead: 0
5.91379   0.0550344   0.27938   5.36486 	Dead: 0
5.85493   0.0496899   0.252249  5.36486 	Dead: 0
5.91165   0.0578275   0.293559  5.36486 	Dead: 0
5.92248   0.0588985   0.298996  5.36486 	Dead: 0
5.96981   0.0631706   0.320683  5.36486 	Dead: 0
5.90613   0.058127    0.29508   5.36486 	Dead: 0
5.92608   0.0584533   0.296736  5.36486 	Dead: 0
5.91209   0.0603913   0.306575  5.36486 	Dead: 0
5.90403   0.0593567   0.301322  5.36486 	Dead: 0
