7.25778   0.0435096   0.220875  6.59026 	Dead: 0
6.72257   0.046066    0.233853  6.18195 	Dead: 0
6.59661   0.0503272   0.255484  6.00773 	Dead: 0
6.51159   0.0471193   0.2392    6.00773 	Dead: 0
6.41431   0.0451378   0.229141  6.00773 	Dead: 0
6.37446   0.0456632   0.231808  5.85764 	Dead: 0
6.32781   0.0448532   0.227696  5.85764 	Dead: 0
6.32239   0.0492485   0.250008  5.85764 	Dead: 0
6.33234   0.0484032   0.245717  5.85764 	Dead: 0
6.33973   0.0494371   0.250966  5.85764 	Dead: 0
6.32434   0.0524786   0.266406  5.85764 	Dead: 0
6.30489   0.0483185   0.245287  5.85764 	Dead: 0
6.2869    0.0511216   0.259517  5.78031 	Dead: 0
6.29127   0.0528649   0.268367  5.78031 	Dead: 0
6.25378   0.047358    0.240411  5.78031 	Dead: 0
6.28702   0.0535542   0.271866  5.78031 	Dead: 0
6.26354   0.0506476   0.257111  5.78031 	Dead: 0
6.27984   0.0538261   0.273247  5.78031 	Dead: 0
6.25518   0.0549343   0.278872  5.78031 	Dead: 0
6.24209   0.0501396   0.254532  5.78031 	Dead: 0
6.2305    0.0507768   0.257767  5.78031 	Dead: 0
6.25826   0.0543301   0.275805  5.78031 	Dead: 0
6.23077   0.0522839   0.265417  5.78031 	Dead: 0
6.2567    0.0532875   0.270512  5.78031 	Dead: 0
6.19828   0.0488918   0.248198  5.78031 	Dead: 0
6.21552   0.0480024   0.243683  5.78031 	Dead: 0
6.26601   0.0565405   0.287026  5.78031 	Dead: 0
6.20694   0.0503829   0.255767  5.78031 	Dead: 0
6.20255   0.0499654   0.253647  5.78031 	Dead: 0
6.20146   0.0518754   0.263344  5.78031 	Dead: 0
6.16989   0.0485925   0.246678  5.78031 	Dead: 0
6.18704   0.0512272   0.260053  5.75244 	Dead: 0
6.18585   0.0508984   0.258384  5.74416 	Dead: 0
6.16098   0.0525233   0.266633  5.73365 	Dead: 0
6.15464   0.0537703   0.272963  5.73365 	Dead: 0
6.13198   0.0546863   0.277613  5.73365 	Dead: 0
6.12765   0.0540352   0.274308  5.73365 	Dead: 0
6.12976   0.0582469   0.295688  5.64622 	Dead: 0
6.11778   0.0525677   0.266858  5.64622 	Dead: 0
6.09879   0.0506979   0.257366  5.64622 	Dead: 0
6.07589   0.0542505   0.275401  5.63531 	Dead: 0
6.0947    0.0521955   0.264969  5.63531 	Dead: 0
6.07437   0.0536921   0.272566  5.5805  	Dead: 0
6.02737   0.0533852   0.271008  5.5805  	Dead: 0
6.07246   0.0602441   0.305827  5.5805  	Dead: 0
6.02411   0.0582363   0.295635  5.5805  	Dead: 0
6.0684    0.0625497   0.317531  5.5805  	Dead: 0
6.03444   0.0581773   0.295335  5.46553 	Dead: 0
6.05698   0.0648265   0.329089  5.46553 	Dead: 0
5.98377   0.0537055   0.272634  5.46553 	Dead: 0
6.01327   0.0596984   0.303057  5.46553 	Dead: 0
6.00077   0.0567221   0.287948  5.46553 	Dead: 0
5.97044   0.0534978   0.27158   5.46553 	Dead: 0
5.96119   0.054648    0.277419  5.46553 	Dead: 0
6.01544   0.061503    0.312218  5.46553 	Dead: 0
5.9695    0.0579071   0.293964  5.46553 	Dead: 0
5.93797   0.0519175   0.263557  5.46553 	Dead: 0
5.94117   0.059608    0.302598  5.46553 	Dead: 0
5.90051   0.0541336   0.274807  5.34088 	Dead: 0
5.94234   0.0600256   0.304718  5.34088 	Dead: 0
5.94478   0.0642198   0.32601   5.34088 	Dead: 0
5.88877   0.055535    0.281922  5.34088 	Dead: 0
5.85845   0.0514092   0.260977  5.34088 	Dead: 0
5.87054   0.0539554   0.273903  5.34088 	Dead: 0
5.87153   0.0538512   0.273374  5.34088 	Dead: 0
5.91161   0.0608399   0.308852  5.34088 	Dead: 0
5.88432   0.0556626   0.282569  5.34088 	Dead: 0
5.87086   0.0559748   0.284154  5.34088 	Dead: 0
5.9141    0.0656812   0.333428  5.34088 	Dead: 0
5.87326   0.057995    0.29441   5.34088 	Dead: 0
5.85221   0.0549568   0.278986  5.34088 	Dead: 0
5.88143   0.0578563   0.293706  5.34088 	Dead: 0
5.88537   0.0579633   0.294249  5.34088 	Dead: 0
5.87587   0.0560755   0.284666  5.34088 	Dead: 0
5.88413   0.0595638   0.302373  5.34088 	Dead: 0
5.85704   0.0566593   0.287629  5.34088 	Dead: 0
5.8549    0.0617853   0.313651  5.34088 	Dead: 0
5.82555   0.0571024   0.289879  5.34088 	Dead: 0
5.84189   0.0575724   0.292264  5.34088 	Dead: 0
5.83791   0.0545796   0.277071  5.34088 	Dead: 0
5.8177    0.0581352   0.295121  5.34088 	Dead: 0
5.81999   0.0565602   0.287126  5.34088 	Dead: 0
5.83396   0.0608476   0.308891  5.34088 	Dead: 0
5.8064    0.0518551   0.263241  5.34088 	Dead: 0
5.8499    0.0621294   0.315398  5.34088 	Dead: 0
5.88392   0.0705913   0.358355  5.34088 	Dead: 0
5.84948   0.0625933   0.317753  5.34088 	Dead: 0
5.84318   0.0626032   0.317803  5.34088 	Dead: 0
5.85961   0.0648561   0.32924   5.34088 	Dead: 0
5.81524   0.0605982   0.307625  5.3084  	Dead: 0
5.7947    0.0523672   0.26584   5.3084  	Dead: 0
5.80344   0.0538749   0.273494  5.3084  	Dead: 0
5.81522   0.0589472   0.299244  5.3084  	Dead: 0
5.77907   0.0514082   0.260972  5.3084  	Dead: 0
5.79033   0.0607045   0.308164  5.3084  	Dead: 0
5.82084   0.0616513   0.312971  5.3084  	Dead: 0
5.85049   0.0660995   0.335552  5.3084  	Dead: 0
5.77116   0.0538903   0.273572  5.3084  	Dead: 0
5.7557    0.0527565   0.267816  5.3084  	Dead: 0
5.77475   0.0582643   0.295777  5.3084  	Dead: 0
5.77998   0.0557021   0.28277   5.3084  	Dead: 0
