13.2736   0.0865275   0.439254  12.4589 	Dead: 0
11.6538   0.0386131   0.196018  11.2392 	Dead: 0
11.3979   0.0359172   0.182332  10.9985 	Dead: 0
11.2868   0.0450772   0.228833  10.9151 	Dead: 0
11.2222   0.0489701   0.248595  10.8015 	Dead: 0
11.1212   0.0445781   0.226299  10.7011 	Dead: 0
11.0532   0.0500097   0.253872  10.4982 	Dead: 0
11.0164   0.0524554   0.266288  10.4982 	Dead: 0
10.9637   0.0494529   0.251046  10.4982 	Dead: 0
10.9573   0.0557754   0.283142  10.4369 	Dead: 0
10.9503   0.0547377   0.277874  10.4369 	Dead: 0
10.9082   0.0525123   0.266577  10.376  	Dead: 0
10.868    0.0536408   0.272306  10.376  	Dead: 0
10.8477   0.0572525   0.29064   10.3555 	Dead: 0
10.8308   0.053601    0.272104  10.3555 	Dead: 0
10.7907   0.0526242   0.267145  10.3555 	Dead: 0
10.8374   0.0622244   0.31588   10.3555 	Dead: 0
10.8024   0.0533604   0.270882  10.3555 	Dead: 0
10.7862   0.0522026   0.265005  10.2711 	Dead: 0
10.7928   0.0569036   0.288869  10.2711 	Dead: 0
10.7998   0.0603129   0.306176  10.2711 	Dead: 0
10.7979   0.0614404   0.3119    10.2711 	Dead: 0
10.7852   0.0528666   0.268375  10.2711 	Dead: 0
10.7797   0.0608113   0.308706  10.1919 	Dead: 0
10.6967   0.0624556   0.317054  10.1919 	Dead: 0
10.7126   0.0655696   0.332862  10.1919 	Dead: 0
10.6848   0.0623775   0.316657  10.1917 	Dead: 0
10.6465   0.0611539   0.310446  10.1917 	Dead: 0
10.6643   0.0729281   0.370217  10.1202 	Dead: 0
10.615    0.0665607   0.337893  10.1202 	Dead: 0
10.5396   0.0674746   0.342532  9.99053 	Dead: 0
10.3404   0.05554     0.281947  9.8349  	Dead: 0
10.2493   0.0652168   0.331071  9.50869 	Dead: 0
9.83238   0.0625292   0.317427  9.21702 	Dead: 0
9.73036   0.0839556   0.426198  9.06096 	Dead: 0
9.58646   0.0879177   0.446311  8.66709 	Dead: 0
9.19843   0.15613     0.792589  8.25621 	Dead: 0
9.07801   0.138043    0.700769  8.25621 	Dead: 0
9.11808   0.150383    0.763413  8.25621 	Dead: 0
9.24222   0.186456    0.946537  8.25621 	Dead: 0
9.16196   0.163972    0.8324    8.25621 	Dead: 0
8.98698   0.146981    0.746143  8.25621 	Dead: 0
9.10955   0.156041    0.792138  8.25621 	Dead: 0
9.10803   0.14882     0.755482  8.25621 	Dead: 0
9.10984   0.162741    0.826152  8.25621 	Dead: 0
9.00382   0.139417    0.707744  8.25621 	Dead: 0
9.03355   0.166978    0.84766   8.25621 	Dead: 0
9.05919   0.163746    0.831253  8.24855 	Dead: 0
9.00246   0.15834     0.803805  8.24855 	Dead: 0
9.14624   0.180674    0.917184  8.24855 	Dead: 0
9.02986   0.167868    0.852174  8.24855 	Dead: 0
9.17146   0.192187    0.97563   8.16566 	Dead: 0
9.05565   0.184681    0.937526  8.16566 	Dead: 0
9.16744   0.21179     1.07515   8.16566 	Dead: 0
9.25387   0.221909    1.12651   8.16566 	Dead: 0
9.10513   0.191019    0.969702  8.16566 	Dead: 0
8.99401   0.181569    0.921727  8.16566 	Dead: 0
9.04522   0.205976    1.04563   8.16566 	Dead: 0
9.0872    0.202952    1.03028   8.10004 	Dead: 0
8.99178   0.186445    0.946484  8.10004 	Dead: 0
8.97142   0.188057    0.954663  8.09075 	Dead: 0
9.0026    0.183678    0.932435  8.09075 	Dead: 0
9.08025   0.193447    0.982028  8.09075 	Dead: 0
9.015     0.182063    0.924237  8.09075 	Dead: 0
8.97321   0.175081    0.888793  8.09075 	Dead: 0
8.91432   0.182575    0.926835  7.94482 	Dead: 0
8.83539   0.176419    0.895587  7.94482 	Dead: 0
8.78522   0.17779     0.902544  7.88736 	Dead: 0
8.73466   0.16716     0.848582  7.79229 	Dead: 0
8.94881   0.216828    1.10072   7.79229 	Dead: 0
8.69748   0.16155     0.820101  7.79229 	Dead: 0
8.71418   0.170189    0.863961  7.79229 	Dead: 0
8.703     0.164301    0.834068  7.79229 	Dead: 0
8.96867   0.205548    1.04346   7.79229 	Dead: 0
8.67966   0.170493    0.865504  7.79229 	Dead: 0
8.80848   0.18223     0.925087  7.79229 	Dead: 0
8.64627   0.171582    0.87103   7.79229 	Dead: 0
8.84923   0.196957    0.999847  7.79229 	Dead: 0
8.7502    0.190004    0.964551  7.79229 	Dead: 0
8.63094   0.172683    0.876618  7.79229 	Dead: 0
8.78687   0.200579    1.01823   7.79229 	Dead: 0
8.71605   0.178297    0.905117  7.79229 	Dead: 0
8.78525   0.19021     0.965595  7.79229 	Dead: 0
8.63349   0.152134    0.772304  7.79229 	Dead: 0
8.75492   0.17885     0.907928  7.79229 	Dead: 0
8.66167   0.182506    0.926485  7.79229 	Dead: 0
8.79614   0.183285    0.930442  7.79229 	Dead: 0
8.64201   0.163659    0.830811  7.79229 	Dead: 0
8.63287   0.162404    0.824437  7.79229 	Dead: 0
8.83387   0.17971     0.912292  7.79229 	Dead: 0
8.70445   0.19035     0.966304  7.79229 	Dead: 0
8.65139   0.17223     0.874321  7.66077 	Dead: 0
8.71178   0.181858    0.923197  7.66077 	Dead: 0
8.73368   0.186937    0.948978  7.66077 	Dead: 0
8.68926   0.17924     0.909904  7.66077 	Dead: 0
8.7952    0.198408    1.00721   7.66077 	Dead: 0
8.81102   0.190488    0.967006  7.66077 	Dead: 0
8.7574    0.18158     0.921785  7.66077 	Dead: 0
8.76443   0.182911    0.92854   7.66077 	Dead: 0
8.4512    0.151362    0.768386  7.63287 	Dead: 0
8.37814   0.152285    0.77307   7.58506 	Dead: 0
