7.68131   0.184794    0.938102  5.65296 	Dead: 0
4.18822   0.0634359   0.32203   3.44782 	Dead: 0
3.09434   0.0495433   0.251505  2.63327 	Dead: 0
2.91515   0.0413973   0.210152  2.50918 	Dead: 0
2.84389   0.0509036   0.25841   2.47733 	Dead: 0
2.76881   0.0470967   0.239085  2.47733 	Dead: 0
2.74804   0.0447722   0.227284  2.47733 	Dead: 0
2.69858   0.0482671   0.245026  2.37184 	Dead: 0
2.6556    0.0449042   0.227955  2.34006 	Dead: 0
2.61868   0.042243    0.214445  2.30571 	Dead: 0
2.64578   0.0526611   0.267332  2.30275 	Dead: 0
2.62795   0.0421198   0.21382   2.30275 	Dead: 0
2.58537   0.0570204   0.289462  2.30275 	Dead: 0
2.55925   0.0429024   0.217792  2.20163 	Dead: 0
2.55253   0.045678    0.231883  2.20163 	Dead: 0
2.52055   0.0423741   0.215111  2.18924 	Dead: 0
2.47528   0.0474241   0.240747  2.13598 	Dead: 0
2.42207   0.0415258   0.210805  2.1036  	Dead: 0
2.41325   0.0474977   0.24112   2.1036  	Dead: 0
2.33016   0.0354862   0.180144  2.09056 	Dead: 0
2.38011   0.0446246   0.226535  2.08618 	Dead: 0
2.30017   0.0315744   0.160286  2.08618 	Dead: 0
2.32434   0.0455132   0.231046  1.98653 	Dead: 0
2.33334   0.0489086   0.248283  1.98653 	Dead: 0
2.3099    0.0500795   0.254227  1.98653 	Dead: 0
2.21854   0.0316642   0.160742  1.97843 	Dead: 0
2.2411    0.0488877   0.248177  1.94574 	Dead: 0
2.22671   0.042473    0.215613  1.94574 	Dead: 0
2.20218   0.0496078   0.251832  1.94574 	Dead: 0
2.15685   0.0362181   0.18386   1.94406 	Dead: 0
2.14227   0.0468621   0.237894  1.87785 	Dead: 0
2.14803   0.0497257   0.252431  1.85958 	Dead: 0
2.11015   0.0391453   0.19872   1.85958 	Dead: 0
2.1281    0.0393267   0.199641  1.85958 	Dead: 0
2.10726   0.0417384   0.211884  1.79226 	Dead: 0
2.09619   0.0523228   0.265615  1.79226 	Dead: 0
2.09905   0.0494169   0.250863  1.79226 	Dead: 0
2.07727   0.038022    0.193017  1.79226 	Dead: 0
2.10029   0.043381    0.220222  1.79226 	Dead: 0
2.09307   0.0551425   0.279929  1.79226 	Dead: 0
2.06091   0.0389865   0.197914  1.79226 	Dead: 0
2.01874   0.03194     0.162142  1.78647 	Dead: 0
2.06631   0.0493837   0.250695  1.77975 	Dead: 0
2.0229    0.0362059   0.183798  1.76381 	Dead: 0
2.0448    0.0502142   0.254911  1.76381 	Dead: 0
2.0003    0.0438555   0.222631  1.76381 	Dead: 0
2.05276   0.060907    0.309193  1.76381 	Dead: 0
2.036     0.0562758   0.285682  1.7566  	Dead: 0
2.02086   0.0455582   0.231275  1.7566  	Dead: 0
1.97487   0.0326217   0.165603  1.7566  	Dead: 0
2.03157   0.0549741   0.279074  1.7566  	Dead: 0
2.01344   0.0460799   0.233923  1.72146 	Dead: 0
2.02734   0.0602515   0.305865  1.6978  	Dead: 0
1.97942   0.0452388   0.229653  1.6978  	Dead: 0
1.98847   0.0427736   0.217139  1.6978  	Dead: 0
1.99761   0.0481642   0.244504  1.6978  	Dead: 0
1.95942   0.0324551   0.164757  1.6978  	Dead: 0
1.97227   0.0425775   0.216143  1.6978  	Dead: 0
1.96189   0.0395978   0.201017  1.6978  	Dead: 0
1.96819   0.0455913   0.231443  1.6978  	Dead: 0
2.0304    0.0627375   0.318485  1.6978  	Dead: 0
1.96712   0.0421002   0.21372   1.6978  	Dead: 0
1.95973   0.0407069   0.206647  1.6978  	Dead: 0
1.97705   0.0554388   0.281433  1.6978  	Dead: 0
1.95393   0.0347326   0.176319  1.6978  	Dead: 0
2.00662   0.076444    0.388065  1.6978  	Dead: 0
1.92626   0.032612    0.165554  1.69288 	Dead: 0
1.93812   0.0409596   0.20793   1.63574 	Dead: 0
1.91786   0.0333205   0.16915   1.63574 	Dead: 0
1.89058   0.0316627   0.160735  1.63574 	Dead: 0
1.90399   0.0335333   0.170231  1.63574 	Dead: 0
1.88346   0.0346923   0.176114  1.63533 	Dead: 0
1.90983   0.0419986   0.213204  1.63533 	Dead: 0
1.90232   0.0375695   0.19072   1.63533 	Dead: 0
1.91367   0.0467726   0.23744   1.63533 	Dead: 0
1.89892   0.0512523   0.26018   1.63533 	Dead: 0
1.89914   0.0506672   0.257211  1.63533 	Dead: 0
1.88509   0.0359647   0.182574  1.63533 	Dead: 0
1.90707   0.0488141   0.247803  1.63533 	Dead: 0
1.93014   0.0510207   0.259005  1.62377 	Dead: 0
1.84987   0.036675    0.18618   1.62377 	Dead: 0
1.89001   0.045793    0.232467  1.62377 	Dead: 0
1.88817   0.0464813   0.235961  1.62377 	Dead: 0
1.86969   0.0376318   0.191037  1.62377 	Dead: 0
1.8207    0.0294266   0.149383  1.61835 	Dead: 0
1.91437   0.057003    0.289374  1.61835 	Dead: 0
1.85568   0.0384326   0.195102  1.61835 	Dead: 0
1.85596   0.0419123   0.212766  1.60015 	Dead: 0
1.85328   0.0366779   0.186194  1.60015 	Dead: 0
1.83614   0.0360138   0.182823  1.60015 	Dead: 0
1.81766   0.0314175   0.15949   1.60015 	Dead: 0
1.85711   0.0499724   0.253683  1.60015 	Dead: 0
1.87339   0.0559878   0.28422   1.60015 	Dead: 0
1.82016   0.0365004   0.185293  1.58609 	Dead: 0
1.82676   0.0414416   0.210377  1.58609 	Dead: 0
1.84268   0.0431155   0.218874  1.58609 	Dead: 0
1.809     0.0429049   0.217806  1.58609 	Dead: 0
1.86184   0.0537537   0.272879  1.58609 	Dead: 0
1.81862   0.0544323   0.276324  1.57058 	Dead: 0
1.81321   0.0399924   0.20302   1.53471 	Dead: 0
1.81823   0.0458044   0.232524  1.53471 	Dead: 0
