7.61573   0.191945    0.974404  5.46261 	Dead: 0
4.08522   0.0525568   0.266803  3.37413 	Dead: 0
2.96933   0.0357611   0.18154   2.61202 	Dead: 0
2.69035   0.0354749   0.180087  2.35922 	Dead: 0
2.56207   0.0370177   0.187919  2.24295 	Dead: 0
2.54745   0.0374091   0.189906  2.24295 	Dead: 0
2.52938   0.0389839   0.197901  2.19218 	Dead: 0
2.51332   0.0524873   0.26645   2.19218 	Dead: 0
2.47918   0.0379053   0.192425  2.19007 	Dead: 0
2.47887   0.0567213   0.287944  2.19007 	Dead: 0
2.43902   0.0508974   0.258379  2.14504 	Dead: 0
2.44801   0.0530339   0.269225  2.14504 	Dead: 0
2.41258   0.0452458   0.229689  2.14504 	Dead: 0
2.37678   0.0399736   0.202925  2.092   	Dead: 0
2.38961   0.0455433   0.231199  2.092   	Dead: 0
2.36919   0.0447894   0.227372  2.05332 	Dead: 0
2.32853   0.0368541   0.187089  1.99824 	Dead: 0
2.36016   0.0419406   0.21291   1.99824 	Dead: 0
2.30311   0.0414289   0.210312  1.99824 	Dead: 0
2.40718   0.0677355   0.343857  1.99824 	Dead: 0
2.346     0.0490371   0.248935  1.99529 	Dead: 0
2.30086   0.0411493   0.208893  1.99529 	Dead: 0
2.27496   0.0410618   0.208449  1.99529 	Dead: 0
2.30226   0.0467843   0.237499  1.99529 	Dead: 0
2.28164   0.0411075   0.208681  1.99529 	Dead: 0
2.2777    0.044219    0.224476  1.97256 	Dead: 0
2.2655    0.0455624   0.231296  1.92597 	Dead: 0
2.18077   0.0376982   0.191374  1.85473 	Dead: 0
2.1667    0.0403664   0.204919  1.85473 	Dead: 0
2.18682   0.054162    0.274951  1.85473 	Dead: 0
2.14556   0.050929    0.25854   1.85473 	Dead: 0
2.12975   0.036195    0.183743  1.85473 	Dead: 0
2.11769   0.0457993   0.232499  1.84145 	Dead: 0
2.10109   0.0450833   0.228864  1.84145 	Dead: 0
2.08601   0.0422346   0.214402  1.79567 	Dead: 0
2.0532    0.0336162   0.170652  1.79567 	Dead: 0
2.03588   0.043       0.218288  1.79567 	Dead: 0
2.01471   0.0368614   0.187125  1.78659 	Dead: 0
1.97002   0.0389046   0.197498  1.73457 	Dead: 0
2.02291   0.0420941   0.213689  1.70724 	Dead: 0
2.0126    0.0527359   0.267712  1.70724 	Dead: 0
1.95197   0.0341947   0.173588  1.70724 	Dead: 0
1.96868   0.0430256   0.218418  1.70724 	Dead: 0
1.97946   0.0441204   0.223976  1.70721 	Dead: 0
1.99381   0.054981    0.279109  1.70721 	Dead: 0
1.93445   0.03875     0.196713  1.70721 	Dead: 0
1.96629   0.0483195   0.245292  1.69864 	Dead: 0
1.9633    0.0585309   0.29713   1.69864 	Dead: 0
1.96175   0.0534074   0.271121  1.69864 	Dead: 0
1.99673   0.055093    0.279678  1.69864 	Dead: 0
1.95593   0.041748    0.211932  1.69864 	Dead: 0
1.91263   0.0333924   0.169516  1.69864 	Dead: 0
1.94744   0.0399048   0.202575  1.68132 	Dead: 0
1.96963   0.0567889   0.288287  1.68132 	Dead: 0
1.95996   0.0486939   0.247193  1.68132 	Dead: 0
1.93235   0.0350095   0.177724  1.68132 	Dead: 0
1.96125   0.0486782   0.247113  1.68132 	Dead: 0
1.95232   0.0453916   0.230429  1.68132 	Dead: 0
1.95383   0.0555306   0.281899  1.68132 	Dead: 0
1.97864   0.0577963   0.293401  1.68132 	Dead: 0
1.9685    0.0610263   0.309798  1.68132 	Dead: 0
1.93435   0.0479178   0.243253  1.67376 	Dead: 0
1.9717    0.0739297   0.375302  1.67376 	Dead: 0
1.99185   0.0717051   0.364009  1.67376 	Dead: 0
1.95627   0.0694607   0.352615  1.67376 	Dead: 0
1.93184   0.0379448   0.192626  1.67376 	Dead: 0
1.95501   0.0499025   0.253328  1.67376 	Dead: 0
1.90317   0.0390728   0.198352  1.67376 	Dead: 0
1.95416   0.0539657   0.273955  1.67376 	Dead: 0
1.96633   0.0543092   0.275699  1.67376 	Dead: 0
1.93657   0.04376     0.222146  1.67376 	Dead: 0
1.92955   0.0384197   0.195036  1.67376 	Dead: 0
1.94904   0.0470931   0.239067  1.63471 	Dead: 0
1.94579   0.0548827   0.27861   1.63471 	Dead: 0
1.91218   0.0384537   0.195209  1.63471 	Dead: 0
1.94263   0.0504143   0.255926  1.63471 	Dead: 0
1.93889   0.0606357   0.307815  1.62413 	Dead: 0
1.93449   0.051947    0.263707  1.62413 	Dead: 0
1.92039   0.0414819   0.210582  1.62413 	Dead: 0
1.92328   0.0496763   0.25218   1.62413 	Dead: 0
1.94602   0.0529745   0.268923  1.62413 	Dead: 0
1.90417   0.040369    0.204932  1.62413 	Dead: 0
1.91275   0.0496349   0.25197   1.62413 	Dead: 0
1.91557   0.0510874   0.259343  1.62413 	Dead: 0
1.92496   0.0559839   0.2842    1.62413 	Dead: 0
1.85273   0.0321831   0.163376  1.62413 	Dead: 0
1.90976   0.0527536   0.267802  1.62413 	Dead: 0
1.88486   0.0516593   0.262247  1.62413 	Dead: 0
1.88876   0.0404876   0.205534  1.62413 	Dead: 0
1.92014   0.0538932   0.273587  1.5916  	Dead: 0
1.92968   0.0472462   0.239844  1.5916  	Dead: 0
1.88956   0.0519878   0.263914  1.5916  	Dead: 0
1.88792   0.0472449   0.239837  1.5916  	Dead: 0
1.89507   0.0476226   0.241754  1.5916  	Dead: 0
1.88159   0.0437424   0.222057  1.5916  	Dead: 0
1.91349   0.0516982   0.262444  1.5916  	Dead: 0
1.87816   0.046518    0.236147  1.5916  	Dead: 0
1.89304   0.0631486   0.320572  1.57318 	Dead: 0
1.86569   0.0465703   0.236413  1.57318 	Dead: 0
1.87619   0.0494061   0.250809  1.57318 	Dead: 0
1.86678   0.0453708   0.230323  1.57043 	Dead: 0
