8.47512   0.106938    0.542865  7.25804 	Dead: 0
6.1493    0.0465337   0.236227  5.60726 	Dead: 0
5.90409   0.0455382   0.231173  5.47956 	Dead: 0
5.73756   0.0515548   0.261716  5.31911 	Dead: 0
5.57551   0.0463507   0.235298  5.10285 	Dead: 0
5.45681   0.0505875   0.256806  5.02445 	Dead: 0
5.34446   0.0564267   0.286448  4.69423 	Dead: 0
5.22069   0.0527008   0.267534  4.69127 	Dead: 0
5.17151   0.0542243   0.275268  4.69127 	Dead: 0
5.0573    0.0531405   0.269766  4.40814 	Dead: 0
4.9356    0.0576298   0.292556  4.40814 	Dead: 0
4.86929   0.0602629   0.305923  4.40814 	Dead: 0
4.78132   0.0572679   0.290718  4.26804 	Dead: 0
4.70798   0.0640462   0.325128  4.14179 	Dead: 0
4.45958   0.0553001   0.280729  3.85954 	Dead: 0
4.36221   0.0505825   0.25678   3.85498 	Dead: 0
4.33505   0.0618103   0.313778  3.85498 	Dead: 0
4.27684   0.0576347   0.292581  3.83203 	Dead: 0
4.18599   0.0560727   0.284651  3.76286 	Dead: 0
4.05638   0.0524044   0.266029  3.55023 	Dead: 0
3.99692   0.0515255   0.261567  3.55023 	Dead: 0
3.92089   0.0509582   0.258687  3.47377 	Dead: 0
3.89557   0.0581508   0.295201  3.47377 	Dead: 0
3.88006   0.0568242   0.288466  3.47377 	Dead: 0
3.80401   0.0457334   0.232164  3.47377 	Dead: 0
3.81425   0.0508874   0.258328  3.4254  	Dead: 0
3.79866   0.0561322   0.284953  3.41016 	Dead: 0
3.73461   0.057322    0.290993  3.265   	Dead: 0
3.73173   0.0574839   0.291815  3.265   	Dead: 0
3.71954   0.060723    0.308258  3.265   	Dead: 0
3.61281   0.0470125   0.238657  3.14307 	Dead: 0
3.56345   0.0636277   0.323004  3.08279 	Dead: 0
3.50623   0.0540309   0.274286  3.02359 	Dead: 0
3.48427   0.0611596   0.310475  3.02359 	Dead: 0
3.40624   0.0576563   0.29269   2.94563 	Dead: 0
3.37652   0.0594934   0.302016  2.94563 	Dead: 0
3.37067   0.0605724   0.307494  2.94563 	Dead: 0
3.35889   0.0558105   0.28332   2.94563 	Dead: 0
3.36719   0.0562822   0.285715  2.93836 	Dead: 0
3.38991   0.0637846   0.3238    2.93836 	Dead: 0
3.37384   0.0640751   0.325275  2.92827 	Dead: 0
3.3008    0.0564441   0.286537  2.77221 	Dead: 0
3.35619   0.0635554   0.322637  2.77221 	Dead: 0
3.3872    0.0651776   0.330872  2.77221 	Dead: 0
3.3341    0.0643873   0.32686   2.77221 	Dead: 0
3.27489   0.0568716   0.288707  2.77221 	Dead: 0
3.27955   0.059135    0.300197  2.77221 	Dead: 0
3.25313   0.0538292   0.273262  2.77221 	Dead: 0
3.31696   0.0647795   0.328851  2.77221 	Dead: 0
3.257     0.054407    0.276196  2.77221 	Dead: 0
3.25326   0.0584194   0.296564  2.77221 	Dead: 0
3.24375   0.0620119   0.314801  2.77221 	Dead: 0
3.2392    0.05448     0.276566  2.77221 	Dead: 0
3.23367   0.0542897   0.2756    2.77221 	Dead: 0
3.22582   0.0579252   0.294055  2.77221 	Dead: 0
3.2175    0.0591528   0.300287  2.74658 	Dead: 0
3.20584   0.0596275   0.302697  2.74658 	Dead: 0
3.21842   0.0547423   0.277897  2.73301 	Dead: 0
3.288     0.0662204   0.336165  2.73301 	Dead: 0
3.2115    0.0633969   0.321832  2.68862 	Dead: 0
3.21354   0.0601828   0.305516  2.68862 	Dead: 0
3.1754    0.0586856   0.297915  2.68862 	Dead: 0
3.21301   0.0656502   0.333271  2.68862 	Dead: 0
3.25335   0.0690526   0.350543  2.68862 	Dead: 0
3.20132   0.0597516   0.303327  2.68862 	Dead: 0
3.18879   0.0629487   0.319557  2.68862 	Dead: 0
3.14535   0.0549857   0.279133  2.68862 	Dead: 0
3.17002   0.0609146   0.309231  2.68862 	Dead: 0
3.18671   0.0635026   0.322369  2.68862 	Dead: 0
3.17714   0.0591841   0.300446  2.61224 	Dead: 0
3.1316    0.0579421   0.294141  2.61224 	Dead: 0
3.15132   0.0592112   0.300583  2.61224 	Dead: 0
3.14487   0.0554699   0.281591  2.61224 	Dead: 0
3.13377   0.0590389   0.299709  2.61224 	Dead: 0
3.17318   0.0651664   0.330815  2.61224 	Dead: 0
3.16046   0.0617985   0.313718  2.61224 	Dead: 0
3.11582   0.0573597   0.291184  2.61224 	Dead: 0
3.09594   0.0500386   0.25402   2.61224 	Dead: 0
3.10693   0.0638262   0.324011  2.61224 	Dead: 0
3.11112   0.0606065   0.307667  2.61224 	Dead: 0
3.13683   0.0595165   0.302134  2.61224 	Dead: 0
3.13358   0.0634868   0.322289  2.61224 	Dead: 0
3.10196   0.0565674   0.287162  2.61224 	Dead: 0
3.05908   0.0527397   0.267731  2.61224 	Dead: 0
3.08254   0.0562637   0.285621  2.61224 	Dead: 0
3.07417   0.0550485   0.279452  2.61224 	Dead: 0
3.09304   0.0611994   0.310677  2.61224 	Dead: 0
3.06733   0.0536116   0.272157  2.61224 	Dead: 0
3.09858   0.0579355   0.294108  2.61224 	Dead: 0
3.07987   0.0592145   0.3006    2.61224 	Dead: 0
3.04284   0.0523839   0.265925  2.61224 	Dead: 0
3.07407   0.0580716   0.294799  2.61224 	Dead: 0
3.07158   0.0594389   0.30174   2.61224 	Dead: 0
3.10277   0.0583748   0.296338  2.61224 	Dead: 0
3.09187   0.0548684   0.278538  2.61224 	Dead: 0
3.14149   0.066063    0.335367  2.61224 	Dead: 0
3.06114   0.0500502   0.254078  2.61224 	Dead: 0
3.09651   0.0612636   0.311003  2.61224 	Dead: 0
3.09128   0.060168    0.305441  2.61224 	Dead: 0
3.09      0.0555075   0.281782  2.61224 	Dead: 0
3.08961   0.0580379   0.294628  2.61224 	Dead: 0
