8.62483   0.117317    0.595558  7.29654 	Dead: 0
6.48243   0.0467412   0.23728   5.92828 	Dead: 0
6.22198   0.047533    0.2413    5.78202 	Dead: 0
6.02981   0.0483296   0.245343  5.65217 	Dead: 0
5.88537   0.0540654   0.274461  5.43801 	Dead: 0
5.56637   0.0452562   0.229741  5.07481 	Dead: 0
5.20932   0.0540647   0.274458  4.70352 	Dead: 0
4.95781   0.0506618   0.257183  4.50064 	Dead: 0
4.85288   0.0518538   0.263234  4.40314 	Dead: 0
4.74114   0.0586977   0.297977  4.32037 	Dead: 0
4.62749   0.0517057   0.262482  4.20381 	Dead: 0
4.40191   0.0495114   0.251343  3.939   	Dead: 0
4.20574   0.048245    0.244914  3.75736 	Dead: 0
4.11712   0.0632114   0.32089   3.69263 	Dead: 0
4.01343   0.0581181   0.295035  3.58742 	Dead: 0
3.89047   0.0595129   0.302115  3.32533 	Dead: 0
3.82048   0.0593045   0.301057  3.32533 	Dead: 0
3.78397   0.0674896   0.342609  3.17627 	Dead: 0
3.67126   0.0573253   0.29101   3.17627 	Dead: 0
3.58627   0.0568686   0.288691  3.06003 	Dead: 0
3.48109   0.0624952   0.317255  3.06003 	Dead: 0
3.40183   0.0536173   0.272187  3.05221 	Dead: 0
3.38264   0.0567125   0.287899  3.032   	Dead: 0
3.37816   0.0570689   0.289708  2.96672 	Dead: 0
3.35214   0.0507541   0.257651  2.96672 	Dead: 0
3.36224   0.0577435   0.293133  2.94566 	Dead: 0
3.35159   0.0544454   0.27639   2.91435 	Dead: 0
3.35889   0.0558899   0.283723  2.91435 	Dead: 0
3.35082   0.0619795   0.314637  2.8546  	Dead: 0
3.29827   0.0570278   0.2895    2.8546  	Dead: 0
3.25142   0.052854    0.268312  2.84402 	Dead: 0
3.24752   0.0594198   0.301643  2.84402 	Dead: 0
3.22104   0.0581916   0.295408  2.80117 	Dead: 0
3.21054   0.0562336   0.285468  2.76068 	Dead: 0
3.19917   0.0565012   0.286826  2.76068 	Dead: 0
3.18446   0.0601669   0.305435  2.76068 	Dead: 0
3.15736   0.0566995   0.287833  2.69744 	Dead: 0
3.11124   0.0491214   0.249363  2.69744 	Dead: 0
3.11292   0.0541811   0.275049  2.69744 	Dead: 0
3.12489   0.054977    0.279089  2.69744 	Dead: 0
3.11117   0.0528977   0.268533  2.69744 	Dead: 0
3.10813   0.0589842   0.299432  2.69744 	Dead: 0
3.06945   0.0499237   0.253436  2.69744 	Dead: 0
3.08868   0.055267    0.280561  2.66063 	Dead: 0
3.07398   0.0506202   0.256972  2.66063 	Dead: 0
3.05658   0.0507232   0.257494  2.66063 	Dead: 0
3.09296   0.0566003   0.28733   2.66063 	Dead: 0
3.08933   0.055918    0.283866  2.54988 	Dead: 0
3.06085   0.0542694   0.275497  2.54988 	Dead: 0
2.99804   0.0455507   0.231237  2.54988 	Dead: 0
3.0444    0.0560244   0.284406  2.54988 	Dead: 0
2.98755   0.0459011   0.233015  2.54988 	Dead: 0
3.02689   0.0537191   0.272703  2.54988 	Dead: 0
2.99795   0.0459694   0.233362  2.54988 	Dead: 0
2.97041   0.0486338   0.246888  2.54988 	Dead: 0
3.01652   0.0562627   0.285616  2.54988 	Dead: 0
3.01418   0.0531427   0.269777  2.54988 	Dead: 0
3.00388   0.0503898   0.255802  2.54988 	Dead: 0
2.99308   0.0521278   0.264625  2.54988 	Dead: 0
3.00014   0.0516587   0.262243  2.54988 	Dead: 0
2.96947   0.0478965   0.243145  2.54988 	Dead: 0
2.94192   0.0483279   0.245335  2.54988 	Dead: 0
2.9666    0.0562387   0.285494  2.54988 	Dead: 0
2.94404   0.049079    0.249148  2.54988 	Dead: 0
2.90485   0.0489525   0.248506  2.54988 	Dead: 0
2.91832   0.0452262   0.229589  2.54988 	Dead: 0
2.88271   0.0455212   0.231087  2.54988 	Dead: 0
2.92039   0.0550767   0.279595  2.49968 	Dead: 0
2.89947   0.0506437   0.257091  2.49968 	Dead: 0
2.85294   0.0443795   0.225291  2.42887 	Dead: 0
2.83804   0.0404189   0.205185  2.42887 	Dead: 0
2.86805   0.0486633   0.247038  2.42887 	Dead: 0
2.84007   0.0437994   0.222346  2.42887 	Dead: 0
2.86478   0.0566309   0.287485  2.42887 	Dead: 0
2.82933   0.0477917   0.242613  2.42887 	Dead: 0
2.85932   0.0499365   0.253501  2.42887 	Dead: 0
2.8499    0.0452008   0.22946   2.42887 	Dead: 0
2.83972   0.0489637   0.248563  2.42887 	Dead: 0
2.83078   0.0475829   0.241553  2.42887 	Dead: 0
2.8389    0.0519934   0.263943  2.42887 	Dead: 0
2.84108   0.0530297   0.269204  2.42887 	Dead: 0
2.8078    0.0406455   0.206335  2.42887 	Dead: 0
2.80123   0.0408879   0.207566  2.42887 	Dead: 0
2.77919   0.0399396   0.202752  2.42887 	Dead: 0
2.79829   0.0449471   0.228172  2.42887 	Dead: 0
2.80773   0.0463439   0.235263  2.31505 	Dead: 0
2.79937   0.047528    0.241274  2.31505 	Dead: 0
2.82435   0.0566622   0.287644  2.31505 	Dead: 0
2.77954   0.0459413   0.23322   2.31505 	Dead: 0
2.79778   0.0507201   0.257479  2.31505 	Dead: 0
2.78118   0.0445812   0.226315  2.31505 	Dead: 0
2.80835   0.0512245   0.26004   2.31505 	Dead: 0
2.79137   0.0492199   0.249863  2.31505 	Dead: 0
2.75527   0.0452357   0.229637  2.31505 	Dead: 0
2.77229   0.0465943   0.236534  2.31505 	Dead: 0
2.82327   0.0546422   0.277389  2.31505 	Dead: 0
2.79266   0.0510964   0.259389  2.31505 	Dead: 0
2.79363   0.0454386   0.230667  2.31505 	Dead: 0
2.77351   0.0443683   0.225234  2.31505 	Dead: 0
2.78335   0.0433964   0.220301  2.31505 	Dead: 0
2.72206   0.0378739   0.192266  2.31505 	Dead: 0
