7.94218   0.0875622   0.444507  6.60159 	Dead: 0
4.95705   0.0431754   0.219178  4.55247 	Dead: 0
4.5825    0.041475    0.210546  4.13267 	Dead: 0
4.40669   0.0416649   0.211511  4.01502 	Dead: 0
4.30103   0.0458634   0.232824  3.87775 	Dead: 0
4.24807   0.0441431   0.224091  3.87775 	Dead: 0
4.20637   0.0392269   0.199134  3.87775 	Dead: 0
4.18196   0.0401088   0.203611  3.87775 	Dead: 0
4.18845   0.0474396   0.240826  3.87775 	Dead: 0
4.20305   0.0441598   0.224175  3.87775 	Dead: 0
4.20821   0.0455112   0.231036  3.87775 	Dead: 0
4.20142   0.0526515   0.267284  3.83212 	Dead: 0
4.16926   0.0494082   0.250819  3.83212 	Dead: 0
4.12692   0.0441646   0.2242    3.80218 	Dead: 0
4.13207   0.0479597   0.243466  3.80218 	Dead: 0
4.11195   0.0417644   0.212016  3.80218 	Dead: 0
4.11852   0.0439643   0.223183  3.79656 	Dead: 0
4.05531   0.0342367   0.173802  3.77833 	Dead: 0
4.06026   0.0397711   0.201896  3.7556  	Dead: 0
4.04411   0.0380455   0.193136  3.7556  	Dead: 0
4.07552   0.049236    0.249945  3.66185 	Dead: 0
4.03195   0.0408509   0.207378  3.66185 	Dead: 0
4.06585   0.0448281   0.227568  3.66185 	Dead: 0
4.03101   0.0447286   0.227063  3.66185 	Dead: 0
4.02764   0.0434531   0.220588  3.66185 	Dead: 0
4.00607   0.0431939   0.219272  3.66185 	Dead: 0
3.99119   0.044811    0.227481  3.66185 	Dead: 0
4.01298   0.0441622   0.224188  3.64265 	Dead: 0
3.99235   0.0444529   0.225664  3.64265 	Dead: 0
4.00581   0.0438321   0.222512  3.64265 	Dead: 0
4.00735   0.0452145   0.22953   3.64265 	Dead: 0
4.00138   0.0446922   0.226879  3.6223  	Dead: 0
3.97663   0.0439095   0.222905  3.6223  	Dead: 0
3.95835   0.0415614   0.210985  3.6223  	Dead: 0
3.94927   0.0402335   0.204244  3.6223  	Dead: 0
3.92346   0.0370736   0.188203  3.6223  	Dead: 0
3.94051   0.0421199   0.21382   3.60147 	Dead: 0
3.90374   0.0422531   0.214496  3.52917 	Dead: 0
3.91036   0.0452158   0.229536  3.52115 	Dead: 0
3.91092   0.0438923   0.222818  3.52115 	Dead: 0
3.91475   0.0434908   0.22078   3.52115 	Dead: 0
3.89492   0.0495476   0.251527  3.52115 	Dead: 0
3.86079   0.0434221   0.220431  3.50354 	Dead: 0
3.86492   0.0418145   0.21227   3.50354 	Dead: 0
3.85102   0.042658    0.216552  3.50354 	Dead: 0
3.85075   0.0441064   0.223905  3.50354 	Dead: 0
3.85327   0.042236    0.21441   3.50354 	Dead: 0
3.8542    0.0443241   0.22501   3.50354 	Dead: 0
3.85546   0.0429278   0.217922  3.50354 	Dead: 0
3.83323   0.0405477   0.205839  3.50354 	Dead: 0
3.83279   0.038867    0.197307  3.50354 	Dead: 0
3.79542   0.0376316   0.191036  3.50354 	Dead: 0
3.81228   0.038091    0.193368  3.50354 	Dead: 0
3.79837   0.0380904   0.193365  3.39879 	Dead: 0
3.81149   0.0408674   0.207462  3.39879 	Dead: 0
3.83013   0.046707    0.237106  3.39879 	Dead: 0
3.83413   0.0450401   0.228644  3.39879 	Dead: 0
3.83921   0.0469115   0.238145  3.39879 	Dead: 0
3.81975   0.0427694   0.217117  3.39879 	Dead: 0
3.82039   0.0462541   0.234807  3.39879 	Dead: 0
3.83723   0.0486151   0.246793  3.39879 	Dead: 0
3.8062    0.039647    0.201267  3.39879 	Dead: 0
3.80254   0.0417477   0.211931  3.39879 	Dead: 0
3.8213    0.0474072   0.240661  3.39879 	Dead: 0
3.79215   0.0413071   0.209694  3.39879 	Dead: 0
3.77928   0.0416296   0.211331  3.39879 	Dead: 0
3.79646   0.0434051   0.220345  3.39879 	Dead: 0
3.79763   0.0471452   0.239331  3.39879 	Dead: 0
3.79494   0.0479304   0.243317  3.39879 	Dead: 0
3.78496   0.0459638   0.233334  3.39879 	Dead: 0
3.80211   0.0529495   0.268796  3.39879 	Dead: 0
3.8108    0.0496013   0.251799  3.39879 	Dead: 0
3.805     0.0489855   0.248673  3.39879 	Dead: 0
3.7788    0.0417805   0.212098  3.39879 	Dead: 0
3.79611   0.0452064   0.229489  3.39879 	Dead: 0
3.78046   0.0415163   0.210756  3.39879 	Dead: 0
3.76472   0.0432025   0.219316  3.39879 	Dead: 0
3.77622   0.0448657   0.227759  3.39879 	Dead: 0
3.78047   0.0481789   0.244579  3.39879 	Dead: 0
3.80084   0.0512926   0.260385  3.39879 	Dead: 0
3.77324   0.0427221   0.216877  3.39879 	Dead: 0
3.77764   0.0502989   0.255341  3.39879 	Dead: 0
3.72405   0.0399203   0.202654  3.39879 	Dead: 0
3.74572   0.0437027   0.221855  3.39879 	Dead: 0
3.75877   0.04837     0.245549  3.39879 	Dead: 0
3.73026   0.0409811   0.208039  3.39879 	Dead: 0
3.76026   0.0498171   0.252895  3.39879 	Dead: 0
3.75043   0.0502394   0.255038  3.34926 	Dead: 0
3.70366   0.0389079   0.197515  3.34926 	Dead: 0
3.7358    0.0486246   0.246841  3.34926 	Dead: 0
3.71616   0.0476682   0.241986  3.34926 	Dead: 0
3.71993   0.0472456   0.239841  3.34926 	Dead: 0
3.71742   0.0419092   0.212751  3.34926 	Dead: 0
3.66101   0.0377116   0.191442  3.34926 	Dead: 0
3.69116   0.0392494   0.199248  3.34926 	Dead: 0
3.70967   0.0426451   0.216487  3.34926 	Dead: 0
3.72216   0.0450405   0.228647  3.34926 	Dead: 0
3.70449   0.0441391   0.224071  3.34926 	Dead: 0
3.6992    0.0429095   0.217829  3.34926 	Dead: 0
3.72628   0.0448671   0.227766  3.34926 	Dead: 0
3.73565   0.046483    0.235969  3.34926 	Dead: 0
