5.81921   0.0905949   0.459902  5.11109 	Dead: 0
5.09123   0.0596662   0.302893  4.5661  	Dead: 0
4.93851   0.0594107   0.301596  4.41824 	Dead: 0
4.85131   0.0591936   0.300494  4.34221 	Dead: 0
4.8175    0.0619648   0.314562  4.34221 	Dead: 0
4.81709   0.0627296   0.318445  4.33809 	Dead: 0
4.76571   0.0620661   0.315077  4.14418 	Dead: 0
4.76353   0.063984    0.324813  4.14418 	Dead: 0
4.7091    0.0570198   0.289459  4.14418 	Dead: 0
4.7554    0.0705716   0.358254  4.14418 	Dead: 0
4.69432   0.0593656   0.301368  4.14418 	Dead: 0
4.71181   0.0660095   0.335095  4.14418 	Dead: 0
4.69214   0.0607835   0.308566  3.99049 	Dead: 0
4.70653   0.0665709   0.337945  3.99049 	Dead: 0
4.68747   0.0649587   0.329761  3.99049 	Dead: 0
4.67743   0.0625434   0.3175    3.99049 	Dead: 0
4.59933   0.0605945   0.307606  3.99049 	Dead: 0
4.62026   0.0621666   0.315587  3.99049 	Dead: 0
4.65988   0.0677394   0.343877  3.99049 	Dead: 0
4.60728   0.0593498   0.301287  3.99049 	Dead: 0
4.62746   0.0635273   0.322494  3.99049 	Dead: 0
4.59379   0.0638683   0.324225  3.99049 	Dead: 0
4.58604   0.0602659   0.305938  3.99049 	Dead: 0
4.6177    0.0650561   0.330255  3.9772  	Dead: 0
4.60204   0.0649459   0.329696  3.9772  	Dead: 0
4.5789    0.0635676   0.322699  3.9772  	Dead: 0
4.59464   0.0616311   0.312868  3.9772  	Dead: 0
4.60451   0.0639075   0.324424  3.9772  	Dead: 0
4.60991   0.0661268   0.33569   3.9772  	Dead: 0
4.56752   0.0641331   0.325569  3.9772  	Dead: 0
4.58854   0.0646561   0.328224  3.9772  	Dead: 0
4.60339   0.0678913   0.344648  3.9772  	Dead: 0
4.57773   0.069997    0.355337  3.9772  	Dead: 0
4.57051   0.0648304   0.329109  3.9772  	Dead: 0
4.5827    0.0677098   0.343727  3.9772  	Dead: 0
4.5786    0.0700956   0.355838  3.9772  	Dead: 0
4.56098   0.06534     0.331696  3.9772  	Dead: 0
4.57419   0.0652367   0.331172  3.9772  	Dead: 0
4.56688   0.0633831   0.321762  3.9772  	Dead: 0
4.58151   0.0678267   0.34432   3.9772  	Dead: 0
4.58313   0.0647425   0.328663  3.9772  	Dead: 0
4.5892    0.0675871   0.343104  3.9772  	Dead: 0
4.55076   0.06559     0.332966  3.9772  	Dead: 0
4.54091   0.0616145   0.312784  3.9772  	Dead: 0
4.56021   0.064034    0.325066  3.9772  	Dead: 0
4.52911   0.0643454   0.326647  3.9772  	Dead: 0
4.58156   0.0664162   0.33716   3.9772  	Dead: 0
4.56893   0.0657649   0.333853  3.9772  	Dead: 0
4.58515   0.0741315   0.376326  3.9772  	Dead: 0
4.53251   0.0632482   0.321078  3.9772  	Dead: 0
4.57695   0.0640777   0.325288  3.9772  	Dead: 0
4.54436   0.0582686   0.295799  3.9772  	Dead: 0
4.61794   0.0723613   0.36734   3.9772  	Dead: 0
4.58935   0.0694493   0.352557  3.9772  	Dead: 0
4.55905   0.0669045   0.339638  3.9772  	Dead: 0
4.56164   0.0629488   0.319557  3.9772  	Dead: 0
4.57954   0.0676606   0.343477  3.9772  	Dead: 0
4.56907   0.0671131   0.340698  3.9772  	Dead: 0
4.54119   0.0630456   0.320049  3.9772  	Dead: 0
4.53731   0.0645493   0.327682  3.9772  	Dead: 0
4.5722    0.0728076   0.369605  3.9772  	Dead: 0
4.57435   0.0716493   0.363725  3.9772  	Dead: 0
4.53626   0.0709872   0.360364  3.9772  	Dead: 0
4.52554   0.0665689   0.337935  3.9772  	Dead: 0
4.53448   0.0650903   0.330429  3.9772  	Dead: 0
4.53423   0.0664419   0.33729   3.9772  	Dead: 0
4.54237   0.0647355   0.328628  3.9772  	Dead: 0
4.55217   0.0690835   0.3507    3.9772  	Dead: 0
4.54362   0.0682116   0.346274  3.9772  	Dead: 0
4.52869   0.0687499   0.349007  3.97087 	Dead: 0
4.53924   0.066518    0.337676  3.97087 	Dead: 0
4.52257   0.0630584   0.320114  3.97087 	Dead: 0
4.51937   0.0631943   0.320804  3.97087 	Dead: 0
4.52842   0.070279    0.356769  3.97087 	Dead: 0
4.55492   0.0688396   0.349462  3.97087 	Dead: 0
4.55107   0.0659561   0.334824  3.97087 	Dead: 0
4.52053   0.0679647   0.345021  3.9372  	Dead: 0
4.50555   0.0648463   0.32919   3.9372  	Dead: 0
4.53788   0.0673305   0.341801  3.9372  	Dead: 0
4.5351    0.0653324   0.331658  3.9372  	Dead: 0
4.53044   0.0642967   0.3264    3.9372  	Dead: 0
4.54351   0.0734565   0.372899  3.9372  	Dead: 0
4.54237   0.0674443   0.342379  3.9372  	Dead: 0
4.53525   0.064364    0.326742  3.9372  	Dead: 0
4.57537   0.0722837   0.366946  3.9372  	Dead: 0
4.51595   0.063551    0.322615  3.9372  	Dead: 0
4.54987   0.0627834   0.318718  3.9372  	Dead: 0
4.54639   0.0696097   0.353371  3.9372  	Dead: 0
4.48424   0.0569003   0.288853  3.9372  	Dead: 0
4.51767   0.0644526   0.327192  3.9372  	Dead: 0
4.55002   0.0675778   0.343057  3.9372  	Dead: 0
4.53587   0.0668788   0.339508  3.9372  	Dead: 0
4.53812   0.0638788   0.324279  3.9372  	Dead: 0
4.51239   0.0677868   0.344118  3.9372  	Dead: 0
4.49722   0.0638988   0.32438   3.9372  	Dead: 0
4.54687   0.0670544   0.340399  3.9372  	Dead: 0
4.5438    0.0694229   0.352423  3.9372  	Dead: 0
4.5017    0.0606911   0.308096  3.9372  	Dead: 0
4.5484    0.0704288   0.35753   3.9372  	Dead: 0
4.55087   0.0662188   0.336157  3.9372  	Dead: 0
4.53815   0.0675578   0.342955  3.9372  	Dead: 0
