5.8412    0.0717976   0.364478  5.00178 	Dead: 0
5.19859   0.0526216   0.267132  4.68759 	Dead: 0
5.04298   0.0583556   0.29624   4.63893 	Dead: 0
5.03132   0.0623216   0.316373  4.58942 	Dead: 0
4.99343   0.0610658   0.309998  4.52085 	Dead: 0
4.97468   0.0655243   0.332632  4.48071 	Dead: 0
4.94489   0.0793305   0.402719  4.40749 	Dead: 0
4.92638   0.0699654   0.355177  4.40749 	Dead: 0
4.86863   0.0602991   0.306107  4.33861 	Dead: 0
4.89102   0.0722619   0.366835  4.33861 	Dead: 0
4.88359   0.0653886   0.331943  4.33861 	Dead: 0
4.80764   0.05481     0.278241  4.33861 	Dead: 0
4.89569   0.0713385   0.362148  4.27907 	Dead: 0
4.84037   0.064255    0.326188  4.27907 	Dead: 0
4.82205   0.0618479   0.313969  4.27907 	Dead: 0
4.80618   0.0608889   0.309101  4.27907 	Dead: 0
4.83028   0.0703591   0.357176  4.25872 	Dead: 0
4.77702   0.0650927   0.330441  4.25872 	Dead: 0
4.80352   0.0685703   0.348095  4.25834 	Dead: 0
4.80279   0.0684655   0.347563  4.25834 	Dead: 0
4.7745    0.0662295   0.336212  4.22076 	Dead: 0
4.7665    0.0692788   0.351692  4.22076 	Dead: 0
4.76914   0.071038    0.360622  4.22076 	Dead: 0
4.72285   0.0586397   0.297683  4.22076 	Dead: 0
4.7225    0.0688386   0.349457  4.22076 	Dead: 0
4.70924   0.0632458   0.321065  4.22076 	Dead: 0
4.69184   0.061761    0.313528  4.22076 	Dead: 0
4.65845   0.0612378   0.310872  4.22076 	Dead: 0
4.68213   0.0613112   0.311244  4.22076 	Dead: 0
4.64324   0.0626301   0.317939  4.12046 	Dead: 0
4.69902   0.0706574   0.35869   4.12046 	Dead: 0
4.68732   0.0720066   0.365539  4.12046 	Dead: 0
4.63586   0.0638709   0.324239  4.12046 	Dead: 0
4.64767   0.0683626   0.347041  4.12046 	Dead: 0
4.63625   0.0643747   0.326796  4.08122 	Dead: 0
4.62073   0.0689968   0.35026   3.9795  	Dead: 0
4.63557   0.064932    0.329625  3.9795  	Dead: 0
4.59225   0.0670046   0.340146  3.9795  	Dead: 0
4.60767   0.0688793   0.349663  3.9795  	Dead: 0
4.59798   0.0695538   0.353087  3.9795  	Dead: 0
4.55932   0.0676728   0.343539  3.9795  	Dead: 0
4.60169   0.0704732   0.357755  3.9795  	Dead: 0
4.63525   0.0781589   0.396771  3.9795  	Dead: 0
4.59588   0.07069     0.358855  3.9795  	Dead: 0
4.56277   0.0653255   0.331623  3.9795  	Dead: 0
4.61925   0.0683391   0.346921  3.9795  	Dead: 0
4.56891   0.0680405   0.345405  3.9795  	Dead: 0
4.63653   0.0757063   0.38432   3.92661 	Dead: 0
4.5932    0.0712465   0.36168   3.92661 	Dead: 0
4.57069   0.0679666   0.34503   3.92661 	Dead: 0
4.56941   0.068249    0.346464  3.92661 	Dead: 0
4.54366   0.0671266   0.340766  3.92661 	Dead: 0
4.59267   0.0656423   0.333231  3.92661 	Dead: 0
4.5547    0.0668435   0.339329  3.92661 	Dead: 0
4.5897    0.0668707   0.339467  3.92661 	Dead: 0
4.58885   0.0706178   0.358489  3.92661 	Dead: 0
4.55999   0.0648568   0.329244  3.92661 	Dead: 0
4.55957   0.0661567   0.335842  3.92661 	Dead: 0
4.54114   0.0685394   0.347938  3.90347 	Dead: 0
4.55555   0.0699725   0.355213  3.90347 	Dead: 0
4.54507   0.0730214   0.370691  3.90347 	Dead: 0
4.55071   0.0731083   0.371132  3.90347 	Dead: 0
4.55387   0.0680529   0.345468  3.90347 	Dead: 0
4.54177   0.0734001   0.372613  3.90347 	Dead: 0
4.55235   0.0726914   0.369015  3.90347 	Dead: 0
4.53777   0.0713752   0.362334  3.90347 	Dead: 0
4.50992   0.0659475   0.33478   3.90347 	Dead: 0
4.50761   0.0735541   0.373395  3.90347 	Dead: 0
4.53346   0.0749448   0.380455  3.90347 	Dead: 0
4.53675   0.0703055   0.356904  3.90347 	Dead: 0
4.58393   0.0767381   0.389558  3.90347 	Dead: 0
4.5334    0.0746554   0.378986  3.8893  	Dead: 0
4.50356   0.073581    0.373532  3.8893  	Dead: 0
4.47775   0.06649     0.337534  3.8893  	Dead: 0
4.48937   0.0677802   0.344084  3.8893  	Dead: 0
4.54602   0.081023    0.41131   3.8893  	Dead: 0
4.5617    0.076084    0.386238  3.8893  	Dead: 0
4.47352   0.0696977   0.353818  3.80755 	Dead: 0
4.52774   0.0760447   0.386038  3.80755 	Dead: 0
4.50335   0.0730118   0.370642  3.80755 	Dead: 0
4.46535   0.0739163   0.375234  3.80755 	Dead: 0
4.48141   0.0751601   0.381548  3.80755 	Dead: 0
4.45417   0.0689189   0.349864  3.80755 	Dead: 0
4.46112   0.0675415   0.342872  3.80755 	Dead: 0
4.48515   0.0727377   0.36925   3.80755 	Dead: 0
4.47779   0.072273    0.366891  3.80755 	Dead: 0
4.44112   0.0639691   0.324737  3.80755 	Dead: 0
4.45268   0.0695237   0.352934  3.80755 	Dead: 0
4.44875   0.0722734   0.366894  3.80755 	Dead: 0
4.47615   0.0750248   0.380861  3.80755 	Dead: 0
4.40842   0.0650966   0.330461  3.80755 	Dead: 0
4.44102   0.066385    0.337001  3.80755 	Dead: 0
4.45884   0.0702025   0.356381  3.80755 	Dead: 0
4.43978   0.0628524   0.319068  3.80755 	Dead: 0
4.43111   0.0681704   0.346065  3.80755 	Dead: 0
4.42943   0.0699472   0.355084  3.80755 	Dead: 0
4.43407   0.0642027   0.325923  3.80755 	Dead: 0
4.48462   0.0701524   0.356126  3.80755 	Dead: 0
4.46648   0.0691722   0.351151  3.80755 	Dead: 0
4.44501   0.0722467   0.366758  3.80755 	Dead: 0
4.45651   0.0718725   0.364858  3.80755 	Dead: 0
