0   6.97412   0.179992    0.913724  5.34397 	Dead: 0
1   3.78427   0.0550027   0.27922   3.33948 	Dead: 0
2   3.69711   0.0718157   0.36457   2.99218 	Dead: 0
3   3.53202   0.0630693   0.320169  2.99218 	Dead: 0
4   3.47891   0.0646978   0.328436  2.99218 	Dead: 0
5   3.4404    0.0677548   0.343955  2.99218 	Dead: 0
6   3.42525   0.0680078   0.345239  2.99218 	Dead: 0
7   3.47684   0.0825679   0.419153  2.97586 	Dead: 0
8   3.44215   0.0719737   0.365372  2.95744 	Dead: 0
9   3.49044   0.100859    0.512009  2.95744 	Dead: 0
10  3.3506    0.0619535   0.314505  2.89589 	Dead: 0
11  3.42958   0.0845323   0.429125  2.89589 	Dead: 0
12  3.42734   0.0940595   0.47749   2.89589 	Dead: 0
13  3.41312   0.0896704   0.455209  2.89589 	Dead: 0
14  3.3394    0.0597938   0.303541  2.89589 	Dead: 0
15  3.40214   0.075628    0.383923  2.89589 	Dead: 0
16  3.35873   0.0599358   0.304262  2.89589 	Dead: 0
17  3.41219   0.0819083   0.415805  2.89589 	Dead: 0
18  3.38335   0.0819185   0.415857  2.8573  	Dead: 0
19  3.40914   0.0857677   0.435397  2.8573  	Dead: 0
20  3.39113   0.0933122   0.473696  2.71725 	Dead: 0
21  3.41603   0.082581    0.419219  2.71725 	Dead: 0
22  3.38206   0.0687278   0.348894  2.71725 	Dead: 0
23  3.38707   0.0787582   0.399814  2.71725 	Dead: 0
24  3.44616   0.108653    0.551571  2.71725 	Dead: 0
25  3.3804    0.0817891   0.4152    2.71725 	Dead: 0
26  3.40251   0.079076    0.401427  2.71725 	Dead: 0
27  3.38575   0.086423    0.438723  2.71725 	Dead: 0
28  3.45926   0.109674    0.556755  2.71725 	Dead: 0
29  3.45665   0.100023    0.507765  2.71725 	Dead: 0
30  3.36708   0.0805354   0.408835  2.71725 	Dead: 0
31  3.45811   0.112663    0.571931  2.71725 	Dead: 0
32  3.4955    0.137348    0.697241  2.71725 	Dead: 0
33  3.50325   0.122544    0.622091  2.71725 	Dead: 0
34  3.40895   0.107021    0.543289  2.71725 	Dead: 0
35  3.48105   0.131539    0.667755  2.71725 	Dead: 0
36  3.45379   0.123519    0.627039  2.71725 	Dead: 0
37  3.42434   0.111888    0.567997  2.71725 	Dead: 0
38  3.33908   0.0834557   0.42366   2.71725 	Dead: 0
39  3.39924   0.0994729   0.504971  2.71725 	Dead: 0
40  3.47023   0.135197    0.686325  2.71725 	Dead: 0
41  3.37971   0.100192    0.508619  2.71725 	Dead: 0
42  3.3854    0.124391    0.631468  2.71725 	Dead: 0
43  3.44666   0.132406    0.672154  2.71043 	Dead: 0
44  3.40635   0.11208     0.568972  2.71043 	Dead: 0
45  3.32766   0.083529    0.424032  2.71043 	Dead: 0
46  3.37354   0.0958372   0.486514  2.71043 	Dead: 0
47  3.29736   0.0840555   0.426705  2.71043 	Dead: 0
48  3.37796   0.107854    0.547517  2.71043 	Dead: 0
49  3.47177   0.183008    0.929034  2.71043 	Dead: 0
50  3.36608   0.10413     0.52861   2.71043 	Dead: 0
51  3.37041   0.102198    0.518805  2.71043 	Dead: 0
52  3.30868   0.0974673   0.49479   2.71043 	Dead: 0
53  3.36816   0.100041    0.507852  2.71043 	Dead: 0
54  3.35546   0.107359    0.545004  2.71043 	Dead: 0
55  3.38153   0.109555    0.556151  2.71043 	Dead: 0
56  3.40556   0.160198    0.813242  2.71043 	Dead: 0
57  3.3239    0.0903619   0.458719  2.71043 	Dead: 0
58  3.31772   0.085282    0.432931  2.71043 	Dead: 0
59  3.31624   0.0989301   0.502215  2.71043 	Dead: 0
60  3.3472    0.105322    0.534666  2.71043 	Dead: 0
61  3.32196   0.0934611   0.474452  2.71043 	Dead: 0
62  3.45935   0.161329    0.818979  2.71043 	Dead: 0
63  3.34073   0.103529    0.525559  2.71043 	Dead: 0
64  3.30332   0.101894    0.517262  2.71043 	Dead: 0
65  3.4549    0.164103    0.833061  2.71043 	Dead: 0
66  3.30885   0.0831855   0.422289  2.71043 	Dead: 0
67  3.3526    0.0923032   0.468574  2.71043 	Dead: 0
68  3.35361   0.100285    0.509092  2.71043 	Dead: 0
69  3.3101    0.0976341   0.495636  2.71043 	Dead: 0
70  3.31688   0.133468    0.677545  2.71043 	Dead: 0
71  3.29079   0.0968961   0.49189   2.71043 	Dead: 0
72  3.26685   0.102668    0.521191  2.71043 	Dead: 0
73  3.32896   0.116357    0.590685  2.71043 	Dead: 0
74  3.32947   0.109909    0.557951  2.71043 	Dead: 0
75  3.41177   0.153883    0.78118   2.71043 	Dead: 0
76  3.33565   0.0983383   0.499211  2.71043 	Dead: 0
77  3.30181   0.0983153   0.499094  2.71043 	Dead: 0
78  3.34324   0.118701    0.602582  2.71043 	Dead: 0
79  3.27058   0.0829594   0.421141  2.71043 	Dead: 0
80  3.30644   0.0925353   0.469752  2.71043 	Dead: 0
81  3.30977   0.103328    0.524543  2.71043 	Dead: 0
82  3.25284   0.0770199   0.390989  2.71043 	Dead: 0
83  3.32401   0.0917623   0.465828  2.71043 	Dead: 0
84  3.44203   0.143608    0.72902   2.71043 	Dead: 0
85  3.2678    0.0809975   0.411181  2.71043 	Dead: 0
86  3.30568   0.090075    0.457263  2.71043 	Dead: 0
87  3.36294   0.0954981   0.484793  2.71043 	Dead: 0
88  3.29357   0.0913623   0.463798  2.71043 	Dead: 0
89  3.3823    0.133128    0.675818  2.71043 	Dead: 0
90  3.27411   0.0851571   0.432297  2.71043 	Dead: 0
91  3.29032   0.0983101   0.499068  2.71043 	Dead: 0
92  3.43315   0.140236    0.711902  2.71043 	Dead: 0
93  3.28193   0.0975223   0.495069  2.71043 	Dead: 0
94  3.31201   0.10583     0.537242  2.71043 	Dead: 0
95  3.39782   0.123357    0.626217  2.71043 	Dead: 0
96  3.39411   0.139652    0.70894   2.71043 	Dead: 0
97  3.38887   0.159234    0.808344  2.71043 	Dead: 0
98  3.26641   0.0768121   0.389934  2.71043 	Dead: 0
99  3.30088   0.0956342   0.485484  2.71043 	Dead: 0
100 3.26681   0.0827783   0.420221  2.71043 	Dead: 0
