8.1556    0.0686438   0.348468  7.56717 	Dead: 0
7.38561   0.0454668   0.230811  6.95778 	Dead: 0
7.22481   0.0558232   0.283385  6.82323 	Dead: 0
7.06534   0.0513992   0.260926  6.71606 	Dead: 0
7.06357   0.0593784   0.301433  6.68681 	Dead: 0
6.97358   0.043178    0.219192  6.67401 	Dead: 0
6.89343   0.0443888   0.225338  6.57077 	Dead: 0
6.85853   0.0450352   0.22862   6.57077 	Dead: 0
6.84933   0.0432999   0.21981   6.57077 	Dead: 0
6.83979   0.0464009   0.235553  6.563   	Dead: 0
6.81974   0.0430986   0.218789  6.4863  	Dead: 0
6.80024   0.0429524   0.218047  6.4863  	Dead: 0
6.76404   0.0498008   0.252812  6.40861 	Dead: 0
6.73389   0.0397002   0.201537  6.40861 	Dead: 0
6.74911   0.0539178   0.273712  6.40861 	Dead: 0
6.70469   0.0393042   0.199527  6.40861 	Dead: 0
6.71846   0.0429233   0.217899  6.40861 	Dead: 0
6.68293   0.038428    0.195078  6.40861 	Dead: 0
6.69076   0.0450315   0.228601  6.40585 	Dead: 0
6.69685   0.0422239   0.214348  6.40585 	Dead: 0
6.66014   0.0396323   0.201192  6.35416 	Dead: 0
6.68148   0.0412892   0.209603  6.35416 	Dead: 0
6.67367   0.0406522   0.20637   6.35416 	Dead: 0
6.63482   0.0364132   0.18485   6.35416 	Dead: 0
6.69368   0.0459251   0.233137  6.35416 	Dead: 0
6.65267   0.0440077   0.223403  6.35416 	Dead: 0
6.66      0.039163    0.19881   6.35416 	Dead: 0
6.68693   0.0503491   0.255596  6.35181 	Dead: 0
6.67966   0.0463239   0.235162  6.35181 	Dead: 0
6.67568   0.0465467   0.236293  6.25973 	Dead: 0
6.66948   0.046952    0.23835   6.25973 	Dead: 0
6.66216   0.0441683   0.224219  6.25973 	Dead: 0
6.64758   0.0445937   0.226379  6.25973 	Dead: 0
6.6712    0.0441082   0.223914  6.25973 	Dead: 0
6.66078   0.0458627   0.232821  6.25973 	Dead: 0
6.70362   0.0575206   0.292001  6.25973 	Dead: 0
6.63167   0.0408107   0.207174  6.25973 	Dead: 0
6.67545   0.0483508   0.245451  6.25973 	Dead: 0
6.67817   0.0554102   0.281288  6.25973 	Dead: 0
6.66923   0.0593735   0.301407  6.25973 	Dead: 0
6.64037   0.0419439   0.212927  6.25973 	Dead: 0
6.65587   0.0471365   0.239287  6.25973 	Dead: 0
6.64353   0.0406248   0.20623   6.25973 	Dead: 0
6.61169   0.0387332   0.196628  6.25973 	Dead: 0
6.63025   0.0423778   0.21513   6.25973 	Dead: 0
6.63959   0.0434848   0.220749  6.25973 	Dead: 0
6.63946   0.0440826   0.223784  6.25973 	Dead: 0
6.65253   0.0454976   0.230967  6.25973 	Dead: 0
6.64813   0.0459421   0.233223  6.25973 	Dead: 0
6.65735   0.047221    0.239716  6.25973 	Dead: 0
6.65274   0.0451281   0.229091  6.25973 	Dead: 0
6.66466   0.0467847   0.237501  6.25973 	Dead: 0
6.62696   0.0398748   0.202423  6.25973 	Dead: 0
6.65707   0.0516427   0.262162  6.25973 	Dead: 0
6.65336   0.048268    0.245031  6.25973 	Dead: 0
6.64176   0.044283    0.224801  6.25973 	Dead: 0
6.63099   0.0452869   0.229898  6.25973 	Dead: 0
6.62003   0.0433019   0.219821  6.25973 	Dead: 0
6.59173   0.0377697   0.191736  6.25973 	Dead: 0
6.61779   0.0441466   0.224109  6.25973 	Dead: 0
6.61326   0.0433905   0.22027   6.25973 	Dead: 0
6.62435   0.0489575   0.248531  6.25973 	Dead: 0
6.57051   0.0421657   0.214053  6.25973 	Dead: 0
6.57423   0.0449433   0.228153  6.25973 	Dead: 0
6.56498   0.0419968   0.213195  6.2422  	Dead: 0
6.52973   0.0384236   0.195056  6.2422  	Dead: 0
6.5532    0.0453828   0.230384  6.2422  	Dead: 0
6.58379   0.0494271   0.250915  6.20513 	Dead: 0
6.52486   0.0407899   0.207069  6.20513 	Dead: 0
6.53313   0.0469647   0.238415  6.165   	Dead: 0
6.51923   0.0451933   0.229422  6.165   	Dead: 0
6.52905   0.0470973   0.239088  6.165   	Dead: 0
6.51554   0.0446766   0.226799  6.165   	Dead: 0
6.55664   0.0533114   0.270634  6.165   	Dead: 0
6.53351   0.0543924   0.276121  6.11974 	Dead: 0
6.54413   0.0524956   0.266492  6.11974 	Dead: 0
6.52085   0.0497469   0.252538  6.11974 	Dead: 0
6.54708   0.0526475   0.267263  6.11974 	Dead: 0
6.55103   0.0550855   0.27964   6.11974 	Dead: 0
6.55564   0.0517533   0.262724  6.11974 	Dead: 0
6.53299   0.0468708   0.237938  6.11974 	Dead: 0
6.55364   0.0542356   0.275325  6.11974 	Dead: 0
6.51365   0.0509131   0.258459  6.11974 	Dead: 0
6.52515   0.0516811   0.262358  6.11974 	Dead: 0
6.5467    0.0512078   0.259955  6.11798 	Dead: 0
6.54978   0.0530304   0.269207  6.11798 	Dead: 0
6.52242   0.0511763   0.259795  6.11798 	Dead: 0
6.53464   0.0480361   0.243853  6.11798 	Dead: 0
6.54701   0.0526722   0.267389  6.11798 	Dead: 0
6.56063   0.0603743   0.306488  6.11798 	Dead: 0
6.50342   0.0515282   0.261581  6.11798 	Dead: 0
6.52842   0.050926    0.258524  6.11798 	Dead: 0
6.4864    0.045603    0.231502  6.11798 	Dead: 0
6.48907   0.0491331   0.249422  6.11798 	Dead: 0
6.51004   0.0486795   0.24712   6.11798 	Dead: 0
6.5267    0.0608505   0.308906  6.11798 	Dead: 0
6.5147    0.0571061   0.289897  6.11798 	Dead: 0
6.51292   0.050896    0.258372  6.11798 	Dead: 0
6.46392   0.0485469   0.246447  6.11798 	Dead: 0
6.49032   0.0523373   0.265689  6.11798 	Dead: 0
6.49688   0.0554772   0.281628  6.11798 	Dead: 0
