8.14699   0.0666869   0.338534  7.4503  	Dead: 0
7.39112   0.0564143   0.286385  7.09275 	Dead: 0
7.14353   0.0400823   0.203476  6.82537 	Dead: 0
7.06673   0.0534565   0.27137   6.67892 	Dead: 0
6.97103   0.0366592   0.186099  6.67892 	Dead: 0
6.93721   0.0442298   0.224531  6.67892 	Dead: 0
6.88005   0.0337201   0.171179  6.60471 	Dead: 0
6.87541   0.0375127   0.190432  6.60471 	Dead: 0
6.81912   0.0331445   0.168257  6.56729 	Dead: 0
6.79848   0.0326462   0.165727  6.4638  	Dead: 0
6.82406   0.0406845   0.206533  6.4638  	Dead: 0
6.77112   0.0396132   0.201095  6.41169 	Dead: 0
6.79543   0.0435443   0.221051  6.41169 	Dead: 0
6.78947   0.0421494   0.21397   6.39071 	Dead: 0
6.76557   0.0362763   0.184155  6.39071 	Dead: 0
6.75725   0.0433869   0.220252  6.39071 	Dead: 0
6.74519   0.0369126   0.187386  6.39071 	Dead: 0
6.76454   0.0392158   0.199078  6.39071 	Dead: 0
6.73918   0.037155    0.188616  6.39071 	Dead: 0
6.73227   0.0426237   0.216378  6.39071 	Dead: 0
6.7255    0.0402433   0.204294  6.39071 	Dead: 0
6.68522   0.0362378   0.18396   6.39071 	Dead: 0
6.69283   0.0363212   0.184383  6.39071 	Dead: 0
6.74791   0.0487173   0.247312  6.37699 	Dead: 0
6.69538   0.0354108   0.179762  6.37699 	Dead: 0
6.68105   0.036751    0.186565  6.37699 	Dead: 0
6.70688   0.0440873   0.223808  6.37029 	Dead: 0
6.6724    0.032636    0.165676  6.37029 	Dead: 0
6.66999   0.0361406   0.183467  6.37029 	Dead: 0
6.70315   0.0438451   0.222578  6.37029 	Dead: 0
6.66011   0.0373268   0.189488  6.37029 	Dead: 0
6.66268   0.0453727   0.230333  6.37029 	Dead: 0
6.68945   0.041813    0.212262  6.24512 	Dead: 0
6.65223   0.038391    0.194891  6.24512 	Dead: 0
6.64939   0.0387128   0.196524  6.24512 	Dead: 0
6.66454   0.0392944   0.199477  6.24512 	Dead: 0
6.67621   0.0408781   0.207516  6.24512 	Dead: 0
6.64821   0.0373715   0.189715  6.24512 	Dead: 0
6.67468   0.0421185   0.213813  6.24512 	Dead: 0
6.64353   0.0400953   0.203543  6.24512 	Dead: 0
6.66195   0.0413246   0.209783  6.24512 	Dead: 0
6.65312   0.0382098   0.193971  6.24512 	Dead: 0
6.65318   0.0430752   0.21867   6.24512 	Dead: 0
6.6468    0.0390368   0.198169  6.24512 	Dead: 0
6.6473    0.0417682   0.212035  6.24512 	Dead: 0
6.63952   0.0419196   0.212803  6.24512 	Dead: 0
6.65775   0.0436805   0.221743  6.24512 	Dead: 0
6.65138   0.0494999   0.251284  6.24512 	Dead: 0
6.60555   0.034414    0.174702  6.24512 	Dead: 0
6.6258    0.0427943   0.217244  6.24512 	Dead: 0
6.63089   0.046568    0.236401  6.24512 	Dead: 0
6.6235    0.0398844   0.202472  6.24512 	Dead: 0
6.61451   0.0381024   0.193426  6.24512 	Dead: 0
6.64254   0.0422206   0.214332  6.24512 	Dead: 0
6.60392   0.0381159   0.193494  6.24512 	Dead: 0
6.62686   0.038188    0.19386   6.24512 	Dead: 0
6.64241   0.0412594   0.209452  6.24512 	Dead: 0
6.63204   0.0412126   0.209215  6.24512 	Dead: 0
6.63294   0.0416953   0.211665  6.24512 	Dead: 0
6.63512   0.0406134   0.206173  6.24512 	Dead: 0
6.6331    0.0418445   0.212422  6.24512 	Dead: 0
6.63809   0.0406843   0.206533  6.24512 	Dead: 0
6.64374   0.0505282   0.256505  6.24512 	Dead: 0
6.62254   0.0402257   0.204204  6.24512 	Dead: 0
6.62663   0.0526618   0.267336  6.24512 	Dead: 0
6.61844   0.0398732   0.202415  6.19173 	Dead: 0
6.60094   0.0392041   0.199018  6.19173 	Dead: 0
6.614     0.0421683   0.214066  6.19173 	Dead: 0
6.61388   0.0427123   0.216828  6.19173 	Dead: 0
6.58058   0.0356945   0.181202  6.19173 	Dead: 0
6.61158   0.0420906   0.213672  6.19173 	Dead: 0
6.60757   0.0410591   0.208435  6.19173 	Dead: 0
6.6064    0.0434646   0.220646  6.19173 	Dead: 0
6.60972   0.039824    0.202165  6.19173 	Dead: 0
6.59043   0.0406518   0.206367  6.19173 	Dead: 0
6.58037   0.0375735   0.190741  6.19173 	Dead: 0
6.60981   0.0421556   0.214002  6.19173 	Dead: 0
6.57946   0.0400064   0.203091  6.19173 	Dead: 0
6.60426   0.047976    0.243549  6.19173 	Dead: 0
6.56309   0.0379115   0.192456  6.19173 	Dead: 0
6.57619   0.0401759   0.203952  6.19173 	Dead: 0
6.57771   0.0404473   0.205329  6.19173 	Dead: 0
6.56318   0.0405877   0.206042  6.19173 	Dead: 0
6.56689   0.0400476   0.2033    6.19173 	Dead: 0
6.57905   0.0447801   0.227325  6.19173 	Dead: 0
6.56743   0.0412747   0.20953   6.19173 	Dead: 0
6.58935   0.0408075   0.207158  6.19173 	Dead: 0
6.5745    0.038573    0.195814  6.19173 	Dead: 0
6.5707    0.0370039   0.187849  6.19173 	Dead: 0
6.55118   0.0390131   0.198049  6.19173 	Dead: 0
6.56937   0.0409851   0.208059  6.19173 	Dead: 0
6.56535   0.0409245   0.207752  6.19173 	Dead: 0
6.55811   0.0435343   0.221     6.13871 	Dead: 0
6.56113   0.0426348   0.216434  6.13871 	Dead: 0
6.56639   0.0415399   0.210876  6.13871 	Dead: 0
6.56129   0.0443327   0.225054  6.13871 	Dead: 0
6.5675    0.0425935   0.216224  6.13871 	Dead: 0
6.57539   0.0459147   0.233085  6.13871 	Dead: 0
6.55551   0.0403636   0.204905  6.13871 	Dead: 0
6.5538    0.0379666   0.192736  6.13871 	Dead: 0
6.56463   0.0444826   0.225814  6.13871 	Dead: 0
