11.1941   0.0572243   0.290497  10.4385 	Dead: 0
10.4698   0.0457117   0.232054  10.078  	Dead: 0
10.0843   0.0268617   0.136363  9.78908 	Dead: 0
10.0334   0.0281258   0.142779  9.78908 	Dead: 0
10.0111   0.0294455   0.149479  9.73896 	Dead: 0
10.0039   0.0313398   0.159095  9.5619  	Dead: 0
9.92596   0.0293956   0.149226  9.5619  	Dead: 0
9.89448   0.0339337   0.172263  9.5619  	Dead: 0
9.84522   0.0314752   0.159783  9.5619  	Dead: 0
9.81868   0.03011     0.152852  9.5619  	Dead: 0
9.8073    0.0327149   0.166076  9.55136 	Dead: 0
9.81817   0.0346376   0.175837  9.51154 	Dead: 0
9.8095    0.0323572   0.16426   9.51154 	Dead: 0
9.78831   0.0307373   0.156037  9.51154 	Dead: 0
9.81361   0.0364445   0.185009  9.51154 	Dead: 0
9.815     0.0321583   0.16325   9.51154 	Dead: 0
9.80069   0.0329382   0.16721   9.51154 	Dead: 0
9.81125   0.0375662   0.190704  9.51154 	Dead: 0
9.80991   0.0413523   0.209924  9.51154 	Dead: 0
9.79394   0.0340581   0.172895  9.51154 	Dead: 0
9.81567   0.0341394   0.173307  9.51154 	Dead: 0
9.80931   0.0340968   0.173091  9.51154 	Dead: 0
9.79967   0.0315529   0.160177  9.51154 	Dead: 0
9.78344   0.0316541   0.160691  9.44236 	Dead: 0
9.7714    0.0335392   0.170261  9.44236 	Dead: 0
9.77879   0.0320248   0.162573  9.44236 	Dead: 0
9.79372   0.0363292   0.184424  9.44236 	Dead: 0
9.75829   0.0335399   0.170264  9.44236 	Dead: 0
9.75219   0.0303389   0.154014  9.44236 	Dead: 0
9.76248   0.0414163   0.210249  9.44236 	Dead: 0
9.75804   0.0322867   0.163902  9.44236 	Dead: 0
9.72463   0.0302057   0.153338  9.44236 	Dead: 0
9.72278   0.0287237   0.145815  9.44236 	Dead: 0
9.73224   0.0330382   0.167717  9.44236 	Dead: 0
9.72408   0.0311608   0.158187  9.44236 	Dead: 0
9.71063   0.0329256   0.167146  9.39915 	Dead: 0
9.72201   0.034147    0.173346  9.39915 	Dead: 0
9.72094   0.0350973   0.17817   9.39915 	Dead: 0
9.72148   0.0340631   0.17292   9.39915 	Dead: 0
9.71455   0.0341058   0.173137  9.39915 	Dead: 0
9.69622   0.0303674   0.154159  9.39915 	Dead: 0
9.72402   0.0357394   0.18143   9.39915 	Dead: 0
9.70714   0.03434     0.174326  9.39915 	Dead: 0
9.68874   0.0329044   0.167038  9.39915 	Dead: 0
9.71235   0.037256    0.189129  9.39915 	Dead: 0
9.69562   0.0362847   0.184198  9.39915 	Dead: 0
9.73359   0.041766    0.212024  9.39915 	Dead: 0
9.70108   0.0353134   0.179267  9.39915 	Dead: 0
9.71002   0.042817    0.217359  9.39915 	Dead: 0
9.6932    0.0308949   0.156837  9.39915 	Dead: 0
9.69412   0.0328828   0.166929  9.39915 	Dead: 0
9.68001   0.0321756   0.163338  9.39915 	Dead: 0
9.68324   0.0359446   0.182471  9.39915 	Dead: 0
9.69117   0.0354984   0.180206  9.39915 	Dead: 0
9.69168   0.037322    0.189464  9.39915 	Dead: 0
9.66291   0.035083    0.178097  9.39915 	Dead: 0
9.6733    0.0355451   0.180443  9.39915 	Dead: 0
9.66342   0.031447    0.159639  9.39915 	Dead: 0
9.65514   0.039328    0.199647  9.358   	Dead: 0
9.62866   0.030639    0.155538  9.358   	Dead: 0
9.64663   0.0367476   0.186548  9.34479 	Dead: 0
9.6571    0.0346691   0.175996  9.34479 	Dead: 0
9.6519    0.0388187   0.197062  9.34479 	Dead: 0
9.6392    0.0349054   0.177196  9.34479 	Dead: 0
9.6442    0.0337355   0.171257  9.34479 	Dead: 0
9.66469   0.0385803   0.195852  9.34479 	Dead: 0
9.65761   0.0351212   0.178291  9.34479 	Dead: 0
9.64319   0.0324667   0.164816  9.34479 	Dead: 0
9.63974   0.0324591   0.164777  9.34479 	Dead: 0
9.64301   0.0358644   0.182065  9.34479 	Dead: 0
9.62402   0.0379283   0.192542  9.34479 	Dead: 0
9.61327   0.0376121   0.190936  9.34479 	Dead: 0
9.60066   0.0366013   0.185805  9.34479 	Dead: 0
9.59499   0.0339808   0.172502  9.34348 	Dead: 0
9.60113   0.0395712   0.200882  9.34348 	Dead: 0
9.55566   0.0274423   0.13931   9.32188 	Dead: 0
9.59301   0.0358252   0.181866  9.32188 	Dead: 0
9.55336   0.0282343   0.143331  9.26288 	Dead: 0
9.56466   0.031073    0.157741  9.26288 	Dead: 0
9.55481   0.0328      0.166508  9.26288 	Dead: 0
9.5464    0.0286835   0.145611  9.26288 	Dead: 0
9.56681   0.0352633   0.179013  9.26288 	Dead: 0
9.55954   0.0373209   0.189458  9.26288 	Dead: 0
9.55364   0.0333268   0.169182  9.26288 	Dead: 0
9.56782   0.0336736   0.170943  9.26288 	Dead: 0
9.56226   0.0360326   0.182918  9.26288 	Dead: 0
9.53275   0.0321409   0.163162  9.26288 	Dead: 0
9.5469    0.0361169   0.183346  9.26288 	Dead: 0
9.55812   0.0344731   0.175002  9.26288 	Dead: 0
9.54017   0.0318376   0.161623  9.26288 	Dead: 0
9.53227   0.0351641   0.17851   9.26288 	Dead: 0
9.53094   0.0312838   0.158811  9.26288 	Dead: 0
9.51935   0.0300174   0.152382  9.26288 	Dead: 0
9.52411   0.0332086   0.168582  9.25123 	Dead: 0
9.52703   0.0332457   0.168771  9.25123 	Dead: 0
9.52076   0.0318227   0.161547  9.25123 	Dead: 0
9.53186   0.0299078   0.151826  9.25123 	Dead: 0
9.51923   0.0331046   0.168054  9.25123 	Dead: 0
9.53717   0.0369476   0.187563  9.25123 	Dead: 0
9.53645   0.0428992   0.217776  9.25123 	Dead: 0
9.52717   0.0336119   0.170629  9.25123 	Dead: 0
