6.37232   0.0553451   0.280958  5.78296 	Dead: 0
5.76524   0.0403349   0.204759  5.41131 	Dead: 0
5.48319   0.0367093   0.186353  5.08871 	Dead: 0
5.41291   0.0392036   0.199016  4.98693 	Dead: 0
5.38905   0.0411109   0.208698  4.98693 	Dead: 0
5.34364   0.0438944   0.222828  4.98693 	Dead: 0
5.37093   0.0489264   0.248373  4.90025 	Dead: 0
5.3409    0.0468627   0.237897  4.90025 	Dead: 0
5.34435   0.0476109   0.241695  4.90025 	Dead: 0
5.30887   0.047418    0.240716  4.90025 	Dead: 0
5.28457   0.0411482   0.208888  4.90025 	Dead: 0
5.25199   0.0385825   0.195863  4.90025 	Dead: 0
5.25832   0.0471377   0.239293  4.88442 	Dead: 0
5.21966   0.0413256   0.209788  4.88442 	Dead: 0
5.27017   0.049556    0.251569  4.87171 	Dead: 0
5.22937   0.044497    0.225888  4.87171 	Dead: 0
5.2384    0.0486391   0.246915  4.85513 	Dead: 0
5.22497   0.0436229   0.22145   4.85513 	Dead: 0
5.20955   0.0436647   0.221662  4.85513 	Dead: 0
5.23578   0.0456251   0.231614  4.85513 	Dead: 0
5.18053   0.0401246   0.203691  4.85513 	Dead: 0
5.17273   0.0406491   0.206354  4.85513 	Dead: 0
5.18991   0.044193    0.224344  4.85513 	Dead: 0
5.19824   0.0434948   0.2208    4.82821 	Dead: 0
5.17862   0.0419346   0.212879  4.82821 	Dead: 0
5.19139   0.0455958   0.231466  4.82821 	Dead: 0
5.19696   0.0475463   0.241367  4.82821 	Dead: 0
5.17923   0.0468271   0.237716  4.82821 	Dead: 0
5.20194   0.0468627   0.237897  4.82821 	Dead: 0
5.17156   0.0427874   0.217209  4.82821 	Dead: 0
5.19864   0.0470447   0.238821  4.79933 	Dead: 0
5.21189   0.0491025   0.249267  4.79933 	Dead: 0
5.18882   0.0454592   0.230772  4.79933 	Dead: 0
5.19049   0.0447751   0.227299  4.79933 	Dead: 0
5.18448   0.0434738   0.220693  4.79933 	Dead: 0
5.20446   0.0482619   0.245     4.79933 	Dead: 0
5.19403   0.0448447   0.227653  4.79933 	Dead: 0
5.1841    0.0442277   0.224521  4.79933 	Dead: 0
5.16653   0.0432118   0.219363  4.79933 	Dead: 0
5.20004   0.0474576   0.240917  4.79933 	Dead: 0
5.19214   0.0449793   0.228336  4.79933 	Dead: 0
5.18352   0.0451952   0.229432  4.79933 	Dead: 0
5.1812    0.0468717   0.237942  4.79933 	Dead: 0
5.2001    0.0505796   0.256766  4.79933 	Dead: 0
5.18065   0.0482031   0.244702  4.79933 	Dead: 0
5.21058   0.0473168   0.240202  4.79933 	Dead: 0
5.19691   0.0437793   0.222244  4.79933 	Dead: 0
5.21316   0.0478486   0.242902  4.79933 	Dead: 0
5.18514   0.0438016   0.222357  4.79933 	Dead: 0
5.17404   0.0436162   0.221416  4.79933 	Dead: 0
5.17031   0.0432854   0.219737  4.79933 	Dead: 0
5.17888   0.0445539   0.226176  4.79933 	Dead: 0
5.16989   0.0457494   0.232245  4.79933 	Dead: 0
5.14912   0.0414704   0.210523  4.79933 	Dead: 0
5.1702    0.0485036   0.246227  4.79933 	Dead: 0
5.17168   0.0459933   0.233483  4.79933 	Dead: 0
5.20405   0.0499188   0.253411  4.79933 	Dead: 0
5.17572   0.0454983   0.230971  4.79933 	Dead: 0
5.17266   0.0461465   0.234261  4.79933 	Dead: 0
5.19588   0.048188    0.244625  4.79933 	Dead: 0
5.1753    0.0478995   0.24316   4.79933 	Dead: 0
5.17197   0.0446341   0.226584  4.79933 	Dead: 0
5.14859   0.0447456   0.22715   4.79933 	Dead: 0
5.1642    0.0434637   0.220642  4.79933 	Dead: 0
5.17779   0.0480445   0.243896  4.79933 	Dead: 0
5.17116   0.047639    0.241838  4.79933 	Dead: 0
5.16432   0.0432671   0.219644  4.79933 	Dead: 0
5.15898   0.0438639   0.222674  4.79933 	Dead: 0
5.16783   0.0462047   0.234557  4.79933 	Dead: 0
5.16612   0.0494991   0.25128   4.79933 	Dead: 0
5.15261   0.0438269   0.222486  4.79933 	Dead: 0
5.17325   0.0478794   0.243058  4.79933 	Dead: 0
5.17267   0.0481663   0.244515  4.79933 	Dead: 0
5.16069   0.0430074   0.218326  4.79933 	Dead: 0
5.15981   0.0448173   0.227514  4.79933 	Dead: 0
5.18021   0.0533807   0.270985  4.75364 	Dead: 0
5.16439   0.0461598   0.234329  4.75364 	Dead: 0
5.1919    0.0530369   0.26924   4.75364 	Dead: 0
5.1724    0.0464824   0.235966  4.75364 	Dead: 0
5.1652    0.0466591   0.236863  4.75364 	Dead: 0
5.15898   0.0426188   0.216353  4.75364 	Dead: 0
5.16976   0.0473928   0.240588  4.75364 	Dead: 0
5.15032   0.0448804   0.227834  4.75364 	Dead: 0
5.19155   0.0507501   0.257631  4.75364 	Dead: 0
5.19243   0.0507329   0.257544  4.75364 	Dead: 0
5.18187   0.0489729   0.248609  4.75364 	Dead: 0
5.16986   0.0456967   0.231978  4.75364 	Dead: 0
5.17432   0.0472097   0.239659  4.75364 	Dead: 0
5.18796   0.0508781   0.258281  4.75364 	Dead: 0
5.19758   0.0496016   0.251801  4.75364 	Dead: 0
5.20788   0.0478658   0.242989  4.75364 	Dead: 0
5.20819   0.0520316   0.264137  4.75364 	Dead: 0
5.15407   0.0455387   0.231176  4.75364 	Dead: 0
5.15507   0.0431342   0.218969  4.75364 	Dead: 0
5.1725    0.0514206   0.261035  4.75364 	Dead: 0
5.16625   0.0476482   0.241884  4.75364 	Dead: 0
5.16956   0.0491666   0.249592  4.75364 	Dead: 0
5.15982   0.0454169   0.230557  4.75364 	Dead: 0
5.16034   0.0471643   0.239428  4.75364 	Dead: 0
5.16224   0.047008    0.238635  4.75364 	Dead: 0
5.16189   0.0480539   0.243944  4.75364 	Dead: 0
