6.40413   0.0571735   0.290239  5.77749 	Dead: 0
5.7977    0.0503138   0.255417  5.40496 	Dead: 0
5.63926   0.0476284   0.241784  5.25881 	Dead: 0
5.4967    0.0366369   0.185986  5.17814 	Dead: 0
5.44138   0.0400862   0.203496  5.07688 	Dead: 0
5.37843   0.0357174   0.181318  5.07688 	Dead: 0
5.37565   0.0365858   0.185726  5.07688 	Dead: 0
5.31476   0.0355587   0.180512  5.07688 	Dead: 0
5.3324    0.0428731   0.217644  4.97859 	Dead: 0
5.33313   0.0437417   0.222053  4.97859 	Dead: 0
5.32058   0.0422761   0.214613  4.97859 	Dead: 0
5.33937   0.0472762   0.239996  4.97859 	Dead: 0
5.30782   0.0449326   0.228099  4.96792 	Dead: 0
5.30813   0.0460843   0.233945  4.96792 	Dead: 0
5.27622   0.0491463   0.24949   4.9503  	Dead: 0
5.28578   0.0439616   0.223169  4.9503  	Dead: 0
5.26855   0.0427108   0.21682   4.9503  	Dead: 0
5.31773   0.0528216   0.268147  4.93439 	Dead: 0
5.26477   0.0438723   0.222716  4.90022 	Dead: 0
5.28049   0.0474405   0.24083   4.90022 	Dead: 0
5.26101   0.046066    0.233853  4.90022 	Dead: 0
5.24225   0.042543    0.215968  4.90022 	Dead: 0
5.22502   0.0416034   0.211198  4.90022 	Dead: 0
5.24557   0.0444439   0.225618  4.90022 	Dead: 0
5.2887    0.0510789   0.2593    4.90022 	Dead: 0
5.24392   0.0445218   0.226013  4.8703  	Dead: 0
5.2285    0.0388524   0.197233  4.8703  	Dead: 0
5.24204   0.0467311   0.237229  4.8703  	Dead: 0
5.20911   0.0414516   0.210428  4.8703  	Dead: 0
5.23384   0.0448958   0.227912  4.8703  	Dead: 0
5.25033   0.0490163   0.248829  4.8703  	Dead: 0
5.22845   0.0438607   0.222657  4.8703  	Dead: 0
5.21614   0.0458936   0.232977  4.8703  	Dead: 0
5.22948   0.0513717   0.260786  4.8703  	Dead: 0
5.19785   0.0446685   0.226758  4.8703  	Dead: 0
5.18766   0.0427392   0.216964  4.76132 	Dead: 0
5.21478   0.0500606   0.254131  4.76132 	Dead: 0
5.22069   0.0460566   0.233805  4.76132 	Dead: 0
5.21454   0.0440272   0.223502  4.76132 	Dead: 0
5.17367   0.0434821   0.220735  4.76132 	Dead: 0
5.17595   0.0423311   0.214892  4.76132 	Dead: 0
5.21014   0.0466865   0.237003  4.76132 	Dead: 0
5.2085    0.0503908   0.255807  4.76132 	Dead: 0
5.18233   0.0449896   0.228388  4.76132 	Dead: 0
5.18422   0.0494647   0.251106  4.76132 	Dead: 0
5.18879   0.0458693   0.232854  4.76132 	Dead: 0
5.14693   0.0426066   0.216291  4.76132 	Dead: 0
5.15173   0.0430503   0.218543  4.76132 	Dead: 0
5.17965   0.0463379   0.235233  4.76132 	Dead: 0
5.19174   0.0540833   0.274552  4.76132 	Dead: 0
5.18006   0.0502164   0.254922  4.74894 	Dead: 0
5.15638   0.0443492   0.225137  4.74894 	Dead: 0
5.18236   0.0485447   0.246436  4.74894 	Dead: 0
5.16433   0.0477291   0.242295  4.74894 	Dead: 0
5.1673    0.0469715   0.238449  4.67136 	Dead: 0
5.15188   0.0472065   0.239642  4.67136 	Dead: 0
5.15908   0.0472883   0.240058  4.67136 	Dead: 0
5.16589   0.050962    0.258707  4.67136 	Dead: 0
5.15101   0.0469533   0.238357  4.67136 	Dead: 0
5.15357   0.048966    0.248574  4.67136 	Dead: 0
5.11801   0.0420546   0.213489  4.67136 	Dead: 0
5.14887   0.0480444   0.243896  4.67136 	Dead: 0
5.13429   0.0458402   0.232706  4.67136 	Dead: 0
5.09675   0.0408128   0.207185  4.67136 	Dead: 0
5.09484   0.0399552   0.202831  4.67136 	Dead: 0
5.11485   0.0439175   0.222946  4.67136 	Dead: 0
5.12097   0.0476385   0.241835  4.67136 	Dead: 0
5.11176   0.0497728   0.25267   4.67136 	Dead: 0
5.08922   0.0452595   0.229758  4.67136 	Dead: 0
5.09921   0.0442207   0.224485  4.67136 	Dead: 0
5.0823    0.0477661   0.242483  4.67136 	Dead: 0
5.07605   0.0439214   0.222965  4.67136 	Dead: 0
5.0646    0.0428629   0.217592  4.67136 	Dead: 0
5.05896   0.0418193   0.212294  4.67136 	Dead: 0
5.11364   0.0510073   0.258937  4.67136 	Dead: 0
5.09094   0.0477027   0.242161  4.67136 	Dead: 0
5.10349   0.0523481   0.265743  4.67136 	Dead: 0
5.09999   0.0495403   0.251489  4.67136 	Dead: 0
5.06583   0.0448415   0.227636  4.67136 	Dead: 0
5.08847   0.0454116   0.23053   4.67136 	Dead: 0
5.07698   0.0443951   0.22537   4.67136 	Dead: 0
5.08352   0.0465027   0.23607   4.67136 	Dead: 0
5.07902   0.0471646   0.23943   4.67136 	Dead: 0
5.0812    0.0456979   0.231984  4.67136 	Dead: 0
5.11223   0.0524165   0.26609   4.67136 	Dead: 0
5.05843   0.0469272   0.238224  4.67136 	Dead: 0
5.07678   0.047667    0.24198   4.67136 	Dead: 0
5.09047   0.047438    0.240818  4.67136 	Dead: 0
5.06601   0.0449824   0.228351  4.67136 	Dead: 0
5.09707   0.0481185   0.244272  4.67136 	Dead: 0
5.10684   0.0488316   0.247892  4.67136 	Dead: 0
5.05608   0.0434111   0.220375  4.67136 	Dead: 0
5.10649   0.04892     0.248341  4.67136 	Dead: 0
5.06682   0.043822    0.222461  4.67136 	Dead: 0
5.0777    0.047452    0.240889  4.67136 	Dead: 0
5.06381   0.0452834   0.229879  4.67136 	Dead: 0
5.06316   0.0446553   0.226691  4.67136 	Dead: 0
5.07436   0.0485669   0.246548  4.67136 	Dead: 0
5.06945   0.0427609   0.217074  4.67136 	Dead: 0
5.07802   0.0477153   0.242225  4.67136 	Dead: 0
5.09698   0.0538222   0.273227  4.67136 	Dead: 0
