8.17982   0.0865924   0.439583  7.0502  	Dead: 0
6.402     0.0608085   0.308692  5.6949  	Dead: 0
5.77255   0.0611173   0.31026   4.87028 	Dead: 0
5.55144   0.0684685   0.347578  4.79286 	Dead: 0
5.37946   0.0669948   0.340097  4.79286 	Dead: 0
5.28613   0.0646013   0.327946  4.79286 	Dead: 0
5.19383   0.0681852   0.34614   4.62504 	Dead: 0
5.12577   0.063231    0.32099   4.62504 	Dead: 0
5.05428   0.0630524   0.320084  4.53016 	Dead: 0
5.00865   0.0651585   0.330775  4.52059 	Dead: 0
4.90885   0.0706221   0.358511  4.41196 	Dead: 0
4.88425   0.074068    0.376004  4.23784 	Dead: 0
4.81183   0.0629617   0.319623  4.23784 	Dead: 0
4.77916   0.0629499   0.319563  4.23784 	Dead: 0
4.73921   0.0680948   0.345681  4.20698 	Dead: 0
4.79402   0.0720475   0.365747  3.93565 	Dead: 0
4.69751   0.0635064   0.322388  3.93565 	Dead: 0
4.67582   0.0656003   0.333018  3.93565 	Dead: 0
4.66081   0.0659694   0.334891  3.93565 	Dead: 0
4.60211   0.0716249   0.363602  3.93565 	Dead: 0
4.60223   0.074968    0.380572  3.85757 	Dead: 0
4.535     0.0664478   0.33732   3.85757 	Dead: 0
4.51369   0.0697314   0.353989  3.85757 	Dead: 0
4.49343   0.0637866   0.32381   3.85757 	Dead: 0
4.54934   0.0721946   0.366494  3.85757 	Dead: 0
4.5648    0.0790112   0.401098  3.85757 	Dead: 0
4.53494   0.0736554   0.373909  3.85757 	Dead: 0
4.5348    0.0702332   0.356536  3.85757 	Dead: 0
4.51115   0.0665142   0.337657  3.85757 	Dead: 0
4.52082   0.0696048   0.353346  3.85757 	Dead: 0
4.48086   0.0716969   0.363967  3.85757 	Dead: 0
4.50548   0.0758717   0.38516   3.85757 	Dead: 0
4.53041   0.0779861   0.395894  3.85757 	Dead: 0
4.5122    0.073574    0.373496  3.85757 	Dead: 0
4.47611   0.0721003   0.366015  3.85757 	Dead: 0
4.51767   0.073908    0.375192  3.85757 	Dead: 0
4.51647   0.0765684   0.388697  3.85757 	Dead: 0
4.51052   0.075737    0.384476  3.85757 	Dead: 0
4.47807   0.072955    0.370354  3.85757 	Dead: 0
4.51594   0.0766951   0.38934   3.85757 	Dead: 0
4.48134   0.0754988   0.383267  3.85757 	Dead: 0
4.49944   0.0751289   0.38139   3.85757 	Dead: 0
4.51896   0.079413    0.403137  3.85757 	Dead: 0
4.48698   0.0692738   0.351666  3.85757 	Dead: 0
4.45742   0.0643195   0.326516  3.85757 	Dead: 0
4.44909   0.0747735   0.379585  3.85757 	Dead: 0
4.43986   0.0723097   0.367078  3.85757 	Dead: 0
4.44269   0.0673943   0.342125  3.85757 	Dead: 0
4.48106   0.0724528   0.367804  3.85757 	Dead: 0
4.4855    0.0703241   0.356998  3.85757 	Dead: 0
4.49132   0.0798508   0.40536   3.85757 	Dead: 0
4.44282   0.0717489   0.364231  3.85757 	Dead: 0
4.52682   0.0802042   0.407154  3.85757 	Dead: 0
4.49075   0.0708814   0.359827  3.85757 	Dead: 0
4.50854   0.071258    0.361739  3.85757 	Dead: 0
4.42879   0.0695649   0.353144  3.85757 	Dead: 0
4.47671   0.0757499   0.384542  3.85757 	Dead: 0
4.5111    0.0812847   0.412639  3.85757 	Dead: 0
4.44803   0.0726696   0.368905  3.85757 	Dead: 0
4.47275   0.0751394   0.381443  3.85757 	Dead: 0
4.49017   0.0829866   0.421279  3.85757 	Dead: 0
4.47889   0.074877    0.38011   3.85757 	Dead: 0
4.45845   0.0773101   0.392462  3.85757 	Dead: 0
4.44538   0.0720108   0.36556   3.85757 	Dead: 0
4.41096   0.0677554   0.343958  3.85757 	Dead: 0
4.47025   0.0794681   0.403417  3.85757 	Dead: 0
4.46192   0.0787407   0.399725  3.85757 	Dead: 0
4.47186   0.0797558   0.404878  3.85757 	Dead: 0
4.41556   0.0690828   0.350697  3.85757 	Dead: 0
4.45193   0.0739628   0.37547   3.85757 	Dead: 0
4.52562   0.0853703   0.43338   3.85757 	Dead: 0
4.45761   0.0766982   0.389356  3.85757 	Dead: 0
4.45195   0.0756381   0.383974  3.85757 	Dead: 0
4.44687   0.0745      0.378197  3.85757 	Dead: 0
4.4513    0.0758954   0.38528   3.85757 	Dead: 0
4.42529   0.0687762   0.34914   3.85757 	Dead: 0
4.45379   0.0714638   0.362784  3.85757 	Dead: 0
4.42794   0.0702852   0.3568    3.85757 	Dead: 0
4.41336   0.0719171   0.365085  3.85757 	Dead: 0
4.43616   0.0760992   0.386315  3.85757 	Dead: 0
4.40081   0.0685867   0.348178  3.85757 	Dead: 0
4.43257   0.0741477   0.376408  3.85757 	Dead: 0
4.3993    0.0714164   0.362543  3.85757 	Dead: 0
4.43799   0.0762233   0.386945  3.85757 	Dead: 0
4.39699   0.0696538   0.353595  3.85757 	Dead: 0
4.38791   0.07249     0.367993  3.84049 	Dead: 0
4.43157   0.0837114   0.424958  3.84049 	Dead: 0
4.42014   0.0745788   0.378597  3.84049 	Dead: 0
4.4194    0.0696372   0.353511  3.84049 	Dead: 0
4.40718   0.0756429   0.383999  3.84049 	Dead: 0
4.41818   0.076522    0.388462  3.84049 	Dead: 0
4.41557   0.0742852   0.377106  3.84049 	Dead: 0
4.42094   0.077126    0.391528  3.84049 	Dead: 0
4.39639   0.0696129   0.353388  3.84049 	Dead: 0
4.40543   0.0716712   0.363836  3.84049 	Dead: 0
4.39551   0.0739659   0.375486  3.84049 	Dead: 0
4.3217    0.0569057   0.28888   3.84049 	Dead: 0
4.38287   0.0686623   0.348562  3.84049 	Dead: 0
4.39687   0.0715476   0.363209  3.84049 	Dead: 0
4.4031    0.0721453   0.366243  3.71725 	Dead: 0
4.39812   0.0784876   0.39844   3.71725 	Dead: 0
