8.23243   0.0746936   0.37918   6.72497 	Dead: 0
6.02748   0.0611149   0.310248  5.11987 	Dead: 0
5.62893   0.0774738   0.393293  4.89951 	Dead: 0
5.45441   0.0719364   0.365183  4.84852 	Dead: 0
5.46409   0.0891684   0.45266   4.70216 	Dead: 0
5.3354    0.0741834   0.376589  4.70216 	Dead: 0
5.35037   0.0776243   0.394057  4.63363 	Dead: 0
5.26587   0.0780442   0.396189  4.61116 	Dead: 0
5.20035   0.0690101   0.350328  4.61116 	Dead: 0
5.18349   0.0845098   0.429011  4.46834 	Dead: 0
5.05228   0.0672586   0.341436  4.46834 	Dead: 0
5.05397   0.0716058   0.363505  4.46834 	Dead: 0
4.99389   0.0634557   0.322131  4.46834 	Dead: 0
4.99622   0.0708775   0.359807  4.46834 	Dead: 0
4.96718   0.0677143   0.343749  4.46834 	Dead: 0
4.96898   0.0689523   0.350034  4.44008 	Dead: 0
4.82416   0.0632115   0.320891  4.2462  	Dead: 0
4.84401   0.0689392   0.349967  4.2462  	Dead: 0
4.80164   0.073791    0.374598  4.2462  	Dead: 0
4.76221   0.0669998   0.340122  4.2462  	Dead: 0
4.74874   0.0677249   0.343803  4.2462  	Dead: 0
4.78679   0.0720608   0.365814  4.19904 	Dead: 0
4.69713   0.0684511   0.34749   3.95361 	Dead: 0
4.71401   0.0775658   0.39376   3.95361 	Dead: 0
4.69521   0.069695    0.353804  3.95361 	Dead: 0
4.70101   0.0784399   0.398198  3.95361 	Dead: 0
4.65824   0.0743967   0.377673  3.95361 	Dead: 0
4.68204   0.074166    0.376501  3.95361 	Dead: 0
4.69873   0.0772292   0.392052  3.95361 	Dead: 0
4.67017   0.0737499   0.374389  3.95361 	Dead: 0
4.71303   0.0758875   0.385241  3.95361 	Dead: 0
4.67955   0.0714986   0.36296   3.95361 	Dead: 0
4.71455   0.0781285   0.396617  3.95361 	Dead: 0
4.66341   0.0801804   0.407033  3.95361 	Dead: 0
4.64102   0.0772267   0.392039  3.95361 	Dead: 0
4.69357   0.0811991   0.412205  3.95361 	Dead: 0
4.67019   0.08087     0.410534  3.95361 	Dead: 0
4.64314   0.0804403   0.408353  3.95361 	Dead: 0
4.62375   0.0771375   0.391586  3.95361 	Dead: 0
4.60207   0.072962    0.370389  3.95361 	Dead: 0
4.56897   0.068493    0.347702  3.95361 	Dead: 0
4.6318    0.0814119   0.413285  3.95361 	Dead: 0
4.59241   0.0776218   0.394044  3.92915 	Dead: 0
4.57512   0.0798138   0.405172  3.92915 	Dead: 0
4.60227   0.0768361   0.390056  3.92915 	Dead: 0
4.56075   0.06934     0.352002  3.92915 	Dead: 0
4.60937   0.0804696   0.408501  3.92915 	Dead: 0
4.59171   0.0807602   0.409976  3.92915 	Dead: 0
4.52595   0.0735015   0.373128  3.92915 	Dead: 0
4.55682   0.0754525   0.383032  3.92915 	Dead: 0
4.55647   0.0804812   0.40856   3.92915 	Dead: 0
4.65377   0.0868366   0.440823  3.92915 	Dead: 0
4.55226   0.07682     0.389974  3.92915 	Dead: 0
4.57779   0.0767391   0.389564  3.92915 	Dead: 0
4.52367   0.0742302   0.376827  3.92915 	Dead: 0
4.60445   0.0841949   0.427413  3.92915 	Dead: 0
4.5277    0.0745081   0.378238  3.92915 	Dead: 0
4.60681   0.0855413   0.434247  3.92915 	Dead: 0
4.51958   0.0767618   0.389679  3.92915 	Dead: 0
4.52265   0.07828     0.397386  3.92915 	Dead: 0
4.52829   0.0788543   0.400301  3.88391 	Dead: 0
4.57748   0.0788591   0.400325  3.88391 	Dead: 0
4.57109   0.0849657   0.431325  3.88391 	Dead: 0
4.52409   0.075313    0.382324  3.88391 	Dead: 0
4.48934   0.0760197   0.385912  3.87082 	Dead: 0
4.49727   0.079188    0.401995  3.87082 	Dead: 0
4.4881    0.0753435   0.382479  3.87082 	Dead: 0
4.50205   0.0898081   0.455908  3.87082 	Dead: 0
4.42892   0.0759297   0.385455  3.8057  	Dead: 0
4.47349   0.0744612   0.378     3.8057  	Dead: 0
4.52985   0.0816553   0.41452   3.8057  	Dead: 0
4.50683   0.0749945   0.380707  3.8057  	Dead: 0
4.53551   0.0868941   0.441115  3.8057  	Dead: 0
4.49987   0.0827233   0.419942  3.8057  	Dead: 0
4.44715   0.0738491   0.374892  3.8057  	Dead: 0
4.51332   0.0795483   0.403824  3.8057  	Dead: 0
4.51103   0.075845    0.385024  3.8057  	Dead: 0
4.50333   0.0811491   0.41195   3.8057  	Dead: 0
4.46237   0.0802266   0.407268  3.8057  	Dead: 0
4.44803   0.0703229   0.356992  3.8057  	Dead: 0
4.44235   0.0735464   0.373356  3.8057  	Dead: 0
4.46266   0.0781803   0.39688   3.8057  	Dead: 0
4.48564   0.0848134   0.430552  3.8057  	Dead: 0
4.41481   0.0647595   0.328749  3.8057  	Dead: 0
4.45384   0.0789976   0.401029  3.8057  	Dead: 0
4.42909   0.0739549   0.375429  3.71089 	Dead: 0
4.45017   0.0730449   0.37081   3.71089 	Dead: 0
4.43437   0.0722166   0.366605  3.71089 	Dead: 0
4.4391    0.0809227   0.410802  3.71089 	Dead: 0
4.44903   0.0756853   0.384214  3.71089 	Dead: 0
4.42743   0.0744369   0.377877  3.71089 	Dead: 0
4.40951   0.0732775   0.371991  3.71089 	Dead: 0
4.45238   0.0759762   0.385691  3.71089 	Dead: 0
4.41967   0.0750742   0.381112  3.71089 	Dead: 0
4.45783   0.080761    0.409981  3.71089 	Dead: 0
4.47499   0.0858015   0.435568  3.71089 	Dead: 0
4.43716   0.0771773   0.391788  3.71089 	Dead: 0
4.47967   0.0846512   0.429729  3.71089 	Dead: 0
4.44103   0.0729268   0.37021   3.71089 	Dead: 0
4.45244   0.0772798   0.392308  3.71089 	Dead: 0
4.42742   0.0714158   0.36254   3.71089 	Dead: 0
