9.6007    0.135058    0.685618  7.62891 	Dead: 0
6.01897   0.0458522   0.232767  5.46031 	Dead: 0
4.54969   0.0551449   0.279941  4.10883 	Dead: 0
3.91806   0.0437711   0.222203  3.49853 	Dead: 0
3.59182   0.041153    0.208912  3.25539 	Dead: 0
3.30223   0.0385225   0.195558  2.89084 	Dead: 0
3.13625   0.0397829   0.201956  2.87883 	Dead: 0
3.03814   0.0428742   0.217649  2.77704 	Dead: 0
2.95895   0.0349508   0.177426  2.66754 	Dead: 0
2.92027   0.0375457   0.1906    2.66754 	Dead: 0
2.92581   0.0440574   0.223656  2.65475 	Dead: 0
2.9032    0.0441899   0.224328  2.60988 	Dead: 0
2.86017   0.0401076   0.203605  2.60988 	Dead: 0
2.84287   0.0421113   0.213776  2.60988 	Dead: 0
2.80957   0.0332067   0.168573  2.59801 	Dead: 0
2.82212   0.0483551   0.245473  2.54361 	Dead: 0
2.80246   0.0452329   0.229623  2.54361 	Dead: 0
2.74908   0.0290809   0.147628  2.54361 	Dead: 0
2.75855   0.0401392   0.203765  2.52342 	Dead: 0
2.66486   0.0323532   0.16424   2.48389 	Dead: 0
2.6423    0.0359687   0.182594  2.4694  	Dead: 0
2.63523   0.0296182   0.150356  2.46216 	Dead: 0
2.65488   0.0398531   0.202313  2.42245 	Dead: 0
2.64885   0.0506424   0.257085  2.422   	Dead: 0
2.63364   0.0375688   0.190717  2.422   	Dead: 0
2.60722   0.0296106   0.150317  2.422   	Dead: 0
2.65589   0.0562535   0.285569  2.41259 	Dead: 0
2.60483   0.034475    0.175011  2.38883 	Dead: 0
2.58734   0.0329499   0.167269  2.38883 	Dead: 0
2.60263   0.0415566   0.21096   2.38883 	Dead: 0
2.60757   0.0462632   0.234854  2.38883 	Dead: 0
2.59336   0.036284    0.184194  2.36164 	Dead: 0
2.59001   0.0360711   0.183114  2.36164 	Dead: 0
2.56849   0.0357199   0.181331  2.36164 	Dead: 0
2.58604   0.0396645   0.201356  2.36164 	Dead: 0
2.55957   0.0407863   0.20705   2.36164 	Dead: 0
2.56637   0.0340306   0.172755  2.34967 	Dead: 0
2.56348   0.0366728   0.186168  2.34967 	Dead: 0
2.56943   0.0430959   0.218775  2.34967 	Dead: 0
2.55274   0.0343433   0.174342  2.34321 	Dead: 0
2.54364   0.0354866   0.180147  2.33977 	Dead: 0
2.50083   0.027547    0.139842  2.31546 	Dead: 0
2.53356   0.0379204   0.192502  2.31546 	Dead: 0
2.521     0.0352891   0.179144  2.31546 	Dead: 0
2.54469   0.0400515   0.20332   2.31546 	Dead: 0
2.52444   0.0368085   0.186857  2.31546 	Dead: 0
2.54704   0.0359755   0.182628  2.31546 	Dead: 0
2.50656   0.0282056   0.143185  2.29937 	Dead: 0
2.55913   0.0418152   0.212273  2.29937 	Dead: 0
2.53247   0.0378501   0.192145  2.29937 	Dead: 0
2.54704   0.0435423   0.221041  2.29937 	Dead: 0
2.52436   0.0348225   0.176775  2.29937 	Dead: 0
2.52542   0.0387884   0.196908  2.29937 	Dead: 0
2.53911   0.037055    0.188109  2.29937 	Dead: 0
2.51138   0.0321361   0.163138  2.29937 	Dead: 0
2.51601   0.035981    0.182656  2.29937 	Dead: 0
2.53717   0.0434685   0.220667  2.29937 	Dead: 0
2.52655   0.0414249   0.210292  2.29937 	Dead: 0
2.50886   0.0421266   0.213854  2.27699 	Dead: 0
2.49977   0.0307992   0.156351  2.27699 	Dead: 0
2.5302    0.040322    0.204693  2.27699 	Dead: 0
2.50064   0.0349971   0.177661  2.27699 	Dead: 0
2.48387   0.0341535   0.173379  2.27699 	Dead: 0
2.51079   0.0405058   0.205627  2.27699 	Dead: 0
2.48666   0.0393551   0.199785  2.27699 	Dead: 0
2.47061   0.0355036   0.180233  2.27699 	Dead: 0
2.45343   0.0355497   0.180467  2.24831 	Dead: 0
2.42941   0.0346252   0.175774  2.24831 	Dead: 0
2.45679   0.0463655   0.235373  2.23883 	Dead: 0
2.43717   0.0371072   0.188373  2.2344  	Dead: 0
2.4606    0.0451338   0.22912   2.2344  	Dead: 0
2.42631   0.0459298   0.233161  2.21702 	Dead: 0
2.40278   0.0346399   0.175848  2.21702 	Dead: 0
2.39821   0.0331177   0.168121  2.21702 	Dead: 0
2.45722   0.0434262   0.220452  2.21702 	Dead: 0
2.41473   0.0398305   0.202198  2.21702 	Dead: 0
2.40375   0.0313979   0.15939   2.21702 	Dead: 0
2.38974   0.0314679   0.159746  2.21702 	Dead: 0
2.42537   0.0402024   0.204086  2.19784 	Dead: 0
2.39367   0.0382135   0.19399   2.18237 	Dead: 0
2.39488   0.036759    0.186606  2.18237 	Dead: 0
2.4048    0.0438594   0.222651  2.18237 	Dead: 0
2.35711   0.0277089   0.140663  2.18237 	Dead: 0
2.37946   0.036559    0.185591  2.18021 	Dead: 0
2.35381   0.0344733   0.175002  2.18021 	Dead: 0
2.3666    0.0385134   0.195512  2.18021 	Dead: 0
2.35196   0.0431711   0.219157  2.18021 	Dead: 0
2.36999   0.0392828   0.199418  2.12315 	Dead: 0
2.36308   0.039111    0.198545  2.12315 	Dead: 0
2.38864   0.0469604   0.238393  2.12315 	Dead: 0
2.34475   0.0353806   0.179608  2.12315 	Dead: 0
2.34732   0.0388108   0.197022  2.12315 	Dead: 0
2.37493   0.0486863   0.247155  2.12315 	Dead: 0
2.36496   0.0426215   0.216367  2.12315 	Dead: 0
2.3339    0.0350231   0.177793  2.12315 	Dead: 0
2.35302   0.039034    0.198155  2.12315 	Dead: 0
2.37116   0.0480948   0.244152  2.12315 	Dead: 0
2.3451    0.0464078   0.235587  2.12315 	Dead: 0
2.34134   0.0364097   0.184832  2.12315 	Dead: 0
2.32722   0.0327527   0.166268  2.12315 	Dead: 0
2.3685    0.0515603   0.261744  2.12315 	Dead: 0
