14.2812   0.0614695   0.312048  13.6297 	Dead: 0
13.5542   0.0355141   0.180286  13.1067 	Dead: 0
13.3102   0.0324664   0.164814  12.9231 	Dead: 0
13.2808   0.0347833   0.176576  12.9231 	Dead: 0
13.2552   0.0353125   0.179263  12.9231 	Dead: 0
13.2589   0.0375789   0.190768  12.9231 	Dead: 0
13.2513   0.0363517   0.184538  12.9231 	Dead: 0
13.2492   0.0342745   0.173994  12.9231 	Dead: 0
13.2677   0.0354345   0.179882  12.9231 	Dead: 0
13.246    0.0370231   0.187947  12.9231 	Dead: 0
13.2546   0.0417138   0.211759  12.9231 	Dead: 0
13.2438   0.0387135   0.196528  12.9231 	Dead: 0
13.2368   0.0356124   0.180785  12.9231 	Dead: 0
13.2361   0.0358093   0.181785  12.9061 	Dead: 0
13.2332   0.0379349   0.192575  12.9061 	Dead: 0
13.2217   0.0388997   0.197473  12.9061 	Dead: 0
13.2309   0.0360047   0.182777  12.9061 	Dead: 0
13.2335   0.0370431   0.188048  12.9061 	Dead: 0
13.2258   0.0394504   0.200269  12.8077 	Dead: 0
13.2128   0.0396441   0.201252  12.8077 	Dead: 0
13.2269   0.0416353   0.21136   12.8077 	Dead: 0
13.233    0.044537    0.226091  12.8077 	Dead: 0
13.2029   0.0407358   0.206794  12.8077 	Dead: 0
13.19     0.0397233   0.201654  12.8077 	Dead: 0
13.1772   0.0376925   0.191344  12.8077 	Dead: 0
13.1957   0.0397103   0.201588  12.8077 	Dead: 0
13.1598   0.0342921   0.174083  12.8077 	Dead: 0
13.1999   0.0392931   0.19947   12.8077 	Dead: 0
13.189    0.0390837   0.198407  12.8077 	Dead: 0
13.1939   0.0403434   0.204802  12.8077 	Dead: 0
13.1815   0.0391011   0.198495  12.8077 	Dead: 0
13.1856   0.0431123   0.218858  12.6336 	Dead: 0
13.1875   0.0414323   0.21033   12.6336 	Dead: 0
13.1632   0.0413425   0.209874  12.6336 	Dead: 0
13.1788   0.0401899   0.204023  12.6336 	Dead: 0
13.1949   0.0457886   0.232444  12.6336 	Dead: 0
13.1874   0.0433897   0.220267  12.6336 	Dead: 0
13.1558   0.0393295   0.199655  12.6336 	Dead: 0
13.1681   0.0415884   0.211122  12.6336 	Dead: 0
13.1716   0.0448871   0.227868  12.6336 	Dead: 0
13.1652   0.0394096   0.200061  12.6336 	Dead: 0
13.1524   0.0401226   0.203681  12.6336 	Dead: 0
13.1876   0.0414604   0.210472  12.6336 	Dead: 0
13.1443   0.038787    0.196901  12.6336 	Dead: 0
13.149    0.0400884   0.203507  12.6336 	Dead: 0
13.1402   0.0378926   0.19236   12.6336 	Dead: 0
13.1721   0.0474034   0.240642  12.6336 	Dead: 0
13.1384   0.0382587   0.194219  12.6336 	Dead: 0
13.1511   0.0416786   0.21158   12.6336 	Dead: 0
13.1526   0.0447212   0.227026  12.6336 	Dead: 0
13.1453   0.0427256   0.216895  12.6336 	Dead: 0
13.1402   0.0403809   0.204992  12.6336 	Dead: 0
13.1388   0.0408197   0.20722   12.6336 	Dead: 0
13.1407   0.0432752   0.219685  12.6336 	Dead: 0
13.1408   0.0429545   0.218057  12.6336 	Dead: 0
13.0922   0.0378724   0.192258  12.6336 	Dead: 0
13.1391   0.0420454   0.213442  12.6336 	Dead: 0
13.0915   0.0389847   0.197904  12.6336 	Dead: 0
13.1181   0.0402724   0.204441  12.6336 	Dead: 0
13.1268   0.0427515   0.217027  12.6336 	Dead: 0
13.1091   0.0420292   0.21336   12.6336 	Dead: 0
13.1077   0.0461491   0.234274  12.6336 	Dead: 0
13.0909   0.0418513   0.212457  12.6336 	Dead: 0
13.0774   0.0413912   0.210121  12.6336 	Dead: 0
13.1136   0.0424966   0.215733  12.6336 	Dead: 0
13.0792   0.0414993   0.21067   12.6336 	Dead: 0
13.1034   0.0428295   0.217422  12.6336 	Dead: 0
13.1111   0.0421692   0.21407   12.6336 	Dead: 0
13.1035   0.0456042   0.231508  12.6336 	Dead: 0
13.0846   0.0446988   0.226912  12.6336 	Dead: 0
13.1029   0.0421461   0.213953  12.6336 	Dead: 0
13.0898   0.0433743   0.220188  12.6336 	Dead: 0
13.0932   0.0417443   0.211913  12.6336 	Dead: 0
13.1134   0.0396502   0.201283  12.6336 	Dead: 0
13.0974   0.04196     0.213008  12.6336 	Dead: 0
13.0828   0.0395172   0.200608  12.6336 	Dead: 0
13.0843   0.0404246   0.205214  12.6336 	Dead: 0
13.0919   0.0417083   0.211731  12.6336 	Dead: 0
13.085    0.0426244   0.216381  12.6336 	Dead: 0
13.0808   0.0397873   0.201979  12.6336 	Dead: 0
13.0932   0.0424333   0.215411  12.6336 	Dead: 0
13.0816   0.0400571   0.203348  12.6336 	Dead: 0
13.1111   0.0446382   0.226605  12.6336 	Dead: 0
13.0856   0.0417023   0.2117    12.6336 	Dead: 0
13.082    0.0410945   0.208615  12.6336 	Dead: 0
13.0766   0.0458368   0.232689  12.6336 	Dead: 0
13.082    0.0438202   0.222452  12.6336 	Dead: 0
13.0912   0.0432889   0.219754  12.6336 	Dead: 0
13.0803   0.043231    0.219461  12.6336 	Dead: 0
13.0912   0.0430358   0.21847   12.6336 	Dead: 0
13.0783   0.0431448   0.219023  12.6336 	Dead: 0
13.0707   0.0409008   0.207632  12.6336 	Dead: 0
13.0766   0.0435417   0.221038  12.6336 	Dead: 0
13.0771   0.0466885   0.237013  12.6336 	Dead: 0
13.0807   0.0475412   0.241341  12.6336 	Dead: 0
13.0738   0.0434287   0.220465  12.6336 	Dead: 0
13.0897   0.0471727   0.23947   12.6336 	Dead: 0
13.1226   0.0482905   0.245145  12.6336 	Dead: 0
13.0935   0.0453707   0.230323  12.6336 	Dead: 0
13.1252   0.0458604   0.232809  12.6336 	Dead: 0
13.0961   0.0461603   0.234331  12.6336 	Dead: 0
