14.2567   0.0488223   0.247845  13.7453 	Dead: 0
13.6482   0.0369419   0.187535  13.3315 	Dead: 0
13.6175   0.0348663   0.176998  13.3315 	Dead: 0
13.5807   0.0412927   0.209621  13.1573 	Dead: 0
13.539    0.0347624   0.17647   13.1573 	Dead: 0
13.4971   0.0396003   0.201029  12.9603 	Dead: 0
13.4221   0.0402062   0.204105  12.9603 	Dead: 0
13.3682   0.0388276   0.197107  12.9603 	Dead: 0
13.3774   0.0405701   0.205953  12.9603 	Dead: 0
13.3472   0.0400816   0.203473  12.9603 	Dead: 0
13.3147   0.0375052   0.190394  12.9603 	Dead: 0
13.3576   0.0455951   0.231462  12.9603 	Dead: 0
13.3428   0.040937    0.207815  12.9603 	Dead: 0
13.3332   0.0398608   0.202352  12.9603 	Dead: 0
13.3124   0.0389117   0.197534  12.9556 	Dead: 0
13.2901   0.037967    0.192738  12.9556 	Dead: 0
13.3174   0.0402549   0.204353  12.9556 	Dead: 0
13.3065   0.0424348   0.215419  12.9556 	Dead: 0
13.2793   0.0418889   0.212648  12.9556 	Dead: 0
13.2965   0.0423837   0.215159  12.9454 	Dead: 0
13.2733   0.0414848   0.210596  12.9165 	Dead: 0
13.2666   0.0451825   0.229368  12.9165 	Dead: 0
13.2639   0.0465964   0.236545  12.9165 	Dead: 0
13.2373   0.0417816   0.212103  12.9165 	Dead: 0
13.2836   0.0447697   0.227272  12.9165 	Dead: 0
13.2497   0.0418551   0.212476  12.9165 	Dead: 0
13.2547   0.0426402   0.216462  12.9165 	Dead: 0
13.2097   0.0411173   0.20873   12.9165 	Dead: 0
13.2724   0.0463843   0.235468  12.8839 	Dead: 0
13.1833   0.0432097   0.219353  12.8839 	Dead: 0
13.1242   0.0417336   0.211859  12.7909 	Dead: 0
13.1057   0.0411044   0.208665  12.6273 	Dead: 0
13.0691   0.0399674   0.202893  12.6273 	Dead: 0
13.0543   0.0412392   0.209349  12.6273 	Dead: 0
13.0587   0.0449011   0.227939  12.6273 	Dead: 0
13.0602   0.0476371   0.241828  12.6273 	Dead: 0
13.0265   0.042312    0.214795  12.6273 	Dead: 0
13.0194   0.043253    0.219573  12.5973 	Dead: 0
13.0019   0.0412885   0.2096    12.5973 	Dead: 0
12.994    0.0427472   0.217005  12.5973 	Dead: 0
12.9743   0.044363    0.225207  12.5973 	Dead: 0
12.9873   0.0464766   0.235937  12.5973 	Dead: 0
12.9989   0.0472986   0.24011   12.5973 	Dead: 0
12.9675   0.0439957   0.223343  12.5973 	Dead: 0
12.934    0.037814    0.191961  12.5973 	Dead: 0
12.9465   0.040274    0.20445   12.5973 	Dead: 0
12.9338   0.0434002   0.22032   12.5973 	Dead: 0
12.9336   0.0433554   0.220092  12.5973 	Dead: 0
12.9294   0.0455593   0.23128   12.5659 	Dead: 0
12.9263   0.0479473   0.243403  12.5223 	Dead: 0
12.8925   0.0446556   0.226693  12.5135 	Dead: 0
12.8708   0.0443059   0.224917  12.5135 	Dead: 0
12.8459   0.0379341   0.192571  12.5135 	Dead: 0
12.8488   0.0429083   0.217822  12.5055 	Dead: 0
12.8839   0.0517607   0.262762  12.5055 	Dead: 0
12.8569   0.0444559   0.225679  12.5055 	Dead: 0
12.8584   0.0412895   0.209605  12.5055 	Dead: 0
12.8134   0.0415961   0.211161  12.5055 	Dead: 0
12.8236   0.0430447   0.218515  12.4956 	Dead: 0
12.8416   0.0453612   0.230275  12.4956 	Dead: 0
12.7983   0.0450914   0.228905  12.4923 	Dead: 0
12.8151   0.0406715   0.206467  12.4923 	Dead: 0
12.8218   0.0430174   0.218376  12.4923 	Dead: 0
12.795    0.0418049   0.212221  12.4445 	Dead: 0
12.8211   0.0453197   0.230064  12.4445 	Dead: 0
12.8189   0.0458495   0.232753  12.4281 	Dead: 0
12.7939   0.040975    0.208008  12.4281 	Dead: 0
12.8127   0.0443735   0.225261  12.4281 	Dead: 0
12.7982   0.0418211   0.212304  12.4281 	Dead: 0
12.8416   0.0496241   0.251915  12.4281 	Dead: 0
12.8136   0.0424139   0.215313  12.4235 	Dead: 0
12.834    0.0474712   0.240986  12.4235 	Dead: 0
12.8293   0.0491469   0.249493  12.4235 	Dead: 0
12.8101   0.0429644   0.218107  12.4235 	Dead: 0
12.7905   0.0433851   0.220243  12.4235 	Dead: 0
12.8054   0.042352    0.214999  12.4235 	Dead: 0
12.8226   0.0442847   0.22481   12.4235 	Dead: 0
12.8395   0.0473339   0.240289  12.4235 	Dead: 0
12.8033   0.0436975   0.221829  12.4235 	Dead: 0
12.8045   0.0414126   0.21023   12.4235 	Dead: 0
12.7972   0.048943    0.248458  12.4235 	Dead: 0
12.8035   0.0432781   0.2197    12.4235 	Dead: 0
12.8002   0.0389802   0.197882  12.4235 	Dead: 0
12.8144   0.0449796   0.228337  12.4235 	Dead: 0
12.8041   0.0433147   0.219885  12.4235 	Dead: 0
12.7928   0.0434948   0.2208    12.4235 	Dead: 0
12.7762   0.0413915   0.210123  12.4235 	Dead: 0
12.7968   0.0434212   0.220426  12.4235 	Dead: 0
12.8006   0.0436289   0.221481  12.4235 	Dead: 0
12.7596   0.0397113   0.201593  12.4235 	Dead: 0
12.779    0.0429282   0.217923  12.4235 	Dead: 0
12.8679   0.0528992   0.268541  12.4235 	Dead: 0
12.7947   0.0433112   0.219868  12.4235 	Dead: 0
12.8048   0.0448135   0.227494  12.4235 	Dead: 0
12.7762   0.0424301   0.215395  12.4235 	Dead: 0
12.7957   0.0422351   0.214405  12.4235 	Dead: 0
12.8151   0.0469015   0.238094  12.416  	Dead: 0
12.7855   0.0444267   0.225531  12.416  	Dead: 0
12.7858   0.0476203   0.241743  12.416  	Dead: 0
12.7807   0.0447467   0.227155  12.416  	Dead: 0
12.8233   0.0516733   0.262318  12.416  	Dead: 0
