4.87122   0.0608072   0.308686  4.21638 	Dead: 0
4.41293   0.0606723   0.308001  3.85321 	Dead: 0
4.30775   0.0553538   0.281002  3.84236 	Dead: 0
4.25603   0.0563536   0.286077  3.84236 	Dead: 0
4.23701   0.0578488   0.293668  3.79484 	Dead: 0
4.19465   0.0578232   0.293538  3.71821 	Dead: 0
4.19367   0.0594294   0.301691  3.68907 	Dead: 0
4.21502   0.0647972   0.328941  3.67513 	Dead: 0
4.19927   0.0563236   0.285925  3.67513 	Dead: 0
4.16428   0.0586515   0.297742  3.61791 	Dead: 0
4.22666   0.0705477   0.358133  3.61791 	Dead: 0
4.13457   0.0660481   0.335291  3.49947 	Dead: 0
4.15251   0.0608187   0.308744  3.49947 	Dead: 0
4.11935   0.0598363   0.303757  3.49947 	Dead: 0
4.10435   0.0611651   0.310503  3.49947 	Dead: 0
4.09302   0.0597642   0.303391  3.49947 	Dead: 0
4.1261    0.0616812   0.313122  3.49947 	Dead: 0
4.10515   0.055818    0.283358  3.49947 	Dead: 0
4.11805   0.0693285   0.351944  3.49947 	Dead: 0
4.07833   0.0677244   0.343801  3.49947 	Dead: 0
4.06881   0.0612949   0.311162  3.49947 	Dead: 0
4.09597   0.0682358   0.346397  3.49947 	Dead: 0
4.12767   0.0707919   0.359373  3.49947 	Dead: 0
4.07964   0.0600615   0.3049    3.49947 	Dead: 0
4.04308   0.0623999   0.316771  3.49947 	Dead: 0
4.03653   0.0584419   0.296678  3.49947 	Dead: 0
4.07143   0.0652753   0.331368  3.49947 	Dead: 0
4.04296   0.0604059   0.306649  3.49947 	Dead: 0
4.07652   0.0676333   0.343338  3.49947 	Dead: 0
4.03468   0.059494    0.302019  3.49947 	Dead: 0
4.0575    0.0673928   0.342117  3.49947 	Dead: 0
4.05661   0.0595302   0.302203  3.49947 	Dead: 0
4.00299   0.0559895   0.284229  3.49947 	Dead: 0
4.08704   0.065483    0.332422  3.49947 	Dead: 0
4.02767   0.0604583   0.306915  3.49947 	Dead: 0
4.00545   0.0569147   0.288925  3.49947 	Dead: 0
4.01628   0.0607891   0.308594  3.49947 	Dead: 0
4.02302   0.060463    0.306938  3.49947 	Dead: 0
3.99851   0.0632016   0.320841  3.49947 	Dead: 0
3.9742    0.0593643   0.301361  3.49947 	Dead: 0
3.9933    0.0615872   0.312645  3.49947 	Dead: 0
3.97708   0.0612749   0.31106   3.49947 	Dead: 0
4.01493   0.0712068   0.361479  3.49947 	Dead: 0
3.99892   0.0585928   0.297444  3.49947 	Dead: 0
4.01728   0.0635772   0.322748  3.49947 	Dead: 0
3.97192   0.0615944   0.312682  3.49947 	Dead: 0
3.9998    0.0627331   0.318463  3.49947 	Dead: 0
3.99092   0.0624501   0.317026  3.49947 	Dead: 0
3.95632   0.0617821   0.313635  3.49947 	Dead: 0
3.98182   0.0601074   0.305133  3.49947 	Dead: 0
3.98896   0.0644918   0.327391  3.49947 	Dead: 0
3.99985   0.063262    0.321147  3.49947 	Dead: 0
3.9932    0.0601286   0.305241  3.49947 	Dead: 0
3.98584   0.059458    0.301836  3.49089 	Dead: 0
3.96287   0.0625297   0.31743   3.49089 	Dead: 0
3.99597   0.05863     0.297633  3.49089 	Dead: 0
3.99412   0.0609221   0.309269  3.49089 	Dead: 0
3.9937    0.0633866   0.32178   3.49089 	Dead: 0
3.99943   0.0652728   0.331355  3.49089 	Dead: 0
3.95613   0.0605787   0.307526  3.48787 	Dead: 0
3.95194   0.0599097   0.304129  3.48787 	Dead: 0
3.97248   0.0627916   0.31876   3.48787 	Dead: 0
3.99413   0.0653602   0.331799  3.48787 	Dead: 0
3.94984   0.0604511   0.306878  3.48787 	Dead: 0
3.91486   0.0567043   0.287857  3.48787 	Dead: 0
3.93178   0.0576045   0.292427  3.48787 	Dead: 0
3.94642   0.0592929   0.300998  3.48787 	Dead: 0
3.92972   0.0592059   0.300557  3.48787 	Dead: 0
3.93207   0.0625286   0.317424  3.48787 	Dead: 0
3.94753   0.0607666   0.30848   3.48787 	Dead: 0
3.86756   0.0566065   0.287361  3.48787 	Dead: 0
3.91458   0.0620958   0.315227  3.48787 	Dead: 0
3.89845   0.0587285   0.298133  3.48787 	Dead: 0
3.94643   0.0656239   0.333138  3.41508 	Dead: 0
3.90988   0.0608979   0.309146  3.41508 	Dead: 0
3.95334   0.0639853   0.324819  3.41508 	Dead: 0
3.89562   0.0584329   0.296633  3.41508 	Dead: 0
3.89558   0.0573215   0.290991  3.41508 	Dead: 0
3.91908   0.0615391   0.312401  3.41508 	Dead: 0
3.8682    0.0581502   0.295197  3.41508 	Dead: 0
3.90781   0.0606982   0.308132  3.41508 	Dead: 0
3.87368   0.0606782   0.308031  3.41508 	Dead: 0
3.85664   0.056496    0.2868    3.3857  	Dead: 0
3.87627   0.0634248   0.321974  3.3857  	Dead: 0
3.83329   0.0562684   0.285645  3.3857  	Dead: 0
3.85364   0.0593966   0.301525  3.3857  	Dead: 0
3.84534   0.0582648   0.295779  3.3857  	Dead: 0
3.83202   0.0595258   0.302181  3.3857  	Dead: 0
3.84069   0.0600092   0.304635  3.3857  	Dead: 0
3.83001   0.0598553   0.303853  3.3857  	Dead: 0
3.8394    0.0599676   0.304423  3.3857  	Dead: 0
3.8312    0.0629966   0.3198    3.3857  	Dead: 0
3.79948   0.0549242   0.278821  3.3857  	Dead: 0
3.84664   0.0621385   0.315444  3.37889 	Dead: 0
3.81154   0.0580375   0.294625  3.37889 	Dead: 0
3.78302   0.0555652   0.282075  3.37889 	Dead: 0
3.79989   0.0567732   0.288207  3.37889 	Dead: 0
3.83998   0.0617926   0.313688  3.37889 	Dead: 0
3.78119   0.0572196   0.290474  3.34814 	Dead: 0
3.78008   0.0548207   0.278296  3.34814 	Dead: 0
3.8301    0.062909    0.319355  3.34814 	Dead: 0
