4.88508   0.0575217   0.292007  4.15109 	Dead: 0
4.36507   0.0536707   0.272458  3.74414 	Dead: 0
4.27746   0.0539514   0.273882  3.74414 	Dead: 0
4.19107   0.0559794   0.284178  3.67845 	Dead: 0
4.06306   0.0479673   0.243504  3.5996  	Dead: 0
3.99146   0.0474733   0.240996  3.54988 	Dead: 0
3.93808   0.0458514   0.232763  3.54988 	Dead: 0
3.96989   0.0569906   0.289311  3.54988 	Dead: 0
3.91017   0.0496973   0.252287  3.44504 	Dead: 0
3.90329   0.0539167   0.273706  3.37411 	Dead: 0
3.9119    0.0557262   0.282892  3.35284 	Dead: 0
3.94033   0.0621773   0.315641  3.35284 	Dead: 0
3.90711   0.0590081   0.299553  3.35284 	Dead: 0
3.88284   0.0569224   0.288965  3.35284 	Dead: 0
3.87346   0.0604434   0.306839  3.35284 	Dead: 0
3.87571   0.0606955   0.308119  3.35284 	Dead: 0
3.88408   0.0586589   0.29778   3.35284 	Dead: 0
3.84244   0.0573665   0.291219  3.35284 	Dead: 0
3.85968   0.0585253   0.297101  3.35284 	Dead: 0
3.85438   0.0565888   0.287271  3.35284 	Dead: 0
3.86903   0.0625937   0.317755  3.35284 	Dead: 0
3.85906   0.0601893   0.305549  3.35284 	Dead: 0
3.83611   0.0575119   0.291957  3.35284 	Dead: 0
3.83092   0.0638534   0.32415   3.35284 	Dead: 0
3.82596   0.0591544   0.300295  3.35284 	Dead: 0
3.79567   0.0570281   0.289501  3.35284 	Dead: 0
3.81117   0.0582362   0.295634  3.35284 	Dead: 0
3.76807   0.0558188   0.283362  3.2961  	Dead: 0
3.79888   0.058396    0.296446  3.2961  	Dead: 0
3.80088   0.0572303   0.290528  3.2961  	Dead: 0
3.80592   0.0573216   0.290991  3.2961  	Dead: 0
3.77002   0.0562709   0.285657  3.28303 	Dead: 0
3.79705   0.0588514   0.298757  3.28303 	Dead: 0
3.81547   0.0575985   0.292397  3.28303 	Dead: 0
3.82139   0.0647742   0.328824  3.28303 	Dead: 0
3.83899   0.0652283   0.331129  3.28303 	Dead: 0
3.79618   0.0583975   0.296453  3.28303 	Dead: 0
3.80008   0.0580045   0.294458  3.28303 	Dead: 0
3.79137   0.0589298   0.299155  3.28303 	Dead: 0
3.7541    0.0547436   0.277904  3.28303 	Dead: 0
3.76599   0.0587634   0.29831   3.28303 	Dead: 0
3.75161   0.0535811   0.272003  3.28303 	Dead: 0
3.76484   0.0559842   0.284202  3.28303 	Dead: 0
3.76994   0.0598884   0.304021  3.28303 	Dead: 0
3.82026   0.0637453   0.323601  3.28303 	Dead: 0
3.76627   0.0591135   0.300088  3.28303 	Dead: 0
3.73913   0.0554121   0.281298  3.28303 	Dead: 0
3.77551   0.0585619   0.297287  3.28303 	Dead: 0
3.74337   0.0562938   0.285774  3.28303 	Dead: 0
3.76575   0.0592253   0.300655  3.28303 	Dead: 0
3.77408   0.0638915   0.324343  3.28303 	Dead: 0
3.75732   0.0550641   0.279531  3.28303 	Dead: 0
3.77615   0.0565968   0.287312  3.28303 	Dead: 0
3.77277   0.0547438   0.277905  3.28303 	Dead: 0
3.79411   0.0623181   0.316356  3.28303 	Dead: 0
3.75457   0.0553328   0.280895  3.28303 	Dead: 0
3.75239   0.0588577   0.298789  3.28303 	Dead: 0
3.77181   0.0635865   0.322795  3.28303 	Dead: 0
3.75969   0.0608552   0.308929  3.28303 	Dead: 0
3.74343   0.0555324   0.281908  3.28303 	Dead: 0
3.7201    0.0514723   0.261297  3.28303 	Dead: 0
3.7195    0.0524403   0.266211  3.28303 	Dead: 0
3.75393   0.0585679   0.297318  3.28303 	Dead: 0
3.74524   0.0537393   0.272806  3.28303 	Dead: 0
3.74675   0.0536721   0.272465  3.28303 	Dead: 0
3.73398   0.057971    0.294288  3.28303 	Dead: 0
3.77443   0.0578124   0.293483  3.28303 	Dead: 0
3.74816   0.0546994   0.27768   3.28303 	Dead: 0
3.72241   0.057814    0.293491  3.28303 	Dead: 0
3.76093   0.0631912   0.320788  3.28303 	Dead: 0
3.74351   0.0541813   0.275049  3.28303 	Dead: 0
3.74769   0.0508537   0.258157  3.28303 	Dead: 0
3.72877   0.0556418   0.282464  3.28303 	Dead: 0
3.75262   0.0632252   0.320961  3.14992 	Dead: 0
3.73074   0.059461    0.301852  3.14992 	Dead: 0
3.76979   0.0657965   0.334014  3.14992 	Dead: 0
3.72294   0.0548119   0.278251  3.14992 	Dead: 0
3.71534   0.0561128   0.284855  3.14992 	Dead: 0
3.72091   0.0569646   0.289179  3.14992 	Dead: 0
3.73216   0.0572054   0.290401  3.14992 	Dead: 0
3.73918   0.0621883   0.315697  3.14992 	Dead: 0
3.73256   0.0595722   0.302416  3.14992 	Dead: 0
3.69935   0.057868    0.293765  3.14992 	Dead: 0
3.71754   0.060332    0.306273  3.14992 	Dead: 0
3.68557   0.0549681   0.279044  3.14992 	Dead: 0
3.72075   0.0598615   0.303885  3.14992 	Dead: 0
3.72037   0.0604262   0.306752  3.14992 	Dead: 0
3.70909   0.0618999   0.314233  3.14992 	Dead: 0
3.7259    0.0612419   0.310892  3.14992 	Dead: 0
3.69426   0.0539418   0.273834  3.14992 	Dead: 0
3.72097   0.0613866   0.311627  3.14992 	Dead: 0
3.73887   0.0664901   0.337535  3.14992 	Dead: 0
3.72738   0.0618586   0.314023  3.14992 	Dead: 0
3.72118   0.0633302   0.321494  3.14992 	Dead: 0
3.73209   0.0653509   0.331752  3.14992 	Dead: 0
3.71601   0.0587375   0.298179  3.14992 	Dead: 0
3.71564   0.0604587   0.306917  3.14992 	Dead: 0
3.75479   0.0615672   0.312544  3.14992 	Dead: 0
3.72679   0.0589937   0.29948   3.14992 	Dead: 0
3.71989   0.0573116   0.29094   3.14992 	Dead: 0
3.74819   0.0611231   0.310289  3.14992 	Dead: 0
