4.86324   0.0628389   0.319     4.05901 	Dead: 0
4.33052   0.0553926   0.281199  3.72801 	Dead: 0
4.20763   0.0538466   0.27335   3.72801 	Dead: 0
4.19188   0.063899    0.324381  3.66637 	Dead: 0
4.15742   0.0641699   0.325756  3.66637 	Dead: 0
4.115     0.0604669   0.306958  3.66637 	Dead: 0
4.11113   0.0631661   0.32066   3.66637 	Dead: 0
4.06791   0.0592914   0.300991  3.6218  	Dead: 0
4.00916   0.0537767   0.272996  3.34766 	Dead: 0
3.98706   0.0567408   0.288043  3.34766 	Dead: 0
3.96362   0.0574378   0.291581  3.34766 	Dead: 0
3.96048   0.0576774   0.292797  3.34766 	Dead: 0
3.92514   0.0557001   0.28276   3.34766 	Dead: 0
3.94779   0.0560836   0.284707  3.34766 	Dead: 0
3.95627   0.0572814   0.290787  3.34766 	Dead: 0
3.92436   0.0562307   0.285453  3.34766 	Dead: 0
3.94265   0.0606563   0.30792   3.34766 	Dead: 0
3.90256   0.0589688   0.299353  3.34766 	Dead: 0
3.9033    0.058914    0.299075  3.34766 	Dead: 0
3.9071    0.0579355   0.294108  3.34766 	Dead: 0
3.85814   0.0568357   0.288524  3.34766 	Dead: 0
3.88222   0.054574    0.277043  3.34766 	Dead: 0
3.87305   0.0596404   0.302762  3.34766 	Dead: 0
3.88249   0.0634895   0.322302  3.34766 	Dead: 0
3.86119   0.0554766   0.281625  3.34766 	Dead: 0
3.89343   0.0639789   0.324787  3.34766 	Dead: 0
3.85923   0.059349    0.301283  3.34766 	Dead: 0
3.85044   0.0567305   0.28799   3.34766 	Dead: 0
3.88205   0.064526    0.327564  3.34766 	Dead: 0
3.82194   0.0536386   0.272295  3.34766 	Dead: 0
3.87347   0.0606675   0.307977  3.31451 	Dead: 0
3.85895   0.0657942   0.334002  3.31451 	Dead: 0
3.88553   0.0646249   0.328066  3.31451 	Dead: 0
3.85952   0.0618553   0.314007  3.31451 	Dead: 0
3.83419   0.0592243   0.30065   3.31451 	Dead: 0
3.82534   0.0582053   0.295477  3.29758 	Dead: 0
3.80221   0.0560395   0.284483  3.29758 	Dead: 0
3.79506   0.0554133   0.281304  3.29758 	Dead: 0
3.80005   0.0587474   0.298229  3.29758 	Dead: 0
3.8014    0.0610482   0.309909  3.29758 	Dead: 0
3.82445   0.0630526   0.320084  3.29758 	Dead: 0
3.81608   0.059934    0.304253  3.29758 	Dead: 0
3.82273   0.0614023   0.311707  3.29758 	Dead: 0
3.7828    0.0567023   0.287847  3.29758 	Dead: 0
3.80546   0.0615448   0.31243   3.29758 	Dead: 0
3.74676   0.0544085   0.276203  3.29758 	Dead: 0
3.78416   0.0647951   0.32893   3.29758 	Dead: 0
3.77284   0.0606287   0.307779  3.29758 	Dead: 0
3.76531   0.0641198   0.325502  3.29465 	Dead: 0
3.74234   0.0605082   0.307168  3.29465 	Dead: 0
3.73718   0.0656201   0.333118  3.29465 	Dead: 0
3.72896   0.0612561   0.310964  3.29465 	Dead: 0
3.71035   0.0517315   0.262613  3.25216 	Dead: 0
3.72088   0.0566004   0.28733   3.25216 	Dead: 0
3.68112   0.0534213   0.271192  3.25216 	Dead: 0
3.68502   0.0582738   0.295825  3.25216 	Dead: 0
3.67947   0.0545446   0.276894  3.25216 	Dead: 0
3.69029   0.0590071   0.299548  3.25216 	Dead: 0
3.70607   0.0546775   0.277568  3.25216 	Dead: 0
3.66995   0.0509254   0.258521  3.25216 	Dead: 0
3.66324   0.0534897   0.271539  3.25216 	Dead: 0
3.66166   0.0543061   0.275683  3.15589 	Dead: 0
3.64739   0.0568051   0.288369  3.15589 	Dead: 0
3.69291   0.0597155   0.303144  3.15589 	Dead: 0
3.67071   0.0552058   0.280251  3.15589 	Dead: 0
3.70486   0.0587239   0.29811   3.15589 	Dead: 0
3.66582   0.0574859   0.291825  3.15589 	Dead: 0
3.67664   0.0548573   0.278481  3.15589 	Dead: 0
3.67544   0.0545587   0.276965  3.15589 	Dead: 0
3.67879   0.0588494   0.298747  3.15589 	Dead: 0
3.63666   0.0517954   0.262938  3.15589 	Dead: 0
3.67012   0.0561509   0.285048  3.15589 	Dead: 0
3.63894   0.0567832   0.288258  3.15589 	Dead: 0
3.64783   0.0535145   0.271665  3.15589 	Dead: 0
3.65308   0.0572379   0.290566  3.15589 	Dead: 0
3.63681   0.0565784   0.287218  3.15589 	Dead: 0
3.62426   0.0552879   0.280667  3.15589 	Dead: 0
3.64347   0.0527247   0.267655  3.15589 	Dead: 0
3.65724   0.0560158   0.284362  3.15589 	Dead: 0
3.70232   0.064653    0.328209  3.15589 	Dead: 0
3.63386   0.0589026   0.299017  3.15049 	Dead: 0
3.63308   0.0531434   0.269781  3.15049 	Dead: 0
3.6222    0.0553505   0.280985  3.15049 	Dead: 0
3.64181   0.0586432   0.2977    3.15049 	Dead: 0
3.64412   0.0598901   0.30403   3.15049 	Dead: 0
3.65279   0.0581262   0.295076  3.15049 	Dead: 0
3.61884   0.053437    0.271271  3.15049 	Dead: 0
3.61199   0.0514499   0.261184  3.15049 	Dead: 0
3.60416   0.0556548   0.28253   3.15049 	Dead: 0
3.63325   0.0593284   0.301179  3.15049 	Dead: 0
3.59711   0.054702    0.277693  3.15049 	Dead: 0
3.61367   0.0551945   0.280193  3.15049 	Dead: 0
3.61935   0.0524683   0.266354  3.15049 	Dead: 0
3.62092   0.0569589   0.28915   3.15049 	Dead: 0
3.6259    0.0561397   0.284991  3.15049 	Dead: 0
3.61613   0.0557558   0.283043  3.15049 	Dead: 0
3.60181   0.0536678   0.272443  3.15049 	Dead: 0
3.64541   0.0577489   0.293161  3.15049 	Dead: 0
3.59671   0.0534017   0.271092  3.15049 	Dead: 0
3.62749   0.0544577   0.276453  3.15049 	Dead: 0
3.64531   0.0634016   0.321856  3.15049 	Dead: 0
