13.4276   0.0986939   0.501016  11.8641 	Dead: 0
9.40905   0.0618145   0.313799  8.82207 	Dead: 0
8.41526   0.0494459   0.25101   8.00513 	Dead: 0
7.9384    0.0621976   0.315744  7.48731 	Dead: 0
7.36049   0.0621145   0.315322  6.84236 	Dead: 0
6.66767   0.0747026   0.379225  6.08107 	Dead: 0
6.34111   0.0878224   0.445827  5.78531 	Dead: 0
5.84481   0.0951948   0.483253  5.312   	Dead: 0
5.19912   0.104853    0.532283  4.592   	Dead: 0
4.85559   0.108538    0.550989  4.29143 	Dead: 0
4.49037   0.109029    0.55348   3.87169 	Dead: 0
4.14677   0.110637    0.561643  3.57669 	Dead: 0
3.9349    0.109984    0.558331  3.33606 	Dead: 0
3.77113   0.109414    0.555436  3.33037 	Dead: 0
3.8336    0.158729    0.805785  3.27532 	Dead: 0
3.58638   0.113916    0.57829   3.17318 	Dead: 0
3.4585    0.0890775   0.452199  3.1214  	Dead: 0
3.52732   0.121843    0.618531  3.0846  	Dead: 0
3.49855   0.133208    0.676224  3.00644 	Dead: 0
3.41571   0.101927    0.51743   3.00214 	Dead: 0
3.39232   0.130284    0.661382  2.94738 	Dead: 0
3.38016   0.119668    0.607488  2.94738 	Dead: 0
3.28452   0.0793224   0.402677  2.9136  	Dead: 0
3.28841   0.0973248   0.494066  2.9136  	Dead: 0
3.23049   0.0899986   0.456875  2.9136  	Dead: 0
3.2644    0.108634    0.551478  2.84848 	Dead: 0
3.31774   0.146191    0.742133  2.76609 	Dead: 0
3.34001   0.150237    0.762675  2.74458 	Dead: 0
3.16164   0.097102    0.492935  2.74458 	Dead: 0
3.23042   0.149284    0.757837  2.73399 	Dead: 0
3.17844   0.161644    0.820579  2.67952 	Dead: 0
3.14585   0.137891    0.7       2.62942 	Dead: 0
3.01147   0.106391    0.540089  2.58996 	Dead: 0
3.05831   0.154486    0.784243  2.58996 	Dead: 0
2.9686    0.119583    0.607061  2.54357 	Dead: 0
2.95738   0.10247     0.520184  2.54357 	Dead: 0
2.9716    0.127698    0.648253  2.54357 	Dead: 0
2.91665   0.103122    0.523494  2.54357 	Dead: 0
2.94292   0.110994    0.563456  2.54357 	Dead: 0
3.02948   0.134014    0.680317  2.54357 	Dead: 0
2.91748   0.117723    0.597616  2.53137 	Dead: 0
2.96653   0.110208    0.559466  2.53137 	Dead: 0
2.94623   0.131943    0.669806  2.53137 	Dead: 0
2.85332   0.0868961   0.441125  2.521   	Dead: 0
2.96912   0.128593    0.6528    2.521   	Dead: 0
2.89833   0.105041    0.533239  2.5189  	Dead: 0
2.9314    0.105549    0.535814  2.50602 	Dead: 0
2.83672   0.101627    0.515905  2.50602 	Dead: 0
2.92867   0.132554    0.672906  2.50602 	Dead: 0
2.93242   0.127672    0.648125  2.48907 	Dead: 0
2.97325   0.144582    0.733968  2.48907 	Dead: 0
2.85054   0.0991446   0.503304  2.48907 	Dead: 0
2.86637   0.110649    0.561708  2.48907 	Dead: 0
2.92923   0.145322    0.737723  2.48907 	Dead: 0
2.83936   0.0912164   0.463057  2.48907 	Dead: 0
3.01602   0.14942     0.758528  2.47019 	Dead: 0
2.91827   0.12246     0.621666  2.47019 	Dead: 0
2.92603   0.124743    0.633255  2.47019 	Dead: 0
2.92341   0.127382    0.646648  2.47019 	Dead: 0
2.96012   0.139269    0.706995  2.46005 	Dead: 0
2.83212   0.0955921   0.48527   2.46005 	Dead: 0
2.80772   0.0784757   0.398379  2.46005 	Dead: 0
2.77974   0.0758263   0.38493   2.46005 	Dead: 0
2.8733    0.1193      0.605621  2.46005 	Dead: 0
2.8505    0.105986    0.538032  2.45857 	Dead: 0
2.85417   0.09651     0.48993   2.45857 	Dead: 0
2.88171   0.108981    0.553236  2.45857 	Dead: 0
2.83731   0.0976989   0.495965  2.45857 	Dead: 0
2.90695   0.121288    0.615713  2.45857 	Dead: 0
2.88555   0.115147    0.584538  2.45857 	Dead: 0
2.86695   0.1001      0.508152  2.45857 	Dead: 0
2.85599   0.108515    0.550873  2.45857 	Dead: 0
2.82901   0.095625    0.485437  2.45857 	Dead: 0
2.846     0.104779    0.531907  2.45857 	Dead: 0
2.9652    0.144298    0.732523  2.45857 	Dead: 0
3.04128   0.155444    0.789105  2.45857 	Dead: 0
2.84766   0.110073    0.55878   2.45857 	Dead: 0
2.87187   0.100803    0.511723  2.45857 	Dead: 0
2.83328   0.0911586   0.462764  2.45857 	Dead: 0
2.84523   0.102587    0.520781  2.45857 	Dead: 0
2.95951   0.148579    0.754254  2.45857 	Dead: 0
2.955     0.141284    0.717224  2.45857 	Dead: 0
2.91136   0.115866    0.588189  2.45857 	Dead: 0
2.84055   0.102379    0.519723  2.45857 	Dead: 0
2.88506   0.126617    0.642767  2.45857 	Dead: 0
2.88716   0.138637    0.703788  2.45857 	Dead: 0
2.88191   0.106114    0.538684  2.45857 	Dead: 0
2.96816   0.155062    0.787165  2.45857 	Dead: 0
2.85037   0.113894    0.57818   2.41754 	Dead: 0
2.90143   0.112614    0.571682  2.41754 	Dead: 0
2.93878   0.141787    0.719775  2.41754 	Dead: 0
2.85323   0.131769    0.668922  2.41754 	Dead: 0
2.75045   0.0725272   0.368182  2.41754 	Dead: 0
2.81634   0.091144    0.46269   2.41754 	Dead: 0
2.89918   0.125667    0.637943  2.41754 	Dead: 0
2.82019   0.0889406   0.451504  2.41754 	Dead: 0
2.80554   0.0844265   0.428588  2.41754 	Dead: 0
2.93789   0.113402    0.57568   2.41754 	Dead: 0
2.87009   0.114199    0.579725  2.41754 	Dead: 0
2.89994   0.133756    0.679009  2.41754 	Dead: 0
2.85789   0.105075    0.533411  2.41754 	Dead: 0
