14.202    0.059921    0.304187  13.5895 	Dead: 0
13.1106   0.0415647   0.211002  12.6894 	Dead: 0
12.6485   0.0380459   0.193139  12.2208 	Dead: 0
12.5306   0.0371189   0.188433  12.1209 	Dead: 0
12.5109   0.0396373   0.201218  12.1209 	Dead: 0
12.4717   0.0425941   0.216227  12.1209 	Dead: 0
12.4937   0.0454251   0.230599  12.1209 	Dead: 0
12.4383   0.0398571   0.202333  12.1209 	Dead: 0
12.4555   0.0438629   0.222668  12.1209 	Dead: 0
12.4182   0.0417817   0.212104  12.0913 	Dead: 0
12.4092   0.0488269   0.247868  11.9637 	Dead: 0
12.3461   0.0396801   0.201435  11.9637 	Dead: 0
12.3374   0.0419958   0.21319   11.9637 	Dead: 0
12.2992   0.039256    0.199282  11.7809 	Dead: 0
12.3092   0.0494712   0.251139  11.7809 	Dead: 0
12.2429   0.0430436   0.218509  11.7809 	Dead: 0
12.1942   0.0378429   0.192108  11.7809 	Dead: 0
12.2059   0.0453595   0.230266  11.7809 	Dead: 0
12.2115   0.0494299   0.250929  11.7809 	Dead: 0
12.1872   0.0456434   0.231707  11.7809 	Dead: 0
12.1882   0.0461109   0.234081  11.7809 	Dead: 0
12.1804   0.046896    0.238066  11.7809 	Dead: 0
12.1854   0.0479449   0.243391  11.7809 	Dead: 0
12.1567   0.044002    0.223375  11.7809 	Dead: 0
12.1415   0.0479099   0.243213  11.7583 	Dead: 0
12.1223   0.0486041   0.246737  11.5989 	Dead: 0
12.127    0.0506025   0.256882  11.5989 	Dead: 0
12.1415   0.0507925   0.257847  11.5989 	Dead: 0
12.1155   0.0468935   0.238053  11.5989 	Dead: 0
12.1127   0.0500002   0.253824  11.5989 	Dead: 0
12.0851   0.0434708   0.220678  11.5989 	Dead: 0
12.0905   0.0493561   0.250555  11.5989 	Dead: 0
12.0544   0.0477007   0.242151  11.5989 	Dead: 0
12.0812   0.0514274   0.26107   11.5989 	Dead: 0
12.0413   0.0530208   0.269158  11.5989 	Dead: 0
12.0701   0.0539182   0.273714  11.5989 	Dead: 0
12.03     0.0495291   0.251433  11.5989 	Dead: 0
12.0366   0.0513606   0.26073   11.5989 	Dead: 0
11.979    0.0470439   0.238817  11.5989 	Dead: 0
11.9568   0.0529672   0.268886  11.517  	Dead: 0
11.9438   0.0459027   0.233023  11.517  	Dead: 0
11.9181   0.0479575   0.243455  11.517  	Dead: 0
11.8909   0.0468855   0.238013  11.4993 	Dead: 0
11.8545   0.0473261   0.240249  11.4532 	Dead: 0
11.8076   0.0471282   0.239245  11.198  	Dead: 0
11.798    0.0452507   0.229713  11.198  	Dead: 0
11.8044   0.0472522   0.239874  11.198  	Dead: 0
11.773    0.0495792   0.251687  11.198  	Dead: 0
11.7722   0.0491112   0.249311  11.198  	Dead: 0
11.7495   0.0497715   0.252663  11.198  	Dead: 0
11.7765   0.0520288   0.264122  11.198  	Dead: 0
11.7403   0.049413    0.250843  11.198  	Dead: 0
11.7321   0.0553475   0.28097   11.198  	Dead: 0
11.69     0.0548292   0.278339  11.198  	Dead: 0
11.6979   0.0515707   0.261797  11.198  	Dead: 0
11.6695   0.0488137   0.247801  11.198  	Dead: 0
11.6426   0.0466468   0.236801  11.198  	Dead: 0
11.6644   0.0539556   0.273904  11.198  	Dead: 0
11.6708   0.0488003   0.247733  11.198  	Dead: 0
11.6411   0.0521769   0.264874  11.1832 	Dead: 0
11.6488   0.0504342   0.256027  11.1832 	Dead: 0
11.6368   0.0465642   0.236382  11.1832 	Dead: 0
11.6553   0.0541273   0.274775  11.1832 	Dead: 0
11.6224   0.0518325   0.263126  11.1832 	Dead: 0
11.6576   0.0532652   0.270399  11.1832 	Dead: 0
11.5377   0.0538061   0.273145  11.1832 	Dead: 0
11.4846   0.0487126   0.247288  11.1321 	Dead: 0
11.4423   0.0511411   0.259616  11.062  	Dead: 0
11.3844   0.0473053   0.240144  10.8842 	Dead: 0
11.3543   0.0458259   0.232633  10.8842 	Dead: 0
11.3718   0.0490588   0.249046  10.8842 	Dead: 0
11.3492   0.054417    0.276246  10.8842 	Dead: 0
11.3725   0.0544702   0.276516  10.8842 	Dead: 0
11.3681   0.0548621   0.278506  10.8842 	Dead: 0
11.3534   0.0531866   0.27      10.8842 	Dead: 0
11.365    0.0543022   0.275663  10.8842 	Dead: 0
11.355    0.0589863   0.299442  10.8592 	Dead: 0
11.3154   0.051946    0.263702  10.8592 	Dead: 0
11.3235   0.0548327   0.278356  10.8592 	Dead: 0
11.2955   0.0521055   0.264512  10.8592 	Dead: 0
11.2699   0.0618596   0.314028  10.7866 	Dead: 0
11.2307   0.0529151   0.268621  10.7866 	Dead: 0
11.2079   0.0570877   0.289804  10.7866 	Dead: 0
11.1977   0.0607513   0.308402  10.7866 	Dead: 0
11.1101   0.0498824   0.253226  10.7866 	Dead: 0
11.0885   0.0434857   0.220754  10.7684 	Dead: 0
11.0864   0.0498587   0.253106  10.6518 	Dead: 0
11.0496   0.0560298   0.284433  10.6451 	Dead: 0
11.0226   0.0496022   0.251804  10.6451 	Dead: 0
10.9965   0.0463186   0.235135  10.5416 	Dead: 0
10.9658   0.0498342   0.252981  10.5416 	Dead: 0
10.9689   0.0537115   0.272664  10.5416 	Dead: 0
10.9777   0.0575509   0.292155  10.5416 	Dead: 0
10.9516   0.0472974   0.240104  10.5416 	Dead: 0
10.9679   0.0567141   0.287907  10.5416 	Dead: 0
10.9558   0.0546839   0.277601  10.5187 	Dead: 0
10.9523   0.0527374   0.26772   10.5187 	Dead: 0
10.9112   0.048328    0.245336  10.5187 	Dead: 0
10.9342   0.0567119   0.287896  10.5187 	Dead: 0
10.9733   0.0596081   0.302598  10.5187 	Dead: 0
10.954    0.057242    0.290587  10.5187 	Dead: 0
