10.6461   0.0544835   0.276583  10.1123 	Dead: 0
9.74973   0.0306704   0.155697  9.49397 	Dead: 0
9.53848   0.0308854   0.156789  9.16085 	Dead: 0
9.45993   0.0276422   0.140325  9.16085 	Dead: 0
9.43513   0.036632    0.185961  9.13127 	Dead: 0
9.39618   0.0336707   0.170928  9.09345 	Dead: 0
9.33868   0.0297036   0.150789  9.09345 	Dead: 0
9.33991   0.0315894   0.160363  9.09345 	Dead: 0
9.32967   0.0358528   0.182006  9.04195 	Dead: 0
9.31299   0.0355377   0.180406  8.9773  	Dead: 0
9.28602   0.0355235   0.180334  8.9773  	Dead: 0
9.29161   0.0357817   0.181645  8.9773  	Dead: 0
9.26443   0.0321883   0.163403  8.9773  	Dead: 0
9.26382   0.0381113   0.193471  8.86279 	Dead: 0
9.27236   0.0407796   0.207016  8.86279 	Dead: 0
9.25148   0.0352082   0.178733  8.86279 	Dead: 0
9.22852   0.0312941   0.158863  8.86279 	Dead: 0
9.24244   0.0369336   0.187492  8.86279 	Dead: 0
9.23532   0.0416611   0.211491  8.86279 	Dead: 0
9.23571   0.036572    0.185656  8.86279 	Dead: 0
9.21595   0.0354639   0.180031  8.86279 	Dead: 0
9.23049   0.0369335   0.187491  8.86279 	Dead: 0
9.2094    0.0353059   0.179229  8.86279 	Dead: 0
9.19028   0.035375    0.17958   8.86279 	Dead: 0
9.15414   0.0362696   0.184121  8.85647 	Dead: 0
9.183     0.0393486   0.199752  8.85647 	Dead: 0
9.13963   0.0358248   0.181864  8.83721 	Dead: 0
9.15779   0.0412393   0.20935   8.83721 	Dead: 0
9.11581   0.0323266   0.164105  8.83721 	Dead: 0
9.1209    0.0352937   0.179167  8.83721 	Dead: 0
9.13056   0.0353955   0.179684  8.83721 	Dead: 0
9.10935   0.0341007   0.173111  8.83721 	Dead: 0
9.08529   0.0311977   0.158374  8.80744 	Dead: 0
9.11283   0.0354062   0.179738  8.76591 	Dead: 0
9.09249   0.0337186   0.171171  8.76591 	Dead: 0
9.1201    0.0415203   0.210777  8.76591 	Dead: 0
9.09818   0.0371093   0.188384  8.76591 	Dead: 0
9.08515   0.0332046   0.168562  8.76591 	Dead: 0
9.10237   0.0441915   0.224337  8.76591 	Dead: 0
9.08778   0.0341885   0.173557  8.76591 	Dead: 0
9.06998   0.0329059   0.167045  8.76076 	Dead: 0
9.08464   0.0345951   0.175621  8.76076 	Dead: 0
9.06513   0.0329745   0.167394  8.76076 	Dead: 0
9.12053   0.03937     0.19986   8.76076 	Dead: 0
9.0889    0.0335533   0.170332  8.76076 	Dead: 0
9.07184   0.0342764   0.174003  8.76076 	Dead: 0
9.06436   0.035034    0.177849  8.76076 	Dead: 0
9.06198   0.032306    0.164     8.76076 	Dead: 0
9.06378   0.0332499   0.168792  8.76076 	Dead: 0
9.10311   0.0406793   0.206507  8.76076 	Dead: 0
9.06469   0.0352011   0.178697  8.76076 	Dead: 0
9.07541   0.0374753   0.190242  8.76076 	Dead: 0
9.05827   0.0356497   0.180974  8.76076 	Dead: 0
9.05923   0.0351098   0.178234  8.76076 	Dead: 0
9.06109   0.0370842   0.188257  8.76076 	Dead: 0
9.0689    0.0357923   0.181698  8.76076 	Dead: 0
9.04842   0.0351531   0.178453  8.76076 	Dead: 0
9.0897    0.0390457   0.198214  8.76076 	Dead: 0
9.0623    0.0365298   0.185442  8.76076 	Dead: 0
9.07164   0.0405018   0.205606  8.76076 	Dead: 0
9.0265    0.0330395   0.167724  8.76076 	Dead: 0
9.02205   0.0339259   0.172224  8.76076 	Dead: 0
9.05447   0.0382926   0.194391  8.76076 	Dead: 0
9.02755   0.034725    0.17628   8.76076 	Dead: 0
9.01604   0.0311965   0.158368  8.76076 	Dead: 0
9.04788   0.0369754   0.187704  8.76076 	Dead: 0
9.02676   0.0340232   0.172718  8.76076 	Dead: 0
9.02496   0.0346027   0.17566   8.69564 	Dead: 0
9.00107   0.0315891   0.160361  8.69564 	Dead: 0
9.01893   0.0327613   0.166312  8.69564 	Dead: 0
9.01901   0.0348896   0.177116  8.69564 	Dead: 0
8.99365   0.0313093   0.158941  8.69564 	Dead: 0
9.01051   0.0368361   0.186997  8.69564 	Dead: 0
9.00128   0.034069    0.17295   8.69564 	Dead: 0
8.99612   0.0332164   0.168622  8.69564 	Dead: 0
9.00926   0.0345019   0.175148  8.69564 	Dead: 0
8.9982    0.031715    0.161     8.69564 	Dead: 0
9.02297   0.036916    0.187403  8.69564 	Dead: 0
9.00663   0.0336325   0.170734  8.69564 	Dead: 0
8.98486   0.0375915   0.190832  8.69564 	Dead: 0
8.97598   0.034428    0.174772  8.69564 	Dead: 0
8.96385   0.034673    0.176016  8.69564 	Dead: 0
8.9544    0.032695    0.165975  8.69564 	Dead: 0
8.96167   0.0333105   0.1691    8.69564 	Dead: 0
8.95861   0.0340036   0.172618  8.69564 	Dead: 0
8.95722   0.03427     0.173971  8.69564 	Dead: 0
8.95145   0.0348005   0.176663  8.69564 	Dead: 0
8.95734   0.0351804   0.178592  8.69564 	Dead: 0
8.93533   0.0305769   0.155223  8.60067 	Dead: 0
8.9737    0.0443983   0.225386  8.60067 	Dead: 0
8.95205   0.0345792   0.17554   8.60067 	Dead: 0
8.93739   0.0353752   0.179581  8.60067 	Dead: 0
8.95373   0.0396723   0.201395  8.60067 	Dead: 0
8.92364   0.0306257   0.15547   8.60067 	Dead: 0
8.93932   0.0354281   0.179849  8.60067 	Dead: 0
8.92936   0.037442    0.190073  8.60067 	Dead: 0
8.9453    0.0396402   0.201232  8.59643 	Dead: 0
8.9066    0.0318571   0.161722  8.59643 	Dead: 0
8.94393   0.0389027   0.197488  8.59643 	Dead: 0
8.92041   0.0368649   0.187144  8.59643 	Dead: 0
8.91158   0.0319563   0.162225  8.59643 	Dead: 0
