12.3      0.130639    0.663186  10.5786 	Dead: 0
7.43052   0.0904386   0.459108  6.24394 	Dead: 0
5.27721   0.0659987   0.33504   4.64078 	Dead: 0
3.95209   0.121227    0.615405  2.98225 	Dead: 0
3.05421   0.0970978   0.492914  2.69061 	Dead: 0
2.89272   0.108381    0.550191  2.47901 	Dead: 0
2.7931    0.105123    0.533655  2.39851 	Dead: 0
2.79519   0.106874    0.542544  2.3898  	Dead: 0
2.62984   0.121347    0.616013  2.27515 	Dead: 0
2.53585   0.0781576   0.396764  2.20992 	Dead: 0
2.47104   0.0846957   0.429955  2.11445 	Dead: 0
2.51173   0.0992214   0.503694  2.11445 	Dead: 0
2.40857   0.0625981   0.317777  2.10123 	Dead: 0
2.42831   0.0878093   0.445761  2.10123 	Dead: 0
2.33503   0.0665218   0.337695  2.10123 	Dead: 0
2.35488   0.0709869   0.360363  2.03984 	Dead: 0
2.37058   0.0782681   0.397325  2.03984 	Dead: 0
2.36739   0.071457    0.362749  2.03984 	Dead: 0
2.41052   0.0957192   0.485916  2.02411 	Dead: 0
2.33975   0.0790858   0.401476  1.99127 	Dead: 0
2.31221   0.0800473   0.406358  1.99127 	Dead: 0
2.20647   0.0629711   0.319671  1.94571 	Dead: 0
2.38542   0.150453    0.763769  1.88783 	Dead: 0
2.20363   0.0749731   0.380598  1.88783 	Dead: 0
2.19141   0.0931326   0.472785  1.88783 	Dead: 0
2.26093   0.139239    0.706843  1.8257  	Dead: 0
2.18338   0.0808166   0.410263  1.8257  	Dead: 0
2.20929   0.104603    0.531012  1.8257  	Dead: 0
2.08633   0.0581414   0.295153  1.8257  	Dead: 0
2.06313   0.0478405   0.242861  1.8257  	Dead: 0
2.19935   0.100071    0.508007  1.8257  	Dead: 0
2.18435   0.107549    0.54597   1.8257  	Dead: 0
2.14754   0.0875085   0.444234  1.8257  	Dead: 0
2.18945   0.106099    0.538607  1.8257  	Dead: 0
2.13713   0.0813551   0.412996  1.81707 	Dead: 0
2.06016   0.0579326   0.294093  1.81707 	Dead: 0
2.18042   0.118885    0.603518  1.81707 	Dead: 0
2.16043   0.114791    0.582735  1.81707 	Dead: 0
2.10795   0.0824154   0.418379  1.81707 	Dead: 0
2.12211   0.0857134   0.435121  1.81707 	Dead: 0
2.108     0.0879366   0.446407  1.81707 	Dead: 0
2.08924   0.0859897   0.436524  1.81707 	Dead: 0
2.07895   0.0651911   0.330941  1.81707 	Dead: 0
2.04929   0.0697454   0.35406   1.80198 	Dead: 0
2.15202   0.111285    0.564934  1.80198 	Dead: 0
2.10661   0.0930354   0.472291  1.80198 	Dead: 0
2.00979   0.0464458   0.235781  1.77745 	Dead: 0
2.12096   0.115077    0.584184  1.76678 	Dead: 0
2.08626   0.104261    0.529277  1.73801 	Dead: 0
1.99008   0.0573736   0.291255  1.73801 	Dead: 0
2.00093   0.0827819   0.42024   1.73801 	Dead: 0
2.00527   0.108436    0.550471  1.71906 	Dead: 0
2.0416    0.120148    0.609927  1.69485 	Dead: 0
2.0893    0.119147    0.604848  1.69485 	Dead: 0
1.95756   0.0674153   0.342232  1.69485 	Dead: 0
1.93599   0.0648526   0.329222  1.68092 	Dead: 0
1.91378   0.0561524   0.285056  1.65912 	Dead: 0
1.98292   0.0883976   0.448747  1.65899 	Dead: 0
1.89753   0.062107    0.315284  1.65899 	Dead: 0
1.89916   0.0606583   0.30793   1.65899 	Dead: 0
1.88776   0.0744217   0.377799  1.65899 	Dead: 0
1.93807   0.0840506   0.42668   1.65899 	Dead: 0
1.92812   0.0826324   0.419481  1.62545 	Dead: 0
1.93633   0.0866541   0.439897  1.62545 	Dead: 0
1.93802   0.0922039   0.46807   1.62545 	Dead: 0
1.96621   0.10513     0.533689  1.62479 	Dead: 0
1.90556   0.0716542   0.36375   1.62479 	Dead: 0
1.89984   0.07644     0.388045  1.62479 	Dead: 0
1.89169   0.0731102   0.371141  1.62479 	Dead: 0
1.86758   0.0582776   0.295844  1.62479 	Dead: 0
1.85434   0.0640785   0.325292  1.62479 	Dead: 0
1.88985   0.080176    0.407011  1.60742 	Dead: 0
1.91235   0.0726327   0.368717  1.60742 	Dead: 0
1.92649   0.0923866   0.468997  1.60742 	Dead: 0
1.87956   0.0820689   0.41662   1.60742 	Dead: 0
1.80578   0.0406706   0.206463  1.60742 	Dead: 0
1.96684   0.111729    0.567187  1.59828 	Dead: 0
1.86815   0.104891    0.532475  1.58896 	Dead: 0
1.82271   0.0566804   0.287736  1.58896 	Dead: 0
1.83374   0.0658228   0.334147  1.57039 	Dead: 0
1.84963   0.0787036   0.399536  1.57039 	Dead: 0
1.8358    0.0837135   0.424969  1.57039 	Dead: 0
1.86463   0.0897666   0.455697  1.54813 	Dead: 0
1.88128   0.0942931   0.478676  1.54813 	Dead: 0
1.81394   0.0633236   0.32146   1.54813 	Dead: 0
1.89546   0.093839    0.47637   1.54813 	Dead: 0
1.87494   0.0895113   0.454401  1.54093 	Dead: 0
1.88443   0.0904946   0.459393  1.54093 	Dead: 0
1.8785    0.0999971   0.507632  1.52583 	Dead: 0
1.82653   0.115864    0.58818   1.49472 	Dead: 0
1.81433   0.0749425   0.380443  1.49472 	Dead: 0
1.81482   0.0720113   0.365563  1.49472 	Dead: 0
1.82259   0.0805316   0.408816  1.49472 	Dead: 0
1.8916    0.109194    0.554318  1.49472 	Dead: 0
1.83078   0.0895483   0.454589  1.49472 	Dead: 0
1.88191   0.1094      0.555364  1.49472 	Dead: 0
1.82125   0.0788024   0.400038  1.49472 	Dead: 0
1.83584   0.0819409   0.41597   1.49472 	Dead: 0
1.88334   0.11666     0.592218  1.49472 	Dead: 0
1.91201   0.116674    0.59229   1.49472 	Dead: 0
1.89518   0.135507    0.687896  1.49472 	Dead: 0
