12.2074   0.157601    0.800058  9.96035 	Dead: 0
7.07791   0.0923557   0.468841  5.95715 	Dead: 0
4.73782   0.103936    0.527628  3.90767 	Dead: 0
3.55688   0.089495    0.454318  3.08677 	Dead: 0
3.04545   0.074417    0.377775  2.63021 	Dead: 0
2.69403   0.0942143   0.478276  2.2932  	Dead: 0
2.49319   0.0635788   0.322755  2.20615 	Dead: 0
2.43513   0.0827849   0.420255  2.10525 	Dead: 0
2.31751   0.0654269   0.332137  2.03253 	Dead: 0
2.23864   0.0539369   0.273809  1.98903 	Dead: 0
2.27749   0.0796917   0.404552  1.95611 	Dead: 0
2.22494   0.0887705   0.450641  1.92843 	Dead: 0
2.19305   0.0767374   0.389555  1.88444 	Dead: 0
2.20669   0.0943372   0.4789    1.85906 	Dead: 0
2.17739   0.108425    0.550414  1.84329 	Dead: 0
2.18283   0.0945557   0.480009  1.83049 	Dead: 0
2.14486   0.0804397   0.408349  1.83049 	Dead: 0
2.09673   0.0862461   0.437826  1.82814 	Dead: 0
2.05083   0.053111    0.269616  1.74007 	Dead: 0
2.10638   0.094251    0.478462  1.74007 	Dead: 0
2.11364   0.0966343   0.490561  1.74007 	Dead: 0
2.056     0.0785473   0.398743  1.702   	Dead: 0
2.02058   0.0778766   0.395338  1.702   	Dead: 0
2.08453   0.114042    0.578932  1.702   	Dead: 0
1.92269   0.0500078   0.253863  1.702   	Dead: 0
1.97333   0.0728706   0.369925  1.702   	Dead: 0
2.00701   0.0986854   0.500973  1.68482 	Dead: 0
2.02532   0.10487     0.532367  1.68482 	Dead: 0
1.98065   0.0782705   0.397337  1.68482 	Dead: 0
1.97456   0.109268    0.554693  1.68482 	Dead: 0
1.88932   0.0550098   0.279255  1.68413 	Dead: 0
1.94118   0.0762012   0.386833  1.68413 	Dead: 0
1.99842   0.120523    0.611829  1.68413 	Dead: 0
1.92226   0.0712317   0.361605  1.63034 	Dead: 0
2.0607    0.142079    0.721257  1.63034 	Dead: 0
1.9179    0.0800774   0.40651   1.63034 	Dead: 0
1.94633   0.100084    0.508072  1.61934 	Dead: 0
1.99381   0.107901    0.547758  1.61934 	Dead: 0
1.96564   0.121454    0.616555  1.60062 	Dead: 0
1.95272   0.0953824   0.484206  1.59865 	Dead: 0
1.91342   0.0961827   0.488268  1.59865 	Dead: 0
1.89312   0.0903056   0.458433  1.59865 	Dead: 0
1.96377   0.128167    0.650633  1.59865 	Dead: 0
1.87031   0.0691438   0.351006  1.5718  	Dead: 0
1.88126   0.0920115   0.467093  1.5718  	Dead: 0
1.86278   0.076916    0.390461  1.5718  	Dead: 0
1.87015   0.086538    0.439308  1.5718  	Dead: 0
1.8111    0.0661871   0.335997  1.5718  	Dead: 0
1.84524   0.0837816   0.425315  1.5718  	Dead: 0
1.8231    0.0685585   0.348035  1.5718  	Dead: 0
1.86464   0.093831    0.47633   1.52681 	Dead: 0
1.79377   0.0949665   0.482094  1.52681 	Dead: 0
1.87747   0.117171    0.594817  1.52681 	Dead: 0
1.86533   0.105824    0.537211  1.52681 	Dead: 0
1.88841   0.0979612   0.497297  1.52482 	Dead: 0
1.7838    0.0604005   0.306621  1.52482 	Dead: 0
1.87369   0.115371    0.585675  1.51324 	Dead: 0
1.80512   0.079062    0.401356  1.50046 	Dead: 0
1.71858   0.0591566   0.300306  1.49491 	Dead: 0
1.8379    0.112162    0.569385  1.49491 	Dead: 0
1.79625   0.0768851   0.390305  1.49491 	Dead: 0
1.83278   0.113383    0.575584  1.49491 	Dead: 0
1.74562   0.0649107   0.329517  1.49491 	Dead: 0
1.7697    0.0809493   0.410936  1.49491 	Dead: 0
1.79387   0.0877078   0.445246  1.49491 	Dead: 0
1.76057   0.0654824   0.332419  1.49491 	Dead: 0
1.80091   0.0843767   0.428335  1.49491 	Dead: 0
1.78506   0.0945458   0.479959  1.49491 	Dead: 0
1.78106   0.0747775   0.379606  1.49491 	Dead: 0
1.7607    0.0696899   0.353778  1.49491 	Dead: 0
1.7915    0.0923019   0.468568  1.49408 	Dead: 0
1.73688   0.0703503   0.357131  1.49408 	Dead: 0
1.81414   0.0933309   0.473791  1.49408 	Dead: 0
1.74884   0.0585796   0.297378  1.49065 	Dead: 0
1.85624   0.11719     0.594913  1.49065 	Dead: 0
1.82664   0.101599    0.515764  1.49065 	Dead: 0
1.83615   0.11926     0.605418  1.49065 	Dead: 0
1.75438   0.0765249   0.388476  1.49065 	Dead: 0
1.79102   0.0947025   0.480754  1.45859 	Dead: 0
1.75793   0.0710912   0.360892  1.45859 	Dead: 0
1.8186    0.109319    0.554952  1.45859 	Dead: 0
1.72019   0.0540857   0.274564  1.45859 	Dead: 0
1.77008   0.104394    0.529951  1.45859 	Dead: 0
1.67396   0.0598458   0.303805  1.45859 	Dead: 0
1.80409   0.103526    0.525547  1.43408 	Dead: 0
1.66097   0.0609818   0.309572  1.43408 	Dead: 0
1.71541   0.0873235   0.443295  1.43408 	Dead: 0
1.71874   0.0866717   0.439986  1.42655 	Dead: 0
1.6648    0.0739601   0.375456  1.42655 	Dead: 0
1.72152   0.0813004   0.412719  1.42655 	Dead: 0
1.73082   0.100173    0.508525  1.42655 	Dead: 0
1.7158    0.0975318   0.495117  1.39831 	Dead: 0
1.68901   0.0839389   0.426113  1.39831 	Dead: 0
1.71788   0.090079    0.457283  1.39831 	Dead: 0
1.67512   0.0876211   0.444805  1.39831 	Dead: 0
1.64508   0.0666628   0.338412  1.39831 	Dead: 0
1.6804    0.0846307   0.429625  1.39831 	Dead: 0
1.64171   0.0688443   0.349486  1.39831 	Dead: 0
1.75699   0.103084    0.523303  1.39831 	Dead: 0
1.70318   0.103434    0.525078  1.39831 	Dead: 0
1.65073   0.0770343   0.391062  1.39831 	Dead: 0
