12.3051   0.167928    0.852482  9.96971 	Dead: 0
7.72212   0.0649462   0.329697  7.0683  	Dead: 0
5.27214   0.0490019   0.248756  4.66776 	Dead: 0
3.99765   0.0654795   0.332404  3.07132 	Dead: 0
3.06466   0.075775    0.384669  2.68297 	Dead: 0
2.86796   0.0646122   0.328002  2.60042 	Dead: 0
2.80346   0.0754898   0.383221  2.43932 	Dead: 0
2.73834   0.0583409   0.296166  2.43932 	Dead: 0
2.73491   0.0850102   0.431552  2.31932 	Dead: 0
2.6846    0.0623      0.316264  2.31932 	Dead: 0
2.67684   0.0981319   0.498163  2.30783 	Dead: 0
2.48424   0.0571115   0.289925  2.12948 	Dead: 0
2.42898   0.0755776   0.383667  2.0476  	Dead: 0
2.40484   0.0719163   0.365081  2.0476  	Dead: 0
2.36202   0.0584082   0.296507  2.0476  	Dead: 0
2.37542   0.0799034   0.405627  2.0476  	Dead: 0
2.34475   0.0553386   0.280925  2.0476  	Dead: 0
2.40059   0.0844854   0.428887  2.0476  	Dead: 0
2.44265   0.104123    0.528577  2.0476  	Dead: 0
2.31552   0.0627884   0.318743  2.0476  	Dead: 0
2.347     0.0678205   0.344288  2.0476  	Dead: 0
2.38927   0.0922113   0.468108  2.0476  	Dead: 0
2.36054   0.0709546   0.360199  2.0476  	Dead: 0
2.39112   0.0921779   0.467938  2.0476  	Dead: 0
2.32833   0.0717571   0.364272  1.9684  	Dead: 0
2.31668   0.0749548   0.380506  1.9684  	Dead: 0
2.26284   0.0692819   0.351707  1.9684  	Dead: 0
2.24979   0.0633312   0.321499  1.9684  	Dead: 0
2.3164    0.090899    0.461446  1.92665 	Dead: 0
2.2324    0.0655132   0.332575  1.92665 	Dead: 0
2.19032   0.0732457   0.371829  1.8987  	Dead: 0
2.13484   0.0393426   0.199722  1.8987  	Dead: 0
2.26756   0.0913345   0.463657  1.86875 	Dead: 0
2.18959   0.0729472   0.370314  1.86875 	Dead: 0
2.22244   0.093074    0.472487  1.86875 	Dead: 0
2.20347   0.0965745   0.490257  1.86875 	Dead: 0
2.13191   0.0791309   0.401706  1.86512 	Dead: 0
2.18392   0.0857432   0.435273  1.78834 	Dead: 0
2.17624   0.105403    0.535074  1.78834 	Dead: 0
2.06018   0.0452927   0.229927  1.78834 	Dead: 0
2.20682   0.108305    0.549808  1.78644 	Dead: 0
2.15934   0.0960104   0.487393  1.78644 	Dead: 0
2.12424   0.0879485   0.446468  1.75908 	Dead: 0
2.05923   0.0631445   0.320551  1.75908 	Dead: 0
2.10271   0.106103    0.53863   1.73897 	Dead: 0
2.07303   0.0953941   0.484265  1.72776 	Dead: 0
1.97299   0.0509543   0.258668  1.70366 	Dead: 0
2.00672   0.0837069   0.424935  1.70366 	Dead: 0
2.04124   0.0967453   0.491124  1.68242 	Dead: 0
2.04067   0.108623    0.551421  1.68242 	Dead: 0
1.99249   0.0921322   0.467706  1.64858 	Dead: 0
2.01285   0.100753    0.51147   1.64858 	Dead: 0
1.93764   0.0630866   0.320257  1.64858 	Dead: 0
1.9147    0.0770458   0.391121  1.64858 	Dead: 0
2.01271   0.0996139   0.505687  1.64235 	Dead: 0
1.92803   0.0752835   0.382174  1.61981 	Dead: 0
1.87559   0.0557523   0.283024  1.61207 	Dead: 0
1.91326   0.0889767   0.451687  1.61207 	Dead: 0
1.88107   0.0647573   0.328739  1.61207 	Dead: 0
1.89779   0.0786205   0.399114  1.61207 	Dead: 0
1.89601   0.0786655   0.399343  1.61207 	Dead: 0
1.83189   0.0628809   0.319213  1.58679 	Dead: 0
1.89157   0.0973653   0.494272  1.54755 	Dead: 0
1.91362   0.100816    0.51179   1.54755 	Dead: 0
1.84078   0.078194    0.396949  1.54755 	Dead: 0
1.81104   0.0613458   0.31142   1.54755 	Dead: 0
1.83304   0.0860128   0.436641  1.51853 	Dead: 0
1.80749   0.0782898   0.397436  1.48563 	Dead: 0
1.81826   0.0869938   0.441621  1.48563 	Dead: 0
1.80107   0.0848595   0.430786  1.4739  	Dead: 0
1.78726   0.10049     0.510133  1.4739  	Dead: 0
1.70065   0.0655459   0.332741  1.4739  	Dead: 0
1.83773   0.106209    0.539164  1.45572 	Dead: 0
1.72053   0.0573066   0.290915  1.45572 	Dead: 0
1.70733   0.0613843   0.311615  1.45572 	Dead: 0
1.72421   0.0666018   0.338102  1.45572 	Dead: 0
1.77683   0.0914012   0.463995  1.45572 	Dead: 0
1.68782   0.0729802   0.370481  1.45572 	Dead: 0
1.75012   0.0958252   0.486454  1.45486 	Dead: 0
1.7399    0.0811362   0.411885  1.44024 	Dead: 0
1.81968   0.124053    0.629748  1.44024 	Dead: 0
1.90717   0.1446      0.734056  1.44024 	Dead: 0
1.73223   0.0831546   0.422132  1.44024 	Dead: 0
1.75087   0.107712    0.546794  1.44024 	Dead: 0
1.69684   0.0619125   0.314297  1.44024 	Dead: 0
1.72964   0.0765491   0.388599  1.44024 	Dead: 0
1.757     0.107803    0.54726   1.44024 	Dead: 0
1.76701   0.0940409   0.477396  1.44024 	Dead: 0
1.77372   0.107961    0.548059  1.44024 	Dead: 0
1.74201   0.087677    0.445089  1.44024 	Dead: 0
1.76858   0.104995    0.533003  1.43855 	Dead: 0
1.74742   0.119352    0.605888  1.43855 	Dead: 0
1.78388   0.107955    0.54803   1.43855 	Dead: 0
1.71459   0.0796339   0.404259  1.43855 	Dead: 0
1.73127   0.0998824   0.50705   1.43855 	Dead: 0
1.74595   0.106013    0.538173  1.43855 	Dead: 0
1.80632   0.120372    0.611065  1.43855 	Dead: 0
1.74977   0.0855071   0.434074  1.43855 	Dead: 0
1.75001   0.0997385   0.506319  1.43855 	Dead: 0
1.66285   0.0609962   0.309645  1.43855 	Dead: 0
1.75      0.0905495   0.459672  1.43855 	Dead: 0
