12.2105   0.127601    0.647763  10.6892 	Dead: 0
7.89427   0.0644967   0.327415  7.13333 	Dead: 0
5.41546   0.0841865   0.42737   4.4534  	Dead: 0
3.48704   0.0451715   0.229312  3.06282 	Dead: 0
3.08401   0.103488    0.525351  2.51112 	Dead: 0
2.58322   0.0889895   0.451752  2.25426 	Dead: 0
2.39954   0.0573315   0.291042  2.10821 	Dead: 0
2.34018   0.0591445   0.300245  2.05152 	Dead: 0
2.31354   0.0738113   0.374701  2.05152 	Dead: 0
2.28184   0.0808986   0.410679  2.01909 	Dead: 0
2.22216   0.058158    0.295237  1.97348 	Dead: 0
2.25681   0.0764622   0.388158  1.93887 	Dead: 0
2.20591   0.0727186   0.369153  1.93304 	Dead: 0
2.15668   0.0494825   0.251196  1.93304 	Dead: 0
2.21602   0.0817689   0.415097  1.93304 	Dead: 0
2.20827   0.0791792   0.40195   1.92938 	Dead: 0
2.14757   0.0664871   0.33752   1.89133 	Dead: 0
2.20146   0.0808631   0.410499  1.89133 	Dead: 0
2.09411   0.0401349   0.203743  1.86031 	Dead: 0
2.08499   0.0542258   0.275275  1.86031 	Dead: 0
2.09836   0.0723899   0.367485  1.81153 	Dead: 0
2.11233   0.0852984   0.433015  1.81153 	Dead: 0
2.02754   0.0453376   0.230155  1.7997  	Dead: 0
2.07438   0.0832366   0.422548  1.7997  	Dead: 0
2.0483    0.0704388   0.35758   1.76992 	Dead: 0
2.03196   0.0614527   0.311963  1.76992 	Dead: 0
2.02715   0.0576748   0.292784  1.76992 	Dead: 0
2.05483   0.0778177   0.395039  1.70918 	Dead: 0
2.05252   0.0915478   0.464739  1.70918 	Dead: 0
2.02571   0.0811581   0.411996  1.70918 	Dead: 0
1.99898   0.0798632   0.405423  1.70918 	Dead: 0
1.98815   0.100866    0.51204   1.67563 	Dead: 0
1.95212   0.0774111   0.392975  1.67563 	Dead: 0
1.96385   0.0683958   0.347209  1.67563 	Dead: 0
1.9773    0.102718    0.521443  1.67563 	Dead: 0
1.91578   0.0708507   0.359671  1.65056 	Dead: 0
1.91594   0.0792221   0.402168  1.62922 	Dead: 0
1.92528   0.0859612   0.436379  1.62922 	Dead: 0
1.90658   0.0673653   0.341978  1.57718 	Dead: 0
1.91119   0.102946    0.5226    1.57718 	Dead: 0
1.89849   0.0712868   0.361885  1.57718 	Dead: 0
1.87059   0.0748044   0.379742  1.57718 	Dead: 0
1.87764   0.0729717   0.370438  1.57718 	Dead: 0
1.83846   0.061248    0.310923  1.57718 	Dead: 0
1.86724   0.0775398   0.393628  1.57718 	Dead: 0
1.84842   0.0730532   0.370852  1.57718 	Dead: 0
1.86071   0.0813288   0.412863  1.57215 	Dead: 0
1.95808   0.111076    0.563872  1.57215 	Dead: 0
1.85817   0.0712069   0.36148   1.57215 	Dead: 0
1.8875    0.0954523   0.48456   1.57215 	Dead: 0
1.89594   0.0900169   0.456968  1.57215 	Dead: 0
1.87609   0.0927245   0.470713  1.57215 	Dead: 0
1.82516   0.0849789   0.431393  1.57215 	Dead: 0
1.8867    0.0958583   0.486622  1.5507  	Dead: 0
1.80576   0.0592582   0.300822  1.5507  	Dead: 0
1.85197   0.0964796   0.489776  1.53726 	Dead: 0
1.8233    0.0738239   0.374764  1.53726 	Dead: 0
1.85424   0.0766212   0.388965  1.53726 	Dead: 0
1.90131   0.109356    0.555144  1.53726 	Dead: 0
1.82438   0.0809386   0.410882  1.53726 	Dead: 0
1.9214    0.118705    0.6026    1.53726 	Dead: 0
1.78554   0.0588556   0.298779  1.53726 	Dead: 0
1.77032   0.0631186   0.320419  1.52412 	Dead: 0
1.83391   0.0932277   0.473267  1.49309 	Dead: 0
1.83624   0.097947    0.497225  1.49309 	Dead: 0
1.77065   0.0555439   0.281967  1.49309 	Dead: 0
1.86807   0.112388    0.570533  1.49309 	Dead: 0
1.8172    0.100445    0.509907  1.49309 	Dead: 0
1.78133   0.0701485   0.356107  1.49309 	Dead: 0
1.76401   0.0694769   0.352697  1.49309 	Dead: 0
1.79004   0.0782998   0.397486  1.49309 	Dead: 0
1.84521   0.108711    0.551869  1.49309 	Dead: 0
1.77304   0.0707521   0.359171  1.49164 	Dead: 0
1.79797   0.067684    0.343595  1.49164 	Dead: 0
1.91219   0.127786    0.648701  1.49164 	Dead: 0
1.79631   0.0766006   0.38886   1.48879 	Dead: 0
1.83142   0.0892002   0.452822  1.48879 	Dead: 0
1.76186   0.0826567   0.419604  1.48879 	Dead: 0
1.81479   0.091326    0.463613  1.47167 	Dead: 0
1.76183   0.0725756   0.368428  1.47167 	Dead: 0
1.77642   0.0840494   0.426674  1.47167 	Dead: 0
1.74442   0.0840088   0.426468  1.47167 	Dead: 0
1.80272   0.104319    0.529574  1.4611  	Dead: 0
1.77738   0.0781724   0.39684   1.4611  	Dead: 0
1.77903   0.0946621   0.480549  1.43429 	Dead: 0
1.76702   0.101312    0.514307  1.43429 	Dead: 0
1.68656   0.0635265   0.32249   1.43429 	Dead: 0
1.72942   0.0686058   0.348275  1.43429 	Dead: 0
1.71476   0.0839972   0.426409  1.43429 	Dead: 0
1.73151   0.0782039   0.397     1.43429 	Dead: 0
1.69507   0.0671921   0.341099  1.42465 	Dead: 0
1.65212   0.0585047   0.296997  1.42465 	Dead: 0
1.74635   0.0881016   0.447245  1.42465 	Dead: 0
1.71038   0.0988618   0.501869  1.42465 	Dead: 0
1.68228   0.0747505   0.379469  1.42267 	Dead: 0
1.70133   0.0766867   0.389298  1.41592 	Dead: 0
1.69247   0.100196    0.508641  1.41592 	Dead: 0
1.68912   0.0787043   0.39954   1.41592 	Dead: 0
1.75572   0.103901    0.527448  1.41592 	Dead: 0
1.78574   0.108677    0.551694  1.41592 	Dead: 0
1.67569   0.0785728   0.398872  1.41592 	Dead: 0
