12.0716   0.16819     0.853809  9.93722 	Dead: 0
6.67793   0.0600563   0.304874  5.70628 	Dead: 0
5.37754   0.0736398   0.37383   4.60294 	Dead: 0
3.88431   0.0432514   0.219564  3.40061 	Dead: 0
3.50008   0.0697461   0.354064  3.15922 	Dead: 0
3.16693   0.0802545   0.407409  2.73207 	Dead: 0
2.75412   0.0688039   0.349281  2.42319 	Dead: 0
2.5426    0.0584032   0.296482  2.2484  	Dead: 0
2.43759   0.0670572   0.340414  2.15138 	Dead: 0
2.37761   0.0686846   0.348675  2.10502 	Dead: 0
2.31033   0.0836727   0.424762  2.00014 	Dead: 0
2.23503   0.073975    0.375531  1.93862 	Dead: 0
2.18426   0.053244    0.270291  1.92182 	Dead: 0
2.19554   0.0887053   0.450309  1.90703 	Dead: 0
2.22496   0.0932633   0.473448  1.89016 	Dead: 0
2.16353   0.0633687   0.321689  1.89016 	Dead: 0
2.14072   0.0722114   0.366579  1.89016 	Dead: 0
2.16087   0.0804968   0.408639  1.84947 	Dead: 0
2.14594   0.0557247   0.282885  1.84947 	Dead: 0
2.16681   0.0707772   0.359298  1.84947 	Dead: 0
2.11176   0.0604717   0.306983  1.84567 	Dead: 0
2.18423   0.0954537   0.484567  1.84567 	Dead: 0
2.09555   0.0532156   0.270147  1.81607 	Dead: 0
2.13498   0.0766155   0.388936  1.81607 	Dead: 0
2.14634   0.0969724   0.492277  1.81607 	Dead: 0
2.18486   0.112587    0.571542  1.81607 	Dead: 0
2.06566   0.0539523   0.273887  1.8104  	Dead: 0
2.12325   0.0911248   0.462592  1.8104  	Dead: 0
2.11654   0.0782209   0.397086  1.8104  	Dead: 0
2.13019   0.0790678   0.401385  1.8104  	Dead: 0
2.11323   0.0655512   0.332769  1.8104  	Dead: 0
2.08404   0.0690277   0.350417  1.8104  	Dead: 0
2.08672   0.0772879   0.392349  1.8104  	Dead: 0
2.08261   0.0737566   0.374423  1.8104  	Dead: 0
2.07195   0.0685389   0.347936  1.80779 	Dead: 0
2.04011   0.0528112   0.268094  1.80779 	Dead: 0
2.04624   0.0540154   0.274208  1.80772 	Dead: 0
2.07571   0.0699666   0.355183  1.80772 	Dead: 0
2.06182   0.0721678   0.366357  1.79372 	Dead: 0
2.08451   0.0764523   0.388107  1.79372 	Dead: 0
2.04791   0.0660934   0.335521  1.79372 	Dead: 0
2.02515   0.047628    0.241782  1.79372 	Dead: 0
2.06741   0.0988636   0.501878  1.79372 	Dead: 0
2.0336    0.081281    0.41262   1.75162 	Dead: 0
2.05104   0.082366    0.418128  1.75162 	Dead: 0
2.04791   0.0823802   0.4182    1.75162 	Dead: 0
2.01655   0.0570172   0.289446  1.75162 	Dead: 0
1.99768   0.071859    0.36479   1.71786 	Dead: 0
2.03696   0.086553    0.439383  1.71786 	Dead: 0
2.03926   0.100612    0.510752  1.71786 	Dead: 0
1.98992   0.0519763   0.263856  1.71786 	Dead: 0
2.0141    0.0935082   0.474691  1.71524 	Dead: 0
1.99239   0.0688722   0.349628  1.71524 	Dead: 0
1.97073   0.0536018   0.272108  1.71524 	Dead: 0
2.08485   0.115084    0.58422   1.71524 	Dead: 0
2.08367   0.123338    0.626121  1.71524 	Dead: 0
1.96103   0.0863807   0.438509  1.68368 	Dead: 0
1.99286   0.0848062   0.430516  1.68368 	Dead: 0
1.98974   0.0935011   0.474655  1.68368 	Dead: 0
1.9965    0.0995477   0.505351  1.68368 	Dead: 0
1.98936   0.0946887   0.480684  1.64198 	Dead: 0
1.96845   0.0946357   0.480415  1.64198 	Dead: 0
1.95571   0.0852155   0.432593  1.64198 	Dead: 0
2.01026   0.103112    0.523444  1.64198 	Dead: 0
1.96254   0.0965059   0.489909  1.64198 	Dead: 0
1.93251   0.0776607   0.394242  1.62478 	Dead: 0
1.92097   0.0814562   0.41351   1.62478 	Dead: 0
2.02387   0.109703    0.556904  1.61978 	Dead: 0
1.98582   0.0974165   0.494532  1.61978 	Dead: 0
1.98155   0.119025    0.604225  1.61978 	Dead: 0
1.97606   0.117099    0.594449  1.61978 	Dead: 0
1.91608   0.0742373   0.376863  1.61978 	Dead: 0
1.97047   0.106967    0.543015  1.61978 	Dead: 0
1.88477   0.0795232   0.403697  1.61978 	Dead: 0
1.90185   0.0956187   0.485405  1.61978 	Dead: 0
1.92088   0.0979032   0.497002  1.61978 	Dead: 0
1.84971   0.0471188   0.239197  1.61978 	Dead: 0
1.91701   0.0829246   0.420964  1.61978 	Dead: 0
1.94648   0.120288    0.610638  1.61978 	Dead: 0
1.91103   0.0741878   0.376612  1.61978 	Dead: 0
1.91052   0.0917936   0.465987  1.5772  	Dead: 0
1.8962    0.109011    0.553391  1.5772  	Dead: 0
1.88463   0.0875984   0.44469   1.5772  	Dead: 0
1.86122   0.0657757   0.333908  1.5772  	Dead: 0
1.96451   0.138514    0.703161  1.5772  	Dead: 0
1.88742   0.106688    0.541598  1.5772  	Dead: 0
1.87963   0.122982    0.624315  1.51817 	Dead: 0
1.91555   0.114141    0.579434  1.51817 	Dead: 0
1.84062   0.0982664   0.498846  1.51817 	Dead: 0
1.80108   0.0942028   0.478218  1.51817 	Dead: 0
1.8032    0.0765227   0.388465  1.5177  	Dead: 0
1.89505   0.135289    0.686789  1.5177  	Dead: 0
1.83969   0.0912762   0.463361  1.5177  	Dead: 0
1.81643   0.101202    0.513746  1.5177  	Dead: 0
1.83504   0.1039      0.527446  1.48737 	Dead: 0
1.86949   0.111979    0.568458  1.48737 	Dead: 0
1.71454   0.0546103   0.277228  1.48737 	Dead: 0
1.69971   0.0388086   0.197011  1.48737 	Dead: 0
1.78416   0.0766082   0.388899  1.48737 	Dead: 0
1.73507   0.0590429   0.299729  1.48737 	Dead: 0
1.80494   0.10977     0.557242  1.48737 	Dead: 0
