15.7759   0.0698142   0.354409  14.8211 	Dead: 0
12.9048   0.0365227   0.185406  12.531  	Dead: 0
12.2704   0.0428712   0.217634  11.9128 	Dead: 0
11.4018   0.0434521   0.220583  10.6903 	Dead: 0
10.2244   0.0559487   0.284022  9.44306 	Dead: 0
9.67863   0.0744616   0.378002  9.02804 	Dead: 0
8.59128   0.117406    0.596008  7.54136 	Dead: 0
7.02742   0.136594    0.693417  5.90614 	Dead: 0
5.91351   0.163883    0.831946  4.69243 	Dead: 0
5.48499   0.183368    0.93086   4.30964 	Dead: 0
4.76984   0.169762    0.86179   3.55338 	Dead: 0
4.57084   0.163946    0.832265  3.55338 	Dead: 0
4.34941   0.146066    0.741501  3.54988 	Dead: 0
3.57569   0.181694    0.922366  2.68056 	Dead: 0
3.12599   0.177067    0.898874  2.50434 	Dead: 0
3.08855   0.239513    1.21588   2.45084 	Dead: 0
3.00679   0.212797    1.08026   2.31408 	Dead: 0
2.91529   0.185268    0.940506  2.16472 	Dead: 0
2.93356   0.209359    1.06281   2.16472 	Dead: 0
2.87605   0.204522    1.03825   2.16472 	Dead: 0
2.77136   0.147448    0.748514  2.16472 	Dead: 0
2.7942    0.188171    0.955244  2.16472 	Dead: 0
2.85542   0.229688    1.16601   2.16472 	Dead: 0
2.83424   0.204895    1.04014   2.16472 	Dead: 0
2.83422   0.218901    1.11124   2.16472 	Dead: 0
2.71911   0.21387     1.0857    2.13154 	Dead: 0
2.78618   0.218398    1.10869   2.06051 	Dead: 0
2.8236    0.274022    1.39107   2.0183  	Dead: 0
2.58119   0.168535    0.855562  2.0183  	Dead: 0
2.48845   0.150875    0.765913  2.0183  	Dead: 0
2.69678   0.218448    1.10895   2.0183  	Dead: 0
2.4458    0.162506    0.824957  2.0183  	Dead: 0
2.52163   0.176368    0.895327  1.97745 	Dead: 0
2.59669   0.257979    1.30962   1.93739 	Dead: 0
2.4562    0.173833    0.882456  1.89965 	Dead: 0
2.49751   0.205756    1.04451   1.84952 	Dead: 0
2.32639   0.155686    0.790336  1.84952 	Dead: 0
2.58611   0.266449    1.35262   1.84952 	Dead: 0
2.4141    0.190668    0.967918  1.84952 	Dead: 0
2.4082    0.233586    1.18579   1.84952 	Dead: 0
2.33401   0.178722    0.907275  1.76555 	Dead: 0
2.41298   0.22137     1.12377   1.76555 	Dead: 0
2.52336   0.235055    1.19325   1.76555 	Dead: 0
2.30004   0.167323    0.849407  1.76555 	Dead: 0
2.45388   0.231855    1.17701   1.76555 	Dead: 0
2.21185   0.171037    0.868264  1.76555 	Dead: 0
2.44031   0.210578    1.06899   1.76555 	Dead: 0
2.38986   0.192909    0.979294  1.76555 	Dead: 0
2.35251   0.189491    0.961946  1.76555 	Dead: 0
2.30183   0.185803    0.943222  1.76555 	Dead: 0
2.45861   0.240939    1.22312   1.76555 	Dead: 0
2.39444   0.204561    1.03845   1.76555 	Dead: 0
2.55434   0.253361    1.28618   1.76555 	Dead: 0
2.59155   0.299065    1.51819   1.76555 	Dead: 0
2.32984   0.210603    1.06912   1.76555 	Dead: 0
2.4488    0.232533    1.18045   1.76555 	Dead: 0
2.26811   0.176142    0.894179  1.73203 	Dead: 0
2.47536   0.270943    1.37543   1.73203 	Dead: 0
2.36181   0.204761    1.03946   1.73203 	Dead: 0
2.12923   0.132187    0.671043  1.68606 	Dead: 0
2.4628    0.243264    1.23492   1.68606 	Dead: 0
2.31413   0.215802    1.09551   1.68606 	Dead: 0
2.64969   0.290773    1.4761    1.68606 	Dead: 0
2.30578   0.219837    1.116     1.68606 	Dead: 0
2.3778    0.235083    1.19339   1.68606 	Dead: 0
2.38324   0.237291    1.2046    1.68606 	Dead: 0
2.50773   0.280449    1.42369   1.68606 	Dead: 0
2.63011   0.327189    1.66097   1.68606 	Dead: 0
2.65901   0.310277    1.57511   1.68606 	Dead: 0
2.26741   0.188272    0.955757  1.68606 	Dead: 0
2.5489    0.293226    1.48855   1.68606 	Dead: 0
2.4479    0.269035    1.36575   1.68606 	Dead: 0
2.44483   0.267734    1.35914   1.68606 	Dead: 0
2.30677   0.224457    1.13945   1.68606 	Dead: 0
2.40874   0.253231    1.28552   1.68606 	Dead: 0
2.39717   0.242013    1.22857   1.68606 	Dead: 0
2.44557   0.279025    1.41646   1.68606 	Dead: 0
2.3802    0.242159    1.22931   1.68606 	Dead: 0
2.45113   0.262969    1.33495   1.68606 	Dead: 0
2.20184   0.186671    0.94763   1.68606 	Dead: 0
2.59515   0.305641    1.55158   1.68606 	Dead: 0
2.19863   0.152712    0.775239  1.68606 	Dead: 0
2.33616   0.255768    1.2984    1.68606 	Dead: 0
2.18781   0.190014    0.964599  1.68606 	Dead: 0
2.33571   0.219846    1.11604   1.68606 	Dead: 0
2.26218   0.184371    0.935954  1.68606 	Dead: 0
2.3703    0.242829    1.23272   1.68606 	Dead: 0
2.25592   0.205783    1.04465   1.68606 	Dead: 0
2.45932   0.263867    1.33951   1.68606 	Dead: 0
2.47699   0.249431    1.26623   1.68319 	Dead: 0
2.55523   0.336372    1.70758   1.68319 	Dead: 0
2.51665   0.299216    1.51896   1.68319 	Dead: 0
2.30298   0.211209    1.07219   1.68319 	Dead: 0
2.47528   0.274613    1.39407   1.68319 	Dead: 0
2.31188   0.236131    1.19871   1.68319 	Dead: 0
2.44956   0.262249    1.3313    1.68319 	Dead: 0
2.61472   0.317964    1.61413   1.61781 	Dead: 0
2.3011    0.230093    1.16806   1.61781 	Dead: 0
2.4193    0.279344    1.41808   1.61781 	Dead: 0
2.27548   0.21866     1.11002   1.61781 	Dead: 0
2.1698    0.171753    0.871899  1.61781 	Dead: 0
