4.69205   0.119815    0.608234  3.66262 	Dead: 0
3.45972   0.0474108   0.240679  3.00293 	Dead: 0
3.2728    0.0487489   0.247472  2.90017 	Dead: 0
3.24117   0.0486028   0.24673   2.79024 	Dead: 0
3.17401   0.0462341   0.234706  2.79024 	Dead: 0
3.08336   0.0497786   0.252699  2.6957  	Dead: 0
3.04176   0.0415593   0.210974  2.6957  	Dead: 0
3.03542   0.0458687   0.232851  2.67344 	Dead: 0
3.03043   0.0443224   0.225001  2.62215 	Dead: 0
2.98937   0.039906    0.202581  2.62215 	Dead: 0
3.0004    0.047731    0.242305  2.59287 	Dead: 0
2.98931   0.047349    0.240366  2.57671 	Dead: 0
2.94845   0.0430988   0.21879   2.57671 	Dead: 0
2.89903   0.0390697   0.198336  2.57671 	Dead: 0
2.94136   0.0480131   0.243737  2.57671 	Dead: 0
2.90323   0.0417887   0.212139  2.56641 	Dead: 0
2.91113   0.0491145   0.249328  2.55552 	Dead: 0
2.90564   0.0448222   0.227539  2.55552 	Dead: 0
2.91947   0.0529541   0.26882   2.46453 	Dead: 0
2.84895   0.0446166   0.226495  2.46453 	Dead: 0
2.84813   0.0406684   0.206452  2.46453 	Dead: 0
2.84323   0.0443935   0.225362  2.46453 	Dead: 0
2.83137   0.0420105   0.213265  2.46453 	Dead: 0
2.81824   0.0428535   0.217545  2.45269 	Dead: 0
2.82559   0.0451267   0.229084  2.45269 	Dead: 0
2.80832   0.0457112   0.232052  2.45269 	Dead: 0
2.8143    0.0460722   0.233884  2.45269 	Dead: 0
2.81182   0.0442725   0.224748  2.35669 	Dead: 0
2.79246   0.0473615   0.240429  2.35669 	Dead: 0
2.77902   0.0435181   0.220918  2.35669 	Dead: 0
2.78614   0.044232    0.224542  2.35669 	Dead: 0
2.77872   0.0458175   0.232591  2.35669 	Dead: 0
2.75498   0.0412772   0.209542  2.35669 	Dead: 0
2.73682   0.0425661   0.216086  2.35669 	Dead: 0
2.76439   0.0472403   0.239814  2.35669 	Dead: 0
2.74787   0.0453288   0.23011   2.35669 	Dead: 0
2.74012   0.0391509   0.198748  2.35669 	Dead: 0
2.75718   0.0476099   0.24169   2.35669 	Dead: 0
2.7565    0.0429909   0.218242  2.35669 	Dead: 0
2.76014   0.0457688   0.232344  2.35669 	Dead: 0
2.75328   0.0426328   0.216424  2.35669 	Dead: 0
2.7499    0.0455871   0.231421  2.35669 	Dead: 0
2.74568   0.0462816   0.234947  2.35669 	Dead: 0
2.73652   0.0423654   0.215066  2.35669 	Dead: 0
2.71219   0.0404489   0.205337  2.35669 	Dead: 0
2.69847   0.0428153   0.21735   2.35669 	Dead: 0
2.67866   0.0419209   0.21281   2.35669 	Dead: 0
2.67723   0.0396841   0.201455  2.35669 	Dead: 0
2.69031   0.0401429   0.203784  2.35669 	Dead: 0
2.6884    0.0444097   0.225445  2.35669 	Dead: 0
2.64792   0.0404955   0.205574  2.18669 	Dead: 0
2.65854   0.0405292   0.205745  2.18669 	Dead: 0
2.64973   0.0425256   0.21588   2.18669 	Dead: 0
2.62486   0.0430772   0.21868   2.18669 	Dead: 0
2.66357   0.0450575   0.228733  2.18669 	Dead: 0
2.62912   0.0428373   0.217462  2.18669 	Dead: 0
2.63812   0.0423938   0.215211  2.18669 	Dead: 0
2.60218   0.0425005   0.215752  2.18669 	Dead: 0
2.58315   0.0398706   0.202402  2.18669 	Dead: 0
2.5576    0.0414771   0.210557  2.1454  	Dead: 0
2.553     0.0430671   0.218629  2.1454  	Dead: 0
2.54323   0.0406373   0.206294  2.1454  	Dead: 0
2.52458   0.0410101   0.208186  2.1454  	Dead: 0
2.52174   0.0398172   0.202131  2.1454  	Dead: 0
2.52421   0.0428652   0.217604  2.1454  	Dead: 0
2.51903   0.0435286   0.220971  2.1454  	Dead: 0
2.50847   0.0388674   0.197309  2.1454  	Dead: 0
2.48735   0.0375968   0.190859  2.1454  	Dead: 0
2.47425   0.0417131   0.211755  2.1454  	Dead: 0
2.472     0.0450154   0.228519  2.1312  	Dead: 0
2.48663   0.0434873   0.220762  2.1312  	Dead: 0
2.48421   0.0399999   0.203058  2.1312  	Dead: 0
2.49614   0.0445068   0.225937  2.1312  	Dead: 0
2.4936    0.0450987   0.228942  2.1312  	Dead: 0
2.47281   0.0432094   0.219351  2.1312  	Dead: 0
2.46872   0.0383728   0.194798  2.1312  	Dead: 0
2.43951   0.0361501   0.183515  2.1312  	Dead: 0
2.48664   0.043558    0.221121  2.1312  	Dead: 0
2.49117   0.0469247   0.238212  2.1312  	Dead: 0
2.45572   0.0403002   0.204583  2.1312  	Dead: 0
2.45396   0.0391147   0.198565  2.1312  	Dead: 0
2.47299   0.0461842   0.234452  2.1312  	Dead: 0
2.44896   0.0402637   0.204397  2.1312  	Dead: 0
2.4904    0.0436603   0.22164   2.1312  	Dead: 0
2.49516   0.0451501   0.229203  2.1312  	Dead: 0
2.48058   0.0425401   0.215953  2.1312  	Dead: 0
2.46213   0.03808     0.193312  2.1312  	Dead: 0
2.46277   0.0371293   0.188486  2.1312  	Dead: 0
2.4719    0.0416      0.211181  2.1312  	Dead: 0
2.48095   0.0458979   0.232999  2.1312  	Dead: 0
2.43921   0.0347287   0.176299  2.1312  	Dead: 0
2.43137   0.0372691   0.189196  2.1312  	Dead: 0
2.46035   0.0434379   0.220511  2.1312  	Dead: 0
2.426     0.0413904   0.210117  2.1312  	Dead: 0
2.44993   0.0385998   0.19595   2.1312  	Dead: 0
2.43815   0.0417893   0.212142  2.1312  	Dead: 0
2.42807   0.041874    0.212572  2.1312  	Dead: 0
2.43207   0.0440743   0.223742  2.1312  	Dead: 0
2.42058   0.0421745   0.214097  2.06097 	Dead: 0
2.39383   0.0377438   0.191605  2.06097 	Dead: 0
2.38676   0.0438365   0.222535  2.06097 	Dead: 0
