8.63805   0.112041    0.568775  7.08618 	Dead: 0
6.53838   0.0555812   0.282156  5.88381 	Dead: 0
6.02473   0.0514634   0.261252  5.58374 	Dead: 0
5.84109   0.0501307   0.254487  5.37727 	Dead: 0
5.66461   0.0434404   0.220524  5.25516 	Dead: 0
5.58916   0.0469832   0.238509  5.18569 	Dead: 0
5.50566   0.0479442   0.243387  5.10355 	Dead: 0
5.45489   0.0523854   0.265933  5.01256 	Dead: 0
5.42763   0.0533012   0.270582  5.01256 	Dead: 0
5.39664   0.047262    0.239924  5.01256 	Dead: 0
5.37273   0.0443317   0.225049  5.01256 	Dead: 0
5.39768   0.0498251   0.252935  5.01256 	Dead: 0
5.36864   0.0509656   0.258725  5.01256 	Dead: 0
5.35237   0.0490821   0.249164  4.94336 	Dead: 0
5.34171   0.052784    0.267956  4.94336 	Dead: 0
5.31854   0.0481712   0.244539  4.94174 	Dead: 0
5.35059   0.0536704   0.272456  4.94174 	Dead: 0
5.34036   0.0504922   0.256322  4.87673 	Dead: 0
5.32637   0.0520233   0.264094  4.87673 	Dead: 0
5.2995    0.046998    0.238584  4.87673 	Dead: 0
5.30513   0.0521798   0.264889  4.87673 	Dead: 0
5.33284   0.0569257   0.288981  4.87673 	Dead: 0
5.34331   0.0562521   0.285562  4.87673 	Dead: 0
5.28573   0.057271    0.290734  4.87673 	Dead: 0
5.28609   0.0496373   0.251982  4.8621  	Dead: 0
5.26935   0.0484101   0.245752  4.85204 	Dead: 0
5.27034   0.0509917   0.258857  4.85204 	Dead: 0
5.27794   0.0529153   0.268623  4.83585 	Dead: 0
5.33798   0.0664568   0.337366  4.83585 	Dead: 0
5.28178   0.0527384   0.267724  4.83585 	Dead: 0
5.26434   0.0552293   0.28037   4.72154 	Dead: 0
5.29388   0.0655563   0.332794  4.72154 	Dead: 0
5.27012   0.0578026   0.293433  4.72154 	Dead: 0
5.27146   0.0540775   0.274523  4.72154 	Dead: 0
5.28459   0.0542767   0.275534  4.72154 	Dead: 0
5.23616   0.0611188   0.310268  4.72154 	Dead: 0
5.23758   0.0535522   0.271856  4.72154 	Dead: 0
5.25755   0.0681346   0.345883  4.72154 	Dead: 0
5.21077   0.0516722   0.262312  4.72154 	Dead: 0
5.23671   0.0584956   0.296951  4.72154 	Dead: 0
5.22212   0.0503727   0.255715  4.72154 	Dead: 0
5.25564   0.0702738   0.356743  4.72154 	Dead: 0
5.22552   0.0565747   0.287199  4.72154 	Dead: 0
5.21066   0.0583791   0.296359  4.72154 	Dead: 0
5.22657   0.0549543   0.278974  4.72154 	Dead: 0
5.19279   0.0490058   0.248776  4.72154 	Dead: 0
5.19337   0.0504977   0.25635   4.72154 	Dead: 0
5.24332   0.0725644   0.368371  4.72154 	Dead: 0
5.19774   0.0539673   0.273963  4.72154 	Dead: 0
5.20876   0.0534764   0.271471  4.72154 	Dead: 0
5.22379   0.05259     0.266971  4.72154 	Dead: 0
5.2573    0.0608104   0.308702  4.72154 	Dead: 0
5.20415   0.0558312   0.283425  4.72154 	Dead: 0
5.21266   0.0511512   0.259667  4.72154 	Dead: 0
5.2274    0.0601669   0.305435  4.72154 	Dead: 0
5.18218   0.0522224   0.265105  4.72154 	Dead: 0
5.20571   0.0575725   0.292265  4.72154 	Dead: 0
5.19696   0.0554427   0.281453  4.72154 	Dead: 0
5.17047   0.0535634   0.271913  4.72154 	Dead: 0
5.21798   0.0673891   0.342099  4.72154 	Dead: 0
5.17788   0.0624312   0.31693   4.72154 	Dead: 0
5.13294   0.0476805   0.242048  4.72154 	Dead: 0
5.17905   0.0611072   0.310209  4.72154 	Dead: 0
5.1732    0.0558568   0.283555  4.72154 	Dead: 0
5.17194   0.0545049   0.276692  4.72154 	Dead: 0
5.11559   0.0500174   0.253912  4.72154 	Dead: 0
5.13264   0.0564818   0.286728  4.6512  	Dead: 0
5.10997   0.0544993   0.276664  4.6512  	Dead: 0
5.04902   0.0562985   0.285797  4.6512  	Dead: 0
5.08785   0.0592556   0.300809  4.61309 	Dead: 0
5.04916   0.0476556   0.241922  4.61309 	Dead: 0
5.07764   0.0521166   0.264568  4.61309 	Dead: 0
5.09494   0.0616408   0.312918  4.61309 	Dead: 0
5.05766   0.0524275   0.266146  4.61309 	Dead: 0
5.04289   0.050522    0.256473  4.61309 	Dead: 0
5.01684   0.0499532   0.253586  4.61309 	Dead: 0
5.05644   0.0610989   0.310167  4.61309 	Dead: 0
5.00937   0.0585783   0.297371  4.61309 	Dead: 0
5.01479   0.0507273   0.257515  4.58439 	Dead: 0
5.00662   0.0567286   0.287981  4.58439 	Dead: 0
4.99697   0.0561949   0.285272  4.58439 	Dead: 0
4.96517   0.0520458   0.264209  4.58439 	Dead: 0
4.95947   0.052744    0.267753  4.58439 	Dead: 0
4.9949    0.0637812   0.323783  4.5813  	Dead: 0
4.95334   0.05224     0.265195  4.50965 	Dead: 0
4.94218   0.0486106   0.24677   4.50965 	Dead: 0
4.96176   0.0568915   0.288808  4.50965 	Dead: 0
4.96022   0.0577485   0.293158  4.41548 	Dead: 0
4.90041   0.0488109   0.247787  4.41548 	Dead: 0
4.8901    0.0510543   0.259175  4.41548 	Dead: 0
4.90772   0.0614596   0.311997  4.41548 	Dead: 0
4.8954    0.0661319   0.335716  4.41548 	Dead: 0
4.88127   0.0683331   0.346891  4.41548 	Dead: 0
4.8434    0.051102    0.259417  4.41548 	Dead: 0
4.86853   0.0558776   0.283661  4.41548 	Dead: 0
4.8643    0.0557243   0.282882  4.41548 	Dead: 0
4.86691   0.054972    0.279064  4.3352  	Dead: 0
4.84306   0.0678712   0.344546  4.3352  	Dead: 0
4.88755   0.0722349   0.366698  4.3352  	Dead: 0
4.86594   0.0784181   0.398087  4.3352  	Dead: 0
4.83205   0.0515893   0.261891  4.3352  	Dead: 0
