8.7004    0.11105     0.56374   7.56666 	Dead: 0
6.82982   0.0469238   0.238207  6.31131 	Dead: 0
6.29732   0.0391144   0.198563  5.95935 	Dead: 0
6.01984   0.0399612   0.202862  5.62742 	Dead: 0
5.96547   0.0520427   0.264193  5.50842 	Dead: 0
5.91998   0.0614485   0.311941  5.50842 	Dead: 0
5.84043   0.0488201   0.247833  5.50842 	Dead: 0
5.77756   0.0428662   0.217609  5.41284 	Dead: 0
5.70332   0.0491714   0.249617  5.24187 	Dead: 0
5.6134    0.0433514   0.220072  5.13982 	Dead: 0
5.57373   0.0513611   0.260733  5.13982 	Dead: 0
5.5625    0.0483138   0.245263  5.13982 	Dead: 0
5.53614   0.050008    0.253864  5.13982 	Dead: 0
5.47927   0.0467216   0.237181  5.13982 	Dead: 0
5.47517   0.0498429   0.253026  5.10551 	Dead: 0
5.45818   0.0482852   0.245118  5.10551 	Dead: 0
5.43699   0.0561849   0.285221  5.04859 	Dead: 0
5.36041   0.044597    0.226395  5.03517 	Dead: 0
5.3207    0.0423722   0.215101  4.92014 	Dead: 0
5.34063   0.0586429   0.297699  4.88842 	Dead: 0
5.34519   0.0531278   0.269701  4.88842 	Dead: 0
5.2658    0.0426235   0.216377  4.88842 	Dead: 0
5.29367   0.0611996   0.310678  4.88842 	Dead: 0
5.2568    0.0571469   0.290104  4.74754 	Dead: 0
5.21057   0.0465955   0.236541  4.74754 	Dead: 0
5.22635   0.0497908   0.252761  4.74754 	Dead: 0
5.21551   0.0514472   0.26117   4.74754 	Dead: 0
5.19696   0.0532026   0.270081  4.71419 	Dead: 0
5.20041   0.0524777   0.266401  4.71419 	Dead: 0
5.19935   0.0522108   0.265046  4.71419 	Dead: 0
5.24428   0.0550047   0.27923   4.71419 	Dead: 0
5.2083    0.0495488   0.251533  4.71419 	Dead: 0
5.21265   0.0524865   0.266446  4.71419 	Dead: 0
5.20563   0.0545161   0.276749  4.71419 	Dead: 0
5.19336   0.0605878   0.307572  4.71419 	Dead: 0
5.23672   0.0631614   0.320637  4.71419 	Dead: 0
5.23149   0.0622287   0.315902  4.71419 	Dead: 0
5.19779   0.0539042   0.273643  4.71419 	Dead: 0
5.21179   0.0592027   0.30054   4.71419 	Dead: 0
5.17339   0.0496036   0.251811  4.71419 	Dead: 0
5.15164   0.0510102   0.258952  4.71419 	Dead: 0
5.18266   0.0571642   0.290192  4.71419 	Dead: 0
5.17233   0.0551656   0.280046  4.71419 	Dead: 0
5.1609    0.0583467   0.296195  4.71419 	Dead: 0
5.1889    0.0523056   0.265527  4.71419 	Dead: 0
5.20295   0.0551989   0.280215  4.71419 	Dead: 0
5.18136   0.0599303   0.304234  4.71419 	Dead: 0
5.16606   0.0564992   0.286816  4.71419 	Dead: 0
5.21244   0.0755717   0.383637  4.71419 	Dead: 0
5.1699    0.057382    0.291298  4.71419 	Dead: 0
5.16497   0.0584025   0.296478  4.71419 	Dead: 0
5.16426   0.0524555   0.266288  4.68641 	Dead: 0
5.21611   0.0791699   0.401904  4.68641 	Dead: 0
5.15793   0.0553721   0.281094  4.68641 	Dead: 0
5.1292    0.0543933   0.276126  4.68641 	Dead: 0
5.12115   0.0519958   0.263955  4.68641 	Dead: 0
5.1392    0.0499707   0.253675  4.68641 	Dead: 0
5.145     0.0501965   0.254821  4.68641 	Dead: 0
5.13476   0.0519795   0.263872  4.68641 	Dead: 0
5.15573   0.05507     0.279561  4.68641 	Dead: 0
5.14225   0.0583008   0.295962  4.68641 	Dead: 0
5.13665   0.0538557   0.273397  4.6731  	Dead: 0
5.10013   0.0550901   0.279663  4.66169 	Dead: 0
5.0953    0.0551507   0.279971  4.66169 	Dead: 0
5.10057   0.056384    0.286232  4.66169 	Dead: 0
5.12022   0.0575758   0.292282  4.66169 	Dead: 0
5.11383   0.0542171   0.275231  4.66169 	Dead: 0
5.11019   0.0614385   0.311891  4.66169 	Dead: 0
5.07597   0.0500795   0.254227  4.64277 	Dead: 0
5.13121   0.0639387   0.324583  4.64277 	Dead: 0
5.11542   0.0611426   0.310388  4.64277 	Dead: 0
5.14514   0.0608896   0.309104  4.64277 	Dead: 0
5.09071   0.0567999   0.288343  4.64277 	Dead: 0
5.11499   0.0558467   0.283504  4.64277 	Dead: 0
5.08779   0.0556797   0.282656  4.64277 	Dead: 0
5.08852   0.0488171   0.247819  4.64277 	Dead: 0
5.09407   0.0545732   0.277039  4.64277 	Dead: 0
5.11375   0.0584133   0.296533  4.64277 	Dead: 0
5.08405   0.0535358   0.271773  4.64277 	Dead: 0
5.06742   0.06218     0.315655  4.64277 	Dead: 0
5.08025   0.0542586   0.275442  4.64277 	Dead: 0
5.09116   0.0545038   0.276687  4.60244 	Dead: 0
5.09939   0.0561894   0.285244  4.60244 	Dead: 0
5.09844   0.0631589   0.320624  4.60244 	Dead: 0
5.09863   0.0526493   0.267272  4.60244 	Dead: 0
5.06965   0.0517541   0.262728  4.60244 	Dead: 0
5.04884   0.0483625   0.245511  4.60244 	Dead: 0
5.08948   0.0601215   0.305205  4.60244 	Dead: 0
5.08045   0.0566346   0.287504  4.60244 	Dead: 0
5.07481   0.0574343   0.291563  4.60244 	Dead: 0
5.07007   0.0542646   0.275472  4.60244 	Dead: 0
5.04375   0.0503133   0.255414  4.60244 	Dead: 0
5.0665    0.0566109   0.287384  4.60244 	Dead: 0
5.02076   0.0477572   0.242438  4.60244 	Dead: 0
5.07888   0.0577437   0.293134  4.60244 	Dead: 0
5.09934   0.0564505   0.286569  4.60244 	Dead: 0
5.08193   0.0564442   0.286537  4.60244 	Dead: 0
5.05185   0.0535042   0.271613  4.52572 	Dead: 0
5.09421   0.0604861   0.307056  4.52572 	Dead: 0
5.06654   0.0553126   0.280792  4.52572 	Dead: 0
5.05418   0.0551878   0.280159  4.52572 	Dead: 0
