9.57212   0.11768     0.597399  8.48533 	Dead: 0
6.53198   0.0669978   0.340112  5.78495 	Dead: 0
4.65484   0.0446507   0.226668  4.07605 	Dead: 0
3.75521   0.0516238   0.262067  3.24644 	Dead: 0
3.62917   0.0750387   0.380931  3.17459 	Dead: 0
3.49174   0.0841689   0.427281  3.11893 	Dead: 0
3.42535   0.0743957   0.377667  3.06996 	Dead: 0
3.32919   0.0933727   0.474004  2.8486  	Dead: 0
3.2423    0.0825988   0.41931   2.84746 	Dead: 0
3.19877   0.0650568   0.330259  2.84711 	Dead: 0
3.22277   0.0727402   0.369263  2.80051 	Dead: 0
3.16485   0.0610959   0.310151  2.7606  	Dead: 0
3.12295   0.0614013   0.311702  2.7606  	Dead: 0
3.08603   0.0608773   0.309042  2.7606  	Dead: 0
3.17359   0.102724    0.521473  2.71544 	Dead: 0
3.0732    0.0850789   0.4319    2.62596 	Dead: 0
3.03325   0.0866438   0.439844  2.62596 	Dead: 0
3.05176   0.0936635   0.47548   2.62596 	Dead: 0
3.08808   0.117221    0.595066  2.62596 	Dead: 0
2.95267   0.0680705   0.345558  2.62596 	Dead: 0
2.95153   0.0641053   0.325428  2.62596 	Dead: 0
2.98916   0.0645632   0.327753  2.62596 	Dead: 0
3.0289    0.0908473   0.461183  2.61949 	Dead: 0
2.97427   0.0744253   0.377818  2.61949 	Dead: 0
2.97017   0.0632822   0.32125   2.5996  	Dead: 0
2.99459   0.0899376   0.456565  2.58077 	Dead: 0
2.98569   0.0811097   0.411751  2.58077 	Dead: 0
3.02959   0.0920362   0.467219  2.58077 	Dead: 0
2.99495   0.0913223   0.463595  2.58077 	Dead: 0
3.04565   0.106106    0.538642  2.58077 	Dead: 0
2.99416   0.0891993   0.452817  2.58077 	Dead: 0
2.99731   0.0964762   0.489758  2.58077 	Dead: 0
2.99011   0.09664     0.49059   2.58077 	Dead: 0
3.03971   0.104982    0.532938  2.58077 	Dead: 0
3.04324   0.10368     0.52633   2.58077 	Dead: 0
2.92328   0.0740127   0.375723  2.58077 	Dead: 0
2.92069   0.0627723   0.318661  2.58077 	Dead: 0
3.03035   0.119844    0.608386  2.58077 	Dead: 0
2.9629    0.0952546   0.483557  2.57578 	Dead: 0
2.999     0.114182    0.579641  2.52526 	Dead: 0
2.99515   0.104991    0.532982  2.52526 	Dead: 0
2.95286   0.091272    0.463339  2.52526 	Dead: 0
2.89626   0.072845    0.369795  2.52526 	Dead: 0
2.9906    0.112932    0.573298  2.52526 	Dead: 0
2.94121   0.0812728   0.412579  2.52526 	Dead: 0
3.00387   0.109539    0.556073  2.52526 	Dead: 0
2.97709   0.114925    0.583412  2.44061 	Dead: 0
2.90225   0.0613072   0.311224  2.44061 	Dead: 0
2.97214   0.0919992   0.467031  2.44061 	Dead: 0
2.95235   0.0933359   0.473816  2.44061 	Dead: 0
2.99672   0.129991    0.659895  2.44061 	Dead: 0
2.93698   0.0843528   0.428214  2.44061 	Dead: 0
3.02065   0.114354    0.580515  2.44061 	Dead: 0
2.9775    0.118755    0.602853  2.44061 	Dead: 0
2.90515   0.0726602   0.368857  2.44061 	Dead: 0
2.94936   0.0974268   0.494584  2.44061 	Dead: 0
2.94033   0.10649     0.540593  2.44061 	Dead: 0
2.8725    0.0658204   0.334135  2.44061 	Dead: 0
2.86689   0.0684609   0.347539  2.44061 	Dead: 0
2.86163   0.0676552   0.343449  2.44061 	Dead: 0
2.95264   0.0960567   0.487628  2.44061 	Dead: 0
2.92712   0.0925072   0.46961   2.44061 	Dead: 0
2.86744   0.0811271   0.411839  2.44061 	Dead: 0
2.9469    0.0974577   0.494741  2.37444 	Dead: 0
2.94276   0.120298    0.610691  2.37444 	Dead: 0
2.88455   0.0804976   0.408643  2.37444 	Dead: 0
2.90674   0.0999528   0.507407  2.37444 	Dead: 0
2.95497   0.116407    0.590934  2.37444 	Dead: 0
2.85064   0.0878124   0.445777  2.37444 	Dead: 0
2.8999    0.0912563   0.46326   2.37444 	Dead: 0
2.84091   0.0615747   0.312582  2.37444 	Dead: 0
2.89707   0.0889546   0.451575  2.37444 	Dead: 0
2.90776   0.094796    0.481229  2.37444 	Dead: 0
2.8922    0.106904    0.542694  2.37444 	Dead: 0
2.86761   0.0973417   0.494152  2.37444 	Dead: 0
2.8545    0.0864571   0.438897  2.37444 	Dead: 0
2.92178   0.103904    0.527465  2.37444 	Dead: 0
2.87132   0.0954898   0.484751  2.37444 	Dead: 0
2.93047   0.120436    0.611387  2.37444 	Dead: 0
2.9065    0.12276     0.623186  2.37444 	Dead: 0
2.80803   0.0653586   0.331791  2.37444 	Dead: 0
2.86663   0.100174    0.508528  2.37444 	Dead: 0
2.90018   0.114228    0.579876  2.37444 	Dead: 0
2.88583   0.115274    0.585184  2.37444 	Dead: 0
2.87277   0.106277    0.539513  2.37444 	Dead: 0
3.03124   0.154604    0.784843  2.37444 	Dead: 0
2.83229   0.0732886   0.372047  2.37444 	Dead: 0
2.96671   0.119985    0.609101  2.37444 	Dead: 0
2.96784   0.133681    0.678625  2.37444 	Dead: 0
2.84218   0.0803484   0.407886  2.37444 	Dead: 0
2.80016   0.0888758   0.451175  2.37444 	Dead: 0
2.86632   0.103097    0.523367  2.37444 	Dead: 0
2.90829   0.115881    0.588265  2.37444 	Dead: 0
2.86327   0.0975055   0.494983  2.37444 	Dead: 0
2.88061   0.119237    0.605304  2.37444 	Dead: 0
2.90519   0.102075    0.518182  2.37444 	Dead: 0
2.88655   0.119361    0.605931  2.37444 	Dead: 0
2.85176   0.101368    0.514593  2.37444 	Dead: 0
2.86625   0.0914322   0.464152  2.37444 	Dead: 0
2.86144   0.112046    0.568797  2.37444 	Dead: 0
2.87495   0.116531    0.591564  2.37444 	Dead: 0
