6.17148   0.100758    0.511497  4.93522 	Dead: 0
3.41637   0.0393105   0.199558  2.84874 	Dead: 0
3.0811    0.0343948   0.174604  2.77682 	Dead: 0
2.83094   0.0327121   0.166062  2.56703 	Dead: 0
2.6943    0.0278381   0.141319  2.441   	Dead: 0
2.63156   0.0261222   0.132609  2.43452 	Dead: 0
2.62151   0.0378478   0.192133  2.41629 	Dead: 0
2.57399   0.0263303   0.133665  2.3671  	Dead: 0
2.51815   0.0253632   0.128755  2.28965 	Dead: 0
2.51326   0.0328771   0.166899  2.28965 	Dead: 0
2.52598   0.0356452   0.180952  2.28965 	Dead: 0
2.49224   0.0302873   0.153752  2.28965 	Dead: 0
2.5053    0.0349678   0.177513  2.28965 	Dead: 0
2.51732   0.0404904   0.205548  2.28965 	Dead: 0
2.47207   0.027865    0.141456  2.28965 	Dead: 0
2.49705   0.0361656   0.183593  2.28965 	Dead: 0
2.49662   0.0363377   0.184467  2.24393 	Dead: 0
2.4992    0.0396941   0.201506  2.24393 	Dead: 0
2.47691   0.0326097   0.165542  2.22955 	Dead: 0
2.44828   0.0316758   0.160801  2.22955 	Dead: 0
2.44549   0.0315645   0.160236  2.22955 	Dead: 0
2.42885   0.0305199   0.154933  2.15574 	Dead: 0
2.43385   0.0430057   0.218317  2.15574 	Dead: 0
2.4177    0.0418714   0.212559  2.14915 	Dead: 0
2.38202   0.0360822   0.18317   2.14915 	Dead: 0
2.3493    0.0253636   0.128757  2.14915 	Dead: 0
2.37653   0.0345209   0.175244  2.14915 	Dead: 0
2.35753   0.0342716   0.173979  2.14915 	Dead: 0
2.35159   0.0372509   0.189103  2.14243 	Dead: 0
2.38995   0.0463393   0.23524   2.13568 	Dead: 0
2.34809   0.0327624   0.166317  2.11674 	Dead: 0
2.34547   0.0348228   0.176777  2.11674 	Dead: 0
2.34334   0.0343283   0.174267  2.11674 	Dead: 0
2.33938   0.0376568   0.191163  2.11674 	Dead: 0
2.37292   0.0405556   0.205879  2.11674 	Dead: 0
2.36646   0.0484011   0.245707  2.07785 	Dead: 0
2.33719   0.0324408   0.164685  2.07785 	Dead: 0
2.35301   0.0352059   0.178722  2.07785 	Dead: 0
2.3414    0.033167    0.168371  2.07785 	Dead: 0
2.35582   0.0474628   0.240943  2.07785 	Dead: 0
2.34471   0.037061    0.188139  2.07785 	Dead: 0
2.33712   0.0360299   0.182905  2.07785 	Dead: 0
2.34167   0.0400456   0.20329   2.07785 	Dead: 0
2.32229   0.0344981   0.175128  2.07785 	Dead: 0
2.31291   0.0334976   0.170049  2.07785 	Dead: 0
2.32765   0.040845    0.207348  2.07785 	Dead: 0
2.32126   0.0368594   0.187116  2.07785 	Dead: 0
2.30009   0.0279978   0.14213   2.07785 	Dead: 0
2.33461   0.0416643   0.211507  2.07785 	Dead: 0
2.3083    0.0331341   0.168204  2.07785 	Dead: 0
2.30002   0.0345502   0.175393  2.07785 	Dead: 0
2.3146    0.0415116   0.210732  2.07785 	Dead: 0
2.30285   0.0312093   0.158433  2.07785 	Dead: 0
2.29778   0.0326669   0.165833  2.07785 	Dead: 0
2.30053   0.0371285   0.188482  2.07785 	Dead: 0
2.30834   0.0392905   0.199457  2.07785 	Dead: 0
2.32932   0.0441156   0.223951  2.06987 	Dead: 0
2.29786   0.0363412   0.184485  2.06934 	Dead: 0
2.34069   0.0416354   0.211361  2.06934 	Dead: 0
2.31554   0.0401033   0.203583  2.06934 	Dead: 0
2.28552   0.0372174   0.188933  2.06934 	Dead: 0
2.29998   0.0431325   0.21896   2.06365 	Dead: 0
2.31275   0.0390104   0.198035  2.06365 	Dead: 0
2.31221   0.0500133   0.253891  2.06365 	Dead: 0
2.29906   0.0353655   0.179532  2.06365 	Dead: 0
2.30452   0.0387945   0.196939  2.06365 	Dead: 0
2.29515   0.0383246   0.194553  2.06365 	Dead: 0
2.29766   0.0438978   0.222846  2.04683 	Dead: 0
2.30001   0.0419705   0.213062  2.04683 	Dead: 0
2.30481   0.0426352   0.216436  2.04683 	Dead: 0
2.2907    0.033888    0.172031  2.04683 	Dead: 0
2.29997   0.0425683   0.216097  2.00351 	Dead: 0
2.29334   0.0370744   0.188207  2.00351 	Dead: 0
2.26936   0.0363621   0.184591  2.00351 	Dead: 0
2.28772   0.0370009   0.187834  2.00351 	Dead: 0
2.31853   0.0516652   0.262277  2.00351 	Dead: 0
2.30947   0.0465162   0.236138  2.00351 	Dead: 0
2.28097   0.0336571   0.170859  2.00351 	Dead: 0
2.28105   0.0390094   0.19803   2.00351 	Dead: 0
2.27873   0.0437067   0.221875  2.00351 	Dead: 0
2.32214   0.0453115   0.230022  2.00351 	Dead: 0
2.31404   0.0453872   0.230407  2.00351 	Dead: 0
2.29307   0.0395905   0.20098   2.00351 	Dead: 0
2.30745   0.0398336   0.202214  2.00351 	Dead: 0
2.28134   0.0379219   0.192509  2.00351 	Dead: 0
2.26098   0.0324596   0.16478   2.00351 	Dead: 0
2.26386   0.0364682   0.185129  2.00351 	Dead: 0
2.29267   0.042091    0.213674  2.00351 	Dead: 0
2.2387    0.0256209   0.130063  2.00351 	Dead: 0
2.279     0.0382319   0.194083  2.00351 	Dead: 0
2.30082   0.0463253   0.235169  2.00351 	Dead: 0
2.27462   0.0365211   0.185398  2.00351 	Dead: 0
2.25785   0.0335394   0.170261  2.00351 	Dead: 0
2.24      0.0307513   0.156108  2.00351 	Dead: 0
2.25956   0.0370211   0.187936  2.00351 	Dead: 0
2.25506   0.0345868   0.175579  2.00351 	Dead: 0
2.28165   0.0427225   0.216879  2.00351 	Dead: 0
2.25222   0.037752    0.191647  2.00351 	Dead: 0
2.26737   0.058375    0.296339  2.00351 	Dead: 0
2.27858   0.0430835   0.218712  2.00351 	Dead: 0
2.26606   0.0379887   0.192848  2.00351 	Dead: 0
