7.82125   0.0484761   0.246087  7.24643 	Dead: 0
7.09133   0.0339656   0.172425  6.78435 	Dead: 0
6.98442   0.0287665   0.146032  6.75565 	Dead: 0
6.94072   0.0363761   0.184662  6.694   	Dead: 0
6.89984   0.0308894   0.156809  6.57137 	Dead: 0
6.86848   0.0342245   0.17374   6.57137 	Dead: 0
6.87025   0.0369171   0.187408  6.57137 	Dead: 0
6.8416    0.0301656   0.153135  6.57137 	Dead: 0
6.83984   0.0352397   0.178893  6.57137 	Dead: 0
6.79193   0.0302033   0.153326  6.52027 	Dead: 0
6.81263   0.0327474   0.166241  6.52027 	Dead: 0
6.79833   0.0297387   0.150968  6.52027 	Dead: 0
6.8079    0.0340454   0.17283   6.52027 	Dead: 0
6.81112   0.0388463   0.197202  6.52027 	Dead: 0
6.79035   0.0345109   0.175193  6.52027 	Dead: 0
6.79941   0.0366877   0.186244  6.52027 	Dead: 0
6.82152   0.0391343   0.198664  6.52027 	Dead: 0
6.77718   0.0357478   0.181472  6.52027 	Dead: 0
6.80698   0.0409297   0.207778  6.50513 	Dead: 0
6.76724   0.0340192   0.172697  6.50513 	Dead: 0
6.77989   0.0354673   0.180049  6.50513 	Dead: 0
6.79042   0.0379239   0.192519  6.50513 	Dead: 0
6.76988   0.0332544   0.168815  6.50513 	Dead: 0
6.76493   0.0364622   0.185099  6.44688 	Dead: 0
6.77163   0.0389938   0.197951  6.44688 	Dead: 0
6.77193   0.0338631   0.171905  6.44688 	Dead: 0
6.75242   0.0357515   0.181491  6.44688 	Dead: 0
6.74049   0.029848    0.151522  6.44688 	Dead: 0
6.77881   0.0394473   0.200253  6.44688 	Dead: 0
6.75555   0.0352826   0.179111  6.44688 	Dead: 0
6.75876   0.0355443   0.18044   6.41733 	Dead: 0
6.73787   0.0343074   0.17416   6.41733 	Dead: 0
6.72189   0.0317153   0.161002  6.41733 	Dead: 0
6.74659   0.0388096   0.197016  6.41733 	Dead: 0
6.74571   0.0377738   0.191757  6.41733 	Dead: 0
6.7217    0.0348379   0.176854  6.32024 	Dead: 0
6.73399   0.0372057   0.188874  6.32024 	Dead: 0
6.71818   0.0373396   0.189553  6.32024 	Dead: 0
6.72036   0.0385751   0.195825  6.32024 	Dead: 0
6.68993   0.0334974   0.170048  6.32024 	Dead: 0
6.69916   0.0377156   0.191462  6.32024 	Dead: 0
6.68073   0.0349005   0.177171  6.32024 	Dead: 0
6.6803    0.0334433   0.169774  6.32024 	Dead: 0
6.66839   0.035138    0.178377  6.32024 	Dead: 0
6.66737   0.0333642   0.169372  6.32024 	Dead: 0
6.66634   0.0345416   0.17535   6.32024 	Dead: 0
6.64235   0.0302686   0.153658  6.32024 	Dead: 0
6.64974   0.0371453   0.188567  6.32024 	Dead: 0
6.67857   0.0394055   0.200041  6.32024 	Dead: 0
6.64226   0.0370046   0.187853  6.32024 	Dead: 0
6.65991   0.0357437   0.181452  6.32024 	Dead: 0
6.67267   0.0421604   0.214026  6.32024 	Dead: 0
6.65118   0.0376751   0.191256  6.32024 	Dead: 0
6.63524   0.0366085   0.185842  6.32024 	Dead: 0
6.63503   0.0318664   0.161769  6.32024 	Dead: 0
6.64321   0.0362408   0.183975  6.32024 	Dead: 0
6.63168   0.0368269   0.18695   6.32024 	Dead: 0
6.64599   0.0386222   0.196064  6.28883 	Dead: 0
6.63883   0.0382778   0.194316  6.28883 	Dead: 0
6.63046   0.0352731   0.179062  6.28883 	Dead: 0
6.63986   0.0346233   0.175764  6.28883 	Dead: 0
6.63131   0.0399024   0.202563  6.28883 	Dead: 0
6.64479   0.0399034   0.202568  6.28883 	Dead: 0
6.63842   0.0368669   0.187153  6.28883 	Dead: 0
6.62497   0.0349935   0.177643  6.28883 	Dead: 0
6.63477   0.0356248   0.180848  6.28883 	Dead: 0
6.62913   0.0365182   0.185384  6.28883 	Dead: 0
6.63963   0.0357959   0.181717  6.28883 	Dead: 0
6.64241   0.0402489   0.204322  6.28883 	Dead: 0
6.62911   0.0387932   0.196932  6.28883 	Dead: 0
6.63889   0.0408456   0.207351  6.28883 	Dead: 0
6.63849   0.0360594   0.183054  6.28883 	Dead: 0
6.62753   0.0368413   0.187024  6.28883 	Dead: 0
6.6137    0.0333753   0.169429  6.28883 	Dead: 0
6.63296   0.0364419   0.184996  6.28883 	Dead: 0
6.64932   0.0397101   0.201587  6.27318 	Dead: 0
6.61689   0.0346603   0.175952  6.27318 	Dead: 0
6.63997   0.0410153   0.208213  6.27318 	Dead: 0
6.63888   0.0353542   0.179474  6.27318 	Dead: 0
6.6166    0.0373499   0.189606  6.27318 	Dead: 0
6.60602   0.0358714   0.1821    6.27318 	Dead: 0
6.63318   0.0387582   0.196755  6.27318 	Dead: 0
6.63907   0.0392475   0.199239  6.27318 	Dead: 0
6.61657   0.0351518   0.178447  6.27318 	Dead: 0
6.61498   0.0378527   0.192158  6.27318 	Dead: 0
6.62738   0.0397957   0.202021  6.27318 	Dead: 0
6.60044   0.039328    0.199647  6.27318 	Dead: 0
6.60594   0.0373806   0.189761  6.27318 	Dead: 0
6.60868   0.038009    0.192951  6.27318 	Dead: 0
6.61823   0.0379635   0.19272   6.27318 	Dead: 0
6.6157    0.0399116   0.20261   6.27318 	Dead: 0
6.58604   0.0345136   0.175207  6.27318 	Dead: 0
6.60066   0.037279    0.189245  6.27318 	Dead: 0
6.60394   0.035457    0.179996  6.27318 	Dead: 0
6.60173   0.0385701   0.1958    6.27318 	Dead: 0
6.59222   0.0354022   0.179718  6.27318 	Dead: 0
6.58797   0.0370326   0.187995  6.27318 	Dead: 0
6.59479   0.0379306   0.192553  6.27318 	Dead: 0
6.58982   0.0361024   0.183273  6.27318 	Dead: 0
6.60351   0.0370005   0.187832  6.27318 	Dead: 0
6.57093   0.0333537   0.169319  6.27318 	Dead: 0
