0   10.5413   0.153505    0.779262  8.8131  	Dead: 0
1   6.14396   0.063791    0.323833  5.64547 	Dead: 0
2   5.68299   0.0740076   0.375697  5.03019 	Dead: 0
3   5.53934   0.0854811   0.433942  4.85941 	Dead: 0
4   5.45689   0.0971548   0.493203  4.58553 	Dead: 0
5   5.32912   0.0948457   0.481481  4.5667  	Dead: 0
6   5.14383   0.0842791   0.42784   4.5667  	Dead: 0
7   5.00947   0.0795893   0.404033  4.45932 	Dead: 0
8   4.85777   0.075595    0.383756  4.30769 	Dead: 0
9   4.78741   0.0702232   0.356486  4.25801 	Dead: 0
10  4.71476   0.0761243   0.386442  4.14923 	Dead: 0
11  4.73755   0.0800942   0.406595  4.12571 	Dead: 0
12  4.69231   0.0829377   0.42103   4.09525 	Dead: 0
13  4.65179   0.0752169   0.381836  4.03785 	Dead: 0
14  4.67189   0.0869459   0.441378  4.03785 	Dead: 0
15  4.66199   0.104536    0.530674  4.03785 	Dead: 0
16  4.71466   0.119363    0.605941  4.03785 	Dead: 0
17  4.63003   0.0778499   0.395202  4.03785 	Dead: 0
18  4.61833   0.0730224   0.370696  4.03785 	Dead: 0
19  4.67178   0.0917438   0.465734  4.03785 	Dead: 0
20  4.70042   0.107248    0.544439  4.03785 	Dead: 0
21  4.69218   0.0851509   0.432266  4.03785 	Dead: 0
22  4.63578   0.0791028   0.401563  4.03785 	Dead: 0
23  4.60873   0.082255    0.417565  4.03785 	Dead: 0
24  4.60519   0.068935    0.349946  4.03785 	Dead: 0
25  4.65911   0.0941127   0.47776   4.03785 	Dead: 0
26  4.57324   0.0764301   0.387995  4.0117  	Dead: 0
27  4.61952   0.0899091   0.456421  4.0117  	Dead: 0
28  4.66556   0.119259    0.605413  4.0117  	Dead: 0
29  4.60117   0.101223    0.513857  4.0117  	Dead: 0
30  4.5724    0.0814264   0.413358  4.0117  	Dead: 0
31  4.62434   0.0947272   0.48088   4.0117  	Dead: 0
32  4.56051   0.0891511   0.452572  4.0117  	Dead: 0
33  4.51218   0.0731449   0.371318  3.97889 	Dead: 0
34  4.67606   0.10539     0.535011  3.97889 	Dead: 0
35  4.59758   0.0855017   0.434046  3.97889 	Dead: 0
36  4.57297   0.0845927   0.429432  3.97889 	Dead: 0
37  4.55766   0.0837706   0.425258  3.97889 	Dead: 0
38  4.56615   0.0894006   0.453839  3.97889 	Dead: 0
39  4.53603   0.0817249   0.414874  3.92594 	Dead: 0
40  4.50602   0.0680909   0.345661  3.92594 	Dead: 0
41  4.53024   0.0889897   0.451753  3.84324 	Dead: 0
42  4.48929   0.0762261   0.386959  3.84324 	Dead: 0
43  4.55484   0.0929519   0.471867  3.84324 	Dead: 0
44  4.49756   0.0795412   0.403788  3.84324 	Dead: 0
45  4.50723   0.0797002   0.404596  3.84324 	Dead: 0
46  4.48228   0.086579    0.439515  3.84324 	Dead: 0
47  4.45081   0.0850185   0.431593  3.84324 	Dead: 0
48  4.41678   0.0822177   0.417375  3.84324 	Dead: 0
49  4.3991    0.0783894   0.397941  3.84324 	Dead: 0
50  4.41427   0.0969726   0.492278  3.84324 	Dead: 0
51  4.36623   0.0799635   0.405932  3.77439 	Dead: 0
52  4.42621   0.100908    0.512257  3.77439 	Dead: 0
53  4.35119   0.0830127   0.421411  3.77439 	Dead: 0
54  4.34528   0.0886663   0.450111  3.7082  	Dead: 0
55  4.29205   0.085865    0.435891  3.60971 	Dead: 0
56  4.31015   0.140973    0.715645  3.60971 	Dead: 0
57  4.16962   0.0707725   0.359274  3.55151 	Dead: 0
58  4.32481   0.116211    0.58994   3.55151 	Dead: 0
59  4.27483   0.0945962   0.480215  3.55151 	Dead: 0
60  4.22367   0.0924168   0.469151  3.55151 	Dead: 0
61  4.25095   0.090571    0.45978   3.55151 	Dead: 0
62  4.22558   0.0970093   0.492465  3.55151 	Dead: 0
63  4.27163   0.104953    0.53279   3.55151 	Dead: 0
64  4.24452   0.0909136   0.46152   3.55151 	Dead: 0
65  4.25626   0.0908092   0.46099   3.55151 	Dead: 0
66  4.20836   0.0842075   0.427477  3.55151 	Dead: 0
67  4.27224   0.111876    0.567934  3.55151 	Dead: 0
68  4.26648   0.10297     0.522722  3.55151 	Dead: 0
69  4.26914   0.0991515   0.503339  3.55151 	Dead: 0
70  4.2115    0.0980497   0.497746  3.5085  	Dead: 0
71  4.25801   0.119877    0.608553  3.5085  	Dead: 0
72  4.24386   0.0946877   0.480679  3.5085  	Dead: 0
73  4.2119    0.0907929   0.460907  3.5085  	Dead: 0
74  4.25283   0.107721    0.546844  3.5085  	Dead: 0
75  4.26548   0.104423    0.530102  3.5085  	Dead: 0
76  4.19739   0.0943586   0.479008  3.5085  	Dead: 0
77  4.21258   0.106623    0.541267  3.5085  	Dead: 0
78  4.23033   0.0945685   0.480074  3.5085  	Dead: 0
79  4.27137   0.104726    0.531641  3.5085  	Dead: 0
80  4.29526   0.13482     0.684408  3.5085  	Dead: 0
81  4.22853   0.104469    0.530335  3.5085  	Dead: 0
82  4.18322   0.0993902   0.504551  3.5085  	Dead: 0
83  4.31302   0.117639    0.597192  3.5085  	Dead: 0
84  4.20978   0.0935693   0.475001  3.5085  	Dead: 0
85  4.25276   0.104136    0.528644  3.5085  	Dead: 0
86  4.20501   0.0907033   0.460452  3.5085  	Dead: 0
87  4.22616   0.104062    0.528268  3.5085  	Dead: 0
88  4.2315    0.103224    0.524011  3.5085  	Dead: 0
89  4.28164   0.119406    0.606159  3.5085  	Dead: 0
90  4.22934   0.102629    0.520993  3.5085  	Dead: 0
91  4.29138   0.141781    0.719746  3.5085  	Dead: 0
92  4.25225   0.104718    0.531599  3.5085  	Dead: 0
93  4.27053   0.134502    0.682793  3.5085  	Dead: 0
94  4.34541   0.132265    0.671439  3.5085  	Dead: 0
95  4.20175   0.113032    0.573803  3.5085  	Dead: 0
96  4.14879   0.086254    0.437866  3.5085  	Dead: 0
97  4.18013   0.0967786   0.491293  3.5085  	Dead: 0
98  4.18631   0.0942554   0.478485  3.5085  	Dead: 0
99  4.2039    0.114428    0.58089   3.5085  	Dead: 0
100 4.17074   0.0979125   0.49705   3.5085  	Dead: 0
