0   10.1643   0.124269    0.630845  8.5289  	Dead: 0
1   6.02261   0.126036    0.639816  5.24069 	Dead: 0
2   5.74692   0.0951088   0.482817  4.98816 	Dead: 0
3   5.6718    0.104335    0.529652  4.94943 	Dead: 0
4   5.6286    0.115768    0.587692  4.79819 	Dead: 0
5   5.53029   0.0976286   0.495608  4.79819 	Dead: 0
6   5.47804   0.094867    0.481589  4.79819 	Dead: 0
7   5.46214   0.108432    0.55045   4.78619 	Dead: 0
8   5.39919   0.0918992   0.466523  4.71919 	Dead: 0
9   5.4187    0.119034    0.604274  4.69382 	Dead: 0
10  5.32544   0.103586    0.525851  4.58906 	Dead: 0
11  5.18379   0.0845697   0.429315  4.58906 	Dead: 0
12  5.25632   0.102784    0.521777  4.58906 	Dead: 0
13  5.25006   0.109133    0.554011  4.55365 	Dead: 0
14  5.25672   0.112404    0.570617  4.54454 	Dead: 0
15  5.29235   0.119057    0.604389  4.43514 	Dead: 0
16  5.22239   0.110996    0.563469  4.43514 	Dead: 0
17  5.15454   0.0887062   0.450314  4.43514 	Dead: 0
18  5.13634   0.0934637   0.474465  4.43514 	Dead: 0
19  5.23434   0.12577     0.638465  4.43514 	Dead: 0
20  5.20189   0.0966937   0.490863  4.43514 	Dead: 0
21  5.17492   0.102434    0.52      4.43514 	Dead: 0
22  5.15626   0.0974031   0.494464  4.43514 	Dead: 0
23  5.17602   0.102558    0.520632  4.43514 	Dead: 0
24  5.15869   0.108063    0.548581  4.43514 	Dead: 0
25  5.19135   0.109702    0.556897  4.43514 	Dead: 0
26  5.17733   0.11437     0.580594  4.43514 	Dead: 0
27  5.22163   0.111017    0.563574  4.43514 	Dead: 0
28  5.11225   0.100428    0.509817  4.40133 	Dead: 0
29  5.12967   0.110976    0.563364  4.40133 	Dead: 0
30  5.18761   0.112771    0.572477  4.40133 	Dead: 0
31  5.05852   0.0981729   0.498371  4.37041 	Dead: 0
32  5.08228   0.0992458   0.503818  4.26647 	Dead: 0
33  5.09648   0.124045    0.62971   4.14362 	Dead: 0
34  5.09676   0.114043    0.578937  4.14362 	Dead: 0
35  5.07816   0.116147    0.589614  4.14362 	Dead: 0
36  5.10561   0.125106    0.635095  4.14362 	Dead: 0
37  5.08713   0.125758    0.638408  4.12509 	Dead: 0
38  5.06104   0.108439    0.550488  4.12509 	Dead: 0
39  5.06308   0.117494    0.596453  4.12509 	Dead: 0
40  5.07227   0.11909     0.604555  4.12509 	Dead: 0
41  5.04934   0.127263    0.646047  4.12509 	Dead: 0
42  5.06266   0.122307    0.620886  4.12509 	Dead: 0
43  5.04439   0.119503    0.606652  4.12509 	Dead: 0
44  5.04178   0.130223    0.661073  4.12509 	Dead: 0
45  5.03503   0.128362    0.651628  4.12509 	Dead: 0
46  4.97668   0.110584    0.561378  4.12509 	Dead: 0
47  5.0644    0.13289     0.674613  4.12509 	Dead: 0
48  5.01104   0.128575    0.652706  4.12509 	Dead: 0
49  5.05215   0.122024    0.619449  4.12509 	Dead: 0
50  4.94564   0.10563     0.536228  4.12509 	Dead: 0
51  5.02681   0.130257    0.661246  4.04612 	Dead: 0
52  5.09488   0.145831    0.740304  4.04612 	Dead: 0
53  5.04417   0.125378    0.636476  4.04612 	Dead: 0
54  5.00523   0.125415    0.636665  4.04612 	Dead: 0
55  4.98261   0.11425     0.579984  4.04612 	Dead: 0
56  5.05885   0.143414    0.728034  4.04612 	Dead: 0
57  5.01798   0.115072    0.584161  4.04612 	Dead: 0
58  5.01014   0.128438    0.652013  4.04612 	Dead: 0
59  5.00524   0.133117    0.675764  4.04612 	Dead: 0
60  5.06827   0.15592     0.79152   4.04612 	Dead: 0
61  4.90136   0.123539    0.627139  4.04612 	Dead: 0
62  4.80667   0.119927    0.608807  4.04612 	Dead: 0
63  4.64434   0.117493    0.596448  3.94335 	Dead: 0
64  4.57653   0.09759     0.495413  3.82741 	Dead: 0
65  4.57748   0.110221    0.559532  3.82741 	Dead: 0
66  4.61461   0.135201    0.686342  3.69258 	Dead: 0
67  4.55914   0.120206    0.61022   3.69258 	Dead: 0
68  4.55931   0.135492    0.687823  3.69258 	Dead: 0
69  4.5493    0.12513     0.635217  3.66148 	Dead: 0
70  4.48441   0.126302    0.641168  3.538   	Dead: 0
71  4.42662   0.132471    0.672487  3.538   	Dead: 0
72  4.53368   0.143125    0.72657   3.538   	Dead: 0
73  4.55588   0.170275    0.864397  3.538   	Dead: 0
74  4.45887   0.134455    0.682557  3.538   	Dead: 0
75  4.34474   0.118597    0.602054  3.538   	Dead: 0
76  4.51906   0.154738    0.785524  3.538   	Dead: 0
77  4.45793   0.145615    0.739212  3.538   	Dead: 0
78  4.40637   0.129572    0.657765  3.52885 	Dead: 0
79  4.46109   0.148709    0.754918  3.49588 	Dead: 0
80  4.42457   0.146559    0.744001  3.49588 	Dead: 0
81  4.42736   0.163698    0.831007  3.48781 	Dead: 0
82  4.5118    0.16815     0.853607  3.48781 	Dead: 0
83  4.46133   0.159291    0.808633  3.47591 	Dead: 0
84  4.52747   0.180961    0.918641  3.47591 	Dead: 0
85  4.49961   0.167       0.847771  3.47591 	Dead: 0
86  4.44551   0.153396    0.77871   3.47591 	Dead: 0
87  4.47697   0.166342    0.84443   3.47591 	Dead: 0
88  4.47067   0.145864    0.740472  3.47591 	Dead: 0
89  4.47501   0.163895    0.832006  3.39517 	Dead: 0
90  4.38335   0.148752    0.755137  3.39517 	Dead: 0
91  4.45363   0.164993    0.837581  3.39517 	Dead: 0
92  4.57143   0.184685    0.937546  3.39517 	Dead: 0
93  4.54455   0.178887    0.908113  3.39517 	Dead: 0
94  4.40036   0.147623    0.749403  3.39517 	Dead: 0
95  4.45882   0.15875     0.805889  3.39517 	Dead: 0
96  4.43422   0.156533    0.794636  3.39517 	Dead: 0
97  4.46475   0.170213    0.864082  3.36957 	Dead: 0
98  4.42341   0.152989    0.776643  3.36027 	Dead: 0
99  4.38306   0.153978    0.781666  3.36027 	Dead: 0
100 4.41032   0.160832    0.816456  3.36027 	Dead: 0
