6.43705   0.0934775   0.474536  5.33654 	Dead: 0
5.33233   0.0634598   0.322151  4.87999 	Dead: 0
5.12241   0.0612018   0.310689  4.47453 	Dead: 0
4.98262   0.0598177   0.303662  4.47453 	Dead: 0
4.94415   0.0648032   0.328971  4.35434 	Dead: 0
4.90197   0.0645531   0.327702  4.35165 	Dead: 0
4.82826   0.0582052   0.295477  4.35165 	Dead: 0
4.85047   0.0669537   0.339888  4.35165 	Dead: 0
4.83788   0.0655454   0.332739  4.35165 	Dead: 0
4.78069   0.0588592   0.298797  4.35165 	Dead: 0
4.76899   0.0680731   0.345571  4.33956 	Dead: 0
4.7951    0.0722441   0.366745  4.33956 	Dead: 0
4.78178   0.0764959   0.388329  4.29991 	Dead: 0
4.72628   0.062781    0.318705  4.29058 	Dead: 0
4.73172   0.0682986   0.346715  4.29058 	Dead: 0
4.71264   0.0645314   0.327592  4.26925 	Dead: 0
4.693     0.0675308   0.342818  4.07428 	Dead: 0
4.70166   0.064996    0.32995   4.07428 	Dead: 0
4.69837   0.0678572   0.344475  4.07428 	Dead: 0
4.6875    0.0694876   0.352751  4.07428 	Dead: 0
4.65403   0.0638022   0.32389   4.07428 	Dead: 0
4.66813   0.0680534   0.345471  4.07428 	Dead: 0
4.66945   0.0606274   0.307773  4.07428 	Dead: 0
4.66119   0.0691106   0.350838  4.07428 	Dead: 0
4.66161   0.0681415   0.345918  4.07428 	Dead: 0
4.63344   0.0710933   0.360903  4.04768 	Dead: 0
4.6413    0.0753893   0.382711  4.04768 	Dead: 0
4.63779   0.0721881   0.366461  4.04768 	Dead: 0
4.58825   0.0642668   0.326248  4.04768 	Dead: 0
4.60541   0.0674447   0.342381  4.04768 	Dead: 0
4.57552   0.0656856   0.333451  4.04768 	Dead: 0
4.57208   0.0760579   0.386105  4.04768 	Dead: 0
4.58647   0.0680942   0.345678  4.04768 	Dead: 0
4.60223   0.0781506   0.396729  4.04768 	Dead: 0
4.54425   0.0640089   0.324939  4.04768 	Dead: 0
4.54062   0.0722203   0.366624  4.04768 	Dead: 0
4.59475   0.0752311   0.381908  4.04768 	Dead: 0
4.56574   0.0680453   0.34543   4.04768 	Dead: 0
4.55358   0.0626661   0.318122  4.04768 	Dead: 0
4.53461   0.0633088   0.321385  3.99616 	Dead: 0
4.56362   0.0717434   0.364203  3.99616 	Dead: 0
4.5282    0.0666004   0.338095  3.99616 	Dead: 0
4.56377   0.0726511   0.368811  3.99616 	Dead: 0
4.50123   0.0583329   0.296125  3.99616 	Dead: 0
4.52147   0.0684612   0.347541  3.99616 	Dead: 0
4.53373   0.0719252   0.365126  3.99616 	Dead: 0
4.55035   0.0721708   0.366373  3.99616 	Dead: 0
4.51928   0.0673826   0.342066  3.99616 	Dead: 0
4.47989   0.0691821   0.351201  3.99616 	Dead: 0
4.51647   0.0651908   0.330939  3.99616 	Dead: 0
4.51497   0.0661842   0.335982  3.99616 	Dead: 0
4.48603   0.0670879   0.34057   3.99616 	Dead: 0
4.48354   0.0613812   0.311599  3.90801 	Dead: 0
4.51878   0.0681811   0.346119  3.90801 	Dead: 0
4.48052   0.0647287   0.328593  3.90801 	Dead: 0
4.48257   0.0672464   0.341374  3.90801 	Dead: 0
4.52114   0.0689489   0.350017  3.90801 	Dead: 0
4.51278   0.0719861   0.365435  3.90801 	Dead: 0
4.51486   0.0651185   0.330572  3.90801 	Dead: 0
4.56544   0.0787457   0.39975   3.90801 	Dead: 0
4.50796   0.0688356   0.349442  3.90801 	Dead: 0
4.55018   0.0669685   0.339963  3.90801 	Dead: 0
4.52308   0.0782715   0.397343  3.90801 	Dead: 0
4.47534   0.0630947   0.320298  3.90801 	Dead: 0
4.50453   0.0672416   0.34135   3.90801 	Dead: 0
4.49607   0.0656831   0.333438  3.90801 	Dead: 0
4.49839   0.0628918   0.319268  3.90801 	Dead: 0
4.48984   0.0648481   0.329199  3.90801 	Dead: 0
4.5241    0.0734772   0.373005  3.90801 	Dead: 0
4.44247   0.0561069   0.284825  3.90801 	Dead: 0
4.49434   0.0710811   0.360841  3.90801 	Dead: 0
4.5006    0.0688863   0.349699  3.90801 	Dead: 0
4.49718   0.0701435   0.356081  3.90801 	Dead: 0
4.47382   0.0675837   0.343086  3.90801 	Dead: 0
4.4235    0.0620126   0.314805  3.90256 	Dead: 0
4.52474   0.0856647   0.434874  3.90256 	Dead: 0
4.40843   0.0585835   0.297397  3.90256 	Dead: 0
4.4539    0.0665958   0.338072  3.90256 	Dead: 0
4.46533   0.0677109   0.343732  3.90256 	Dead: 0
4.44827   0.0660265   0.335181  3.90256 	Dead: 0
4.47858   0.0732355   0.371778  3.90256 	Dead: 0
4.46928   0.0732941   0.372075  3.90256 	Dead: 0
4.45121   0.0726163   0.368634  3.90256 	Dead: 0
4.42704   0.0705657   0.358225  3.90256 	Dead: 0
4.46127   0.0734102   0.372664  3.90256 	Dead: 0
4.46504   0.0710306   0.360584  3.90256 	Dead: 0
4.52136   0.0831816   0.422269  3.90256 	Dead: 0
4.46518   0.0672732   0.34151   3.90256 	Dead: 0
4.46155   0.074694    0.379181  3.90256 	Dead: 0
4.45202   0.0729606   0.370382  3.90256 	Dead: 0
4.48694   0.0805733   0.409027  3.90256 	Dead: 0
4.43344   0.063308    0.321381  3.90256 	Dead: 0
4.45421   0.0712482   0.361689  3.90256 	Dead: 0
4.41125   0.0638212   0.323986  3.90256 	Dead: 0
4.43845   0.0642842   0.326336  3.90256 	Dead: 0
4.45366   0.0694618   0.352621  3.90256 	Dead: 0
4.44477   0.0733801   0.372511  3.90256 	Dead: 0
4.48652   0.0885842   0.449695  3.90256 	Dead: 0
4.41211   0.0621858   0.315684  3.90256 	Dead: 0
4.45636   0.0678927   0.344655  3.90256 	Dead: 0
4.44771   0.0710249   0.360555  3.90256 	Dead: 0
