4.76459   0.12424     0.630698  3.70264 	Dead: 0
2.96839   0.0391481   0.198734  2.55784 	Dead: 0
2.70596   0.039634    0.201201  2.22969 	Dead: 0
2.6263    0.0367799   0.186712  2.22969 	Dead: 0
2.54973   0.0353303   0.179353  2.22969 	Dead: 0
2.55666   0.0407989   0.207114  2.22969 	Dead: 0
2.54339   0.0456902   0.231945  2.15776 	Dead: 0
2.45219   0.0394418   0.200225  2.10086 	Dead: 0
2.43088   0.0416451   0.21141   2.10086 	Dead: 0
2.36848   0.0441102   0.223924  2.03869 	Dead: 0
2.2661    0.0332123   0.168601  2.0007  	Dead: 0
2.25643   0.0402891   0.204526  1.97524 	Dead: 0
2.23888   0.0422652   0.214558  1.92527 	Dead: 0
2.18355   0.0368837   0.187239  1.92527 	Dead: 0
2.17637   0.0361976   0.183756  1.90215 	Dead: 0
2.16069   0.0409425   0.207843  1.90215 	Dead: 0
2.16002   0.0418462   0.212431  1.90215 	Dead: 0
2.13826   0.0440135   0.223433  1.89764 	Dead: 0
2.13306   0.0428464   0.217508  1.84621 	Dead: 0
2.13035   0.0366238   0.18592   1.84621 	Dead: 0
2.1226    0.0409701   0.207983  1.84621 	Dead: 0
2.09772   0.0352183   0.178785  1.83473 	Dead: 0
2.07495   0.0382863   0.194359  1.81185 	Dead: 0
2.08826   0.0339642   0.172418  1.81185 	Dead: 0
2.07916   0.035394    0.179677  1.81185 	Dead: 0
2.11651   0.0433249   0.219938  1.78639 	Dead: 0
2.07454   0.0339436   0.172314  1.78639 	Dead: 0
2.07658   0.0381881   0.193861  1.78639 	Dead: 0
2.06142   0.0358456   0.181969  1.78639 	Dead: 0
2.05848   0.0313302   0.159047  1.78639 	Dead: 0
2.03953   0.0402494   0.204325  1.78265 	Dead: 0
2.06305   0.0392678   0.199342  1.78265 	Dead: 0
2.02947   0.0354053   0.179734  1.78265 	Dead: 0
2.02822   0.0382302   0.194074  1.77247 	Dead: 0
2.0078    0.0337035   0.171095  1.77247 	Dead: 0
2.02319   0.0375147   0.190442  1.77247 	Dead: 0
2.04001   0.0400002   0.20306   1.73266 	Dead: 0
2.0102    0.0403186   0.204676  1.73266 	Dead: 0
2.01525   0.0390315   0.198142  1.73266 	Dead: 0
2.02203   0.0445486   0.226149  1.73266 	Dead: 0
2.04143   0.046457    0.235837  1.73266 	Dead: 0
2.01142   0.0364677   0.185127  1.73266 	Dead: 0
2.00534   0.0381998   0.19392   1.73266 	Dead: 0
1.98892   0.0369018   0.187331  1.71956 	Dead: 0
1.99147   0.0361044   0.183283  1.71956 	Dead: 0
1.99147   0.0346686   0.175994  1.71956 	Dead: 0
1.99811   0.039174    0.198865  1.71956 	Dead: 0
2.01852   0.0415469   0.210911  1.71956 	Dead: 0
1.98634   0.0362078   0.183808  1.71956 	Dead: 0
1.99125   0.0393861   0.199942  1.68903 	Dead: 0
2.00008   0.0359948   0.182726  1.68903 	Dead: 0
2.00842   0.0416628   0.2115    1.68903 	Dead: 0
2.03953   0.0510014   0.258907  1.68903 	Dead: 0
2.00956   0.0397936   0.202011  1.68903 	Dead: 0
2.0104    0.0384054   0.194964  1.68903 	Dead: 0
1.98336   0.0349668   0.177508  1.68903 	Dead: 0
1.98181   0.0373977   0.189848  1.68903 	Dead: 0
1.98506   0.0368253   0.186943  1.68903 	Dead: 0
1.99411   0.0419727   0.213073  1.68903 	Dead: 0
2.00208   0.0368969   0.187306  1.68903 	Dead: 0
2.02405   0.0469206   0.238191  1.68903 	Dead: 0
2.0338    0.048742    0.247437  1.68903 	Dead: 0
2.01777   0.0422948   0.214708  1.68903 	Dead: 0
1.99624   0.0365904   0.18575   1.68903 	Dead: 0
1.99278   0.0370433   0.188049  1.68903 	Dead: 0
1.98676   0.0358684   0.182085  1.68903 	Dead: 0
1.97643   0.033273    0.168909  1.68903 	Dead: 0
1.98518   0.0378357   0.192071  1.68903 	Dead: 0
1.98417   0.0389022   0.197486  1.68903 	Dead: 0
1.98694   0.0373854   0.189786  1.68903 	Dead: 0
1.98624   0.0393922   0.199973  1.68903 	Dead: 0
2.00465   0.0438605   0.222656  1.68903 	Dead: 0
2.00229   0.0407995   0.207117  1.68903 	Dead: 0
1.98448   0.0343949   0.174604  1.68903 	Dead: 0
1.9924    0.0386021   0.195963  1.68903 	Dead: 0
1.98872   0.0388844   0.197395  1.68903 	Dead: 0
2.00339   0.0386988   0.196453  1.68903 	Dead: 0
1.99166   0.0396481   0.201272  1.68903 	Dead: 0
1.99687   0.0379225   0.192512  1.68903 	Dead: 0
2.00091   0.0435311   0.220984  1.68903 	Dead: 0
2.00509   0.0486071   0.246752  1.68903 	Dead: 0
2.01004   0.0446417   0.226622  1.68903 	Dead: 0
1.99953   0.0393786   0.199904  1.68903 	Dead: 0
1.98904   0.0428655   0.217605  1.68903 	Dead: 0
1.9953    0.0374795   0.190263  1.68903 	Dead: 0
1.9956    0.0469217   0.238197  1.68903 	Dead: 0
1.98071   0.0413172   0.209745  1.68903 	Dead: 0
2.001     0.0414198   0.210266  1.68903 	Dead: 0
1.99207   0.045202    0.229466  1.68903 	Dead: 0
1.98013   0.0408707   0.207479  1.68903 	Dead: 0
1.97722   0.041597    0.211166  1.66157 	Dead: 0
1.95248   0.0391491   0.198739  1.66157 	Dead: 0
1.98257   0.0471267   0.239237  1.66157 	Dead: 0
1.99907   0.048747    0.247462  1.66157 	Dead: 0
1.96758   0.0418232   0.212314  1.66157 	Dead: 0
1.96232   0.0406509   0.206363  1.66157 	Dead: 0
1.97662   0.0428599   0.217577  1.66157 	Dead: 0
1.98179   0.0426197   0.216357  1.66157 	Dead: 0
1.94932   0.0380595   0.193208  1.66157 	Dead: 0
1.9748    0.0409001   0.207628  1.66157 	Dead: 0
2.00594   0.0479492   0.243413  1.66157 	Dead: 0
