14.5101   0.117566    0.59682   13.0063 	Dead: 0
10.4162   0.0627326   0.31846   9.73353 	Dead: 0
9.04961   0.048862    0.248046  8.46482 	Dead: 0
7.98973   0.0607345   0.308316  7.56837 	Dead: 0
7.37344   0.0994502   0.504856  6.82883 	Dead: 0
6.75302   0.114593    0.581725  6.18001 	Dead: 0
6.28668   0.102533    0.520504  5.74252 	Dead: 0
6.09919   0.118914    0.603663  5.53186 	Dead: 0
5.69927   0.106192    0.539082  5.16718 	Dead: 0
5.14379   0.103871    0.527297  4.54008 	Dead: 0
4.3357    0.128311    0.651366  3.75147 	Dead: 0
4.00475   0.138932    0.705284  3.34411 	Dead: 0
3.77676   0.144018    0.7311    3.03728 	Dead: 0
3.37959   0.116646    0.592148  2.81356 	Dead: 0
3.40205   0.165878    0.842072  2.77235 	Dead: 0
3.10513   0.133583    0.678128  2.45528 	Dead: 0
2.99209   0.137334    0.697169  2.39513 	Dead: 0
2.90794   0.161044    0.817535  2.30058 	Dead: 0
2.75133   0.186054    0.944495  2.18182 	Dead: 0
2.74372   0.187428    0.951472  2.16652 	Dead: 0
2.63093   0.1323      0.671617  2.06993 	Dead: 0
2.59194   0.157697    0.800545  2.03066 	Dead: 0
2.62884   0.179157    0.909485  2.01385 	Dead: 0
2.44866   0.139893    0.710162  2.01385 	Dead: 0
2.40927   0.135671    0.688731  1.98521 	Dead: 0
2.40354   0.134809    0.684354  1.92346 	Dead: 0
2.33644   0.146859    0.745527  1.88792 	Dead: 0
2.29796   0.123957    0.629263  1.8545  	Dead: 0
2.23271   0.116267    0.590227  1.82405 	Dead: 0
2.24979   0.148055    0.751596  1.82405 	Dead: 0
2.24819   0.134845    0.684539  1.78665 	Dead: 0
2.29154   0.158834    0.806316  1.78258 	Dead: 0
2.28926   0.173655    0.881552  1.78258 	Dead: 0
2.15532   0.115018    0.583886  1.74845 	Dead: 0
2.08517   0.113603    0.5767    1.73787 	Dead: 0
2.26663   0.153323    0.778339  1.73787 	Dead: 0
2.20584   0.154112    0.782345  1.71148 	Dead: 0
2.06398   0.104632    0.531163  1.71148 	Dead: 0
2.14395   0.138483    0.703004  1.71148 	Dead: 0
2.09866   0.121115    0.614835  1.68972 	Dead: 0
2.10007   0.116403    0.590914  1.68972 	Dead: 0
2.03833   0.0929183   0.471697  1.62873 	Dead: 0
2.15288   0.128644    0.653058  1.62873 	Dead: 0
2.0152    0.0981366   0.498187  1.62873 	Dead: 0
2.16363   0.166988    0.847707  1.62873 	Dead: 0
2.19803   0.16142     0.819441  1.61854 	Dead: 0
2.0519    0.122093    0.619803  1.61854 	Dead: 0
2.1353    0.150521    0.764116  1.60037 	Dead: 0
1.99267   0.11828     0.600446  1.59446 	Dead: 0
2.01123   0.13078     0.663901  1.59446 	Dead: 0
2.02406   0.14863     0.754517  1.55673 	Dead: 0
1.95042   0.114226    0.579863  1.55673 	Dead: 0
2.20668   0.190135    0.965216  1.54287 	Dead: 0
2.19997   0.183637    0.932228  1.54287 	Dead: 0
1.93933   0.0886268   0.449911  1.54287 	Dead: 0
2.04227   0.151284    0.767986  1.54287 	Dead: 0
2.16753   0.187926    0.954     1.54287 	Dead: 0
2.15163   0.184444    0.936323  1.51231 	Dead: 0
2.0939    0.195632    0.993122  1.51231 	Dead: 0
2.22053   0.223698    1.1356    1.51231 	Dead: 0
2.2031    0.215186    1.09238   1.51231 	Dead: 0
2.09961   0.192124    0.975313  1.51231 	Dead: 0
2.0089    0.153756    0.780535  1.51231 	Dead: 0
2.07002   0.209193    1.06196   1.51231 	Dead: 0
2.0477    0.175879    0.892846  1.51231 	Dead: 0
2.02601   0.146724    0.744839  1.51231 	Dead: 0
2.08591   0.172031    0.873311  1.51231 	Dead: 0
2.11347   0.170545    0.865766  1.51231 	Dead: 0
2.09417   0.173078    0.878626  1.51231 	Dead: 0
2.0289    0.177173    0.899415  1.51231 	Dead: 0
1.98806   0.163679    0.830909  1.51231 	Dead: 0
2.1045    0.200043    1.01551   1.51231 	Dead: 0
2.01375   0.164741    0.836301  1.50206 	Dead: 0
1.97497   0.132054    0.670366  1.50206 	Dead: 0
1.93711   0.133521    0.677815  1.49892 	Dead: 0
2.07917   0.191354    0.971404  1.49221 	Dead: 0
2.22694   0.218369    1.10855   1.49221 	Dead: 0
2.11684   0.209688    1.06448   1.49221 	Dead: 0
2.09065   0.178947    0.908419  1.49221 	Dead: 0
1.93225   0.140837    0.714956  1.49221 	Dead: 0
2.14452   0.185243    0.94038   1.49221 	Dead: 0
2.02677   0.160875    0.816678  1.49221 	Dead: 0
2.07557   0.182911    0.928541  1.49221 	Dead: 0
1.99314   0.185381    0.941083  1.49221 	Dead: 0
2.00193   0.177148    0.899288  1.49221 	Dead: 0
2.09458   0.19964     1.01347   1.49221 	Dead: 0
2.01911   0.158816    0.806223  1.46032 	Dead: 0
1.9615    0.1585      0.804621  1.46032 	Dead: 0
1.92357   0.156219    0.793041  1.46032 	Dead: 0
1.95876   0.162774    0.826318  1.46032 	Dead: 0
2.04787   0.160365    0.814087  1.46032 	Dead: 0
1.90207   0.139409    0.707707  1.45441 	Dead: 0
1.93384   0.141435    0.717988  1.45441 	Dead: 0
1.90104   0.138699    0.704098  1.43904 	Dead: 0
2.02357   0.199724    1.01389   1.43164 	Dead: 0
2.02059   0.206613    1.04887   1.43164 	Dead: 0
1.82134   0.135761    0.689184  1.43164 	Dead: 0
1.90333   0.150132    0.762141  1.43164 	Dead: 0
2.00622   0.191046    0.969838  1.41293 	Dead: 0
1.9572    0.170068    0.863344  1.41293 	Dead: 0
2.03716   0.197258    1.00137   1.36203 	Dead: 0
