14.5008   0.105467    0.535399  13.3609 	Dead: 0
10.0164   0.0688796   0.349665  9.41304 	Dead: 0
8.42541   0.0614642   0.312021  7.88644 	Dead: 0
7.37173   0.0739528   0.375419  6.69645 	Dead: 0
6.82075   0.0855885   0.434487  6.23379 	Dead: 0
6.25177   0.10338     0.524806  5.64033 	Dead: 0
5.6198    0.0915276   0.464637  5.15531 	Dead: 0
5.19628   0.115927    0.5885    4.58498 	Dead: 0
4.85941   0.156538    0.794661  4.1871  	Dead: 0
4.185     0.107569    0.546069  3.63332 	Dead: 0
3.71227   0.140047    0.710946  3.02558 	Dead: 0
3.42093   0.170695    0.866528  2.79697 	Dead: 0
3.05304   0.107695    0.54671   2.60986 	Dead: 0
2.87895   0.164918    0.8372    2.29988 	Dead: 0
2.70629   0.180441    0.916002  2.19817 	Dead: 0
2.79256   0.177925    0.903229  2.12196 	Dead: 0
2.77644   0.203664    1.03389   2.05433 	Dead: 0
2.53246   0.158529    0.804769  1.96372 	Dead: 0
2.60251   0.179923    0.913375  1.96372 	Dead: 0
2.5704    0.18861     0.957472  1.95695 	Dead: 0
2.36153   0.146369    0.743036  1.85013 	Dead: 0
2.265     0.159785    0.811142  1.78207 	Dead: 0
2.31971   0.154279    0.783192  1.67628 	Dead: 0
2.22949   0.166441    0.84493   1.65891 	Dead: 0
2.08465   0.143267    0.727292  1.64782 	Dead: 0
2.43876   0.245639    1.24698   1.58629 	Dead: 0
2.1406    0.17387     0.882647  1.55122 	Dead: 0
1.96063   0.145608    0.739176  1.55122 	Dead: 0
2.00809   0.171679    0.871524  1.50693 	Dead: 0
1.91213   0.125592    0.637562  1.45593 	Dead: 0
1.87749   0.15442     0.78391   1.40792 	Dead: 0
1.94999   0.15493     0.786496  1.37469 	Dead: 0
1.8603    0.14202     0.720958  1.37469 	Dead: 0
1.81001   0.12027     0.610544  1.37282 	Dead: 0
1.94074   0.174564    0.886168  1.33786 	Dead: 0
1.83274   0.153411    0.778787  1.33786 	Dead: 0
1.7262    0.132992    0.675128  1.33248 	Dead: 0
1.75386   0.142668    0.724247  1.33248 	Dead: 0
1.86128   0.169995    0.862975  1.30636 	Dead: 0
1.7678    0.134108    0.680793  1.30636 	Dead: 0
1.67924   0.103769    0.526782  1.30164 	Dead: 0
1.64809   0.114655    0.582041  1.30164 	Dead: 0
1.85035   0.180355    0.915567  1.30164 	Dead: 0
1.90149   0.184429    0.936247  1.30164 	Dead: 0
1.86719   0.198819    1.0093    1.30164 	Dead: 0
1.82565   0.178286    0.905062  1.30164 	Dead: 0
1.80607   0.174103    0.88383   1.30164 	Dead: 0
1.7776    0.169228    0.859078  1.30164 	Dead: 0
1.92053   0.202553    1.02825   1.30164 	Dead: 0
1.83635   0.191535    0.972323  1.30164 	Dead: 0
1.85196   0.182368    0.925786  1.30164 	Dead: 0
1.76302   0.162682    0.82585   1.30164 	Dead: 0
1.71224   0.151413    0.768642  1.29548 	Dead: 0
1.58247   0.0843144   0.428019  1.29548 	Dead: 0
1.92438   0.206576    1.04868   1.29548 	Dead: 0
1.85249   0.183817    0.933141  1.29529 	Dead: 0
1.73951   0.176443    0.895707  1.29529 	Dead: 0
1.7681    0.154098    0.782272  1.29529 	Dead: 0
1.83449   0.197748    1.00386   1.29529 	Dead: 0
1.80648   0.180792    0.917784  1.28641 	Dead: 0
1.91899   0.203413    1.03262   1.28501 	Dead: 0
1.83228   0.187139    0.950006  1.26806 	Dead: 0
1.82617   0.172191    0.874123  1.26806 	Dead: 0
1.78796   0.141671    0.719188  1.26806 	Dead: 0
1.74856   0.161199    0.818322  1.23707 	Dead: 0
1.93257   0.217342    1.10333   1.23707 	Dead: 0
1.75233   0.191504    0.972166  1.23707 	Dead: 0
1.82145   0.179281    0.910112  1.23707 	Dead: 0
1.61376   0.120247    0.610429  1.23707 	Dead: 0
1.78061   0.164443    0.834788  1.23707 	Dead: 0
1.77999   0.185003    0.93916   1.23707 	Dead: 0
1.69704   0.162956    0.827239  1.23707 	Dead: 0
1.65699   0.142667    0.724245  1.23707 	Dead: 0
1.61907   0.131023    0.665136  1.23707 	Dead: 0
1.70879   0.173236    0.879429  1.22651 	Dead: 0
1.69945   0.15747     0.79939   1.22651 	Dead: 0
1.49164   0.0780036   0.395982  1.22651 	Dead: 0
1.76214   0.186125    0.944857  1.18617 	Dead: 0
1.69692   0.167432    0.849964  1.18617 	Dead: 0
1.71961   0.164931    0.837267  1.18617 	Dead: 0
1.87081   0.210407    1.06812   1.18617 	Dead: 0
1.7331    0.175556    0.891206  1.18617 	Dead: 0
1.76386   0.183242    0.930223  1.18617 	Dead: 0
1.76385   0.196507    0.997563  1.18617 	Dead: 0
1.77174   0.180901    0.91834   1.18617 	Dead: 0
1.72878   0.166835    0.846932  1.18617 	Dead: 0
1.74795   0.158721    0.805741  1.18617 	Dead: 0
1.78038   0.163728    0.831161  1.18617 	Dead: 0
1.75415   0.185428    0.941319  1.18617 	Dead: 0
1.71674   0.185165    0.939985  1.18617 	Dead: 0
1.68638   0.157478    0.799433  1.18617 	Dead: 0
1.68637   0.141431    0.717967  1.18617 	Dead: 0
1.78187   0.184947    0.938876  1.18617 	Dead: 0
1.72366   0.160321    0.813865  1.18617 	Dead: 0
1.70642   0.171417    0.870193  1.18617 	Dead: 0
1.70654   0.156639    0.795174  1.18617 	Dead: 0
1.70928   0.154566    0.784651  1.18617 	Dead: 0
1.68657   0.167784    0.851752  1.18617 	Dead: 0
1.99809   0.224064    1.13745   1.18617 	Dead: 0
1.74702   0.174873    0.887735  1.18617 	Dead: 0
1.61902   0.144974    0.735957  1.18617 	Dead: 0
