11.2022   0.100372    0.509537  10.0888 	Dead: 0
7.66681   0.0599205   0.304184  6.67177 	Dead: 0
5.75996   0.0650006   0.329973  5.06459 	Dead: 0
4.50023   0.0673296   0.341796  3.9909  	Dead: 0
3.91193   0.0630406   0.320024  3.51842 	Dead: 0
3.4674    0.058084    0.294862  3.08329 	Dead: 0
3.18063   0.0590461   0.299746  2.81119 	Dead: 0
2.97664   0.0460086   0.233561  2.64815 	Dead: 0
2.84809   0.0657727   0.333893  2.46075 	Dead: 0
2.77442   0.0580985   0.294935  2.46075 	Dead: 0
2.66709   0.0541791   0.275038  2.31423 	Dead: 0
2.5882    0.0638769   0.324269  2.25243 	Dead: 0
2.46113   0.0691425   0.351     2.16173 	Dead: 0
2.42091   0.0714929   0.362931  2.0675  	Dead: 0
2.38183   0.0748857   0.380155  2.0675  	Dead: 0
2.33377   0.0764852   0.388274  2.0393  	Dead: 0
2.34756   0.081218    0.4123    2.0393  	Dead: 0
2.28417   0.0523665   0.265837  1.97494 	Dead: 0
2.31601   0.069574    0.35319   1.97494 	Dead: 0
2.301     0.0772101   0.391955  1.88171 	Dead: 0
2.21882   0.0636308   0.32302   1.88171 	Dead: 0
2.24485   0.0707873   0.35935   1.88171 	Dead: 0
2.22793   0.069815    0.354414  1.88171 	Dead: 0
2.25918   0.0852886   0.432965  1.88171 	Dead: 0
2.3091    0.10287     0.522214  1.88171 	Dead: 0
2.21101   0.0718134   0.364558  1.88171 	Dead: 0
2.21974   0.0763749   0.387715  1.88171 	Dead: 0
2.21192   0.0666473   0.338333  1.88171 	Dead: 0
2.22351   0.0683394   0.346923  1.88171 	Dead: 0
2.19235   0.0614929   0.312166  1.88171 	Dead: 0
2.20854   0.0661718   0.335919  1.88171 	Dead: 0
2.20635   0.0735089   0.373165  1.88171 	Dead: 0
2.23124   0.0718267   0.364626  1.88171 	Dead: 0
2.19782   0.0681299   0.345859  1.88171 	Dead: 0
2.12389   0.0416573   0.211472  1.88171 	Dead: 0
2.2665    0.109404    0.555385  1.88171 	Dead: 0
2.22832   0.093969    0.47703   1.88171 	Dead: 0
2.24161   0.0847367   0.430163  1.88171 	Dead: 0
2.1921    0.07979     0.405051  1.88171 	Dead: 0
2.21556   0.0888717   0.451154  1.88171 	Dead: 0
2.21881   0.0764429   0.38806   1.88171 	Dead: 0
2.18397   0.0717821   0.364399  1.88171 	Dead: 0
2.14953   0.0730193   0.37068   1.88171 	Dead: 0
2.21692   0.086195    0.437566  1.85107 	Dead: 0
2.15865   0.0771372   0.391584  1.83946 	Dead: 0
2.19498   0.117365    0.595799  1.82582 	Dead: 0
2.19773   0.0898621   0.456182  1.82582 	Dead: 0
2.08098   0.0642048   0.325933  1.8189  	Dead: 0
2.08294   0.0673153   0.341724  1.8144  	Dead: 0
2.04363   0.0544743   0.276537  1.8144  	Dead: 0
2.21534   0.114041    0.578927  1.8144  	Dead: 0
2.11391   0.0710653   0.360761  1.8144  	Dead: 0
2.12445   0.0694353   0.352486  1.80766 	Dead: 0
2.1078    0.0771819   0.391811  1.80766 	Dead: 0
2.07058   0.066557    0.337874  1.78645 	Dead: 0
2.13994   0.0983307   0.499173  1.78645 	Dead: 0
2.15392   0.0923979   0.469055  1.78645 	Dead: 0
2.13346   0.0831244   0.421978  1.78645 	Dead: 0
2.10363   0.0737397   0.374337  1.78645 	Dead: 0
2.07592   0.0601799   0.305501  1.78645 	Dead: 0
2.10107   0.0732745   0.371976  1.78645 	Dead: 0
2.09455   0.0714738   0.362834  1.78645 	Dead: 0
2.04033   0.0602658   0.305937  1.78645 	Dead: 0
2.14541   0.0929983   0.472103  1.78645 	Dead: 0
2.13198   0.0855095   0.434086  1.78645 	Dead: 0
2.04386   0.0610631   0.309985  1.78645 	Dead: 0
2.12882   0.0904657   0.459246  1.78645 	Dead: 0
2.09922   0.0713595   0.362254  1.78645 	Dead: 0
2.14384   0.0981466   0.498238  1.78645 	Dead: 0
2.07637   0.068225    0.346342  1.77889 	Dead: 0
2.13271   0.0870145   0.441726  1.77889 	Dead: 0
2.09529   0.0699857   0.35528   1.77889 	Dead: 0
2.10902   0.0842626   0.427756  1.77889 	Dead: 0
2.0983    0.0752856   0.382185  1.77889 	Dead: 0
2.08896   0.0732968   0.372089  1.77889 	Dead: 0
2.12108   0.0879482   0.446466  1.77889 	Dead: 0
2.07499   0.071308    0.361992  1.77889 	Dead: 0
2.1275    0.0833943   0.423348  1.77889 	Dead: 0
2.11267   0.0786479   0.399254  1.77889 	Dead: 0
2.06792   0.066012    0.335107  1.77889 	Dead: 0
2.12782   0.0844118   0.428514  1.77889 	Dead: 0
2.13693   0.0928713   0.471458  1.77889 	Dead: 0
2.07837   0.0732834   0.372021  1.75766 	Dead: 0
2.13356   0.0968884   0.491851  1.75766 	Dead: 0
2.12332   0.0824686   0.418649  1.75766 	Dead: 0
2.08573   0.0713877   0.362397  1.75766 	Dead: 0
2.07873   0.075417    0.382852  1.75264 	Dead: 0
2.10554   0.0821353   0.416957  1.75264 	Dead: 0
2.14276   0.0834882   0.423825  1.75129 	Dead: 0
2.05891   0.0858939   0.436037  1.75129 	Dead: 0
2.12157   0.0944754   0.479601  1.75129 	Dead: 0
2.15417   0.110034    0.558586  1.75129 	Dead: 0
2.0876    0.0971381   0.493118  1.75129 	Dead: 0
2.09262   0.0852024   0.432527  1.75129 	Dead: 0
2.02685   0.0563807   0.286215  1.75129 	Dead: 0
2.02179   0.0526128   0.267087  1.75129 	Dead: 0
2.04956   0.0769048   0.390405  1.75129 	Dead: 0
2.09157   0.0990149   0.502646  1.75129 	Dead: 0
2.13665   0.114076    0.579102  1.75129 	Dead: 0
2.05993   0.0773599   0.392715  1.73267 	Dead: 0
2.08431   0.0964291   0.489519  1.73267 	Dead: 0
