7.31303   0.203935    1.03527   5.09982 	Dead: 0
3.59608   0.0753125   0.382322  3.25629 	Dead: 0
3.36457   0.0705268   0.358027  3.01712 	Dead: 0
2.90637   0.0718915   0.364955  2.58438 	Dead: 0
2.66267   0.0295785   0.150154  2.42    	Dead: 0
2.59068   0.0722081   0.366562  2.30327 	Dead: 0
2.51395   0.0468399   0.237781  2.27492 	Dead: 0
2.50726   0.0436802   0.221741  2.15329 	Dead: 0
2.46711   0.0675536   0.342934  2.15329 	Dead: 0
2.41123   0.0709775   0.360315  2.07767 	Dead: 0
2.3204    0.0490263   0.24888   2.02487 	Dead: 0
2.31792   0.0890634   0.452128  2.02487 	Dead: 0
2.33266   0.105387    0.534992  2.02487 	Dead: 0
2.33167   0.0918681   0.466365  2.02487 	Dead: 0
2.32867   0.110128    0.559061  1.98272 	Dead: 0
2.25885   0.0712578   0.361738  1.97905 	Dead: 0
2.22476   0.0468043   0.237601  1.97778 	Dead: 0
2.25771   0.077525    0.393553  1.97778 	Dead: 0
2.22345   0.0618496   0.313977  1.97778 	Dead: 0
2.24456   0.0848519   0.430748  1.95585 	Dead: 0
2.24658   0.0699536   0.355117  1.89954 	Dead: 0
2.18855   0.0400965   0.203549  1.89954 	Dead: 0
2.26088   0.112956    0.573419  1.89954 	Dead: 0
2.2954    0.0978066   0.496512  1.89954 	Dead: 0
2.24077   0.110866    0.562807  1.89954 	Dead: 0
2.20906   0.094067    0.477528  1.89954 	Dead: 0
2.16394   0.0613127   0.311252  1.89954 	Dead: 0
2.17221   0.0750174   0.380823  1.89954 	Dead: 0
2.16919   0.0575051   0.291923  1.89954 	Dead: 0
2.13957   0.0434882   0.220766  1.89954 	Dead: 0
2.12328   0.0457234   0.232113  1.89841 	Dead: 0
2.10624   0.0340544   0.172876  1.89841 	Dead: 0
2.15783   0.0938339   0.476344  1.88664 	Dead: 0
2.157     0.0730462   0.370816  1.86992 	Dead: 0
2.27419   0.142835    0.725095  1.86992 	Dead: 0
2.12604   0.0496538   0.252066  1.86992 	Dead: 0
2.10858   0.0464078   0.235587  1.82986 	Dead: 0
2.15759   0.106555    0.540921  1.82986 	Dead: 0
2.12521   0.0885669   0.449607  1.82986 	Dead: 0
2.28774   0.148648    0.754606  1.78852 	Dead: 0
2.15497   0.119528    0.606782  1.78852 	Dead: 0
2.14424   0.0851739   0.432382  1.78852 	Dead: 0
2.1671    0.115984    0.588791  1.77979 	Dead: 0
2.19303   0.131298    0.666532  1.77979 	Dead: 0
2.13139   0.0905472   0.45966   1.77979 	Dead: 0
2.14468   0.126095    0.640119  1.77979 	Dead: 0
2.02515   0.042945    0.218009  1.77979 	Dead: 0
2.00536   0.0584635   0.296788  1.70863 	Dead: 0
2.01978   0.0938087   0.476217  1.70863 	Dead: 0
2.04658   0.100198    0.508651  1.70863 	Dead: 0
2.01497   0.0847137   0.430046  1.70863 	Dead: 0
1.96949   0.0461421   0.234239  1.70863 	Dead: 0
1.92932   0.0345087   0.175182  1.70107 	Dead: 0
2.01426   0.0730734   0.370955  1.70107 	Dead: 0
2.03188   0.103961    0.527754  1.69385 	Dead: 0
1.95868   0.0580332   0.294604  1.69385 	Dead: 0
1.97947   0.0833109   0.422925  1.69385 	Dead: 0
1.9447    0.0647978   0.328944  1.69385 	Dead: 0
1.95128   0.069451    0.352566  1.64751 	Dead: 0
1.98732   0.119966    0.609003  1.64751 	Dead: 0
1.93761   0.0544578   0.276453  1.64751 	Dead: 0
1.9481    0.0596351   0.302735  1.64751 	Dead: 0
1.92971   0.0489763   0.248627  1.64751 	Dead: 0
1.93246   0.0732796   0.372002  1.64751 	Dead: 0
1.95427   0.0710151   0.360506  1.64751 	Dead: 0
1.9141    0.051211    0.259971  1.64751 	Dead: 0
2.02464   0.114211    0.57979   1.64751 	Dead: 0
1.94581   0.0560786   0.284681  1.64751 	Dead: 0
1.95142   0.0604418   0.306831  1.64751 	Dead: 0
1.9378    0.0787518   0.399781  1.64751 	Dead: 0
1.89207   0.037411    0.189916  1.56709 	Dead: 0
1.92383   0.0652955   0.331471  1.56709 	Dead: 0
2.037     0.127005    0.644739  1.56709 	Dead: 0
2.04644   0.148878    0.755776  1.56709 	Dead: 0
1.995     0.130031    0.660096  1.56709 	Dead: 0
1.91837   0.0847116   0.430036  1.56709 	Dead: 0
1.90525   0.048695    0.247199  1.56709 	Dead: 0
1.93764   0.0801946   0.407105  1.56709 	Dead: 0
1.9371    0.0620031   0.314756  1.56709 	Dead: 0
1.97339   0.120962    0.614061  1.56709 	Dead: 0
1.92032   0.0549967   0.279189  1.56709 	Dead: 0
1.93711   0.0764699   0.388197  1.56709 	Dead: 0
1.87773   0.0493957   0.250756  1.56709 	Dead: 0
1.92379   0.0825337   0.41898   1.56709 	Dead: 0
1.93235   0.0870453   0.441883  1.56709 	Dead: 0
1.95815   0.0989131   0.502129  1.56709 	Dead: 0
1.96188   0.109194    0.554317  1.56709 	Dead: 0
1.89443   0.0508803   0.258292  1.56709 	Dead: 0
1.91111   0.0670923   0.340592  1.56709 	Dead: 0
1.97045   0.107129    0.543835  1.56709 	Dead: 0
1.88707   0.0517798   0.262859  1.56709 	Dead: 0
1.97747   0.124269    0.630848  1.56709 	Dead: 0
1.97009   0.10799     0.548206  1.56709 	Dead: 0
1.86629   0.0378745   0.192268  1.56709 	Dead: 0
1.88694   0.0623235   0.316383  1.56321 	Dead: 0
2.02793   0.139677    0.709067  1.56321 	Dead: 0
1.8667    0.0420322   0.213375  1.56321 	Dead: 0
1.96078   0.108495    0.550771  1.56321 	Dead: 0
1.88375   0.0759215   0.385413  1.56321 	Dead: 0
1.90088   0.0824866   0.418741  1.56321 	Dead: 0
1.88398   0.0818955   0.41574   1.56321 	Dead: 0
