6.26855   0.0784844   0.398423  5.42864 	Dead: 0
4.94417   0.0359761   0.182631  4.648   	Dead: 0
4.8716    0.0401267   0.203702  4.58717 	Dead: 0
4.83732   0.0403618   0.204895  4.47412 	Dead: 0
4.85571   0.0436638   0.221658  4.47412 	Dead: 0
4.84514   0.0454065   0.230505  4.47412 	Dead: 0
4.80964   0.0419567   0.212992  4.45911 	Dead: 0
4.79146   0.0439471   0.223096  4.45911 	Dead: 0
4.75778   0.0381669   0.193753  4.4316  	Dead: 0
4.79167   0.0420363   0.213396  4.4316  	Dead: 0
4.76514   0.0448021   0.227436  4.4316  	Dead: 0
4.71574   0.0338054   0.171612  4.39816 	Dead: 0
4.76603   0.0473372   0.240306  4.39816 	Dead: 0
4.74416   0.0413372   0.209847  4.39816 	Dead: 0
4.71594   0.0385376   0.195635  4.39816 	Dead: 0
4.73077   0.0432672   0.219644  4.38833 	Dead: 0
4.71504   0.040675    0.206485  4.38833 	Dead: 0
4.69557   0.0402762   0.204461  4.38833 	Dead: 0
4.70734   0.0411195   0.208742  4.38045 	Dead: 0
4.69009   0.0398631   0.202363  4.38045 	Dead: 0
4.68114   0.0400729   0.203429  4.38045 	Dead: 0
4.68556   0.0372685   0.189192  4.38045 	Dead: 0
4.66173   0.0370675   0.188172  4.38045 	Dead: 0
4.6721    0.0371683   0.188684  4.38045 	Dead: 0
4.65848   0.0386109   0.196007  4.38045 	Dead: 0
4.6948    0.0440329   0.223531  4.38045 	Dead: 0
4.67502   0.0388638   0.197291  4.38045 	Dead: 0
4.68971   0.042721    0.216872  4.38045 	Dead: 0
4.67252   0.0399196   0.202651  4.38045 	Dead: 0
4.66132   0.0408432   0.207339  4.38045 	Dead: 0
4.65601   0.0428384   0.217468  4.36596 	Dead: 0
4.63978   0.0411791   0.209045  4.36596 	Dead: 0
4.64583   0.0378878   0.192336  4.36596 	Dead: 0
4.62619   0.0384935   0.195411  4.33527 	Dead: 0
4.67316   0.0454361   0.230655  4.33527 	Dead: 0
4.65093   0.0395102   0.200572  4.33527 	Dead: 0
4.63924   0.0383957   0.194914  4.33527 	Dead: 0
4.65138   0.0410657   0.208469  4.32504 	Dead: 0
4.63923   0.0403133   0.204649  4.32504 	Dead: 0
4.62018   0.0367099   0.186357  4.32504 	Dead: 0
4.6255    0.0390494   0.198233  4.32504 	Dead: 0
4.66808   0.04721     0.23966   4.32504 	Dead: 0
4.63275   0.0397528   0.201804  4.32504 	Dead: 0
4.64292   0.0417418   0.211901  4.32504 	Dead: 0
4.62367   0.0354196   0.179807  4.32504 	Dead: 0
4.62807   0.0443334   0.225057  4.32504 	Dead: 0
4.63084   0.0429992   0.218284  4.32056 	Dead: 0
4.61191   0.0409211   0.207735  4.31242 	Dead: 0
4.60217   0.0386104   0.196004  4.31242 	Dead: 0
4.62143   0.0369062   0.187353  4.31242 	Dead: 0
4.6246    0.0397595   0.201838  4.31242 	Dead: 0
4.60837   0.0395261   0.200653  4.31242 	Dead: 0
4.60494   0.0421478   0.213962  4.31242 	Dead: 0
4.63128   0.0406819   0.20652   4.31242 	Dead: 0
4.63998   0.0433519   0.220074  4.31242 	Dead: 0
4.61998   0.0433394   0.220011  4.31242 	Dead: 0
4.61835   0.0420281   0.213354  4.31242 	Dead: 0
4.61673   0.0387087   0.196503  4.31242 	Dead: 0
4.61647   0.0395905   0.20098   4.31242 	Dead: 0
4.63167   0.0462018   0.234542  4.31242 	Dead: 0
4.6015    0.0401672   0.203907  4.27794 	Dead: 0
4.62292   0.0414616   0.210479  4.27794 	Dead: 0
4.59781   0.0421166   0.213804  4.27794 	Dead: 0
4.58987   0.0379419   0.192611  4.27794 	Dead: 0
4.62283   0.0437456   0.222073  4.27794 	Dead: 0
4.61159   0.0417904   0.212148  4.27794 	Dead: 0
4.60688   0.0406901   0.206562  4.27794 	Dead: 0
4.59501   0.0404498   0.205342  4.27794 	Dead: 0
4.61043   0.0403682   0.204928  4.27794 	Dead: 0
4.60821   0.0425397   0.215952  4.27794 	Dead: 0
4.62059   0.0455216   0.231089  4.27794 	Dead: 0
4.59411   0.0421797   0.214124  4.27794 	Dead: 0
4.61864   0.045682    0.231903  4.27794 	Dead: 0
4.59939   0.0414172   0.210253  4.27794 	Dead: 0
4.59782   0.0401791   0.203968  4.27794 	Dead: 0
4.61466   0.0421012   0.213726  4.20375 	Dead: 0
4.59231   0.0387894   0.196913  4.20375 	Dead: 0
4.62574   0.0426935   0.216732  4.20375 	Dead: 0
4.60342   0.0404911   0.205552  4.20375 	Dead: 0
4.61981   0.0401359   0.203749  4.20375 	Dead: 0
4.60599   0.038753    0.196728  4.20375 	Dead: 0
4.61143   0.0427516   0.217027  4.20375 	Dead: 0
4.58715   0.0382264   0.194055  4.20375 	Dead: 0
4.60311   0.0379868   0.192839  4.20375 	Dead: 0
4.60057   0.0407748   0.206992  4.20375 	Dead: 0
4.57311   0.0378768   0.19228   4.20375 	Dead: 0
4.5943    0.0400172   0.203146  4.20375 	Dead: 0
4.58386   0.0392277   0.199138  4.20375 	Dead: 0
4.60677   0.039863    0.202363  4.20375 	Dead: 0
4.59735   0.0415789   0.211074  4.20375 	Dead: 0
4.60696   0.0415486   0.21092   4.20375 	Dead: 0
4.61355   0.039203    0.199013  4.20375 	Dead: 0
4.60482   0.0402908   0.204535  4.20375 	Dead: 0
4.59936   0.0398598   0.202347  4.20375 	Dead: 0
4.60664   0.0409636   0.20795   4.20375 	Dead: 0
4.61733   0.041946    0.212938  4.20375 	Dead: 0
4.56193   0.033128    0.168173  4.20375 	Dead: 0
4.59878   0.0402101   0.204125  4.20375 	Dead: 0
4.58609   0.0366644   0.186125  4.20375 	Dead: 0
4.58016   0.0359844   0.182673  4.20375 	Dead: 0
4.60334   0.0401715   0.203929  4.20375 	Dead: 0
