7.43411   0.137424    0.697627  5.76426 	Dead: 0
5.3057    0.0379685   0.192746  4.85176 	Dead: 0
5.11      0.0432251   0.219431  4.78217 	Dead: 0
5.04834   0.0374571   0.19015   4.75544 	Dead: 0
5.01584   0.0455867   0.231419  4.59262 	Dead: 0
4.97395   0.0429142   0.217852  4.59262 	Dead: 0
4.91539   0.0420673   0.213553  4.51567 	Dead: 0
4.87635   0.0446084   0.226453  4.51567 	Dead: 0
4.83496   0.0469637   0.23841   4.50274 	Dead: 0
4.81267   0.042542    0.215963  4.46473 	Dead: 0
4.79155   0.044569    0.226253  4.45086 	Dead: 0
4.78196   0.0427242   0.216888  4.45086 	Dead: 0
4.74994   0.0452368   0.229643  4.4483  	Dead: 0
4.76585   0.0480139   0.243741  4.3373  	Dead: 0
4.74985   0.0449505   0.22819   4.3373  	Dead: 0
4.72789   0.0424227   0.215358  4.3373  	Dead: 0
4.70928   0.0458461   0.232736  4.30902 	Dead: 0
4.73387   0.0521635   0.264806  4.30902 	Dead: 0
4.72992   0.051718    0.262545  4.30902 	Dead: 0
4.724     0.0502655   0.255171  4.25113 	Dead: 0
4.70671   0.0494188   0.250873  4.25113 	Dead: 0
4.71562   0.0494756   0.251161  4.25113 	Dead: 0
4.71467   0.0493784   0.250668  4.25113 	Dead: 0
4.68049   0.0481954   0.244663  4.25113 	Dead: 0
4.72289   0.0525729   0.266884  4.25113 	Dead: 0
4.71081   0.0514015   0.260938  4.25113 	Dead: 0
4.68239   0.0503687   0.255695  4.25113 	Dead: 0
4.68371   0.0456126   0.231551  4.25113 	Dead: 0
4.6686    0.0497776   0.252694  4.25113 	Dead: 0
4.69356   0.0545587   0.276965  4.25113 	Dead: 0
4.651     0.0495974   0.25178   4.25113 	Dead: 0
4.68499   0.0500297   0.253974  4.25113 	Dead: 0
4.66699   0.0486323   0.24688   4.25113 	Dead: 0
4.65428   0.0484791   0.246103  4.25113 	Dead: 0
4.6987    0.0525645   0.266842  4.25113 	Dead: 0
4.66416   0.0490661   0.249082  4.25113 	Dead: 0
4.66906   0.0470337   0.238765  4.25113 	Dead: 0
4.67665   0.0524203   0.26611   4.25113 	Dead: 0
4.6752    0.0523339   0.265671  4.25113 	Dead: 0
4.67193   0.0564797   0.286717  4.25113 	Dead: 0
4.66619   0.0541348   0.274814  4.25113 	Dead: 0
4.63017   0.0513453   0.260653  4.25113 	Dead: 0
4.64398   0.0483901   0.245651  4.25113 	Dead: 0
4.61568   0.0470705   0.238952  4.25113 	Dead: 0
4.64495   0.0487546   0.247501  4.25113 	Dead: 0
4.65303   0.0569319   0.289013  4.25113 	Dead: 0
4.65332   0.0545935   0.277142  4.25113 	Dead: 0
4.63712   0.0465662   0.236392  4.25113 	Dead: 0
4.63672   0.0505653   0.256693  4.25113 	Dead: 0
4.61817   0.0463428   0.235258  4.25113 	Dead: 0
4.64875   0.0508476   0.258126  4.25113 	Dead: 0
4.66959   0.0501212   0.254438  4.25113 	Dead: 0
4.64946   0.0536077   0.272138  4.25113 	Dead: 0
4.65721   0.0528193   0.268135  4.25113 	Dead: 0
4.63199   0.0525147   0.266589  4.25113 	Dead: 0
4.6259    0.0519531   0.263738  4.1952  	Dead: 0
4.61216   0.0529863   0.268983  4.17718 	Dead: 0
4.59013   0.0485659   0.246543  4.17718 	Dead: 0
4.63088   0.0549467   0.278935  4.17718 	Dead: 0
4.60378   0.0544657   0.276493  4.17718 	Dead: 0
4.61696   0.0573534   0.291153  4.17718 	Dead: 0
4.60745   0.0543476   0.275894  4.17718 	Dead: 0
4.63282   0.0577066   0.292946  4.17718 	Dead: 0
4.59246   0.0472862   0.240047  4.17718 	Dead: 0
4.60372   0.0527692   0.267881  4.16557 	Dead: 0
4.6076    0.0551053   0.27974   4.16557 	Dead: 0
4.59154   0.0485848   0.246639  4.16557 	Dead: 0
4.62529   0.0553817   0.281143  4.16557 	Dead: 0
4.60609   0.0559366   0.28396   4.16557 	Dead: 0
4.56984   0.0495405   0.251491  4.16557 	Dead: 0
4.57889   0.0502124   0.254901  4.16557 	Dead: 0
4.60157   0.0505405   0.256567  4.16557 	Dead: 0
4.60133   0.0518286   0.263106  4.0921  	Dead: 0
4.60503   0.0527962   0.268018  4.0921  	Dead: 0
4.60268   0.058525    0.2971    4.0921  	Dead: 0
4.60657   0.0538621   0.273429  4.0921  	Dead: 0
4.59606   0.0558767   0.283656  4.0921  	Dead: 0
4.57134   0.0542549   0.275423  4.0921  	Dead: 0
4.61713   0.0544803   0.276567  4.0921  	Dead: 0
4.56435   0.048648    0.24696   4.0921  	Dead: 0
4.58144   0.0535631   0.271911  4.0921  	Dead: 0
4.58567   0.0527737   0.267904  4.0921  	Dead: 0
4.56619   0.050628    0.257011  4.0921  	Dead: 0
4.55705   0.0555638   0.282068  4.0921  	Dead: 0
4.58733   0.054797    0.278175  4.0921  	Dead: 0
4.58944   0.0563207   0.28591   4.0921  	Dead: 0
4.60628   0.0630139   0.319888  4.0921  	Dead: 0
4.5507    0.0485731   0.24658   4.0921  	Dead: 0
4.55503   0.0545074   0.276705  4.0921  	Dead: 0
4.5868    0.0584274   0.296605  4.0921  	Dead: 0
4.57617   0.0557832   0.283182  4.0921  	Dead: 0
4.53999   0.0520618   0.26429   4.0921  	Dead: 0
4.5413    0.050969    0.258742  4.0921  	Dead: 0
4.51032   0.0482334   0.244855  4.0921  	Dead: 0
4.58156   0.0547454   0.277913  4.0921  	Dead: 0
4.55097   0.0513864   0.260861  4.0921  	Dead: 0
4.56218   0.0514766   0.261319  4.0921  	Dead: 0
4.57471   0.054442    0.276373  4.0921  	Dead: 0
4.57625   0.0542717   0.275508  4.0921  	Dead: 0
4.5318    0.0484103   0.245753  4.0921  	Dead: 0
4.60425   0.0576841   0.292832  4.0921  	Dead: 0
