0   8.50966   0.174786    0.887294  6.09813 	Dead: 0
1   3.77472   0.110366    0.560267  3.0702  	Dead: 0
2   3.76769   0.126572    0.642537  3.02813 	Dead: 0
3   3.73648   0.119871    0.608519  2.99764 	Dead: 0
4   3.66508   0.10807     0.548613  2.86182 	Dead: 0
5   3.73051   0.145936    0.740837  2.86182 	Dead: 0
6   3.65909   0.120651    0.612482  2.86182 	Dead: 0
7   3.56254   0.109415    0.55544   2.83023 	Dead: 0
8   3.62124   0.126134    0.640316  2.83023 	Dead: 0
9   3.61302   0.116169    0.589727  2.83023 	Dead: 0
10  3.57561   0.109696    0.556866  2.83023 	Dead: 0
11  3.59798   0.11633     0.590544  2.83023 	Dead: 0
12  3.56176   0.112771    0.572478  2.83023 	Dead: 0
13  3.5624    0.112129    0.569219  2.78599 	Dead: 0
14  3.65432   0.124404    0.631532  2.78599 	Dead: 0
15  3.51178   0.120383    0.611121  2.78599 	Dead: 0
16  3.44124   0.083611    0.424448  2.78599 	Dead: 0
17  3.55864   0.131256    0.666318  2.71476 	Dead: 0
18  3.53251   0.115838    0.588049  2.71476 	Dead: 0
19  3.52727   0.116056    0.589156  2.71476 	Dead: 0
20  3.57936   0.149025    0.756521  2.71476 	Dead: 0
21  3.49669   0.113555    0.576456  2.71476 	Dead: 0
22  3.56466   0.125611    0.637662  2.71476 	Dead: 0
23  3.40334   0.112087    0.569004  2.71476 	Dead: 0
24  3.4083    0.11221     0.569633  2.64743 	Dead: 0
25  3.51291   0.12125     0.615523  2.64743 	Dead: 0
26  3.4527    0.125262    0.63589   2.64553 	Dead: 0
27  3.46441   0.129023    0.654982  2.64553 	Dead: 0
28  3.36498   0.114862    0.583094  2.64553 	Dead: 0
29  3.51867   0.159178    0.808061  2.64553 	Dead: 0
30  3.50095   0.130128    0.660589  2.64553 	Dead: 0
31  3.44235   0.107058    0.543474  2.64553 	Dead: 0
32  3.40049   0.115873    0.588223  2.59568 	Dead: 0
33  3.47114   0.125725    0.638238  2.59568 	Dead: 0
34  3.56638   0.149515    0.759007  2.59568 	Dead: 0
35  3.57993   0.147803    0.750315  2.59568 	Dead: 0
36  3.54041   0.125919    0.639222  2.59568 	Dead: 0
37  3.53336   0.139778    0.709579  2.59568 	Dead: 0
38  3.43239   0.127854    0.649045  2.59568 	Dead: 0
39  3.42913   0.122767    0.623224  2.59568 	Dead: 0
40  3.46179   0.137647    0.698762  2.59568 	Dead: 0
41  3.53303   0.147113    0.746817  2.59568 	Dead: 0
42  3.51436   0.15219     0.772588  2.55646 	Dead: 0
43  3.51095   0.154239    0.782988  2.55646 	Dead: 0
44  3.50782   0.141788    0.719783  2.55646 	Dead: 0
45  3.5559    0.175981    0.893363  2.55646 	Dead: 0
46  3.40996   0.124143    0.630207  2.51697 	Dead: 0
47  3.48854   0.14305     0.726187  2.51697 	Dead: 0
48  3.54993   0.160443    0.814484  2.51697 	Dead: 0
49  3.48133   0.144189    0.731971  2.51697 	Dead: 0
50  3.41289   0.133954    0.680012  2.51697 	Dead: 0
51  3.50616   0.166691    0.846204  2.51697 	Dead: 0
52  3.53508   0.167755    0.851604  2.51697 	Dead: 0
53  3.3733    0.127331    0.64639   2.51697 	Dead: 0
54  3.46038   0.136346    0.692154  2.51697 	Dead: 0
55  3.46181   0.149952    0.761225  2.51697 	Dead: 0
56  3.43626   0.148055    0.751598  2.51697 	Dead: 0
57  3.49103   0.136527    0.693074  2.46769 	Dead: 0
58  3.49891   0.15728     0.798427  2.46769 	Dead: 0
59  3.46003   0.180298    0.915276  2.46769 	Dead: 0
60  3.44167   0.130111    0.660504  2.46769 	Dead: 0
61  3.40473   0.131521    0.66766   2.46769 	Dead: 0
62  3.3853    0.12324     0.625624  2.46769 	Dead: 0
63  3.40543   0.155308    0.788414  2.46769 	Dead: 0
64  3.50937   0.152435    0.773831  2.46769 	Dead: 0
65  3.403     0.146227    0.742316  2.46769 	Dead: 0
66  3.45445   0.140828    0.714908  2.46769 	Dead: 0
67  3.56314   0.176653    0.896775  2.46769 	Dead: 0
68  3.49213   0.136564    0.693264  2.43317 	Dead: 0
69  3.46821   0.142939    0.725624  2.43317 	Dead: 0
70  3.50535   0.142575    0.723775  2.43317 	Dead: 0
71  3.43847   0.145247    0.737343  2.43317 	Dead: 0
72  3.45493   0.135463    0.687675  2.43317 	Dead: 0
73  3.4861    0.144714    0.734638  2.43317 	Dead: 0
74  3.34454   0.127204    0.645747  2.43317 	Dead: 0
75  3.50716   0.145507    0.738662  2.43317 	Dead: 0
76  3.40827   0.131513    0.667622  2.43317 	Dead: 0
77  3.5141    0.161214    0.818397  2.42914 	Dead: 0
78  3.51541   0.144399    0.733036  2.42914 	Dead: 0
79  3.44112   0.14096     0.715581  2.42914 	Dead: 0
80  3.48857   0.156383    0.793871  2.42914 	Dead: 0
81  3.49921   0.168702    0.856411  2.42914 	Dead: 0
82  3.44443   0.154794    0.785804  2.42914 	Dead: 0
83  3.51876   0.169232    0.8591    2.42914 	Dead: 0
84  3.41313   0.134115    0.680832  2.42914 	Dead: 0
85  3.51644   0.189195    0.960443  2.42914 	Dead: 0
86  3.38791   0.137124    0.696103  2.42914 	Dead: 0
87  3.36785   0.13363     0.67837   2.42914 	Dead: 0
88  3.41304   0.138738    0.704298  2.42914 	Dead: 0
89  3.36325   0.140285    0.71215   2.42914 	Dead: 0
90  3.39868   0.144992    0.736047  2.42914 	Dead: 0
91  3.54949   0.155482    0.789299  2.42914 	Dead: 0
92  3.55154   0.182828    0.928118  2.42914 	Dead: 0
93  3.48858   0.141071    0.716144  2.42914 	Dead: 0
94  3.52401   0.158728    0.805775  2.42914 	Dead: 0
95  3.55332   0.164147    0.833286  2.42914 	Dead: 0
96  3.461     0.136395    0.692403  2.42914 	Dead: 0
97  3.47097   0.1499      0.760963  2.42914 	Dead: 0
98  3.39406   0.128738    0.653532  2.42914 	Dead: 0
99  3.48433   0.155151    0.787621  2.42914 	Dead: 0
100 3.57499   0.173188    0.879183  2.42914 	Dead: 0
