5.26142   0.104129    0.528608  4.24178 	Dead: 0
3.63307   0.0518205   0.263065  3.22211 	Dead: 0
3.32182   0.0475154   0.24121   2.89062 	Dead: 0
3.16977   0.0458278   0.232643  2.80282 	Dead: 0
3.09614   0.046354    0.235315  2.76651 	Dead: 0
3.06451   0.0431414   0.219006  2.75297 	Dead: 0
3.07114   0.0463767   0.23543   2.70557 	Dead: 0
3.02961   0.0426103   0.21631   2.70557 	Dead: 0
3.03489   0.045776    0.23238   2.70557 	Dead: 0
3.04242   0.0478434   0.242876  2.70557 	Dead: 0
3.05915   0.0471049   0.239126  2.70557 	Dead: 0
3.01035   0.0445861   0.22634   2.70557 	Dead: 0
3.01683   0.0479343   0.243337  2.70557 	Dead: 0
3.02137   0.0525385   0.26671   2.70557 	Dead: 0
3.00019   0.0430072   0.218325  2.70557 	Dead: 0
2.99357   0.0434378   0.220511  2.70557 	Dead: 0
3.02267   0.0448483   0.227671  2.70371 	Dead: 0
3.02811   0.0472129   0.239675  2.63033 	Dead: 0
2.98864   0.0418826   0.212616  2.63033 	Dead: 0
2.99336   0.0434035   0.220337  2.63033 	Dead: 0
2.94306   0.0405354   0.205777  2.63033 	Dead: 0
2.95884   0.0469798   0.238491  2.63033 	Dead: 0
2.97232   0.0511443   0.259632  2.59555 	Dead: 0
2.94955   0.0457948   0.232476  2.59555 	Dead: 0
2.93931   0.0471999   0.239609  2.59555 	Dead: 0
2.95825   0.0513949   0.260904  2.59555 	Dead: 0
2.93545   0.0446842   0.226838  2.56977 	Dead: 0
2.93129   0.0466898   0.237019  2.56977 	Dead: 0
2.8996    0.0451159   0.229029  2.56621 	Dead: 0
2.91851   0.047982    0.243579  2.56621 	Dead: 0
2.8936    0.043388    0.220258  2.56621 	Dead: 0
2.89403   0.0486932   0.247189  2.47082 	Dead: 0
2.85068   0.0472643   0.239936  2.47082 	Dead: 0
2.84281   0.0455804   0.231387  2.47082 	Dead: 0
2.84869   0.047785    0.242579  2.47082 	Dead: 0
2.82778   0.046697    0.237056  2.47082 	Dead: 0
2.87438   0.0496423   0.252007  2.47082 	Dead: 0
2.81186   0.040196    0.204053  2.47082 	Dead: 0
2.8366    0.0468014   0.237586  2.47082 	Dead: 0
2.84044   0.0425392   0.215949  2.47082 	Dead: 0
2.80821   0.0430296   0.218438  2.4399  	Dead: 0
2.85392   0.0531759   0.269946  2.4399  	Dead: 0
2.80441   0.0431905   0.219255  2.4399  	Dead: 0
2.82002   0.0482303   0.24484   2.4399  	Dead: 0
2.8232    0.046458    0.235842  2.4399  	Dead: 0
2.8237    0.0458041   0.232523  2.4399  	Dead: 0
2.82702   0.0510345   0.259075  2.4399  	Dead: 0
2.83189   0.0502363   0.255023  2.4399  	Dead: 0
2.82166   0.0481954   0.244662  2.4399  	Dead: 0
2.80916   0.0489671   0.24858   2.4399  	Dead: 0
2.81827   0.0483392   0.245392  2.4399  	Dead: 0
2.78913   0.043253    0.219572  2.41209 	Dead: 0
2.81722   0.0487295   0.247374  2.41209 	Dead: 0
2.8318    0.0534089   0.271129  2.41209 	Dead: 0
2.83943   0.0502623   0.255155  2.41209 	Dead: 0
2.81928   0.0461719   0.23439   2.41209 	Dead: 0
2.78796   0.0459767   0.233399  2.41209 	Dead: 0
2.81412   0.0465717   0.236419  2.41209 	Dead: 0
2.83725   0.0494685   0.251125  2.41209 	Dead: 0
2.82913   0.0470115   0.238652  2.41209 	Dead: 0
2.82788   0.0463593   0.235341  2.41209 	Dead: 0
2.83112   0.0506293   0.257018  2.41209 	Dead: 0
2.83101   0.0532836   0.270492  2.41209 	Dead: 0
2.83102   0.0506128   0.256934  2.41209 	Dead: 0
2.80317   0.0483565   0.24548   2.41209 	Dead: 0
2.80674   0.0504947   0.256335  2.41209 	Dead: 0
2.81083   0.0529609   0.268854  2.41209 	Dead: 0
2.77601   0.0555099   0.281794  2.41209 	Dead: 0
2.82456   0.0541192   0.274734  2.41209 	Dead: 0
2.78618   0.0465077   0.236095  2.41209 	Dead: 0
2.77241   0.0441848   0.224303  2.41209 	Dead: 0
2.77766   0.0472596   0.239912  2.41209 	Dead: 0
2.78878   0.0525824   0.266933  2.37709 	Dead: 0
2.76098   0.045333    0.230132  2.37709 	Dead: 0
2.76826   0.0491676   0.249598  2.37709 	Dead: 0
2.77011   0.0449152   0.22801   2.37709 	Dead: 0
2.74193   0.0406373   0.206294  2.37709 	Dead: 0
2.76756   0.0485489   0.246457  2.37709 	Dead: 0
2.80681   0.0561092   0.284836  2.37709 	Dead: 0
2.82168   0.0553071   0.280765  2.37709 	Dead: 0
2.75513   0.0428553   0.217553  2.37709 	Dead: 0
2.78183   0.047555    0.241411  2.37709 	Dead: 0
2.77723   0.0495181   0.251377  2.37709 	Dead: 0
2.74038   0.0443394   0.225087  2.37709 	Dead: 0
2.76693   0.0496627   0.252111  2.37709 	Dead: 0
2.74829   0.0468534   0.23785   2.37709 	Dead: 0
2.72666   0.0411436   0.208864  2.37709 	Dead: 0
2.76188   0.0473494   0.240368  2.37709 	Dead: 0
2.76674   0.0452764   0.229844  2.37709 	Dead: 0
2.76503   0.0444937   0.225871  2.37709 	Dead: 0
2.75815   0.0447699   0.227273  2.37709 	Dead: 0
2.75905   0.047669    0.24199   2.37377 	Dead: 0
2.74465   0.0440773   0.223757  2.37377 	Dead: 0
2.75132   0.0446245   0.226535  2.37377 	Dead: 0
2.72695   0.0433593   0.220112  2.37377 	Dead: 0
2.73925   0.0464831   0.23597   2.37377 	Dead: 0
2.74047   0.0504319   0.256016  2.37377 	Dead: 0
2.71152   0.0428694   0.217625  2.37377 	Dead: 0
2.72184   0.0462395   0.234733  2.37377 	Dead: 0
2.74521   0.0550532   0.279476  2.37377 	Dead: 0
2.6794    0.0448886   0.227876  2.37377 	Dead: 0
