5.26266   0.104627    0.531134  4.14042 	Dead: 0
3.89047   0.0497383   0.252495  3.44553 	Dead: 0
3.49925   0.0556317   0.282413  3.00026 	Dead: 0
3.3713    0.0596572   0.302848  2.76339 	Dead: 0
3.11662   0.0432029   0.219318  2.71604 	Dead: 0
3.04829   0.0462636   0.234856  2.71604 	Dead: 0
2.99554   0.0413096   0.209707  2.63037 	Dead: 0
3.01938   0.0472981   0.240107  2.63037 	Dead: 0
3.00545   0.0485427   0.246426  2.61774 	Dead: 0
2.98924   0.0463683   0.235387  2.61774 	Dead: 0
2.98311   0.0494087   0.250822  2.61774 	Dead: 0
2.9565    0.0463326   0.235206  2.59415 	Dead: 0
2.95522   0.0457519   0.232258  2.59415 	Dead: 0
2.94369   0.0471904   0.239561  2.59415 	Dead: 0
2.88221   0.0387375   0.19665   2.56119 	Dead: 0
2.92436   0.0453387   0.23016   2.56119 	Dead: 0
2.89996   0.043477    0.22071   2.56119 	Dead: 0
2.87776   0.048222    0.244797  2.53785 	Dead: 0
2.86976   0.0414586   0.210463  2.53785 	Dead: 0
2.90189   0.0491056   0.249283  2.53785 	Dead: 0
2.88019   0.0446612   0.226721  2.51854 	Dead: 0
2.85704   0.0402908   0.204535  2.51854 	Dead: 0
2.88901   0.0445138   0.225973  2.51854 	Dead: 0
2.8513    0.0431216   0.218905  2.51854 	Dead: 0
2.85616   0.0403416   0.204793  2.51854 	Dead: 0
2.87116   0.0438351   0.222527  2.51854 	Dead: 0
2.85432   0.0456607   0.231795  2.51854 	Dead: 0
2.8553    0.0384289   0.195083  2.51854 	Dead: 0
2.86186   0.0402323   0.204238  2.51854 	Dead: 0
2.85863   0.0423176   0.214824  2.51854 	Dead: 0
2.88655   0.0468976   0.238074  2.51854 	Dead: 0
2.84585   0.0440697   0.223718  2.51854 	Dead: 0
2.85957   0.0436265   0.221468  2.51854 	Dead: 0
2.8521    0.0414218   0.210277  2.51854 	Dead: 0
2.85507   0.0458047   0.232526  2.51552 	Dead: 0
2.89176   0.0493261   0.250402  2.51552 	Dead: 0
2.87069   0.0444755   0.225779  2.49657 	Dead: 0
2.86411   0.0450803   0.228849  2.49657 	Dead: 0
2.85644   0.0487622   0.24754   2.49657 	Dead: 0
2.82888   0.0414317   0.210327  2.49657 	Dead: 0
2.85381   0.0436182   0.221426  2.49657 	Dead: 0
2.88912   0.0493488   0.250518  2.49657 	Dead: 0
2.8498    0.0434484   0.220564  2.49657 	Dead: 0
2.86058   0.0486278   0.246857  2.49657 	Dead: 0
2.8412    0.0438891   0.222802  2.49657 	Dead: 0
2.85677   0.0450183   0.228534  2.49657 	Dead: 0
2.83421   0.0415522   0.210939  2.49657 	Dead: 0
2.87134   0.0467168   0.237156  2.45913 	Dead: 0
2.86758   0.0524805   0.266416  2.45913 	Dead: 0
2.84982   0.0477206   0.242252  2.45913 	Dead: 0
2.87021   0.04837     0.245549  2.45913 	Dead: 0
2.84549   0.0417355   0.211869  2.45913 	Dead: 0
2.83648   0.0434441   0.220543  2.45913 	Dead: 0
2.86537   0.0460355   0.233698  2.45913 	Dead: 0
2.83883   0.042406    0.215273  2.45913 	Dead: 0
2.82497   0.0441108   0.223927  2.45913 	Dead: 0
2.85003   0.0460345   0.233693  2.45913 	Dead: 0
2.82413   0.0436689   0.221684  2.45913 	Dead: 0
2.82998   0.0451395   0.229149  2.45913 	Dead: 0
2.85364   0.0474293   0.240773  2.45913 	Dead: 0
2.82739   0.048282    0.245102  2.45913 	Dead: 0
2.85697   0.0475509   0.24139   2.45913 	Dead: 0
2.82192   0.0477155   0.242226  2.45913 	Dead: 0
2.83525   0.0474932   0.241098  2.45913 	Dead: 0
2.83413   0.0423902   0.215193  2.45913 	Dead: 0
2.83874   0.0467031   0.237087  2.45913 	Dead: 0
2.85223   0.0490957   0.249232  2.45913 	Dead: 0
2.82584   0.0447023   0.22693   2.45913 	Dead: 0
2.83557   0.0434844   0.220747  2.45913 	Dead: 0
2.86633   0.049077    0.249138  2.45913 	Dead: 0
2.82029   0.0440713   0.223727  2.45913 	Dead: 0
2.83946   0.0437258   0.221973  2.45913 	Dead: 0
2.82487   0.047737    0.242335  2.45913 	Dead: 0
2.83993   0.043415    0.220395  2.45913 	Dead: 0
2.81203   0.0433102   0.219863  2.45723 	Dead: 0
2.77577   0.0413338   0.209829  2.45723 	Dead: 0
2.80414   0.0459525   0.233276  2.43448 	Dead: 0
2.83748   0.0510833   0.259322  2.43448 	Dead: 0
2.837     0.0473886   0.240567  2.43448 	Dead: 0
2.83407   0.0476373   0.241829  2.43448 	Dead: 0
2.83391   0.044068    0.22371   2.43448 	Dead: 0
2.81655   0.0430176   0.218377  2.43448 	Dead: 0
2.81188   0.0411104   0.208696  2.42363 	Dead: 0
2.82749   0.0488795   0.248135  2.42363 	Dead: 0
2.78305   0.0424351   0.21542   2.42363 	Dead: 0
2.81722   0.0484333   0.24587   2.42363 	Dead: 0
2.81541   0.0478754   0.243038  2.42363 	Dead: 0
2.81582   0.0482424   0.244901  2.42363 	Dead: 0
2.82771   0.0448655   0.227758  2.42363 	Dead: 0
2.85256   0.0515378   0.26163   2.42363 	Dead: 0
2.80334   0.0479507   0.24342   2.41286 	Dead: 0
2.82421   0.0482913   0.245149  2.41286 	Dead: 0
2.79389   0.0432694   0.219656  2.41286 	Dead: 0
2.78367   0.0426998   0.216764  2.41286 	Dead: 0
2.78044   0.0433863   0.220249  2.41286 	Dead: 0
2.76459   0.0407944   0.207091  2.41286 	Dead: 0
2.83503   0.0528636   0.26836   2.41286 	Dead: 0
2.79161   0.0470926   0.239064  2.41286 	Dead: 0
2.79082   0.0468529   0.237847  2.41286 	Dead: 0
2.78636   0.0436865   0.221773  2.41286 	Dead: 0
2.80933   0.0498337   0.252979  2.41286 	Dead: 0
