10.6919   0.127049    0.644959  9.19722 	Dead: 0
8.67967   0.0594141   0.301614  7.95007 	Dead: 0
8.38728   0.0638543   0.324154  7.72229 	Dead: 0
7.76776   0.0685448   0.347966  7.01919 	Dead: 0
7.59129   0.0795201   0.403681  6.6535  	Dead: 0
7.03743   0.0919121   0.466589  6.19942 	Dead: 0
6.95204   0.0891617   0.452626  6.19942 	Dead: 0
6.95231   0.0928131   0.471163  6.19942 	Dead: 0
6.92173   0.0910168   0.462044  6.19942 	Dead: 0
6.90518   0.0949765   0.482145  6.19942 	Dead: 0
6.84081   0.0930655   0.472444  6.03958 	Dead: 0
6.79641   0.0897392   0.455558  5.98462 	Dead: 0
6.7166    0.0932964   0.473616  5.98462 	Dead: 0
6.72136   0.100618    0.510785  5.98462 	Dead: 0
6.72662   0.0958646   0.486653  5.98462 	Dead: 0
6.70819   0.099864    0.506956  5.98462 	Dead: 0
6.67716   0.0959136   0.486902  5.60692 	Dead: 0
6.22958   0.0746226   0.378819  5.60692 	Dead: 0
6.07892   0.0855853   0.434471  5.17647 	Dead: 0
5.01832   0.0434042   0.22034   4.56804 	Dead: 0
4.95303   0.0666756   0.338477  4.39897 	Dead: 0
4.89658   0.0758619   0.38511   4.39897 	Dead: 0
4.84894   0.074722    0.379324  4.39897 	Dead: 0
4.81399   0.0576665   0.292742  4.39897 	Dead: 0
4.82558   0.0747519   0.379476  4.39897 	Dead: 0
4.77012   0.0589353   0.299183  4.33306 	Dead: 0
4.80855   0.0866499   0.439875  4.33306 	Dead: 0
4.69632   0.0670441   0.340347  4.31988 	Dead: 0
4.64744   0.0479123   0.243225  4.2175  	Dead: 0
4.65364   0.0738644   0.37497   4.2175  	Dead: 0
4.59161   0.046194    0.234502  4.2175  	Dead: 0
4.62159   0.0789409   0.400741  4.15635 	Dead: 0
4.57539   0.0572448   0.290601  4.12935 	Dead: 0
4.57185   0.0673281   0.341789  4.12935 	Dead: 0
4.54814   0.0626024   0.317799  4.02077 	Dead: 0
4.53414   0.0659118   0.334599  4.02077 	Dead: 0
4.51032   0.0493167   0.250354  4.02077 	Dead: 0
4.46779   0.0498354   0.252988  4.02077 	Dead: 0
4.46976   0.0621874   0.315692  4.02077 	Dead: 0
4.404     0.0561672   0.285131  4.02077 	Dead: 0
4.43329   0.0553368   0.280915  4.02077 	Dead: 0
4.47134   0.0839696   0.426269  4.02077 	Dead: 0
4.41501   0.0596476   0.302799  4.02077 	Dead: 0
4.39823   0.0536283   0.272242  3.97078 	Dead: 0
4.41773   0.0754482   0.38301   3.97078 	Dead: 0
4.37379   0.0626981   0.318285  3.97078 	Dead: 0
4.37334   0.0572509   0.290632  3.97078 	Dead: 0
4.40186   0.0638834   0.324302  3.97078 	Dead: 0
4.38619   0.0676978   0.343666  3.97078 	Dead: 0
4.3974    0.0690015   0.350284  3.93909 	Dead: 0
4.3548    0.0545156   0.276747  3.93909 	Dead: 0
4.37086   0.0586129   0.297546  3.93909 	Dead: 0
4.41432   0.0893552   0.453609  3.93909 	Dead: 0
4.36409   0.0581756   0.295327  3.93909 	Dead: 0
4.36775   0.0617839   0.313644  3.93909 	Dead: 0
4.40622   0.0636599   0.323167  3.93909 	Dead: 0
4.32552   0.0625283   0.317423  3.8993  	Dead: 0
4.28353   0.0528391   0.268236  3.8993  	Dead: 0
4.28969   0.0667337   0.338771  3.77262 	Dead: 0
4.29754   0.0722375   0.366711  3.77262 	Dead: 0
4.32422   0.0784774   0.398388  3.77262 	Dead: 0
4.31743   0.0815385   0.413927  3.77262 	Dead: 0
4.28121   0.0802372   0.407321  3.77262 	Dead: 0
4.22422   0.0652395   0.331186  3.77262 	Dead: 0
4.23986   0.0684371   0.347419  3.70455 	Dead: 0
4.22642   0.0783729   0.397857  3.70455 	Dead: 0
4.19261   0.0588132   0.298563  3.70455 	Dead: 0
4.25031   0.0844235   0.428573  3.70455 	Dead: 0
4.21735   0.0699973   0.355339  3.70455 	Dead: 0
4.19007   0.0497054   0.252328  3.70455 	Dead: 0
4.18758   0.062253    0.316025  3.70455 	Dead: 0
4.23006   0.0757041   0.38431   3.70455 	Dead: 0
4.1995    0.0758976   0.385292  3.70455 	Dead: 0
4.1696    0.0652048   0.33101   3.70455 	Dead: 0
4.14489   0.0507752   0.257759  3.70455 	Dead: 0
4.15731   0.0620294   0.31489   3.70455 	Dead: 0
4.22569   0.0771818   0.391811  3.70455 	Dead: 0
4.16572   0.0711063   0.360969  3.70127 	Dead: 0
4.14831   0.0767784   0.389763  3.70127 	Dead: 0
4.13776   0.0769809   0.390791  3.66202 	Dead: 0
4.11257   0.0850199   0.4316    3.64032 	Dead: 0
4.06568   0.0898845   0.456296  3.52018 	Dead: 0
4.03192   0.0839781   0.426312  3.52018 	Dead: 0
3.96845   0.065761    0.333834  3.52018 	Dead: 0
3.91846   0.0707422   0.35912   3.33688 	Dead: 0
3.97085   0.114679    0.582165  3.33688 	Dead: 0
3.8543    0.106011    0.538162  3.33688 	Dead: 0
3.77093   0.0647202   0.32855   3.29861 	Dead: 0
3.73267   0.0724055   0.367564  3.29861 	Dead: 0
3.78025   0.0863024   0.438111  3.29861 	Dead: 0
3.74727   0.0801559   0.406909  3.29861 	Dead: 0
3.76361   0.0946921   0.480701  3.29861 	Dead: 0
3.73909   0.0831052   0.421881  3.29861 	Dead: 0
3.65162   0.0505346   0.256537  3.1841  	Dead: 0
3.66697   0.0647759   0.328833  3.1841  	Dead: 0
3.66311   0.0590641   0.299837  3.1841  	Dead: 0
3.71446   0.0723595   0.367331  3.1841  	Dead: 0
3.75632   0.0819136   0.415831  3.1841  	Dead: 0
3.72628   0.0821119   0.416838  3.1841  	Dead: 0
3.71764   0.0829472   0.421079  3.1841  	Dead: 0
3.74418   0.100935    0.512393  3.1841  	Dead: 0
