9.57801   0.0619246   0.314358  8.99503 	Dead: 0
8.6448    0.0536378   0.272291  8.19311 	Dead: 0
8.37532   0.0567623   0.288152  7.77949 	Dead: 0
8.31539   0.0564414   0.286523  7.77949 	Dead: 0
8.26618   0.0656487   0.333263  7.5224  	Dead: 0
8.20382   0.0634721   0.322214  7.47684 	Dead: 0
8.21561   0.0647058   0.328477  7.47684 	Dead: 0
8.22069   0.0702082   0.35641   7.47684 	Dead: 0
8.25793   0.0709081   0.359963  7.47684 	Dead: 0
8.21408   0.0669949   0.340098  7.47684 	Dead: 0
8.21345   0.0721452   0.366243  7.47684 	Dead: 0
8.17966   0.0664376   0.337268  7.47684 	Dead: 0
8.17939   0.0679406   0.344898  7.47684 	Dead: 0
8.19076   0.0695389   0.353012  7.47684 	Dead: 0
8.17685   0.070224    0.35649   7.47684 	Dead: 0
8.17233   0.07578     0.384694  7.47684 	Dead: 0
8.16736   0.0775926   0.393896  7.47684 	Dead: 0
8.16903   0.0735648   0.373449  7.47684 	Dead: 0
8.18672   0.0736672   0.373969  7.47684 	Dead: 0
8.15192   0.0702576   0.35666   7.47684 	Dead: 0
8.13769   0.0674339   0.342326  7.47684 	Dead: 0
8.14867   0.0701508   0.356118  7.47684 	Dead: 0
8.07189   0.0638717   0.324243  7.47684 	Dead: 0
8.10121   0.0661949   0.336036  7.47684 	Dead: 0
8.09353   0.0695737   0.353189  7.47684 	Dead: 0
8.07959   0.0667846   0.33903   7.47684 	Dead: 0
8.10509   0.0701514   0.356121  7.47684 	Dead: 0
8.08711   0.0654869   0.332442  7.47684 	Dead: 0
8.10153   0.0712681   0.36179   7.47684 	Dead: 0
8.15603   0.0805605   0.408963  7.47684 	Dead: 0
8.05689   0.0693155   0.351878  7.47684 	Dead: 0
8.09768   0.0717692   0.364334  7.47684 	Dead: 0
8.10582   0.0702474   0.356609  7.47684 	Dead: 0
8.11891   0.0724016   0.367544  7.47684 	Dead: 0
8.07682   0.0694454   0.352537  7.47684 	Dead: 0
8.06293   0.0672867   0.341579  7.47684 	Dead: 0
8.04424   0.0679604   0.344998  7.47684 	Dead: 0
8.04674   0.071344    0.362175  7.47684 	Dead: 0
8.04953   0.0662265   0.336197  7.47684 	Dead: 0
8.08846   0.0704016   0.357391  7.47684 	Dead: 0
8.06307   0.0687477   0.348995  7.47684 	Dead: 0
8.10368   0.0697368   0.354017  7.47684 	Dead: 0
8.08932   0.06615     0.335808  7.47684 	Dead: 0
8.03964   0.0710401   0.360633  7.47684 	Dead: 0
8.06347   0.0711947   0.361417  7.47684 	Dead: 0
8.08929   0.0712706   0.361803  7.47684 	Dead: 0
8.03248   0.0678581   0.344479  7.40618 	Dead: 0
8.09022   0.0705158   0.357971  7.40618 	Dead: 0
8.06338   0.06861     0.348297  7.40618 	Dead: 0
8.07814   0.0709303   0.360075  7.40618 	Dead: 0
8.11137   0.0790168   0.401126  7.40618 	Dead: 0
8.03993   0.0712034   0.361462  7.40618 	Dead: 0
8.06746   0.0779789   0.395857  7.40618 	Dead: 0
8.03293   0.0669757   0.34      7.40618 	Dead: 0
8.02766   0.0742002   0.376675  7.35766 	Dead: 0
8.02994   0.0701978   0.356357  7.35766 	Dead: 0
8.06941   0.074899    0.380222  7.35766 	Dead: 0
8.00169   0.0657612   0.333835  7.35766 	Dead: 0
8.01536   0.0665331   0.337753  7.35766 	Dead: 0
8.07372   0.0746721   0.379071  7.35766 	Dead: 0
8.01525   0.0704914   0.357847  7.35766 	Dead: 0
8.03069   0.0719742   0.365375  7.35766 	Dead: 0
8.01337   0.0666858   0.338528  7.35766 	Dead: 0
7.98782   0.0658486   0.334278  7.35766 	Dead: 0
8.02761   0.0707023   0.358918  7.35766 	Dead: 0
8.06329   0.0727972   0.369553  7.35766 	Dead: 0
8.03431   0.0725349   0.368221  7.35766 	Dead: 0
8.03299   0.0691406   0.35099   7.35766 	Dead: 0
8.02822   0.074359    0.377481  7.32447 	Dead: 0
7.99548   0.0665868   0.338026  7.32447 	Dead: 0
7.9959    0.0694666   0.352645  7.32447 	Dead: 0
7.97498   0.0709156   0.360001  7.32447 	Dead: 0
7.96806   0.0688382   0.349455  7.32447 	Dead: 0
8.04281   0.0776774   0.394327  7.32447 	Dead: 0
7.98231   0.0727804   0.369467  7.32447 	Dead: 0
7.99481   0.0703698   0.35723   7.32447 	Dead: 0
7.97145   0.0673925   0.342116  7.32447 	Dead: 0
8.00123   0.0759546   0.385581  7.32447 	Dead: 0
7.99254   0.073111    0.371145  7.32447 	Dead: 0
7.99437   0.0712398   0.361646  7.32447 	Dead: 0
7.94552   0.0649545   0.329739  7.32447 	Dead: 0
7.98689   0.0720284   0.36565   7.15592 	Dead: 0
7.9874    0.0766112   0.388914  7.15592 	Dead: 0
7.96614   0.0757537   0.384561  7.15592 	Dead: 0
7.95906   0.0740654   0.375991  7.15592 	Dead: 0
7.97649   0.0712662   0.36178   7.15592 	Dead: 0
7.98597   0.0753526   0.382525  7.15592 	Dead: 0
7.98126   0.0696738   0.353697  7.15592 	Dead: 0
7.9558    0.0704586   0.357681  7.15592 	Dead: 0
7.94867   0.0749886   0.380677  7.15592 	Dead: 0
7.92079   0.0747822   0.379629  7.15592 	Dead: 0
7.89513   0.0729892   0.370527  7.15592 	Dead: 0
7.90244   0.0667486   0.338847  7.15592 	Dead: 0
7.9227    0.0738015   0.374651  7.15592 	Dead: 0
7.92731   0.0749325   0.380392  7.15592 	Dead: 0
7.94031   0.0746887   0.379155  7.15592 	Dead: 0
7.89123   0.0692124   0.351355  7.15592 	Dead: 0
7.90833   0.0725487   0.368291  7.15592 	Dead: 0
7.90586   0.0739538   0.375424  7.15592 	Dead: 0
7.89573   0.0727402   0.369263  7.15592 	Dead: 0
7.91117   0.0759463   0.385539  7.15592 	Dead: 0
