9.58583   0.0604748   0.306998  8.80637 	Dead: 0
8.71733   0.0577195   0.293011  8.25212 	Dead: 0
8.44444   0.0467941   0.237549  7.92196 	Dead: 0
8.32579   0.0581018   0.294952  7.65103 	Dead: 0
8.27023   0.0556016   0.28226   7.65103 	Dead: 0
8.23832   0.0531781   0.269957  7.65103 	Dead: 0
8.17796   0.0597611   0.303375  7.43027 	Dead: 0
8.01367   0.05658     0.287227  7.43027 	Dead: 0
7.97339   0.0591012   0.300025  7.43027 	Dead: 0
7.97879   0.0641788   0.325802  7.43027 	Dead: 0
7.94924   0.0575295   0.292047  7.43027 	Dead: 0
7.92628   0.0568891   0.288796  7.43027 	Dead: 0
7.91425   0.0575025   0.291909  7.29941 	Dead: 0
7.8629    0.0585223   0.297087  7.29941 	Dead: 0
7.88128   0.0578899   0.293876  7.29941 	Dead: 0
7.81275   0.0569615   0.289163  7.29941 	Dead: 0
7.83162   0.0657369   0.333711  7.28901 	Dead: 0
7.79063   0.0551768   0.280103  7.28901 	Dead: 0
7.81229   0.0577946   0.293393  7.28901 	Dead: 0
7.77735   0.0591457   0.300251  7.19552 	Dead: 0
7.78839   0.0684198   0.347331  7.19552 	Dead: 0
7.76749   0.0621665   0.315586  7.19552 	Dead: 0
7.74458   0.0622027   0.31577   7.19552 	Dead: 0
7.77135   0.0727002   0.36906   7.19552 	Dead: 0
7.73725   0.0634156   0.321927  7.19552 	Dead: 0
7.75554   0.06358     0.322762  7.19552 	Dead: 0
7.73876   0.0701747   0.356239  7.1934  	Dead: 0
7.75384   0.069272    0.351657  7.1934  	Dead: 0
7.69675   0.0597426   0.303281  7.1934  	Dead: 0
7.73096   0.0701045   0.355883  7.1934  	Dead: 0
7.73125   0.0642731   0.32628   7.1934  	Dead: 0
7.70839   0.0587798   0.298394  7.1934  	Dead: 0
7.70401   0.0624378   0.316964  7.1934  	Dead: 0
7.7337    0.0666618   0.338406  7.1934  	Dead: 0
7.75578   0.0727311   0.369217  7.1934  	Dead: 0
7.67834   0.0616309   0.312867  7.1934  	Dead: 0
7.73839   0.0652398   0.331188  7.1934  	Dead: 0
7.7247    0.0662869   0.336503  7.1934  	Dead: 0
7.73189   0.0680119   0.34526   7.1934  	Dead: 0
7.73504   0.062525    0.317406  7.1877  	Dead: 0
7.71884   0.0634284   0.321992  7.1877  	Dead: 0
7.70658   0.0630367   0.320004  7.1877  	Dead: 0
7.70526   0.0683597   0.347026  7.1877  	Dead: 0
7.70688   0.0622791   0.316158  7.1877  	Dead: 0
7.73407   0.0695766   0.353203  7.16574 	Dead: 0
7.71009   0.0684451   0.347459  6.92832 	Dead: 0
7.71153   0.0639886   0.324836  6.92832 	Dead: 0
7.68781   0.0625419   0.317492  6.92832 	Dead: 0
7.68242   0.0637187   0.323466  6.92832 	Dead: 0
7.68229   0.0616029   0.312725  6.92832 	Dead: 0
7.70448   0.0711053   0.360964  6.92832 	Dead: 0
7.71944   0.0660546   0.335324  6.92832 	Dead: 0
7.71709   0.0677647   0.344005  6.92832 	Dead: 0
7.70803   0.0684818   0.347646  6.92832 	Dead: 0
7.71435   0.0695982   0.353313  6.92832 	Dead: 0
7.68399   0.0704288   0.35753   6.92832 	Dead: 0
7.68175   0.068473    0.347601  6.92832 	Dead: 0
7.66624   0.0656366   0.333202  6.92832 	Dead: 0
7.66256   0.0631691   0.320676  6.92832 	Dead: 0
7.70072   0.0686676   0.348589  6.92832 	Dead: 0
7.71049   0.071197    0.361429  6.92832 	Dead: 0
7.66479   0.0662166   0.336146  6.92832 	Dead: 0
7.69919   0.0677206   0.343781  6.92832 	Dead: 0
7.63804   0.0663628   0.336889  6.92832 	Dead: 0
7.65553   0.066113    0.335621  6.92832 	Dead: 0
7.66014   0.0627302   0.318448  6.92832 	Dead: 0
7.69508   0.0757041   0.384309  6.92832 	Dead: 0
7.68669   0.0687509   0.349012  6.92832 	Dead: 0
7.64727   0.0681897   0.346163  6.92832 	Dead: 0
7.65395   0.0692351   0.35147   6.92832 	Dead: 0
7.69746   0.0719034   0.365015  6.92832 	Dead: 0
7.63758   0.0680162   0.345282  6.92832 	Dead: 0
7.65708   0.0685219   0.347849  6.92832 	Dead: 0
7.64493   0.0754262   0.382899  6.92832 	Dead: 0
7.67771   0.0758029   0.384811  6.92832 	Dead: 0
7.66202   0.0673522   0.341911  6.92832 	Dead: 0
7.64861   0.0692765   0.35168   6.92832 	Dead: 0
7.70134   0.0706697   0.358753  6.92832 	Dead: 0
7.66758   0.0695036   0.352833  6.92832 	Dead: 0
7.64996   0.0696305   0.353477  6.92832 	Dead: 0
7.67057   0.0763654   0.387666  6.92832 	Dead: 0
7.65524   0.0703377   0.357067  6.92832 	Dead: 0
7.63941   0.0648429   0.329173  6.92832 	Dead: 0
7.66755   0.0714989   0.362962  6.92832 	Dead: 0
7.62521   0.0668658   0.339442  6.92832 	Dead: 0
7.65126   0.0685457   0.34797   6.92832 	Dead: 0
7.62876   0.0690704   0.350634  6.92832 	Dead: 0
7.62313   0.0650642   0.330296  6.92832 	Dead: 0
7.64552   0.0704173   0.357471  6.92832 	Dead: 0
7.67222   0.0727865   0.369498  6.92832 	Dead: 0
7.66579   0.0741476   0.376408  6.92832 	Dead: 0
7.69564   0.0729472   0.370314  6.92832 	Dead: 0
7.65723   0.0721124   0.366076  6.92832 	Dead: 0
7.62926   0.0671909   0.341092  6.92832 	Dead: 0
7.6495    0.0730109   0.370638  6.92832 	Dead: 0
7.64856   0.0744497   0.377941  6.92832 	Dead: 0
7.65968   0.0772074   0.391941  6.92832 	Dead: 0
7.67624   0.0773975   0.392906  6.92832 	Dead: 0
7.65794   0.075999    0.385806  6.87648 	Dead: 0
7.65109   0.0721502   0.366268  6.87648 	Dead: 0
7.63307   0.0720515   0.365767  6.87648 	Dead: 0
