6.251     0.275032    1.39619   3.7764  	Dead: 0
2.53143   0.033285    0.16897   2.23104 	Dead: 0
2.27692   0.0309373   0.157052  2.03438 	Dead: 0
2.22866   0.0432301   0.219456  1.98052 	Dead: 0
2.24029   0.0534981   0.271581  1.90648 	Dead: 0
2.22051   0.0448876   0.22787   1.90648 	Dead: 0
2.16735   0.0296626   0.150581  1.90648 	Dead: 0
2.18559   0.0502973   0.255332  1.8596  	Dead: 0
2.1601    0.0752506   0.382007  1.8596  	Dead: 0
2.14826   0.0529254   0.268674  1.8596  	Dead: 0
2.10004   0.0342258   0.173746  1.8596  	Dead: 0
2.13191   0.0565942   0.287299  1.8596  	Dead: 0
2.16311   0.0758523   0.385061  1.84776 	Dead: 0
2.14041   0.0689866   0.350208  1.81187 	Dead: 0
2.07764   0.0493573   0.250561  1.81187 	Dead: 0
2.0327    0.0318101   0.161483  1.81187 	Dead: 0
2.02184   0.0364452   0.185013  1.81187 	Dead: 0
2.02346   0.0359722   0.182612  1.79027 	Dead: 0
2.02605   0.0346549   0.175925  1.79027 	Dead: 0
2.01333   0.0314102   0.159453  1.79027 	Dead: 0
2.06014   0.0746995   0.379209  1.79027 	Dead: 0
2.04018   0.0572038   0.290393  1.78637 	Dead: 0
2.04463   0.0713601   0.362257  1.78637 	Dead: 0
1.99402   0.0345774   0.175531  1.77267 	Dead: 0
2.0383    0.104607    0.531034  1.75107 	Dead: 0
2.01398   0.0543549   0.275931  1.75107 	Dead: 0
1.97802   0.0299683   0.152133  1.73432 	Dead: 0
2.01589   0.0670616   0.340436  1.73432 	Dead: 0
1.98981   0.033418    0.169645  1.73432 	Dead: 0
1.99348   0.0357465   0.181466  1.72428 	Dead: 0
2.02766   0.0643362   0.326601  1.72428 	Dead: 0
1.97323   0.0330549   0.167802  1.72428 	Dead: 0
2.00273   0.0492101   0.249814  1.72428 	Dead: 0
2.03852   0.071475    0.36284   1.72428 	Dead: 0
1.969     0.0335293   0.17021   1.70053 	Dead: 0
1.9953    0.0437983   0.222341  1.70053 	Dead: 0
2.0571    0.0887552   0.450563  1.70053 	Dead: 0
2.02105   0.0902424   0.458113  1.70053 	Dead: 0
2.05402   0.109692    0.556849  1.70053 	Dead: 0
1.98507   0.0368088   0.186859  1.70053 	Dead: 0
2.00633   0.0445981   0.226401  1.70053 	Dead: 0
2.02595   0.104411    0.530041  1.70053 	Dead: 0
2.02309   0.0743969   0.377673  1.70053 	Dead: 0
1.98527   0.0325718   0.16535   1.70053 	Dead: 0
1.99035   0.0494699   0.251132  1.70053 	Dead: 0
2.03227   0.087768    0.445551  1.70053 	Dead: 0
1.98354   0.0422468   0.214464  1.70053 	Dead: 0
1.98309   0.035921    0.182352  1.70053 	Dead: 0
2.02338   0.0673527   0.341914  1.70053 	Dead: 0
2.01      0.0482703   0.245043  1.70053 	Dead: 0
2.01845   0.0657038   0.333543  1.70053 	Dead: 0
2.03042   0.085584    0.434464  1.70053 	Dead: 0
2.01763   0.0667694   0.338953  1.66965 	Dead: 0
1.98031   0.0526453   0.267252  1.66965 	Dead: 0
2.01555   0.0583802   0.296365  1.66965 	Dead: 0
1.98662   0.0399831   0.202973  1.66965 	Dead: 0
1.98676   0.0446309   0.226568  1.66965 	Dead: 0
1.99304   0.0686089   0.348291  1.66965 	Dead: 0
1.95767   0.0360951   0.183236  1.66965 	Dead: 0
2.00045   0.0550281   0.279349  1.66965 	Dead: 0
1.99056   0.0519253   0.263597  1.66965 	Dead: 0
1.97389   0.0370038   0.187848  1.66965 	Dead: 0
2.09883   0.145823    0.740265  1.66965 	Dead: 0
2.03519   0.104834    0.532189  1.66965 	Dead: 0
2.02981   0.0827195   0.419923  1.66965 	Dead: 0
2.01622   0.0619407   0.31444   1.66965 	Dead: 0
2.02484   0.0929097   0.471653  1.66965 	Dead: 0
1.98663   0.116164    0.589701  1.66965 	Dead: 0
1.99983   0.0807098   0.409721  1.66965 	Dead: 0
2.00747   0.0628231   0.318919  1.66965 	Dead: 0
1.96683   0.0431718   0.21916   1.66965 	Dead: 0
1.97164   0.0682456   0.346447  1.66965 	Dead: 0
1.95564   0.0390529   0.198251  1.66965 	Dead: 0
2.00618   0.0865201   0.439217  1.66965 	Dead: 0
1.97029   0.107162    0.544002  1.66036 	Dead: 0
1.89448   0.0566878   0.287774  1.66036 	Dead: 0
1.92081   0.0559533   0.284045  1.66036 	Dead: 0
1.86363   0.0329925   0.167485  1.66036 	Dead: 0
1.87073   0.0342508   0.173873  1.66036 	Dead: 0
1.88724   0.0459341   0.233183  1.63422 	Dead: 0
1.91341   0.0840288   0.426569  1.58886 	Dead: 0
1.88075   0.0579931   0.2944    1.58886 	Dead: 0
1.83982   0.0366916   0.186263  1.58886 	Dead: 0
1.84177   0.0348172   0.176748  1.58886 	Dead: 0
1.85417   0.0440443   0.22359   1.58886 	Dead: 0
1.83018   0.0513183   0.260516  1.58886 	Dead: 0
1.89761   0.12325     0.625675  1.58886 	Dead: 0
1.83193   0.0502163   0.254922  1.58886 	Dead: 0
1.8074    0.0381837   0.193838  1.5874  	Dead: 0
1.81714   0.0446502   0.226665  1.5874  	Dead: 0
1.8157    0.0385679   0.195789  1.5874  	Dead: 0
1.81754   0.0376147   0.19095   1.5874  	Dead: 0
1.90473   0.125674    0.637978  1.5874  	Dead: 0
1.81482   0.0339915   0.172557  1.56543 	Dead: 0
1.90023   0.106564    0.540968  1.56543 	Dead: 0
1.84444   0.0674833   0.342576  1.56543 	Dead: 0
1.91335   0.113192    0.574616  1.56543 	Dead: 0
1.90309   0.0923274   0.468697  1.56543 	Dead: 0
1.8927    0.0988006   0.501558  1.56543 	Dead: 0
1.88717   0.0740514   0.37592   1.56543 	Dead: 0
1.84741   0.0521777   0.264879  1.56543 	Dead: 0
