6.04911   0.276036    1.40129   3.67956 	Dead: 0
2.7835    0.0452851   0.229888  2.45439 	Dead: 0
2.55718   0.0362784   0.184166  2.25553 	Dead: 0
2.46421   0.0351052   0.17821   2.22175 	Dead: 0
2.42533   0.0326691   0.165844  2.19125 	Dead: 0
2.41188   0.0427401   0.216968  2.13008 	Dead: 0
2.41372   0.0387877   0.196904  2.13008 	Dead: 0
2.40437   0.0379054   0.192426  2.13008 	Dead: 0
2.42956   0.109003    0.553352  2.0756  	Dead: 0
2.34299   0.0433557   0.220094  2.0756  	Dead: 0
2.32132   0.0517313   0.262612  1.99412 	Dead: 0
2.25275   0.0322385   0.163658  1.99412 	Dead: 0
2.2288    0.0368005   0.186816  1.99412 	Dead: 0
2.24413   0.0405088   0.205642  1.99412 	Dead: 0
2.21333   0.0331869   0.168472  1.99412 	Dead: 0
2.23198   0.0359234   0.182364  1.99412 	Dead: 0
2.19801   0.0372989   0.189347  1.92391 	Dead: 0
2.17179   0.032241    0.16367   1.92391 	Dead: 0
2.21175   0.0474702   0.240981  1.92391 	Dead: 0
2.21182   0.0587108   0.298044  1.92391 	Dead: 0
2.1888    0.0437263   0.221975  1.92391 	Dead: 0
2.15284   0.0317385   0.16112   1.90859 	Dead: 0
2.19015   0.0698878   0.354783  1.90859 	Dead: 0
2.16663   0.0708078   0.359453  1.90859 	Dead: 0
2.16467   0.0380486   0.193152  1.90859 	Dead: 0
2.15527   0.0409207   0.207732  1.90859 	Dead: 0
2.14312   0.0439845   0.223286  1.90859 	Dead: 0
2.1241    0.0375075   0.190406  1.89446 	Dead: 0
2.13451   0.031762    0.161239  1.89446 	Dead: 0
2.12596   0.0388808   0.197377  1.89446 	Dead: 0
2.08994   0.0312204   0.158489  1.85903 	Dead: 0
2.19654   0.14752     0.748882  1.8579  	Dead: 0
2.12342   0.0851341   0.43218   1.8579  	Dead: 0
2.07333   0.0332259   0.16867   1.8579  	Dead: 0
2.15817   0.0965954   0.490363  1.81757 	Dead: 0
2.13469   0.0985807   0.500442  1.81757 	Dead: 0
2.06358   0.0378503   0.192146  1.81757 	Dead: 0
2.03491   0.0349506   0.177426  1.72013 	Dead: 0
2.03827   0.0383567   0.194717  1.72013 	Dead: 0
2.00073   0.0358369   0.181925  1.72013 	Dead: 0
2.03681   0.0961087   0.487892  1.72013 	Dead: 0
1.99107   0.0295698   0.15011   1.72013 	Dead: 0
1.99961   0.0387175   0.196548  1.72013 	Dead: 0
2.0024    0.0383172   0.194516  1.72013 	Dead: 0
2.02733   0.101351    0.514505  1.72013 	Dead: 0
2.05113   0.146962    0.746045  1.72013 	Dead: 0
2.06701   0.108       0.548256  1.72013 	Dead: 0
1.98678   0.0377302   0.191536  1.72013 	Dead: 0
1.9821    0.0336855   0.171003  1.72013 	Dead: 0
2.04212   0.0913691   0.463832  1.72013 	Dead: 0
1.96978   0.0307707   0.156206  1.72013 	Dead: 0
1.97475   0.0326364   0.165678  1.72013 	Dead: 0
2.02623   0.0700537   0.355625  1.72013 	Dead: 0
1.96043   0.0314331   0.159569  1.72013 	Dead: 0
1.96926   0.0319503   0.162195  1.72013 	Dead: 0
1.9776    0.0355509   0.180473  1.72013 	Dead: 0
1.98731   0.0416342   0.211355  1.72013 	Dead: 0
1.9641    0.0335021   0.170072  1.72013 	Dead: 0
2.00264   0.0753067   0.382292  1.72013 	Dead: 0
1.94441   0.0291691   0.148076  1.72013 	Dead: 0
1.99005   0.0538427   0.273331  1.72013 	Dead: 0
1.96566   0.0318685   0.16178   1.72013 	Dead: 0
2.03759   0.098898    0.502053  1.72013 	Dead: 0
2.0561    0.113556    0.576465  1.72013 	Dead: 0
1.96727   0.0712136   0.361514  1.72013 	Dead: 0
1.97703   0.036092    0.18322   1.72013 	Dead: 0
2.0515    0.0955064   0.484835  1.72013 	Dead: 0
1.98069   0.0322888   0.163913  1.72013 	Dead: 0
2.02513   0.0587569   0.298277  1.72013 	Dead: 0
1.96362   0.0408727   0.207489  1.72013 	Dead: 0
1.97717   0.0559642   0.2841    1.72013 	Dead: 0
1.94013   0.0297979   0.151268  1.72013 	Dead: 0
1.98489   0.0464035   0.235566  1.72013 	Dead: 0
1.99394   0.0427691   0.217116  1.72013 	Dead: 0
2.01193   0.0694715   0.35267   1.72013 	Dead: 0
1.99018   0.08825     0.447998  1.72013 	Dead: 0
1.97875   0.042704    0.216785  1.72013 	Dead: 0
1.99948   0.0429355   0.217961  1.70537 	Dead: 0
1.96952   0.0403399   0.204784  1.70537 	Dead: 0
1.98034   0.0916534   0.465275  1.70537 	Dead: 0
1.97272   0.0482608   0.244994  1.70537 	Dead: 0
1.96364   0.056576    0.287206  1.70537 	Dead: 0
2.04378   0.124363    0.631326  1.70537 	Dead: 0
1.95233   0.0327425   0.166216  1.70537 	Dead: 0
2.01227   0.093987    0.477122  1.70537 	Dead: 0
1.95237   0.0310197   0.15747   1.70537 	Dead: 0
1.97799   0.042931    0.217938  1.70537 	Dead: 0
2.00934   0.0896814   0.455264  1.70537 	Dead: 0
1.93998   0.0318488   0.161679  1.70537 	Dead: 0
1.94859   0.0326008   0.165497  1.70537 	Dead: 0
1.93428   0.0290518   0.147481  1.70537 	Dead: 0
1.9259    0.027574    0.139979  1.70537 	Dead: 0
1.97958   0.0541823   0.275055  1.70537 	Dead: 0
1.92775   0.030976    0.157249  1.70537 	Dead: 0
1.93933   0.0359171   0.182332  1.70537 	Dead: 0
1.9546    0.0417338   0.21186   1.70537 	Dead: 0
1.93704   0.0323835   0.164394  1.70537 	Dead: 0
1.93621   0.0564187   0.286408  1.70537 	Dead: 0
1.93923   0.0421748   0.214099  1.70537 	Dead: 0
1.95294   0.0620503   0.314996  1.70537 	Dead: 0
2.03032   0.130962    0.664824  1.70245 	Dead: 0
