0   6.79213   0.114079    0.579116  5.46024 	Dead: 0
1   5.05736   0.0517034   0.26247   4.48668 	Dead: 0
2   4.86515   0.054942    0.278911  4.32248 	Dead: 0
3   4.79644   0.0561786   0.285189  4.32248 	Dead: 0
4   4.77701   0.0556806   0.282661  4.28613 	Dead: 0
5   4.72102   0.051345    0.260651  4.28343 	Dead: 0
6   4.75435   0.063676    0.323249  4.26475 	Dead: 0
7   4.69799   0.0650606   0.330278  4.13359 	Dead: 0
8   4.7014    0.0603464   0.306346  4.13359 	Dead: 0
9   4.68697   0.0594003   0.301544  4.13359 	Dead: 0
10  4.70438   0.0604881   0.307066  4.13359 	Dead: 0
11  4.72882   0.0714217   0.36257   4.13359 	Dead: 0
12  4.72813   0.0669176   0.339705  4.13359 	Dead: 0
13  4.66663   0.0684625   0.347548  4.13359 	Dead: 0
14  4.63547   0.0646927   0.32841   4.06049 	Dead: 0
15  4.5738    0.0592891   0.300979  4.06049 	Dead: 0
16  4.55143   0.0629837   0.319735  4.06049 	Dead: 0
17  4.529     0.0665979   0.338082  4.06049 	Dead: 0
18  4.50005   0.0618535   0.313997  4.06049 	Dead: 0
19  4.5022    0.0687488   0.349001  3.9303  	Dead: 0
20  4.52851   0.0792796   0.40246   3.9303  	Dead: 0
21  4.44827   0.072588    0.36849   3.9303  	Dead: 0
22  4.54743   0.0914045   0.464012  3.88594 	Dead: 0
23  4.48065   0.0916762   0.465391  3.87756 	Dead: 0
24  4.51011   0.0939156   0.47676   3.87756 	Dead: 0
25  4.46086   0.0847761   0.430363  3.83269 	Dead: 0
26  4.47239   0.100758    0.511494  3.81667 	Dead: 0
27  4.44215   0.0894521   0.454101  3.81667 	Dead: 0
28  4.49237   0.0970898   0.492873  3.81667 	Dead: 0
29  4.48318   0.104157    0.528751  3.80276 	Dead: 0
30  4.42831   0.0944999   0.479725  3.80276 	Dead: 0
31  4.47984   0.104738    0.531699  3.80276 	Dead: 0
32  4.41892   0.0994462   0.504835  3.76539 	Dead: 0
33  4.37858   0.0962419   0.488569  3.76539 	Dead: 0
34  4.34046   0.0911977   0.462962  3.76539 	Dead: 0
35  4.36967   0.0956383   0.485505  3.73339 	Dead: 0
36  4.43921   0.111979    0.56846   3.73339 	Dead: 0
37  4.36571   0.102694    0.521322  3.63623 	Dead: 0
38  4.36961   0.0974996   0.494953  3.63623 	Dead: 0
39  4.44036   0.117571    0.596845  3.63623 	Dead: 0
40  4.33796   0.0990076   0.502609  3.62916 	Dead: 0
41  4.38402   0.10551     0.535618  3.62916 	Dead: 0
42  4.36436   0.107747    0.546973  3.62916 	Dead: 0
43  4.37631   0.104763    0.531826  3.62916 	Dead: 0
44  4.37678   0.104052    0.528215  3.62916 	Dead: 0
45  4.3391    0.100825    0.511836  3.62916 	Dead: 0
46  4.30165   0.103183    0.523803  3.62916 	Dead: 0
47  4.42849   0.119882    0.608578  3.62916 	Dead: 0
48  4.39605   0.104481    0.530394  3.62916 	Dead: 0
49  4.39414   0.120665    0.612553  3.60788 	Dead: 0
50  4.35406   0.101958    0.517588  3.60788 	Dead: 0
51  4.32866   0.103414    0.52498   3.60788 	Dead: 0
52  4.3686    0.110492    0.56091   3.60788 	Dead: 0
53  4.35291   0.103122    0.523493  3.60788 	Dead: 0
54  4.36202   0.109777    0.557278  3.60788 	Dead: 0
55  4.36572   0.114186    0.579664  3.60788 	Dead: 0
56  4.31937   0.102745    0.521579  3.60788 	Dead: 0
57  4.32189   0.10583     0.537242  3.60788 	Dead: 0
58  4.37091   0.109272    0.554714  3.60788 	Dead: 0
59  4.35847   0.115568    0.586679  3.60788 	Dead: 0
60  4.41561   0.110138    0.559113  3.60788 	Dead: 0
61  4.3118    0.111589    0.566477  3.60788 	Dead: 0
62  4.35872   0.100233    0.508829  3.60788 	Dead: 0
63  4.284     0.10385     0.527192  3.60788 	Dead: 0
64  4.33726   0.113684    0.577113  3.60788 	Dead: 0
65  4.38378   0.110686    0.561894  3.60788 	Dead: 0
66  4.42164   0.113501    0.576183  3.60788 	Dead: 0
67  4.32642   0.110702    0.561974  3.60788 	Dead: 0
68  4.33432   0.103613    0.525988  3.60788 	Dead: 0
69  4.3418    0.106739    0.541857  3.60788 	Dead: 0
70  4.34709   0.11832     0.600646  3.60788 	Dead: 0
71  4.36712   0.109598    0.55637   3.60788 	Dead: 0
72  4.3793    0.108871    0.552678  3.60788 	Dead: 0
73  4.40607   0.108084    0.548683  3.60788 	Dead: 0
74  4.36108   0.110221    0.559533  3.60788 	Dead: 0
75  4.42115   0.109417    0.555454  3.60788 	Dead: 0
76  4.46751   0.110151    0.559179  3.60788 	Dead: 0
77  4.34754   0.0976413   0.495673  3.60788 	Dead: 0
78  4.46341   0.119614    0.607218  3.60788 	Dead: 0
79  4.35666   0.092487    0.469507  3.60788 	Dead: 0
80  4.42459   0.103487    0.525348  3.60788 	Dead: 0
81  4.45546   0.113857    0.577993  3.60788 	Dead: 0
82  4.41989   0.112555    0.571382  3.60788 	Dead: 0
83  4.36028   0.100783    0.511622  3.60788 	Dead: 0
84  4.39695   0.108712    0.551875  3.60788 	Dead: 0
85  4.4285    0.108795    0.552293  3.60788 	Dead: 0
86  4.41418   0.110785    0.562399  3.60788 	Dead: 0
87  4.42251   0.10999     0.558361  3.60788 	Dead: 0
88  4.41619   0.10916     0.554149  3.60788 	Dead: 0
89  4.41644   0.110167    0.559261  3.60788 	Dead: 0
90  4.32534   0.0991731   0.503449  3.60788 	Dead: 0
91  4.40351   0.12478     0.63344   3.60788 	Dead: 0
92  4.42277   0.104465    0.530311  3.60788 	Dead: 0
93  4.43967   0.101701    0.516284  3.60788 	Dead: 0
94  4.39347   0.111794    0.567519  3.60788 	Dead: 0
95  4.4022    0.102501    0.520341  3.60788 	Dead: 0
96  4.4623    0.116733    0.592593  3.60788 	Dead: 0
97  4.3563    0.107058    0.543478  3.60788 	Dead: 0
98  4.39424   0.111747    0.56728   3.60788 	Dead: 0
99  4.38648   0.108041    0.548467  3.60788 	Dead: 0
100 4.45983   0.118804    0.603102  3.60788 	Dead: 0
