10.2097   0.0794586   0.403369  8.74494 	Dead: 0
8.16439   0.0780549   0.396243  7.40747 	Dead: 0
7.66534   0.0707188   0.359002  6.91513 	Dead: 0
7.3029    0.076147    0.386558  6.48218 	Dead: 0
7.01805   0.0745786   0.378596  6.39397 	Dead: 0
6.75624   0.0982705   0.498867  5.82704 	Dead: 0
6.58308   0.113641    0.576897  5.753   	Dead: 0
6.40744   0.10072     0.511299  5.6792  	Dead: 0
6.30879   0.0912274   0.463113  5.6792  	Dead: 0
6.31131   0.108323    0.549899  5.64289 	Dead: 0
6.24708   0.100158    0.508447  5.58144 	Dead: 0
6.19059   0.0967291   0.491042  5.4457  	Dead: 0
6.13438   0.100925    0.512341  5.4457  	Dead: 0
6.10141   0.0884531   0.449029  5.4457  	Dead: 0
6.13175   0.10525     0.534296  5.41172 	Dead: 0
5.96289   0.0905882   0.459868  5.20195 	Dead: 0
6.02355   0.106739    0.541857  5.20195 	Dead: 0
6.03312   0.120842    0.613453  5.20195 	Dead: 0
6.00545   0.103002    0.522886  5.20195 	Dead: 0
6.04104   0.112083    0.568987  5.20195 	Dead: 0
5.91584   0.109226    0.554481  5.14743 	Dead: 0
5.89856   0.092372    0.468923  5.14743 	Dead: 0
5.88509   0.116882    0.593346  5.14346 	Dead: 0
5.89085   0.101497    0.515247  5.14346 	Dead: 0
5.90207   0.110751    0.562226  5.14346 	Dead: 0
5.88863   0.122967    0.62424   5.06804 	Dead: 0
5.97056   0.1249      0.634051  5.06804 	Dead: 0
5.84035   0.108361    0.550089  5.06804 	Dead: 0
5.85277   0.104938    0.532715  5.06804 	Dead: 0
5.83871   0.109803    0.557413  5.06804 	Dead: 0
5.86663   0.108805    0.552346  5.06804 	Dead: 0
5.8823    0.116895    0.593416  5.06804 	Dead: 0
5.77899   0.0948238   0.48137   5.06804 	Dead: 0
5.77279   0.107572    0.546083  5.06804 	Dead: 0
5.83195   0.132161    0.670912  5.06804 	Dead: 0
5.80355   0.110547    0.561189  5.06804 	Dead: 0
5.77773   0.112231    0.569738  5.06804 	Dead: 0
5.83544   0.112796    0.572605  5.06804 	Dead: 0
5.7118    0.10258     0.520745  5.00335 	Dead: 0
5.69834   0.117321    0.595575  4.98549 	Dead: 0
5.65585   0.106579    0.541045  4.98549 	Dead: 0
5.69122   0.12161     0.617347  4.94003 	Dead: 0
5.63337   0.109676    0.556767  4.94003 	Dead: 0
5.6643    0.11963     0.607296  4.94003 	Dead: 0
5.64225   0.122528    0.622009  4.80522 	Dead: 0
5.58298   0.120973    0.614117  4.5899  	Dead: 0
5.53551   0.0998356   0.506812  4.5899  	Dead: 0
5.54166   0.103837    0.527124  4.5899  	Dead: 0
5.60593   0.134936    0.685     4.5899  	Dead: 0
5.55425   0.112383    0.570509  4.5899  	Dead: 0
5.49237   0.10318     0.523791  4.5899  	Dead: 0
5.53217   0.1164      0.590902  4.5899  	Dead: 0
5.47174   0.103717    0.526518  4.5899  	Dead: 0
5.61167   0.135157    0.686119  4.5899  	Dead: 0
5.52531   0.113078    0.574034  4.5899  	Dead: 0
5.46173   0.112099    0.569068  4.5899  	Dead: 0
5.52384   0.113978    0.578605  4.5899  	Dead: 0
5.62141   0.13576     0.689182  4.5899  	Dead: 0
5.48879   0.115663    0.587161  4.5899  	Dead: 0
5.53715   0.119291    0.605577  4.5899  	Dead: 0
5.42957   0.104954    0.532797  4.5899  	Dead: 0
5.46412   0.116568    0.591755  4.5899  	Dead: 0
5.52228   0.119633    0.607311  4.5899  	Dead: 0
5.48896   0.129436    0.657075  4.5899  	Dead: 0
5.44256   0.101842    0.516997  4.5899  	Dead: 0
5.53474   0.108989    0.553281  4.5899  	Dead: 0
5.49078   0.129476    0.657278  4.5899  	Dead: 0
5.42237   0.0992055   0.503614  4.5899  	Dead: 0
5.43032   0.110317    0.560022  4.5899  	Dead: 0
5.52424   0.118941    0.6038    4.5899  	Dead: 0
5.46876   0.13169     0.66852   4.58759 	Dead: 0
5.4944    0.108214    0.549346  4.58759 	Dead: 0
5.4417    0.115526    0.586462  4.58759 	Dead: 0
5.43866   0.116735    0.592603  4.58759 	Dead: 0
5.45925   0.115576    0.586716  4.37832 	Dead: 0
5.43282   0.118368    0.600891  4.37832 	Dead: 0
5.49989   0.128814    0.653922  4.37832 	Dead: 0
5.42356   0.130054    0.660213  4.37832 	Dead: 0
5.41488   0.129946    0.659666  4.37832 	Dead: 0
5.46572   0.135215    0.686417  4.37832 	Dead: 0
5.37313   0.119279    0.605513  4.37832 	Dead: 0
5.43343   0.121705    0.617829  4.37832 	Dead: 0
5.36019   0.118683    0.602492  4.37832 	Dead: 0
5.41233   0.139067    0.70597   4.37832 	Dead: 0
5.36836   0.120857    0.613525  4.37832 	Dead: 0
5.37429   0.117465    0.596307  4.37832 	Dead: 0
5.34205   0.114942    0.583502  4.37832 	Dead: 0
5.32988   0.11743     0.59613   4.37832 	Dead: 0
5.36068   0.120962    0.614059  4.37832 	Dead: 0
5.31825   0.105943    0.537814  4.37832 	Dead: 0
5.37257   0.117824    0.598131  4.37832 	Dead: 0
5.38929   0.123225    0.625546  4.37832 	Dead: 0
5.33997   0.11595     0.588614  4.37832 	Dead: 0
5.22838   0.107529    0.545868  4.37832 	Dead: 0
5.32818   0.116182    0.589794  4.37832 	Dead: 0
5.29559   0.108923    0.552944  4.37832 	Dead: 0
5.34467   0.124399    0.631506  4.37832 	Dead: 0
5.23549   0.103219    0.523987  4.37832 	Dead: 0
5.21261   0.112691    0.57207   4.37832 	Dead: 0
5.32477   0.121674    0.617672  4.37832 	Dead: 0
5.30327   0.124358    0.631301  4.37832 	Dead: 0
