7.60002   0.107585    0.546153  6.19793 	Dead: 0
4.7371    0.0524706   0.266365  4.03822 	Dead: 0
4.18374   0.0485806   0.246618  3.73779 	Dead: 0
4.02986   0.0517161   0.262535  3.52293 	Dead: 0
3.99193   0.0608465   0.308885  3.52293 	Dead: 0
3.93307   0.0541566   0.274924  3.52293 	Dead: 0
3.91765   0.053081    0.269464  3.50223 	Dead: 0
3.85268   0.0482041   0.244706  3.50223 	Dead: 0
3.85066   0.0488466   0.247968  3.46375 	Dead: 0
3.8275    0.052818    0.268129  3.46375 	Dead: 0
3.83135   0.0551852   0.280146  3.35676 	Dead: 0
3.78028   0.0512274   0.260054  3.35676 	Dead: 0
3.78312   0.0573713   0.291244  3.31416 	Dead: 0
3.79017   0.0656106   0.33307   3.31416 	Dead: 0
3.77319   0.0602186   0.305698  3.31416 	Dead: 0
3.78743   0.0573846   0.291311  3.31416 	Dead: 0
3.74165   0.0516727   0.262315  3.31416 	Dead: 0
3.72711   0.0521861   0.264921  3.30802 	Dead: 0
3.72731   0.0528565   0.268324  3.28402 	Dead: 0
3.71438   0.0547696   0.278036  3.28402 	Dead: 0
3.72001   0.0574653   0.291721  3.28402 	Dead: 0
3.69085   0.0494215   0.250887  3.28402 	Dead: 0
3.7009    0.0540633   0.274451  3.28402 	Dead: 0
3.69244   0.0564068   0.286347  3.28402 	Dead: 0
3.74048   0.0585139   0.297044  3.28402 	Dead: 0
3.71876   0.0596425   0.302773  3.24801 	Dead: 0
3.69947   0.0566675   0.287671  3.24801 	Dead: 0
3.68441   0.0561568   0.285078  3.24801 	Dead: 0
3.67826   0.0598742   0.30395   3.17796 	Dead: 0
3.62943   0.0535185   0.271685  3.17796 	Dead: 0
3.67548   0.0559971   0.284267  3.17796 	Dead: 0
3.6947    0.0605973   0.30762   3.17796 	Dead: 0
3.69717   0.066472    0.337443  3.17796 	Dead: 0
3.69079   0.0621822   0.315666  3.17796 	Dead: 0
3.64613   0.0571309   0.290023  3.17796 	Dead: 0
3.63926   0.0554822   0.281653  3.17796 	Dead: 0
3.67055   0.0643315   0.326577  3.17796 	Dead: 0
3.65821   0.0598421   0.303787  3.17796 	Dead: 0
3.61587   0.0557189   0.282855  3.17796 	Dead: 0
3.64082   0.0539186   0.273716  3.17796 	Dead: 0
3.64193   0.0618059   0.313756  3.17796 	Dead: 0
3.59426   0.0565832   0.287243  3.17796 	Dead: 0
3.62198   0.0600992   0.305091  3.17796 	Dead: 0
3.61913   0.0583664   0.296295  3.17796 	Dead: 0
3.61158   0.0617048   0.313243  3.17796 	Dead: 0
3.63771   0.0615699   0.312557  3.17796 	Dead: 0
3.62502   0.0571953   0.29035   3.17796 	Dead: 0
3.59987   0.0574148   0.291464  3.17796 	Dead: 0
3.61788   0.0570019   0.289368  3.17796 	Dead: 0
3.61067   0.0583821   0.296375  3.17796 	Dead: 0
3.61901   0.060116    0.305177  3.17796 	Dead: 0
3.62323   0.0670395   0.340324  3.17796 	Dead: 0
3.64977   0.0620912   0.315204  3.17796 	Dead: 0
3.59632   0.0563464   0.286041  3.17796 	Dead: 0
3.57399   0.0600486   0.304835  3.17796 	Dead: 0
3.61469   0.0606824   0.308052  3.17796 	Dead: 0
3.57289   0.0553151   0.280805  3.1128  	Dead: 0
3.5681    0.0531291   0.269708  3.1128  	Dead: 0
3.52002   0.0547739   0.278058  3.09893 	Dead: 0
3.58626   0.0617582   0.313513  3.09893 	Dead: 0
3.52139   0.0548886   0.27864   3.09893 	Dead: 0
3.59085   0.0658258   0.334162  3.09893 	Dead: 0
3.53007   0.0603485   0.306357  3.09893 	Dead: 0
3.54155   0.0588461   0.29873   3.09893 	Dead: 0
3.54377   0.0587234   0.298107  3.09893 	Dead: 0
3.4978    0.05094     0.258595  3.09893 	Dead: 0
3.51967   0.0539763   0.274009  3.09893 	Dead: 0
3.53584   0.0654189   0.332097  3.09893 	Dead: 0
3.52022   0.0619545   0.31451   3.06543 	Dead: 0
3.51497   0.0587045   0.298011  3.06543 	Dead: 0
3.50656   0.0532512   0.270328  3.06543 	Dead: 0
3.5495    0.0637073   0.323408  3.06543 	Dead: 0
3.5172    0.0562452   0.285527  3.06543 	Dead: 0
3.50022   0.0529061   0.268576  3.06538 	Dead: 0
3.49749   0.0529788   0.268945  3.06538 	Dead: 0
3.51935   0.0615955   0.312688  3.02273 	Dead: 0
3.51073   0.0564416   0.286524  3.02273 	Dead: 0
3.50725   0.0626472   0.318026  3.02273 	Dead: 0
3.45997   0.0511625   0.259725  3.02273 	Dead: 0
3.48949   0.0607087   0.308186  3.02273 	Dead: 0
3.52417   0.0599492   0.30433   3.02273 	Dead: 0
3.51301   0.060492    0.307085  3.02273 	Dead: 0
3.49723   0.0562573   0.285588  3.02273 	Dead: 0
3.49062   0.0605563   0.307412  3.02273 	Dead: 0
3.50005   0.0593078   0.301074  2.98883 	Dead: 0
3.45683   0.0515055   0.261466  2.98883 	Dead: 0
3.4814    0.0594474   0.301783  2.98883 	Dead: 0
3.48756   0.0607925   0.308611  2.98883 	Dead: 0
3.46359   0.0611383   0.310366  2.98883 	Dead: 0
3.45882   0.0615307   0.312358  2.98883 	Dead: 0
3.48016   0.0569871   0.289293  2.98883 	Dead: 0
3.42645   0.0583906   0.296418  2.98883 	Dead: 0
3.42438   0.0541254   0.274766  2.98883 	Dead: 0
3.42817   0.0536126   0.272162  2.98883 	Dead: 0
3.43909   0.0543765   0.27604   2.98883 	Dead: 0
3.41464   0.0556177   0.282342  2.98883 	Dead: 0
3.44265   0.0584336   0.296636  2.98883 	Dead: 0
3.42928   0.0545871   0.27711   2.98883 	Dead: 0
3.45466   0.057727    0.293049  2.98883 	Dead: 0
3.44391   0.0547806   0.278092  2.98883 	Dead: 0
3.42775   0.0533414   0.270786  2.98883 	Dead: 0
