9.78954   0.0659032   0.334556  8.56655 	Dead: 0
8.19859   0.0285476   0.144921  7.87934 	Dead: 0
7.57924   0.028293    0.143629  7.31711 	Dead: 0
7.07114   0.0216627   0.10997   6.82637 	Dead: 0
6.64316   0.0257445   0.130691  6.36897 	Dead: 0
6.21495   0.0408495   0.207371  5.90063 	Dead: 0
5.75748   0.0430625   0.218605  5.36902 	Dead: 0
5.40315   0.0341832   0.17353   5.01092 	Dead: 0
5.02732   0.037543    0.190586  4.77837 	Dead: 0
4.84442   0.0393377   0.199697  4.50927 	Dead: 0
4.70843   0.0473452   0.240346  4.45761 	Dead: 0
4.54798   0.0628498   0.319055  4.20168 	Dead: 0
4.27578   0.0423428   0.214952  4.01176 	Dead: 0
4.09701   0.0498189   0.252904  3.82057 	Dead: 0
4.05955   0.0683135   0.346791  3.68037 	Dead: 0
3.90941   0.06141     0.311746  3.59426 	Dead: 0
3.70822   0.052319    0.265596  3.43114 	Dead: 0
3.63062   0.0585138   0.297043  3.33639 	Dead: 0
3.59215   0.068306    0.346753  3.29122 	Dead: 0
3.53327   0.0610847   0.310095  3.271   	Dead: 0
3.50499   0.0641811   0.325813  3.22197 	Dead: 0
3.549     0.0831703   0.422211  3.22197 	Dead: 0
3.40715   0.0668799   0.339513  3.13538 	Dead: 0
3.37019   0.0664464   0.337313  3.07041 	Dead: 0
3.3645    0.08512     0.432109  3.02607 	Dead: 0
3.39105   0.0858599   0.435865  3.02607 	Dead: 0
3.31227   0.0813294   0.412866  3.01894 	Dead: 0
3.2972    0.0722599   0.366825  3.01001 	Dead: 0
3.23143   0.064001    0.324899  2.98285 	Dead: 0
3.26557   0.0763952   0.387818  2.96366 	Dead: 0
3.20888   0.0712963   0.361933  2.91252 	Dead: 0
3.1688    0.0844998   0.428961  2.8984  	Dead: 0
3.20919   0.0855759   0.434423  2.87199 	Dead: 0
3.02192   0.0650525   0.330237  2.77415 	Dead: 0
3.08289   0.0755534   0.383544  2.73153 	Dead: 0
3.05097   0.0911223   0.462579  2.65149 	Dead: 0
2.93626   0.0857325   0.435218  2.65149 	Dead: 0
2.92645   0.0867434   0.44035   2.65149 	Dead: 0
2.87855   0.0760168   0.385897  2.5852  	Dead: 0
2.89184   0.08535     0.433276  2.54319 	Dead: 0
2.86377   0.0861693   0.437435  2.5369  	Dead: 0
2.86461   0.0875708   0.44455   2.53012 	Dead: 0
2.83664   0.0942349   0.47838   2.53012 	Dead: 0
2.89547   0.0983194   0.499115  2.53012 	Dead: 0
2.8255    0.0815471   0.413971  2.49164 	Dead: 0
2.85246   0.0909923   0.46192   2.49164 	Dead: 0
2.81849   0.0807902   0.410129  2.47986 	Dead: 0
2.84197   0.0959434   0.487054  2.47986 	Dead: 0
2.75235   0.0800124   0.406181  2.47986 	Dead: 0
2.77986   0.0766272   0.388995  2.47986 	Dead: 0
2.80782   0.0803123   0.407703  2.4694  	Dead: 0
2.80362   0.0899943   0.456853  2.44716 	Dead: 0
2.73374   0.0810606   0.411501  2.40381 	Dead: 0
2.73827   0.0945863   0.480164  2.37565 	Dead: 0
2.65474   0.0859136   0.436137  2.37565 	Dead: 0
2.74179   0.10282     0.521962  2.36767 	Dead: 0
2.70265   0.0963014   0.488871  2.34965 	Dead: 0
2.73657   0.113228    0.5748    2.34429 	Dead: 0
2.67644   0.0948778   0.481644  2.3187  	Dead: 0
2.59384   0.0743823   0.377599  2.27246 	Dead: 0
2.64628   0.0862411   0.4378    2.27246 	Dead: 0
2.66798   0.0876118   0.444758  2.27246 	Dead: 0
2.62394   0.0906805   0.460336  2.26417 	Dead: 0
2.59481   0.0800737   0.406492  2.26417 	Dead: 0
2.65698   0.0973256   0.49407   2.26417 	Dead: 0
2.61496   0.0895365   0.454529  2.26417 	Dead: 0
2.64824   0.100442    0.509891  2.26417 	Dead: 0
2.61883   0.0844801   0.428861  2.25832 	Dead: 0
2.64386   0.0863612   0.43841   2.23615 	Dead: 0
2.60154   0.0932585   0.473423  2.23615 	Dead: 0
2.60569   0.0941266   0.47783   2.23615 	Dead: 0
2.59524   0.0763204   0.387438  2.23615 	Dead: 0
2.54584   0.0727471   0.369298  2.23615 	Dead: 0
2.61567   0.0960592   0.487642  2.23615 	Dead: 0
2.65679   0.126793    0.64366   2.23615 	Dead: 0
2.60026   0.101266    0.514073  2.22547 	Dead: 0
2.6641    0.101577    0.515655  2.22547 	Dead: 0
2.65906   0.102181    0.518719  2.22547 	Dead: 0
2.54099   0.0818506   0.415512  2.22547 	Dead: 0
2.68735   0.111881    0.567961  2.22547 	Dead: 0
2.69035   0.115469    0.586177  2.22547 	Dead: 0
2.60601   0.0975484   0.495201  2.22547 	Dead: 0
2.60599   0.0983131   0.499083  2.22547 	Dead: 0
2.58572   0.0854909   0.433992  2.22547 	Dead: 0
2.56741   0.0900127   0.456946  2.22547 	Dead: 0
2.5687    0.0852323   0.432679  2.22116 	Dead: 0
2.54427   0.0893199   0.45343   2.22116 	Dead: 0
2.6372    0.101361    0.514554  2.22116 	Dead: 0
2.64002   0.108136    0.54895   2.22116 	Dead: 0
2.55795   0.0890416   0.452017  2.22116 	Dead: 0
2.59138   0.0926144   0.470154  2.22116 	Dead: 0
2.70284   0.117292    0.59543   2.2103  	Dead: 0
2.62733   0.105955    0.537877  2.2103  	Dead: 0
2.55711   0.0804335   0.408318  2.2103  	Dead: 0
2.61489   0.104127    0.528597  2.20913 	Dead: 0
2.59891   0.109897    0.557887  2.20913 	Dead: 0
2.61319   0.106841    0.542374  2.20506 	Dead: 0
2.61621   0.113658    0.576979  2.18166 	Dead: 0
2.50922   0.0842732   0.42781   2.18166 	Dead: 0
2.55736   0.104243    0.529187  2.15253 	Dead: 0
2.58537   0.106882    0.542582  2.15253 	Dead: 0
