9.82109   0.0555232   0.281861  9.06663 	Dead: 0
8.37886   0.0250873   0.127355  7.97692 	Dead: 0
7.84461   0.0286901   0.145644  7.47524 	Dead: 0
7.19051   0.0265825   0.134945  6.89245 	Dead: 0
6.67224   0.0269024   0.136569  6.37043 	Dead: 0
6.20599   0.0440269   0.223501  5.81619 	Dead: 0
5.93419   0.0349231   0.177286  5.61504 	Dead: 0
5.62598   0.0424837   0.215667  5.37707 	Dead: 0
5.37107   0.0471636   0.239424  5.07907 	Dead: 0
5.1443    0.0409079   0.207668  4.90149 	Dead: 0
5.04739   0.0498582   0.253103  4.80432 	Dead: 0
4.98322   0.0391337   0.198661  4.71835 	Dead: 0
4.89642   0.0387099   0.196509  4.67244 	Dead: 0
4.85401   0.0432291   0.219451  4.63366 	Dead: 0
4.82746   0.0395383   0.200715  4.58152 	Dead: 0
4.81243   0.0423895   0.215189  4.58152 	Dead: 0
4.80017   0.0511925   0.259877  4.52065 	Dead: 0
4.71932   0.0484288   0.245847  4.42026 	Dead: 0
4.48685   0.0505855   0.256796  4.25134 	Dead: 0
4.42211   0.0617973   0.313712  4.11535 	Dead: 0
4.37562   0.0600762   0.304975  4.0533  	Dead: 0
4.30702   0.0626369   0.317974  3.98786 	Dead: 0
4.24007   0.074255    0.376953  3.75983 	Dead: 0
4.06378   0.0593782   0.301432  3.69616 	Dead: 0
3.99435   0.0540509   0.274387  3.69616 	Dead: 0
4.0239    0.0673769   0.342037  3.69616 	Dead: 0
4.00964   0.0726121   0.368613  3.66657 	Dead: 0
3.96446   0.0695931   0.353287  3.61983 	Dead: 0
3.93887   0.0656189   0.333112  3.5872  	Dead: 0
3.90695   0.0667417   0.338812  3.55885 	Dead: 0
3.92663   0.0666732   0.338464  3.55885 	Dead: 0
3.92663   0.0712239   0.361566  3.55885 	Dead: 0
3.93729   0.0720812   0.365918  3.52442 	Dead: 0
3.77611   0.0642833   0.326332  3.33742 	Dead: 0
3.67809   0.0728714   0.369929  3.26724 	Dead: 0
3.63014   0.0802973   0.407627  3.25506 	Dead: 0
3.56389   0.0753015   0.382266  3.19993 	Dead: 0
3.46605   0.0602461   0.305837  3.11134 	Dead: 0
3.49116   0.087113    0.442226  3.11134 	Dead: 0
3.42539   0.0621276   0.315389  3.11134 	Dead: 0
3.43982   0.0664      0.337077  3.07518 	Dead: 0
3.43343   0.0698545   0.354614  3.07518 	Dead: 0
3.43168   0.073277    0.371988  3.06871 	Dead: 0
3.41185   0.0801424   0.40684   3.05917 	Dead: 0
3.30871   0.0533745   0.270954  3.02765 	Dead: 0
3.29736   0.0665467   0.337822  3.01868 	Dead: 0
3.35225   0.083096    0.421834  2.96383 	Dead: 0
3.32354   0.0767924   0.389834  2.96383 	Dead: 0
3.25706   0.0758495   0.385047  2.94888 	Dead: 0
3.20206   0.063237    0.32102   2.92129 	Dead: 0
3.21633   0.0642435   0.32613   2.90295 	Dead: 0
3.17347   0.0692719   0.351657  2.86496 	Dead: 0
3.12958   0.0687612   0.349064  2.82865 	Dead: 0
3.17506   0.0732186   0.371692  2.82865 	Dead: 0
3.21739   0.0990104   0.502623  2.82865 	Dead: 0
3.12942   0.0623586   0.316561  2.81936 	Dead: 0
3.11742   0.065001    0.329975  2.81936 	Dead: 0
3.18476   0.0758978   0.385293  2.81936 	Dead: 0
3.18273   0.091915    0.466603  2.81936 	Dead: 0
3.11185   0.0609913   0.30962   2.80338 	Dead: 0
3.08545   0.0548437   0.278412  2.80338 	Dead: 0
3.14644   0.0729789   0.370475  2.80338 	Dead: 0
3.12467   0.076392    0.387802  2.80338 	Dead: 0
3.14769   0.0691361   0.350967  2.7816  	Dead: 0
3.12767   0.0729001   0.370075  2.7816  	Dead: 0
3.15907   0.0856739   0.434921  2.7816  	Dead: 0
3.09123   0.0656961   0.333504  2.7408  	Dead: 0
3.0661    0.0649046   0.329486  2.7408  	Dead: 0
3.0908    0.0774437   0.39314   2.7408  	Dead: 0
3.08403   0.0661309   0.335711  2.7408  	Dead: 0
3.09144   0.0746719   0.379069  2.73915 	Dead: 0
3.07189   0.0706557   0.358681  2.73915 	Dead: 0
3.07956   0.0660822   0.335464  2.73915 	Dead: 0
3.10529   0.0766346   0.389033  2.73915 	Dead: 0
3.10547   0.0719757   0.365382  2.73915 	Dead: 0
3.11762   0.0756484   0.384026  2.68358 	Dead: 0
3.00994   0.0873021   0.443186  2.59289 	Dead: 0
2.92701   0.0736131   0.373695  2.54894 	Dead: 0
2.92507   0.0879185   0.446315  2.54894 	Dead: 0
2.90224   0.0992002   0.503587  2.49599 	Dead: 0
2.82856   0.0858194   0.435659  2.49599 	Dead: 0
2.81663   0.0782783   0.397377  2.49599 	Dead: 0
2.83632   0.0823559   0.418077  2.49599 	Dead: 0
2.78759   0.0827007   0.419828  2.49599 	Dead: 0
2.80441   0.0795336   0.40375   2.49599 	Dead: 0
2.89089   0.10167     0.516126  2.48331 	Dead: 0
2.86336   0.0888306   0.450945  2.48331 	Dead: 0
2.7626    0.0675436   0.342883  2.48331 	Dead: 0
2.75599   0.0783612   0.397798  2.46881 	Dead: 0
2.81362   0.0894662   0.454172  2.46026 	Dead: 0
2.81798   0.107895    0.547724  2.46026 	Dead: 0
2.77498   0.104915    0.532599  2.46026 	Dead: 0
2.7809    0.089835    0.456044  2.42008 	Dead: 0
2.76863   0.089134    0.452486  2.42008 	Dead: 0
2.65594   0.0636037   0.322882  2.42008 	Dead: 0
2.7197    0.080829    0.410326  2.42008 	Dead: 0
2.75151   0.0834246   0.423502  2.41745 	Dead: 0
2.75149   0.0919705   0.466885  2.40289 	Dead: 0
2.76837   0.0869104   0.441198  2.40289 	Dead: 0
2.7423    0.0985578   0.500325  2.38295 	Dead: 0
2.7348    0.0995286   0.505253  2.38295 	Dead: 0
