9.44476   0.114981    0.583696  7.91836 	Dead: 0
5.64893   0.0747482   0.379457  5.03371 	Dead: 0
4.20063   0.0472124   0.239672  3.66712 	Dead: 0
3.41334   0.0343025   0.174136  3.05593 	Dead: 0
2.93178   0.051431    0.261088  2.59121 	Dead: 0
2.78298   0.0435295   0.220976  2.52374 	Dead: 0
2.7089    0.0457647   0.232323  2.44924 	Dead: 0
2.63142   0.0391608   0.198798  2.38044 	Dead: 0
2.6294    0.0610738   0.310039  2.36057 	Dead: 0
2.54134   0.0360243   0.182876  2.3116  	Dead: 0
2.47891   0.0326808   0.165903  2.27127 	Dead: 0
2.471     0.0465228   0.236171  2.20901 	Dead: 0
2.44782   0.0434439   0.220541  2.20901 	Dead: 0
2.43789   0.0435252   0.220954  2.20735 	Dead: 0
2.46675   0.0522492   0.265241  2.16369 	Dead: 0
2.43444   0.0513683   0.260769  2.16369 	Dead: 0
2.363     0.0396061   0.201059  2.16369 	Dead: 0
2.35962   0.0502509   0.255097  2.06344 	Dead: 0
2.36528   0.0571662   0.290202  2.06344 	Dead: 0
2.3698    0.0765403   0.388554  2.06344 	Dead: 0
2.3093    0.065448    0.332244  2.06344 	Dead: 0
2.34878   0.08213     0.41693   2.05262 	Dead: 0
2.2871    0.0484444   0.245927  1.99706 	Dead: 0
2.27636   0.0575579   0.292191  1.99706 	Dead: 0
2.29099   0.0602641   0.305929  1.99706 	Dead: 0
2.24867   0.0515931   0.261911  1.99706 	Dead: 0
2.26876   0.0495833   0.251708  1.99706 	Dead: 0
2.2436    0.0519158   0.263549  1.99706 	Dead: 0
2.22412   0.0438565   0.222636  1.97365 	Dead: 0
2.2391    0.0589227   0.299119  1.97365 	Dead: 0
2.2282    0.050377    0.255737  1.97365 	Dead: 0
2.20385   0.0399342   0.202725  1.97365 	Dead: 0
2.21207   0.0599321   0.304243  1.97142 	Dead: 0
2.21306   0.0468285   0.237724  1.97142 	Dead: 0
2.18642   0.0412374   0.20934   1.97142 	Dead: 0
2.2404    0.0726513   0.368812  1.97142 	Dead: 0
2.19351   0.0436594   0.221635  1.97142 	Dead: 0
2.18733   0.0433938   0.220287  1.97142 	Dead: 0
2.21966   0.0529169   0.268631  1.97142 	Dead: 0
2.20534   0.0620134   0.314809  1.97142 	Dead: 0
2.22712   0.0694268   0.352443  1.96981 	Dead: 0
2.18008   0.0530325   0.269218  1.95322 	Dead: 0
2.1365    0.0441819   0.224288  1.95251 	Dead: 0
2.14181   0.0534366   0.271269  1.93054 	Dead: 0
2.12773   0.0573164   0.290965  1.92845 	Dead: 0
2.14839   0.0598153   0.303651  1.86727 	Dead: 0
2.09674   0.0371562   0.188622  1.85901 	Dead: 0
2.15184   0.071911    0.365054  1.85901 	Dead: 0
2.09694   0.0485782   0.246606  1.85901 	Dead: 0
2.21584   0.0987413   0.501257  1.85901 	Dead: 0
2.1134    0.0555418   0.281956  1.85901 	Dead: 0
2.08376   0.0418764   0.212584  1.85901 	Dead: 0
2.07499   0.0438653   0.222681  1.85901 	Dead: 0
2.11798   0.0560742   0.284659  1.85901 	Dead: 0
2.10792   0.0518019   0.262971  1.85901 	Dead: 0
2.1257    0.0605082   0.307168  1.85901 	Dead: 0
2.06452   0.0402734   0.204446  1.85901 	Dead: 0
2.15105   0.0689946   0.350249  1.85901 	Dead: 0
2.10268   0.0553427   0.280945  1.85901 	Dead: 0
2.09358   0.0558581   0.283562  1.85901 	Dead: 0
2.07202   0.0389129   0.19754   1.85901 	Dead: 0
2.09084   0.0597719   0.30343   1.85901 	Dead: 0
2.078     0.0462385   0.234728  1.85901 	Dead: 0
2.05857   0.0452082   0.229498  1.84047 	Dead: 0
2.12262   0.0783397   0.397689  1.84047 	Dead: 0
2.07206   0.0389315   0.197635  1.84047 	Dead: 0
2.0832    0.0608942   0.309127  1.84047 	Dead: 0
2.09224   0.0562113   0.285355  1.84047 	Dead: 0
2.06677   0.0558683   0.283613  1.84047 	Dead: 0
2.11002   0.0655986   0.333009  1.84047 	Dead: 0
2.09443   0.0580855   0.294869  1.84047 	Dead: 0
2.08921   0.0697349   0.354007  1.84047 	Dead: 0
2.12768   0.0713416   0.362163  1.8318  	Dead: 0
2.04829   0.0473254   0.240246  1.8318  	Dead: 0
2.06369   0.0509247   0.258517  1.8318  	Dead: 0
2.08932   0.0618223   0.313839  1.8318  	Dead: 0
2.06918   0.0531961   0.270048  1.8318  	Dead: 0
2.06409   0.0548104   0.278243  1.8318  	Dead: 0
2.05523   0.0538129   0.273179  1.8318  	Dead: 0
2.10503   0.0872604   0.442974  1.8318  	Dead: 0
2.05904   0.058381    0.296369  1.83102 	Dead: 0
2.14392   0.096862    0.491717  1.83102 	Dead: 0
2.05611   0.0558587   0.283565  1.83102 	Dead: 0
2.05227   0.0464208   0.235654  1.83102 	Dead: 0
2.05832   0.0542599   0.275448  1.80129 	Dead: 0
2.04409   0.0474415   0.240835  1.80129 	Dead: 0
2.0041    0.0370903   0.188288  1.80129 	Dead: 0
2.10226   0.0635307   0.322512  1.80129 	Dead: 0
2.02655   0.0422896   0.214682  1.80129 	Dead: 0
2.0367    0.0459625   0.233327  1.80129 	Dead: 0
2.05141   0.0581701   0.295298  1.80129 	Dead: 0
2.03643   0.0503393   0.255546  1.80129 	Dead: 0
2.02611   0.0439023   0.222869  1.80129 	Dead: 0
2.0453    0.055494    0.281713  1.80129 	Dead: 0
2.04176   0.0585182   0.297066  1.80129 	Dead: 0
2.04564   0.0661725   0.335922  1.80129 	Dead: 0
2.09065   0.0785798   0.398907  1.80129 	Dead: 0
2.06161   0.0754818   0.383181  1.80129 	Dead: 0
2.05843   0.0560869   0.284723  1.80129 	Dead: 0
2.05706   0.0811048   0.411726  1.78516 	Dead: 0
2.01365   0.0408021   0.20713   1.78516 	Dead: 0
