8.76484   0.0655776   0.332902  8.06641 	Dead: 0
6.89567   0.0440135   0.223433  6.25881 	Dead: 0
5.58536   0.0400055   0.203087  5.07098 	Dead: 0
5.04593   0.0434558   0.220602  4.75437 	Dead: 0
4.71228   0.0544288   0.276306  4.29385 	Dead: 0
4.26981   0.0396402   0.201232  3.8865  	Dead: 0
4.21598   0.0535074   0.271628  3.74406 	Dead: 0
4.14311   0.0526883   0.26747   3.74406 	Dead: 0
3.99418   0.037688    0.191322  3.56704 	Dead: 0
3.85183   0.0368319   0.186976  3.49205 	Dead: 0
3.77999   0.0444925   0.225864  3.48632 	Dead: 0
3.76424   0.0441581   0.224167  3.40605 	Dead: 0
3.76872   0.0500841   0.25425   3.38597 	Dead: 0
3.65987   0.0478668   0.242994  3.28312 	Dead: 0
3.64932   0.0509276   0.258532  3.28312 	Dead: 0
3.57444   0.0519213   0.263577  3.28117 	Dead: 0
3.56222   0.0511061   0.259438  3.24778 	Dead: 0
3.54488   0.0529475   0.268786  3.17284 	Dead: 0
3.51098   0.05103     0.259052  3.16422 	Dead: 0
3.53154   0.0629903   0.319768  3.11077 	Dead: 0
3.46868   0.0484972   0.246195  3.1064  	Dead: 0
3.51174   0.0581472   0.295182  3.10479 	Dead: 0
3.49546   0.0618049   0.31375   3.10479 	Dead: 0
3.47446   0.0518879   0.263407  3.10479 	Dead: 0
3.50195   0.0600923   0.305057  3.10479 	Dead: 0
3.47977   0.0596085   0.3026    3.10479 	Dead: 0
3.43339   0.0586566   0.297768  3.08913 	Dead: 0
3.46451   0.0578162   0.293502  3.08913 	Dead: 0
3.46593   0.0638839   0.324304  3.08913 	Dead: 0
3.45287   0.0518791   0.263363  3.08913 	Dead: 0
3.45049   0.0569342   0.289025  3.03988 	Dead: 0
3.468     0.0623085   0.316307  3.03988 	Dead: 0
3.42946   0.0552727   0.28059   2.98269 	Dead: 0
3.46362   0.0582753   0.295833  2.98269 	Dead: 0
3.47693   0.0624632   0.317092  2.98269 	Dead: 0
3.46676   0.0678016   0.344193  2.98269 	Dead: 0
3.48375   0.0656628   0.333335  2.98269 	Dead: 0
3.42875   0.0589015   0.299012  2.98269 	Dead: 0
3.44393   0.0557923   0.283228  2.98269 	Dead: 0
3.47561   0.0585215   0.297083  2.98269 	Dead: 0
3.43688   0.0626746   0.318165  2.98269 	Dead: 0
3.4235    0.0596837   0.302982  2.98269 	Dead: 0
3.48516   0.0644231   0.327042  2.98269 	Dead: 0
3.47061   0.0728593   0.369868  2.98269 	Dead: 0
3.42535   0.0557647   0.283088  2.98269 	Dead: 0
3.47023   0.0603678   0.306455  2.98269 	Dead: 0
3.44398   0.057747    0.293151  2.98269 	Dead: 0
3.45935   0.0628517   0.319065  2.98269 	Dead: 0
3.47547   0.0722325   0.366686  2.98269 	Dead: 0
3.45216   0.0602243   0.305727  2.98269 	Dead: 0
3.43975   0.0619883   0.314681  2.98269 	Dead: 0
3.48271   0.0682994   0.346719  2.98269 	Dead: 0
3.43604   0.0606344   0.307809  2.98269 	Dead: 0
3.48253   0.0693521   0.352064  2.98269 	Dead: 0
3.44591   0.0624792   0.317173  2.98269 	Dead: 0
3.46054   0.0695562   0.3531    2.98269 	Dead: 0
3.50026   0.072112    0.366074  2.98269 	Dead: 0
3.46066   0.068164    0.346032  2.98269 	Dead: 0
3.43666   0.063679    0.323264  2.98269 	Dead: 0
3.42833   0.0657564   0.33381   2.90246 	Dead: 0
3.48377   0.0696421   0.353536  2.90246 	Dead: 0
3.39236   0.0508499   0.258138  2.90246 	Dead: 0
3.44926   0.0710938   0.360905  2.90246 	Dead: 0
3.46036   0.0666102   0.338145  2.90246 	Dead: 0
3.4131    0.0562031   0.285313  2.90246 	Dead: 0
3.44427   0.0776436   0.394155  2.90246 	Dead: 0
3.42404   0.0601027   0.30511   2.86176 	Dead: 0
3.4245    0.0568411   0.288552  2.86176 	Dead: 0
3.41345   0.0571791   0.290268  2.86176 	Dead: 0
3.44066   0.0690409   0.350484  2.86176 	Dead: 0
3.3823    0.0576599   0.292709  2.86176 	Dead: 0
3.41359   0.0646731   0.328311  2.86176 	Dead: 0
3.43797   0.0721913   0.366477  2.86176 	Dead: 0
3.37009   0.0614257   0.311825  2.86176 	Dead: 0
3.39395   0.0579972   0.294421  2.86176 	Dead: 0
3.43059   0.0753893   0.382711  2.86176 	Dead: 0
3.38462   0.0682624   0.346532  2.86176 	Dead: 0
3.38254   0.0653537   0.331766  2.86176 	Dead: 0
3.37598   0.058818    0.298588  2.86176 	Dead: 0
3.42567   0.0728437   0.369788  2.86176 	Dead: 0
3.36634   0.069481    0.352718  2.86176 	Dead: 0
3.41527   0.0767949   0.389847  2.86176 	Dead: 0
3.36911   0.0645726   0.327801  2.86176 	Dead: 0
3.37245   0.0617179   0.313309  2.86176 	Dead: 0
3.37151   0.0607978   0.308638  2.86176 	Dead: 0
3.37947   0.0666671   0.338433  2.86176 	Dead: 0
3.35236   0.0580219   0.294546  2.86176 	Dead: 0
3.38666   0.0621739   0.315624  2.86176 	Dead: 0
3.38417   0.062131    0.315406  2.86176 	Dead: 0
3.45085   0.0869778   0.44154   2.86176 	Dead: 0
3.36741   0.0637234   0.32349   2.86176 	Dead: 0
3.35758   0.0628743   0.319179  2.86176 	Dead: 0
3.37827   0.0576762   0.292791  2.86176 	Dead: 0
3.39062   0.0777644   0.394768  2.86176 	Dead: 0
3.3632    0.0616407   0.312917  2.86176 	Dead: 0
3.37637   0.0759544   0.38558   2.86176 	Dead: 0
3.3318    0.0717707   0.364341  2.86176 	Dead: 0
3.32907   0.0517977   0.262949  2.86176 	Dead: 0
3.37155   0.0682998   0.346722  2.86176 	Dead: 0
3.34989   0.0588551   0.298776  2.86176 	Dead: 0
3.40095   0.0695622   0.35313   2.86176 	Dead: 0
