15.5425   0.0635344   0.32253   14.8393 	Dead: 0
14.6771   0.037939    0.192596  14.2599 	Dead: 0
14.4439   0.0459827   0.23343   13.9928 	Dead: 0
14.2782   0.043062    0.218603  13.7736 	Dead: 0
14.195    0.050265    0.255169  13.7564 	Dead: 0
14.0588   0.045611    0.231543  13.7193 	Dead: 0
14.0155   0.0505416   0.256573  13.6071 	Dead: 0
13.9513   0.0468428   0.237796  13.4841 	Dead: 0
13.8763   0.0491562   0.24954   13.4841 	Dead: 0
13.8214   0.0437742   0.222218  13.3929 	Dead: 0
13.8399   0.047746    0.242381  13.3929 	Dead: 0
13.8211   0.0487534   0.247495  13.3929 	Dead: 0
13.7879   0.0526826   0.267442  13.3855 	Dead: 0
13.7948   0.0558024   0.283279  13.3855 	Dead: 0
13.6734   0.0459739   0.233385  13.3225 	Dead: 0
13.6214   0.0496153   0.25187   13.2435 	Dead: 0
13.5533   0.0456672   0.231828  13.1602 	Dead: 0
13.5262   0.0478975   0.24315   13.1602 	Dead: 0
13.499    0.0484177   0.245791  13.0467 	Dead: 0
13.4482   0.0486505   0.246972  13.0205 	Dead: 0
13.428    0.0496872   0.252235  13.0205 	Dead: 0
13.4709   0.064578    0.327828  13.0205 	Dead: 0
13.4169   0.057329    0.291029  12.968  	Dead: 0
13.3945   0.0606209   0.30774   12.968  	Dead: 0
13.3776   0.0537534   0.272877  12.9573 	Dead: 0
13.4024   0.0603011   0.306117  12.9191 	Dead: 0
13.3515   0.0527854   0.267964  12.9191 	Dead: 0
13.3778   0.0555952   0.282227  12.9191 	Dead: 0
13.3484   0.0544882   0.276607  12.8688 	Dead: 0
13.358    0.0557316   0.282919  12.8688 	Dead: 0
13.3432   0.051483    0.261352  12.8688 	Dead: 0
13.305    0.0545373   0.276857  12.8688 	Dead: 0
13.3602   0.0574676   0.291733  12.8688 	Dead: 0
13.3904   0.06206     0.315046  12.8688 	Dead: 0
13.3798   0.0649      0.329462  12.8688 	Dead: 0
13.3746   0.0568145   0.288417  12.8688 	Dead: 0
13.3902   0.0698915   0.354802  12.8688 	Dead: 0
13.3517   0.0563316   0.285965  12.8688 	Dead: 0
13.3495   0.0536485   0.272345  12.8688 	Dead: 0
13.3651   0.0574414   0.291599  12.8688 	Dead: 0
13.3093   0.0529986   0.269046  12.8688 	Dead: 0
13.3616   0.0567141   0.287907  12.8429 	Dead: 0
13.3629   0.0565445   0.287046  12.8429 	Dead: 0
13.3577   0.0566158   0.287408  12.8429 	Dead: 0
13.3055   0.0503124   0.255409  12.8375 	Dead: 0
13.3262   0.0554967   0.281727  12.8375 	Dead: 0
13.3574   0.0550309   0.279363  12.8375 	Dead: 0
13.3605   0.0623368   0.316451  12.8375 	Dead: 0
13.3369   0.0561269   0.284926  12.8375 	Dead: 0
13.3426   0.0587262   0.298122  12.8375 	Dead: 0
13.3654   0.0644472   0.327164  12.8375 	Dead: 0
13.3516   0.0573999   0.291389  12.8375 	Dead: 0
13.3172   0.0546268   0.277311  12.8375 	Dead: 0
13.3563   0.0635593   0.322657  12.8375 	Dead: 0
13.3047   0.0492315   0.249922  12.8375 	Dead: 0
13.3488   0.0597438   0.303287  12.8375 	Dead: 0
13.3415   0.0600481   0.304832  12.8375 	Dead: 0
13.3596   0.0624201   0.316874  12.8375 	Dead: 0
13.3282   0.0577478   0.293155  12.8375 	Dead: 0
13.3134   0.0606588   0.307932  12.8375 	Dead: 0
13.3836   0.06446     0.327229  12.8375 	Dead: 0
13.3816   0.071374    0.362328  12.8375 	Dead: 0
13.3261   0.0579574   0.294219  12.8375 	Dead: 0
13.3337   0.0590348   0.299688  12.8375 	Dead: 0
13.308    0.0534554   0.271364  12.8375 	Dead: 0
13.3171   0.0535089   0.271636  12.8375 	Dead: 0
13.3343   0.0607191   0.308238  12.8375 	Dead: 0
13.3334   0.0587219   0.2981    12.8375 	Dead: 0
13.3105   0.0587412   0.298198  12.8375 	Dead: 0
13.3313   0.0572792   0.290776  12.8375 	Dead: 0
13.3209   0.0567217   0.287946  12.8375 	Dead: 0
13.3344   0.0638071   0.323915  12.7512 	Dead: 0
13.2953   0.0548579   0.278484  12.7512 	Dead: 0
13.3353   0.0600053   0.304615  12.7512 	Dead: 0
13.3264   0.056483    0.286734  12.7512 	Dead: 0
13.3281   0.0586458   0.297714  12.7512 	Dead: 0
13.2987   0.0580831   0.294857  12.7512 	Dead: 0
13.3201   0.060961    0.309466  12.7512 	Dead: 0
13.3443   0.0642201   0.326011  12.7512 	Dead: 0
13.353    0.0690821   0.350693  12.7512 	Dead: 0
13.3114   0.0635054   0.322383  12.7512 	Dead: 0
13.2712   0.0677678   0.344021  12.7512 	Dead: 0
13.2506   0.0693615   0.352111  12.7168 	Dead: 0
13.2602   0.0697621   0.354145  12.667  	Dead: 0
13.2155   0.0711722   0.361303  12.667  	Dead: 0
13.2097   0.0794313   0.40323   12.6531 	Dead: 0
13.1476   0.0638297   0.324029  12.6531 	Dead: 0
13.1016   0.0628582   0.319098  12.6531 	Dead: 0
13.0941   0.0576896   0.292859  12.6531 	Dead: 0
13.1278   0.0683661   0.347058  12.6531 	Dead: 0
13.0858   0.0633146   0.321414  12.6531 	Dead: 0
13.1189   0.0657035   0.333542  12.6531 	Dead: 0
13.0581   0.0622266   0.315891  12.6531 	Dead: 0
13.067    0.0653523   0.331759  12.6252 	Dead: 0
13.0522   0.0648651   0.329285  12.6252 	Dead: 0
13.0437   0.0593388   0.301231  12.6136 	Dead: 0
13.0653   0.0655704   0.332866  12.6136 	Dead: 0
13.072    0.0696029   0.353337  12.6136 	Dead: 0
13.0852   0.0653239   0.331614  12.6136 	Dead: 0
13.0837   0.0635013   0.322362  12.6136 	Dead: 0
13.0498   0.0671029   0.340646  12.6136 	Dead: 0
