15.5523   0.0668291   0.339256  14.8705 	Dead: 0
14.7016   0.030779    0.156249  14.3487 	Dead: 0
14.6001   0.0395169   0.200606  14.2472 	Dead: 0
14.5788   0.0454508   0.23073   14.0933 	Dead: 0
14.4931   0.0395872   0.200963  14.0796 	Dead: 0
14.4594   0.0418187   0.212291  14.0796 	Dead: 0
14.4417   0.0430399   0.218491  14.0796 	Dead: 0
14.4072   0.0398072   0.20208   14.0796 	Dead: 0
14.4041   0.0403739   0.204957  13.9693 	Dead: 0
14.3993   0.0450776   0.228835  13.9693 	Dead: 0
14.4107   0.045299    0.229959  13.9693 	Dead: 0
14.3946   0.0444887   0.225845  13.9693 	Dead: 0
14.3668   0.0428747   0.217652  13.9693 	Dead: 0
14.366    0.0453829   0.230385  13.9693 	Dead: 0
14.3589   0.0438853   0.222782  13.9693 	Dead: 0
14.3542   0.0462052   0.234559  13.9693 	Dead: 0
14.3439   0.042606    0.216288  13.9693 	Dead: 0
14.3451   0.0438772   0.222741  13.9693 	Dead: 0
14.3318   0.042245    0.214455  13.9693 	Dead: 0
14.3409   0.0465179   0.236147  13.9693 	Dead: 0
14.3029   0.04611     0.234076  13.9511 	Dead: 0
14.3329   0.0476629   0.241959  13.9511 	Dead: 0
14.3318   0.0456337   0.231658  13.9511 	Dead: 0
14.312    0.0428004   0.217275  13.9511 	Dead: 0
14.3217   0.0433229   0.219927  13.9511 	Dead: 0
14.3139   0.0422568   0.214515  13.9511 	Dead: 0
14.303    0.043602    0.221344  13.9511 	Dead: 0
14.3124   0.0440083   0.223407  13.9315 	Dead: 0
14.3036   0.0437456   0.222073  13.9315 	Dead: 0
14.3211   0.0464587   0.235846  13.9158 	Dead: 0
14.2957   0.0469788   0.238487  13.9158 	Dead: 0
14.3328   0.0446413   0.22662   13.9158 	Dead: 0
14.2934   0.0427475   0.217006  13.9158 	Dead: 0
14.3168   0.0427245   0.21689   13.9158 	Dead: 0
14.3232   0.046474    0.235924  13.9158 	Dead: 0
14.3086   0.0469825   0.238505  13.9158 	Dead: 0
14.3119   0.0461086   0.234069  13.9158 	Dead: 0
14.3346   0.0497497   0.252552  13.9158 	Dead: 0
14.3134   0.0427445   0.216991  13.9158 	Dead: 0
14.2999   0.0444006   0.225398  13.9158 	Dead: 0
14.2945   0.0423433   0.214954  13.9158 	Dead: 0
14.2681   0.0419876   0.213148  13.9158 	Dead: 0
14.3353   0.0498973   0.253302  13.9158 	Dead: 0
14.2957   0.0448477   0.227668  13.9158 	Dead: 0
14.271    0.0449874   0.228377  13.8804 	Dead: 0
14.2795   0.0442488   0.224627  13.8804 	Dead: 0
14.2884   0.0470804   0.239002  13.8804 	Dead: 0
14.2859   0.044216    0.224461  13.8804 	Dead: 0
14.2971   0.0484941   0.246179  13.8804 	Dead: 0
14.2863   0.0516042   0.261967  13.8804 	Dead: 0
14.2786   0.0470342   0.238768  13.8804 	Dead: 0
14.2372   0.0423893   0.215188  13.8804 	Dead: 0
14.2938   0.0518982   0.263459  13.8804 	Dead: 0
14.2607   0.04604     0.233721  13.8804 	Dead: 0
14.2538   0.0459584   0.233306  13.8804 	Dead: 0
14.2699   0.0491537   0.249527  13.8804 	Dead: 0
14.2618   0.0475922   0.2416    13.8804 	Dead: 0
14.2522   0.0481398   0.24438   13.8624 	Dead: 0
14.2243   0.0463044   0.235063  13.8543 	Dead: 0
14.2414   0.0465899   0.236512  13.8543 	Dead: 0
14.2102   0.0445897   0.226358  13.8543 	Dead: 0
14.1761   0.0451262   0.229082  13.8111 	Dead: 0
14.1719   0.045802    0.232512  13.8111 	Dead: 0
14.1875   0.0453537   0.230237  13.7712 	Dead: 0
14.1712   0.0458485   0.232748  13.7712 	Dead: 0
14.1684   0.0488319   0.247893  13.7712 	Dead: 0
14.1573   0.0446995   0.226915  13.7712 	Dead: 0
14.1662   0.0470255   0.238723  13.5714 	Dead: 0
14.1665   0.0495819   0.251701  13.5714 	Dead: 0
14.1668   0.0530293   0.269202  13.5714 	Dead: 0
14.1568   0.0516959   0.262433  13.5714 	Dead: 0
14.1391   0.0457406   0.232201  13.5714 	Dead: 0
14.1223   0.0445478   0.226145  13.5714 	Dead: 0
14.1244   0.0440251   0.223492  13.5714 	Dead: 0
14.0953   0.0469237   0.238207  13.5714 	Dead: 0
14.1166   0.047084    0.23902   13.5714 	Dead: 0
14.0914   0.0481262   0.244311  13.5714 	Dead: 0
14.0761   0.0508936   0.25836   13.5714 	Dead: 0
14.0594   0.0460243   0.233641  13.5714 	Dead: 0
14.0262   0.0445657   0.226236  13.5714 	Dead: 0
13.9967   0.0435655   0.221159  13.5714 	Dead: 0
13.9989   0.0459242   0.233133  13.5714 	Dead: 0
14.0254   0.0504312   0.256012  13.5714 	Dead: 0
13.9939   0.0467686   0.237419  13.5714 	Dead: 0
13.9989   0.0492754   0.250145  13.5714 	Dead: 0
14.0027   0.0508859   0.258321  13.5714 	Dead: 0
13.9821   0.0454761   0.230858  13.5714 	Dead: 0
13.9837   0.045131    0.229106  13.5714 	Dead: 0
13.9756   0.045544    0.231202  13.5714 	Dead: 0
13.9449   0.0421972   0.214212  13.5548 	Dead: 0
13.9883   0.0539672   0.273963  13.5548 	Dead: 0
13.9452   0.0465018   0.236065  13.5548 	Dead: 0
13.9544   0.0499654   0.253648  13.5548 	Dead: 0
13.944    0.0514217   0.26104   13.4785 	Dead: 0
13.9097   0.0512431   0.260134  13.3611 	Dead: 0
13.8902   0.0452326   0.229622  13.3611 	Dead: 0
13.9113   0.0525539   0.266788  13.3611 	Dead: 0
13.8848   0.0523045   0.265522  13.3611 	Dead: 0
13.9071   0.0550074   0.279243  13.3611 	Dead: 0
13.9284   0.0549204   0.278802  13.3611 	Dead: 0
13.8595   0.0525964   0.267004  13.3611 	Dead: 0
