4.95956   0.10657     0.540997  3.65632 	Dead: 0
3.50548   0.0465531   0.236325  3.03139 	Dead: 0
3.39098   0.0554366   0.281422  2.90698 	Dead: 0
3.32602   0.0506226   0.256984  2.90698 	Dead: 0
3.25889   0.0462741   0.234909  2.89733 	Dead: 0
3.16627   0.0416365   0.211366  2.74265 	Dead: 0
3.21594   0.0548843   0.278618  2.74265 	Dead: 0
3.14925   0.0490011   0.248752  2.71751 	Dead: 0
3.12703   0.0434182   0.220411  2.71751 	Dead: 0
3.05433   0.04732     0.240218  2.71751 	Dead: 0
3.0437    0.0547446   0.277909  2.62295 	Dead: 0
3.02859   0.0457403   0.232199  2.62295 	Dead: 0
2.98839   0.0476134   0.241708  2.62295 	Dead: 0
2.94893   0.0472886   0.240059  2.61952 	Dead: 0
2.9457    0.0412453   0.20938   2.54347 	Dead: 0
2.96559   0.0507636   0.2577    2.54347 	Dead: 0
2.90977   0.040571    0.205957  2.54347 	Dead: 0
2.90131   0.0443278   0.225029  2.54347 	Dead: 0
2.92288   0.0482354   0.244865  2.54347 	Dead: 0
2.91872   0.0458159   0.232583  2.54347 	Dead: 0
2.91642   0.0487095   0.247272  2.54347 	Dead: 0
2.93319   0.0491969   0.249747  2.44496 	Dead: 0
2.87338   0.0421846   0.214149  2.44496 	Dead: 0
2.90199   0.0497139   0.252371  2.44496 	Dead: 0
2.86286   0.0450104   0.228494  2.44496 	Dead: 0
2.86921   0.0451105   0.229002  2.44496 	Dead: 0
2.86016   0.0447725   0.227286  2.44496 	Dead: 0
2.85216   0.0469796   0.238491  2.44496 	Dead: 0
2.85688   0.0467615   0.237383  2.44496 	Dead: 0
2.86437   0.0453816   0.230378  2.44496 	Dead: 0
2.85443   0.0448783   0.227823  2.44496 	Dead: 0
2.84371   0.046401    0.235553  2.44496 	Dead: 0
2.84447   0.042262    0.214542  2.44496 	Dead: 0
2.85201   0.0493288   0.250416  2.44496 	Dead: 0
2.80415   0.0411549   0.208922  2.44496 	Dead: 0
2.82133   0.0491666   0.249593  2.44496 	Dead: 0
2.80455   0.045511    0.231035  2.44496 	Dead: 0
2.77888   0.0429684   0.218128  2.44496 	Dead: 0
2.79859   0.0499489   0.253564  2.44496 	Dead: 0
2.77393   0.0431958   0.219282  2.44496 	Dead: 0
2.77034   0.039235    0.199175  2.44496 	Dead: 0
2.76985   0.0408995   0.207625  2.44496 	Dead: 0
2.7568    0.0461392   0.234224  2.44457 	Dead: 0
2.73815   0.0432813   0.219716  2.44457 	Dead: 0
2.73995   0.0457929   0.232466  2.44457 	Dead: 0
2.69374   0.0385144   0.195517  2.44457 	Dead: 0
2.67397   0.0348135   0.176729  2.31029 	Dead: 0
2.73104   0.0441138   0.223942  2.31029 	Dead: 0
2.69785   0.0432517   0.219566  2.28624 	Dead: 0
2.66609   0.040385    0.205013  2.28624 	Dead: 0
2.65131   0.0354955   0.180192  2.28624 	Dead: 0
2.66721   0.0413659   0.209993  2.28624 	Dead: 0
2.68797   0.0428737   0.217647  2.28624 	Dead: 0
2.6812    0.0433572   0.220101  2.28624 	Dead: 0
2.66407   0.0412616   0.209463  2.28624 	Dead: 0
2.63507   0.0359059   0.182275  2.28624 	Dead: 0
2.66598   0.0413838   0.210084  2.28624 	Dead: 0
2.6525    0.0392928   0.199468  2.28624 	Dead: 0
2.65889   0.0401583   0.203862  2.28624 	Dead: 0
2.68881   0.0469961   0.238574  2.28624 	Dead: 0
2.64878   0.037872    0.192256  2.28624 	Dead: 0
2.64688   0.0395191   0.200618  2.28624 	Dead: 0
2.65594   0.0404254   0.205218  2.28106 	Dead: 0
2.60702   0.0358396   0.181938  2.28106 	Dead: 0
2.64559   0.0449838   0.228359  2.28106 	Dead: 0
2.62834   0.0379288   0.192544  2.28106 	Dead: 0
2.66321   0.0429628   0.218099  2.28106 	Dead: 0
2.64448   0.0431297   0.218946  2.28106 	Dead: 0
2.62967   0.0448045   0.227449  2.28106 	Dead: 0
2.63662   0.0431002   0.218797  2.28106 	Dead: 0
2.63127   0.0432054   0.219331  2.28106 	Dead: 0
2.63767   0.0417396   0.21189   2.28106 	Dead: 0
2.65805   0.0451486   0.229196  2.28106 	Dead: 0
2.62301   0.0383404   0.194634  2.28106 	Dead: 0
2.62867   0.0412146   0.209224  2.27316 	Dead: 0
2.61856   0.0392798   0.199403  2.27316 	Dead: 0
2.62755   0.0399682   0.202897  2.27316 	Dead: 0
2.61437   0.0392521   0.199262  2.27316 	Dead: 0
2.63732   0.0443119   0.224948  2.27316 	Dead: 0
2.61634   0.0423018   0.214744  2.2683  	Dead: 0
2.64293   0.0453494   0.230215  2.2683  	Dead: 0
2.63985   0.0464976   0.236043  2.2683  	Dead: 0
2.61603   0.0402672   0.204415  2.2683  	Dead: 0
2.62149   0.0399908   0.203012  2.2683  	Dead: 0
2.61001   0.0380603   0.193212  2.2683  	Dead: 0
2.63604   0.0444405   0.2256    2.2683  	Dead: 0
2.64725   0.0440936   0.22384   2.2683  	Dead: 0
2.64418   0.0441535   0.224144  2.2683  	Dead: 0
2.6315    0.0434065   0.220352  2.2683  	Dead: 0
2.653     0.0427904   0.217224  2.2683  	Dead: 0
2.63487   0.0454535   0.230743  2.2683  	Dead: 0
2.63034   0.0411098   0.208692  2.2683  	Dead: 0
2.62734   0.0402795   0.204478  2.2683  	Dead: 0
2.61591   0.0426632   0.216578  2.2683  	Dead: 0
2.62901   0.0425179   0.215841  2.2683  	Dead: 0
2.61536   0.0398946   0.202523  2.2683  	Dead: 0
2.61879   0.0422678   0.214571  2.2683  	Dead: 0
2.63589   0.0445348   0.22608   2.2683  	Dead: 0
2.6078    0.0392506   0.199255  2.2683  	Dead: 0
2.62876   0.04462     0.226512  2.2683  	Dead: 0
2.61048   0.0404911   0.205552  2.2683  	Dead: 0
