8.73865   0.101038    0.512916  7.61204 	Dead: 0
6.67106   0.0402401   0.204278  6.13257 	Dead: 0
5.51988   0.0387852   0.196892  5.12345 	Dead: 0
4.72387   0.0474654   0.240956  4.22955 	Dead: 0
3.80725   0.0572109   0.290429  3.34146 	Dead: 0
3.32488   0.0533673   0.270917  2.93861 	Dead: 0
3.20297   0.0682253   0.346344  2.86689 	Dead: 0
2.98627   0.0535092   0.271638  2.56637 	Dead: 0
2.97247   0.0758548   0.385074  2.56637 	Dead: 0
2.8684    0.0595693   0.302402  2.46445 	Dead: 0
2.81704   0.0720394   0.365706  2.46445 	Dead: 0
2.67262   0.0537901   0.273064  2.41075 	Dead: 0
2.68896   0.0567603   0.288142  2.40459 	Dead: 0
2.63138   0.0564822   0.28673   2.36628 	Dead: 0
2.64734   0.0568544   0.28862   2.36628 	Dead: 0
2.59411   0.0487054   0.247251  2.35286 	Dead: 0
2.60071   0.0529998   0.269052  2.29773 	Dead: 0
2.52449   0.0461466   0.234262  2.29773 	Dead: 0
2.50237   0.0445492   0.226153  2.29773 	Dead: 0
2.53486   0.0533751   0.270957  2.29773 	Dead: 0
2.51208   0.040816    0.207201  2.2676  	Dead: 0
2.51904   0.0598927   0.304043  2.23207 	Dead: 0
2.49368   0.0494377   0.250969  2.18071 	Dead: 0
2.51926   0.0611393   0.310371  2.18071 	Dead: 0
2.51846   0.0583704   0.296315  2.14864 	Dead: 0
2.47254   0.0522979   0.265489  2.14864 	Dead: 0
2.44108   0.0477254   0.242276  2.14864 	Dead: 0
2.50502   0.074338    0.377374  2.14864 	Dead: 0
2.46704   0.0543079   0.275692  2.14864 	Dead: 0
2.43552   0.052549    0.266763  2.14864 	Dead: 0
2.45006   0.0600613   0.304899  2.14864 	Dead: 0
2.46873   0.0582755   0.295834  2.14864 	Dead: 0
2.41366   0.0560319   0.284444  2.14864 	Dead: 0
2.42192   0.0537569   0.272895  2.14864 	Dead: 0
2.42451   0.0528021   0.268048  2.14864 	Dead: 0
2.41379   0.0442605   0.224687  2.14864 	Dead: 0
2.42953   0.0479411   0.243371  2.14864 	Dead: 0
2.40601   0.0418225   0.21231   2.14864 	Dead: 0
2.42424   0.0541503   0.274892  2.14864 	Dead: 0
2.43229   0.0577829   0.293333  2.14864 	Dead: 0
2.39158   0.0496133   0.25186   2.14864 	Dead: 0
2.42481   0.0548929   0.278662  2.14624 	Dead: 0
2.44798   0.0540041   0.27415   2.13024 	Dead: 0
2.42334   0.0601622   0.305411  2.13024 	Dead: 0
2.42335   0.0554738   0.281611  2.10476 	Dead: 0
2.38322   0.0532624   0.270385  2.10476 	Dead: 0
2.43179   0.060915    0.309233  2.10476 	Dead: 0
2.43629   0.0567702   0.288192  2.10476 	Dead: 0
2.37911   0.055754    0.283033  2.10476 	Dead: 0
2.3763    0.0456147   0.231562  2.10476 	Dead: 0
2.39776   0.0500036   0.253841  2.10476 	Dead: 0
2.40339   0.0532882   0.270516  2.10476 	Dead: 0
2.38684   0.0519984   0.263968  2.10476 	Dead: 0
2.37369   0.0487331   0.247392  2.10476 	Dead: 0
2.37114   0.0517595   0.262755  2.09969 	Dead: 0
2.37618   0.0561918   0.285256  2.09969 	Dead: 0
2.37011   0.0595119   0.30211   2.09969 	Dead: 0
2.35223   0.0589551   0.299283  2.09186 	Dead: 0
2.33886   0.0479992   0.243666  2.09186 	Dead: 0
2.35831   0.0571232   0.289984  2.09186 	Dead: 0
2.3189    0.0431546   0.219073  2.09186 	Dead: 0
2.34649   0.0533229   0.270692  2.05782 	Dead: 0
2.32901   0.0539702   0.273978  2.05782 	Dead: 0
2.34766   0.0527661   0.267866  2.05782 	Dead: 0
2.34269   0.0479156   0.243242  2.05782 	Dead: 0
2.31451   0.0419929   0.213175  2.05294 	Dead: 0
2.3548    0.0604857   0.307054  2.04537 	Dead: 0
2.3256    0.0449623   0.22825   2.04537 	Dead: 0
2.30881   0.0435891   0.221279  2.04537 	Dead: 0
2.34082   0.0542806   0.275554  2.04537 	Dead: 0
2.30805   0.0449407   0.22814   2.04537 	Dead: 0
2.35877   0.0662988   0.336563  2.04537 	Dead: 0
2.32098   0.0497875   0.252745  2.01095 	Dead: 0
2.27257   0.042735    0.216943  2.01095 	Dead: 0
2.30074   0.0495205   0.251389  2.01095 	Dead: 0
2.32559   0.0630061   0.319848  2.01095 	Dead: 0
2.28779   0.0495349   0.251462  2.01095 	Dead: 0
2.34447   0.0578567   0.293708  2.01095 	Dead: 0
2.3287    0.057788    0.293359  2.01095 	Dead: 0
2.28137   0.0485587   0.246507  2.01095 	Dead: 0
2.30428   0.0550133   0.279273  2.01095 	Dead: 0
2.29844   0.0563863   0.286243  2.01095 	Dead: 0
2.29644   0.0640071   0.32493   2.01095 	Dead: 0
2.3161    0.0633528   0.321608  2.01095 	Dead: 0
2.34485   0.0687733   0.349125  2.01095 	Dead: 0
2.38552   0.0744481   0.377933  2.01095 	Dead: 0
2.3405    0.0645377   0.327624  1.97716 	Dead: 0
2.2975    0.0507438   0.257599  1.97716 	Dead: 0
2.30562   0.0555294   0.281893  1.97716 	Dead: 0
2.314     0.0613106   0.311241  1.97716 	Dead: 0
2.2912    0.0605792   0.307528  1.97716 	Dead: 0
2.26207   0.0484161   0.245783  1.97716 	Dead: 0
2.2846    0.0488446   0.247958  1.97716 	Dead: 0
2.35455   0.0729098   0.370124  1.97716 	Dead: 0
2.31869   0.0605794   0.30753   1.97716 	Dead: 0
2.24332   0.0429701   0.218136  1.97716 	Dead: 0
2.29421   0.0519219   0.26358   1.97716 	Dead: 0
2.30231   0.0580692   0.294786  1.97716 	Dead: 0
2.27765   0.0534252   0.271211  1.97716 	Dead: 0
2.2968    0.0591843   0.300447  1.95389 	Dead: 0
2.26717   0.0531382   0.269754  1.95389 	Dead: 0
