7.67669   0.166155    0.843478  6.16631 	Dead: 0
4.14168   0.0513253   0.260551  3.65951 	Dead: 0
3.55903   0.0351683   0.178531  3.22896 	Dead: 0
3.16722   0.0344972   0.175124  2.92577 	Dead: 0
3.06731   0.0323381   0.164164  2.81687 	Dead: 0
3.03085   0.0354932   0.18018   2.75208 	Dead: 0
2.99924   0.0369493   0.187572  2.68267 	Dead: 0
2.88953   0.0280637   0.142464  2.62829 	Dead: 0
2.83001   0.0299548   0.152064  2.61744 	Dead: 0
2.7879    0.0296642   0.150589  2.5665  	Dead: 0
2.78279   0.0254908   0.129403  2.5665  	Dead: 0
2.77552   0.0265858   0.134962  2.55657 	Dead: 0
2.77654   0.0353017   0.179208  2.54086 	Dead: 0
2.7281    0.0307072   0.155884  2.44843 	Dead: 0
2.70906   0.0289362   0.146894  2.44843 	Dead: 0
2.70557   0.0348254   0.17679   2.44843 	Dead: 0
2.68926   0.0312399   0.158588  2.44843 	Dead: 0
2.64882   0.0232515   0.118036  2.43754 	Dead: 0
2.64744   0.0280398   0.142343  2.43754 	Dead: 0
2.65814   0.0275664   0.13994   2.43754 	Dead: 0
2.62371   0.0274645   0.139423  2.43754 	Dead: 0
2.62291   0.0258146   0.131047  2.43754 	Dead: 0
2.63588   0.0357112   0.181286  2.43754 	Dead: 0
2.62144   0.0301614   0.153113  2.42111 	Dead: 0
2.61462   0.0312321   0.158549  2.42111 	Dead: 0
2.60655   0.0284265   0.144306  2.42111 	Dead: 0
2.57226   0.0218847   0.111097  2.4106  	Dead: 0
2.59194   0.0311742   0.158255  2.4106  	Dead: 0
2.57889   0.0372008   0.188849  2.4106  	Dead: 0
2.57795   0.0291362   0.147909  2.40596 	Dead: 0
2.57577   0.0261694   0.132848  2.40596 	Dead: 0
2.57038   0.02816     0.142953  2.39951 	Dead: 0
2.563     0.025106    0.12745   2.35826 	Dead: 0
2.57527   0.0288086   0.146246  2.35826 	Dead: 0
2.55084   0.0255479   0.129693  2.35826 	Dead: 0
2.54602   0.0294457   0.14948   2.32849 	Dead: 0
2.54316   0.0257267   0.130601  2.32849 	Dead: 0
2.55823   0.0291884   0.148174  2.32849 	Dead: 0
2.53979   0.0244269   0.124002  2.32849 	Dead: 0
2.55818   0.0343333   0.174292  2.32849 	Dead: 0
2.53043   0.0295673   0.150097  2.32658 	Dead: 0
2.54395   0.0309961   0.157351  2.30477 	Dead: 0
2.54446   0.0318933   0.161905  2.30477 	Dead: 0
2.55446   0.0359154   0.182324  2.30477 	Dead: 0
2.52966   0.0293881   0.149188  2.30477 	Dead: 0
2.5805    0.0395919   0.200987  2.30477 	Dead: 0
2.53213   0.0259783   0.131878  2.30477 	Dead: 0
2.52404   0.0283624   0.143981  2.30477 	Dead: 0
2.54818   0.03089     0.156812  2.30477 	Dead: 0
2.51346   0.0240778   0.12223   2.30477 	Dead: 0
2.52778   0.0308566   0.156642  2.30266 	Dead: 0
2.50269   0.0266856   0.135469  2.30266 	Dead: 0
2.49692   0.0280034   0.142158  2.30107 	Dead: 0
2.51511   0.0307035   0.155865  2.30107 	Dead: 0
2.53035   0.0334165   0.169638  2.30107 	Dead: 0
2.50198   0.0288094   0.14625   2.30107 	Dead: 0
2.4976    0.0308479   0.156598  2.30107 	Dead: 0
2.47717   0.0247762   0.125776  2.30071 	Dead: 0
2.50907   0.0301835   0.153226  2.30071 	Dead: 0
2.49091   0.0280239   0.142262  2.30071 	Dead: 0
2.48459   0.0296094   0.150311  2.30071 	Dead: 0
2.51249   0.0340722   0.172966  2.30071 	Dead: 0
2.46499   0.0235596   0.119599  2.2873  	Dead: 0
2.49911   0.033635    0.170747  2.2873  	Dead: 0
2.48566   0.0293471   0.14898   2.2873  	Dead: 0
2.49936   0.0375029   0.190382  2.2873  	Dead: 0
2.47001   0.0273587   0.138885  2.27424 	Dead: 0
2.48583   0.0286832   0.14561   2.27424 	Dead: 0
2.47047   0.0333114   0.169104  2.27424 	Dead: 0
2.46824   0.0275969   0.140095  2.27424 	Dead: 0
2.46053   0.0304196   0.154424  2.27424 	Dead: 0
2.4649    0.0324947   0.164958  2.26509 	Dead: 0
2.46028   0.0308814   0.156769  2.26509 	Dead: 0
2.46732   0.0271514   0.137833  2.26509 	Dead: 0
2.45695   0.0291603   0.148031  2.26509 	Dead: 0
2.46613   0.032159    0.163254  2.26509 	Dead: 0
2.47108   0.0333668   0.169386  2.26509 	Dead: 0
2.45785   0.0277819   0.141034  2.26509 	Dead: 0
2.46946   0.0325894   0.165439  2.26128 	Dead: 0
2.45074   0.0269609   0.136866  2.26128 	Dead: 0
2.44942   0.0287396   0.145895  2.26128 	Dead: 0
2.44901   0.0307815   0.156261  2.26128 	Dead: 0
2.43971   0.0282095   0.143205  2.26128 	Dead: 0
2.46986   0.0378315   0.19205   2.26128 	Dead: 0
2.44294   0.0323111   0.164026  2.2509  	Dead: 0
2.44116   0.0270626   0.137382  2.23823 	Dead: 0
2.43655   0.0268799   0.136455  2.23823 	Dead: 0
2.44364   0.0287212   0.145802  2.23823 	Dead: 0
2.43883   0.0264708   0.134378  2.23823 	Dead: 0
2.43156   0.0257747   0.130845  2.23823 	Dead: 0
2.43584   0.0294173   0.149336  2.23823 	Dead: 0
2.43402   0.0272055   0.138108  2.23823 	Dead: 0
2.42311   0.0287948   0.146176  2.22011 	Dead: 0
2.42564   0.0310342   0.157544  2.22011 	Dead: 0
2.42939   0.0298972   0.151772  2.21517 	Dead: 0
2.41364   0.0262936   0.133478  2.21517 	Dead: 0
2.44444   0.0293878   0.149186  2.21517 	Dead: 0
2.43366   0.0271245   0.137697  2.21517 	Dead: 0
2.43215   0.0323573   0.164261  2.21517 	Dead: 0
2.43128   0.0300126   0.152358  2.21517 	Dead: 0
2.41665   0.0313152   0.158971  2.21517 	Dead: 0
