8.72942   0.0870804   0.44206   7.54167 	Dead: 0
7.7081    0.0667352   0.338779  7.16429 	Dead: 0
7.63001   0.0755081   0.383314  6.98471 	Dead: 0
7.55599   0.0784926   0.398465  6.64875 	Dead: 0
7.37411   0.0895603   0.45465   6.35085 	Dead: 0
7.22276   0.115945    0.588591  6.26679 	Dead: 0
7.07113   0.129298    0.656376  6.11466 	Dead: 0
6.96005   0.134343    0.681989  6.00964 	Dead: 0
7.04169   0.126379    0.64156   6.00964 	Dead: 0
7.00278   0.139644    0.708899  6.00964 	Dead: 0
6.8107    0.13243     0.672277  6.00964 	Dead: 0
6.88754   0.139609    0.708723  6.00964 	Dead: 0
6.86015   0.135649    0.68862   6.00964 	Dead: 0
6.80543   0.131247    0.666269  6.00964 	Dead: 0
6.93712   0.148451    0.753604  6.00964 	Dead: 0
6.86681   0.136258    0.691708  6.00964 	Dead: 0
6.93623   0.1496      0.759441  6.00964 	Dead: 0
6.83355   0.138711    0.704162  6.00964 	Dead: 0
6.84934   0.148166    0.752161  6.00964 	Dead: 0
6.99124   0.14455     0.733801  6.00964 	Dead: 0
6.85715   0.139499    0.708164  6.00964 	Dead: 0
6.90473   0.142824    0.725039  5.84039 	Dead: 0
6.90678   0.147314    0.747833  5.84039 	Dead: 0
6.92995   0.145499    0.738621  5.84039 	Dead: 0
6.94799   0.143615    0.729058  5.84039 	Dead: 0
6.89818   0.139564    0.708494  5.84039 	Dead: 0
7.03692   0.159206    0.808205  5.84039 	Dead: 0
7.00131   0.148336    0.753023  5.84039 	Dead: 0
7.0125    0.148136    0.752006  5.84039 	Dead: 0
6.92543   0.137295    0.696973  5.84039 	Dead: 0
6.90699   0.145947    0.740894  5.75248 	Dead: 0
6.85456   0.145219    0.7372    5.75248 	Dead: 0
6.80902   0.139612    0.708736  5.75248 	Dead: 0
6.8333    0.150534    0.764179  5.75248 	Dead: 0
6.8609    0.150471    0.763861  5.75248 	Dead: 0
6.78239   0.147684    0.749714  5.75248 	Dead: 0
6.80722   0.135774    0.689254  5.75248 	Dead: 0
6.86295   0.140765    0.71459   5.75248 	Dead: 0
6.74991   0.139583    0.708589  5.75248 	Dead: 0
6.82425   0.139279    0.707047  5.75248 	Dead: 0
6.79633   0.145598    0.739121  5.75248 	Dead: 0
6.8277    0.15138     0.768475  5.75248 	Dead: 0
6.80303   0.149047    0.75663   5.75248 	Dead: 0
6.79935   0.152858    0.77598   5.75248 	Dead: 0
6.79488   0.151116    0.767136  5.75248 	Dead: 0
6.82285   0.154514    0.784386  5.75248 	Dead: 0
6.85948   0.153601    0.779748  5.75248 	Dead: 0
6.75849   0.141593    0.718794  5.75248 	Dead: 0
6.6656    0.132304    0.671639  5.75248 	Dead: 0
6.74752   0.153882    0.781177  5.75248 	Dead: 0
6.6864    0.132977    0.675054  5.75248 	Dead: 0
6.75673   0.146279    0.742579  5.75248 	Dead: 0
6.76065   0.139862    0.710006  5.75248 	Dead: 0
6.73041   0.146852    0.74549   5.75248 	Dead: 0
6.75148   0.142815    0.724996  5.75248 	Dead: 0
6.81231   0.156217    0.793031  5.75248 	Dead: 0
6.84165   0.143763    0.729809  5.75248 	Dead: 0
6.71823   0.142837    0.725108  5.68727 	Dead: 0
6.69992   0.137598    0.69851   5.68727 	Dead: 0
6.76591   0.145894    0.740627  5.68727 	Dead: 0
6.77412   0.158966    0.806983  5.68727 	Dead: 0
6.74406   0.142335    0.722558  5.68727 	Dead: 0
6.82626   0.147192    0.747217  5.68727 	Dead: 0
6.73308   0.140901    0.715277  5.68727 	Dead: 0
6.83509   0.150157    0.762265  5.68727 	Dead: 0
6.82371   0.151222    0.767674  5.68727 	Dead: 0
6.77577   0.142048    0.721104  5.68727 	Dead: 0
6.81741   0.14778     0.750201  5.68727 	Dead: 0
6.8691    0.15812     0.80269   5.68727 	Dead: 0
6.8012    0.150691    0.764979  5.68727 	Dead: 0
6.77806   0.148179    0.752227  5.68727 	Dead: 0
6.81768   0.14743     0.748421  5.68727 	Dead: 0
6.89952   0.149818    0.760548  5.68727 	Dead: 0
6.76096   0.14374     0.729692  5.68727 	Dead: 0
6.70824   0.138306    0.702108  5.68727 	Dead: 0
6.91418   0.149012    0.756455  5.68727 	Dead: 0
6.85495   0.14778     0.750199  5.68727 	Dead: 0
6.81517   0.146367    0.743027  5.68727 	Dead: 0
6.81298   0.143337    0.727646  5.68727 	Dead: 0
6.73693   0.140727    0.714397  5.68727 	Dead: 0
6.76725   0.140249    0.711971  5.68727 	Dead: 0
6.83393   0.152652    0.774935  5.68727 	Dead: 0
6.78343   0.15224     0.772843  5.68727 	Dead: 0
6.79235   0.145597    0.739119  5.68727 	Dead: 0
6.71328   0.143873    0.730366  5.68727 	Dead: 0
6.7491    0.143746    0.729723  5.68727 	Dead: 0
6.73665   0.14883     0.755528  5.68727 	Dead: 0
6.75444   0.144247    0.732268  5.68727 	Dead: 0
6.76861   0.150123    0.762096  5.68727 	Dead: 0
6.79745   0.147694    0.749763  5.68727 	Dead: 0
6.75793   0.144067    0.731352  5.68727 	Dead: 0
6.71901   0.140819    0.714862  5.68727 	Dead: 0
6.76511   0.147007    0.746278  5.68727 	Dead: 0
6.71678   0.147864    0.750626  5.68727 	Dead: 0
6.80295   0.14678     0.745122  5.68727 	Dead: 0
6.78701   0.140004    0.710725  5.68727 	Dead: 0
6.78579   0.153205    0.777741  5.68727 	Dead: 0
6.79265   0.146793    0.745192  5.68727 	Dead: 0
6.69478   0.147045    0.746469  5.68727 	Dead: 0
6.76855   0.146562    0.744017  5.68727 	Dead: 0
6.73348   0.141153    0.716556  5.68727 	Dead: 0
