8.76561   0.100155    0.508435  7.52812 	Dead: 0
7.91009   0.0747346   0.379388  7.27399 	Dead: 0
7.74153   0.0834185   0.423471  7.10285 	Dead: 0
7.39895   0.0720156   0.365585  6.74104 	Dead: 0
7.32072   0.0951812   0.483184  6.39475 	Dead: 0
7.18829   0.123021    0.624512  6.30032 	Dead: 0
6.93688   0.127888    0.64922   5.92962 	Dead: 0
6.88057   0.140576    0.713629  5.90156 	Dead: 0
6.80511   0.149193    0.757373  5.84831 	Dead: 0
6.66555   0.131519    0.66765   5.82986 	Dead: 0
6.58921   0.116283    0.590306  5.82986 	Dead: 0
6.58676   0.136544    0.693163  5.65941 	Dead: 0
6.61957   0.13097     0.664866  5.53126 	Dead: 0
6.63037   0.141992    0.720816  5.53126 	Dead: 0
6.49271   0.132149    0.67085   5.50203 	Dead: 0
6.54752   0.140922    0.715386  5.50203 	Dead: 0
6.50519   0.135762    0.689193  5.50203 	Dead: 0
6.51465   0.148639    0.754561  5.50203 	Dead: 0
6.53184   0.152755    0.775458  5.50203 	Dead: 0
6.49706   0.1449      0.735578  5.50203 	Dead: 0
6.43971   0.125338    0.636276  5.50203 	Dead: 0
6.50392   0.140811    0.714823  5.50203 	Dead: 0
6.56518   0.146207    0.742217  5.50203 	Dead: 0
6.45448   0.137867    0.699875  5.50203 	Dead: 0
6.55594   0.141184    0.716716  5.50203 	Dead: 0
6.46583   0.134655    0.683574  5.50203 	Dead: 0
6.59047   0.149943    0.76118   5.50203 	Dead: 0
6.50764   0.133185    0.67611   5.50203 	Dead: 0
6.57131   0.147206    0.747287  5.50203 	Dead: 0
6.5332    0.147589    0.749229  5.50203 	Dead: 0
6.56195   0.144413    0.733108  5.50203 	Dead: 0
6.53917   0.147096    0.746728  5.50203 	Dead: 0
6.52373   0.13966     0.70898   5.50203 	Dead: 0
6.47957   0.137774    0.699405  5.50203 	Dead: 0
6.47994   0.136831    0.69462   5.50203 	Dead: 0
6.66771   0.165033    0.837783  5.50203 	Dead: 0
6.54708   0.150795    0.765505  5.46341 	Dead: 0
6.55753   0.141572    0.718684  5.46341 	Dead: 0
6.5069    0.149655    0.75972   5.46341 	Dead: 0
6.50088   0.144266    0.732361  5.46341 	Dead: 0
6.48453   0.133584    0.678137  5.46341 	Dead: 0
6.50881   0.15634     0.793656  5.44    	Dead: 0
6.47188   0.15741     0.799086  5.44    	Dead: 0
6.46966   0.155453    0.789153  5.44    	Dead: 0
6.45      0.160734    0.815962  5.44    	Dead: 0
6.38527   0.14051     0.713293  5.44    	Dead: 0
6.49421   0.153462    0.779046  5.44    	Dead: 0
6.41589   0.145003    0.736103  5.44    	Dead: 0
6.49788   0.165303    0.839155  5.44    	Dead: 0
6.39808   0.143642    0.729192  5.44    	Dead: 0
6.45974   0.152044    0.771846  5.44    	Dead: 0
6.49548   0.169997    0.862983  5.44    	Dead: 0
6.44652   0.160229    0.813399  5.44    	Dead: 0
6.39596   0.154958    0.786642  5.44    	Dead: 0
6.48083   0.163682    0.830924  5.44    	Dead: 0
6.49871   0.156752    0.795749  5.44    	Dead: 0
6.34663   0.14796     0.751112  5.44    	Dead: 0
6.47555   0.147337    0.747951  5.44    	Dead: 0
6.42419   0.14715     0.747002  5.44    	Dead: 0
6.37668   0.159951    0.811988  5.44    	Dead: 0
6.38768   0.164157    0.833337  5.44    	Dead: 0
6.46288   0.15928     0.808578  5.44    	Dead: 0
6.44749   0.15413     0.782438  5.44    	Dead: 0
6.43227   0.154492    0.784272  5.44    	Dead: 0
6.34157   0.136734    0.694126  5.44    	Dead: 0
6.36871   0.144826    0.735206  5.44    	Dead: 0
6.45102   0.169411    0.860008  5.44    	Dead: 0
6.33033   0.138461    0.702893  5.44    	Dead: 0
6.3948    0.153097    0.777192  5.44    	Dead: 0
6.45963   0.170794    0.867029  5.44    	Dead: 0
6.39742   0.145914    0.740727  5.44    	Dead: 0
6.35341   0.150579    0.76441   5.34974 	Dead: 0
6.53727   0.163467    0.829833  5.34974 	Dead: 0
6.37523   0.146784    0.745145  5.34974 	Dead: 0
6.39355   0.158683    0.805551  5.34974 	Dead: 0
6.46982   0.166893    0.847225  5.34974 	Dead: 0
6.34957   0.152539    0.774358  5.34974 	Dead: 0
6.44214   0.153388    0.778669  5.34974 	Dead: 0
6.39019   0.154897    0.786329  5.34974 	Dead: 0
6.39256   0.151874    0.770985  5.34974 	Dead: 0
6.32555   0.145702    0.73965   5.34974 	Dead: 0
6.36308   0.156065    0.792257  5.34974 	Dead: 0
6.36208   0.150818    0.765623  5.34974 	Dead: 0
6.37891   0.154893    0.786311  5.34974 	Dead: 0
6.38398   0.157602    0.80006   5.34974 	Dead: 0
6.47209   0.171345    0.869825  5.34974 	Dead: 0
6.31751   0.1565      0.794469  5.34974 	Dead: 0
6.34925   0.153628    0.779886  5.34974 	Dead: 0
6.48756   0.166609    0.845786  5.34974 	Dead: 0
6.35884   0.157511    0.7996    5.34974 	Dead: 0
6.42985   0.16287     0.826805  5.34974 	Dead: 0
6.27669   0.146982    0.746151  5.34974 	Dead: 0
6.28542   0.14383     0.73015   5.34974 	Dead: 0
6.39845   0.176709    0.897055  5.34974 	Dead: 0
6.35386   0.153591    0.7797    5.34974 	Dead: 0
6.40645   0.169977    0.862885  5.34974 	Dead: 0
6.31046   0.160883    0.816716  5.34974 	Dead: 0
6.32663   0.155739    0.790602  5.34974 	Dead: 0
6.38424   0.154117    0.782368  5.34974 	Dead: 0
6.41533   0.16592     0.842288  5.34974 	Dead: 0
6.36728   0.152467    0.773994  5.34974 	Dead: 0
