8.69871   0.0840642   0.426749  7.85965 	Dead: 0
7.68895   0.0865609   0.439424  6.62184 	Dead: 0
7.4532    0.0939837   0.477105  6.59406 	Dead: 0
7.41622   0.0986106   0.500593  6.59406 	Dead: 0
7.27329   0.107577    0.546111  6.29712 	Dead: 0
7.15801   0.113238    0.574848  6.08961 	Dead: 0
7.073     0.132565    0.672961  6.04439 	Dead: 0
6.9296    0.127571    0.647612  6.02125 	Dead: 0
6.92807   0.128638    0.653025  6.02125 	Dead: 0
6.93243   0.131605    0.668089  6.02125 	Dead: 0
6.84764   0.119101    0.604612  6.02125 	Dead: 0
6.98242   0.140511    0.713297  6.02125 	Dead: 0
6.89528   0.134905    0.684839  6.00009 	Dead: 0
6.83628   0.133668    0.678563  6.00009 	Dead: 0
6.92688   0.149598    0.759431  6.00009 	Dead: 0
6.94447   0.144997    0.736075  5.99602 	Dead: 0
6.73815   0.128069    0.650138  5.9387  	Dead: 0
6.82471   0.139341    0.70736   5.87595 	Dead: 0
6.71555   0.135656    0.688653  5.87595 	Dead: 0
6.65585   0.133506    0.677737  5.81762 	Dead: 0
6.61727   0.1259      0.639127  5.81762 	Dead: 0
6.7609    0.142621    0.724011  5.79549 	Dead: 0
6.73388   0.146019    0.741261  5.79549 	Dead: 0
6.72407   0.141735    0.719515  5.79549 	Dead: 0
6.7979    0.136035    0.690576  5.79549 	Dead: 0
6.69418   0.130595    0.662961  5.79549 	Dead: 0
6.70093   0.138123    0.701175  5.79549 	Dead: 0
6.75944   0.150574    0.764381  5.79549 	Dead: 0
6.71599   0.140629    0.713899  5.79549 	Dead: 0
6.67756   0.137814    0.699607  5.79549 	Dead: 0
6.76243   0.148436    0.753531  5.79549 	Dead: 0
6.81069   0.153506    0.77927   5.73237 	Dead: 0
6.72228   0.143006    0.725965  5.73237 	Dead: 0
6.61493   0.142676    0.724289  5.73237 	Dead: 0
6.78539   0.148462    0.753662  5.73237 	Dead: 0
6.68619   0.143806    0.730029  5.73237 	Dead: 0
6.59318   0.137397    0.697493  5.73237 	Dead: 0
6.65288   0.147305    0.747791  5.73237 	Dead: 0
6.66312   0.14012     0.711314  5.73237 	Dead: 0
6.67453   0.145549    0.738877  5.73237 	Dead: 0
6.61219   0.126225    0.640778  5.73237 	Dead: 0
6.73435   0.141347    0.717542  5.73237 	Dead: 0
6.81828   0.153566    0.779571  5.73237 	Dead: 0
6.58091   0.13214     0.670806  5.73237 	Dead: 0
6.69917   0.155326    0.788508  5.73237 	Dead: 0
6.65504   0.139216    0.706725  5.73237 	Dead: 0
6.73044   0.150187    0.76242   5.73237 	Dead: 0
6.57093   0.13172     0.668674  5.73237 	Dead: 0
6.64506   0.142392    0.722849  5.73237 	Dead: 0
6.63245   0.150415    0.763577  5.73237 	Dead: 0
6.61145   0.139867    0.710028  5.73237 	Dead: 0
6.58131   0.133756    0.679008  5.73237 	Dead: 0
6.67052   0.155352    0.788637  5.73237 	Dead: 0
6.66606   0.144724    0.734688  5.73237 	Dead: 0
6.63502   0.147408    0.748311  5.73237 	Dead: 0
6.55532   0.138799    0.704611  5.62358 	Dead: 0
6.69176   0.147989    0.751261  5.62358 	Dead: 0
6.66397   0.144578    0.733943  5.62358 	Dead: 0
6.67456   0.158476    0.804497  5.62358 	Dead: 0
6.56787   0.136014    0.690471  5.62358 	Dead: 0
6.61048   0.143745    0.729716  5.62358 	Dead: 0
6.59906   0.13736     0.697305  5.62358 	Dead: 0
6.63087   0.137878    0.699935  5.62358 	Dead: 0
6.64182   0.139333    0.70732   5.62358 	Dead: 0
6.78393   0.149826    0.760589  5.61514 	Dead: 0
6.68419   0.141389    0.717754  5.61514 	Dead: 0
6.66198   0.140118    0.711306  5.61514 	Dead: 0
6.57226   0.14284     0.725123  5.61514 	Dead: 0
6.66938   0.145829    0.740297  5.61514 	Dead: 0
6.61212   0.140571    0.713605  5.61514 	Dead: 0
6.56582   0.133279    0.676587  5.61514 	Dead: 0
6.53682   0.134743    0.684017  5.61514 	Dead: 0
6.70258   0.157183    0.797935  5.61514 	Dead: 0
6.64419   0.140666    0.714087  5.61514 	Dead: 0
6.47558   0.124639    0.632728  5.61514 	Dead: 0
6.69371   0.153405    0.778756  5.61514 	Dead: 0
6.72818   0.152323    0.77326   5.61514 	Dead: 0
6.67608   0.150946    0.766274  5.61514 	Dead: 0
6.61469   0.14739     0.74822   5.61514 	Dead: 0
6.66132   0.141146    0.716525  5.61514 	Dead: 0
6.59008   0.149193    0.757374  5.61514 	Dead: 0
6.60639   0.143334    0.727632  5.61514 	Dead: 0
6.60219   0.141314    0.717378  5.61514 	Dead: 0
6.73174   0.151603    0.769608  5.61514 	Dead: 0
6.64941   0.149609    0.759483  5.61514 	Dead: 0
6.57513   0.150666    0.764853  5.61514 	Dead: 0
6.53107   0.130129    0.660597  5.61514 	Dead: 0
6.58217   0.140424    0.712857  5.61514 	Dead: 0
6.57893   0.143378    0.727852  5.61514 	Dead: 0
6.61007   0.141774    0.71971   5.61514 	Dead: 0
6.5328    0.128027    0.649924  5.61514 	Dead: 0
6.51541   0.130595    0.662962  5.61514 	Dead: 0
6.54204   0.138867    0.704953  5.61514 	Dead: 0
6.51806   0.133122    0.67579   5.61514 	Dead: 0
6.60721   0.140726    0.714391  5.61514 	Dead: 0
6.63332   0.148152    0.75209   5.61514 	Dead: 0
6.64375   0.14416     0.731821  5.61514 	Dead: 0
6.62227   0.140443    0.712955  5.61514 	Dead: 0
6.55749   0.133039    0.675369  5.61514 	Dead: 0
6.58266   0.139558    0.708462  5.61514 	Dead: 0
6.59308   0.1461      0.741671  5.61514 	Dead: 0
