13.0055   0.100427    0.509816  11.3074 	Dead: 0
7.8624    0.120554    0.611987  6.11805 	Dead: 0
4.92978   0.125308    0.636124  3.57057 	Dead: 0
3.52531   0.112875    0.573008  2.94866 	Dead: 0
3.51183   0.0995886   0.505558  2.94866 	Dead: 0
3.47129   0.127612    0.64782   2.8746  	Dead: 0
3.35485   0.113704    0.577213  2.72976 	Dead: 0
3.37853   0.118151    0.599791  2.72976 	Dead: 0
3.4045    0.127899    0.649276  2.72976 	Dead: 0
3.29314   0.0904972   0.459406  2.72976 	Dead: 0
3.28922   0.0957412   0.486027  2.72976 	Dead: 0
3.35548   0.138589    0.703543  2.72976 	Dead: 0
3.38184   0.136721    0.694059  2.72976 	Dead: 0
3.32659   0.115159    0.584602  2.72976 	Dead: 0
3.29844   0.129442    0.657106  2.72976 	Dead: 0
3.27516   0.11167     0.56689   2.72976 	Dead: 0
3.30179   0.12149     0.616739  2.72976 	Dead: 0
3.25741   0.10851     0.550848  2.72812 	Dead: 0
3.18897   0.0802779   0.407528  2.72812 	Dead: 0
3.28704   0.117535    0.596661  2.72812 	Dead: 0
3.34465   0.125279    0.635976  2.72812 	Dead: 0
3.29167   0.117983    0.598936  2.72812 	Dead: 0
3.38934   0.144603    0.734071  2.72812 	Dead: 0
3.19378   0.104499    0.530488  2.72812 	Dead: 0
3.24127   0.110685    0.56189   2.72812 	Dead: 0
3.32201   0.168747    0.856639  2.72812 	Dead: 0
3.22778   0.0988264   0.501689  2.72812 	Dead: 0
3.23365   0.115648    0.587082  2.72812 	Dead: 0
3.25716   0.123764    0.628284  2.72812 	Dead: 0
3.19326   0.0999016   0.507147  2.67478 	Dead: 0
3.21855   0.11851     0.601612  2.67478 	Dead: 0
3.21423   0.130412    0.662031  2.67478 	Dead: 0
3.29714   0.163832    0.831686  2.63384 	Dead: 0
3.18717   0.110373    0.560305  2.63384 	Dead: 0
3.19201   0.128999    0.654857  2.63384 	Dead: 0
3.1585    0.109415    0.555442  2.63384 	Dead: 0
3.18624   0.113998    0.578706  2.63384 	Dead: 0
3.10363   0.100542    0.510396  2.63384 	Dead: 0
3.18584   0.133246    0.676418  2.6133  	Dead: 0
3.12591   0.108179    0.549167  2.6133  	Dead: 0
3.2163    0.147088    0.746687  2.6133  	Dead: 0
3.20282   0.159235    0.80835   2.6133  	Dead: 0
3.18103   0.152384    0.773574  2.6133  	Dead: 0
3.14856   0.142769    0.724762  2.6133  	Dead: 0
3.10079   0.116       0.588869  2.6133  	Dead: 0
3.06509   0.0883916   0.448717  2.6133  	Dead: 0
3.04305   0.121926    0.618952  2.6133  	Dead: 0
3.17402   0.155339    0.788574  2.6133  	Dead: 0
3.09892   0.111307    0.565044  2.57679 	Dead: 0
3.13079   0.117497    0.59647   2.57679 	Dead: 0
3.0359    0.0921861   0.46798   2.54374 	Dead: 0
3.16782   0.150237    0.762671  2.54374 	Dead: 0
3.11693   0.119594    0.607115  2.54374 	Dead: 0
3.25567   0.183727    0.932684  2.54374 	Dead: 0
3.0786    0.110492    0.56091   2.54374 	Dead: 0
3.05238   0.110043    0.558629  2.54374 	Dead: 0
3.12391   0.157475    0.799418  2.54374 	Dead: 0
3.10745   0.133338    0.676888  2.54374 	Dead: 0
3.04836   0.103483    0.525327  2.54374 	Dead: 0
3.13338   0.131209    0.666077  2.54374 	Dead: 0
3.16066   0.126164    0.640469  2.54374 	Dead: 0
3.07324   0.0968143   0.491475  2.54374 	Dead: 0
3.06802   0.0981295   0.498151  2.54374 	Dead: 0
2.98512   0.0820221   0.416382  2.54374 	Dead: 0
3.06096   0.126621    0.642787  2.54374 	Dead: 0
3.0349    0.0922142   0.468122  2.54374 	Dead: 0
3.03016   0.0955219   0.484914  2.54374 	Dead: 0
3.15643   0.139594    0.708646  2.54374 	Dead: 0
3.09073   0.114047    0.578957  2.54374 	Dead: 0
3.13061   0.136655    0.693724  2.54374 	Dead: 0
3.02626   0.122239    0.620543  2.54374 	Dead: 0
3.00547   0.101092    0.513189  2.54374 	Dead: 0
3.06692   0.14037     0.712583  2.41132 	Dead: 0
3.09562   0.156746    0.795716  2.41132 	Dead: 0
2.98091   0.0988821   0.501971  2.41132 	Dead: 0
3.03387   0.131137    0.665712  2.41132 	Dead: 0
3.02202   0.128157    0.650583  2.41132 	Dead: 0
3.02108   0.137959    0.700344  2.41132 	Dead: 0
2.99788   0.130203    0.660973  2.41132 	Dead: 0
3.10573   0.184278    0.935479  2.41132 	Dead: 0
2.95257   0.131659    0.668365  2.41132 	Dead: 0
2.9499    0.108031    0.548414  2.41132 	Dead: 0
3.06416   0.195266    0.99126   2.41132 	Dead: 0
3.02857   0.153447    0.778971  2.40193 	Dead: 0
2.99144   0.131935    0.669764  2.40193 	Dead: 0
2.84851   0.1025      0.520337  2.40193 	Dead: 0
2.89203   0.0927937   0.471064  2.40193 	Dead: 0
2.92246   0.130565    0.662807  2.40193 	Dead: 0
2.96464   0.13984     0.709894  2.40193 	Dead: 0
2.98293   0.156112    0.792496  2.40193 	Dead: 0
2.94633   0.142789    0.724864  2.40193 	Dead: 0
2.93618   0.129945    0.659662  2.40193 	Dead: 0
2.87444   0.116101    0.589382  2.40193 	Dead: 0
2.93096   0.123985    0.629408  2.40193 	Dead: 0
3.11765   0.187506    0.95187   2.40094 	Dead: 0
2.94221   0.167445    0.85003   2.40094 	Dead: 0
3.0505    0.17044     0.865232  2.40094 	Dead: 0
2.84587   0.0864327   0.438773  2.3778  	Dead: 0
3.04181   0.168094    0.853323  2.3778  	Dead: 0
2.94211   0.137017    0.695561  2.3778  	Dead: 0
2.86299   0.097682    0.495879  2.3778  	Dead: 0
