12.9269   0.091506    0.464527  11.7753 	Dead: 0
8.27691   0.12922     0.655983  6.30382 	Dead: 0
4.4223    0.0871796   0.442564  3.53872 	Dead: 0
3.63572   0.05493     0.27885   3.19342 	Dead: 0
3.36709   0.0790962   0.401529  2.74373 	Dead: 0
3.32772   0.0975617   0.495269  2.74373 	Dead: 0
3.28443   0.123437    0.626625  2.74373 	Dead: 0
3.23001   0.0907456   0.460667  2.74373 	Dead: 0
3.18154   0.0988385   0.50175   2.74373 	Dead: 0
3.22696   0.116506    0.591438  2.74373 	Dead: 0
3.19883   0.0972266   0.493567  2.63708 	Dead: 0
3.12374   0.0870759   0.442038  2.61526 	Dead: 0
3.17713   0.098245    0.498738  2.61526 	Dead: 0
3.1438    0.114582    0.58167   2.61526 	Dead: 0
3.16126   0.118864    0.603408  2.61526 	Dead: 0
3.13871   0.137383    0.697421  2.61526 	Dead: 0
3.05377   0.104898    0.532512  2.61526 	Dead: 0
3.11339   0.136831    0.694619  2.5801  	Dead: 0
2.94965   0.101383    0.514668  2.43073 	Dead: 0
2.93254   0.134642    0.683508  2.43073 	Dead: 0
2.89606   0.116073    0.58924   2.43073 	Dead: 0
2.84157   0.0927531   0.470858  2.42459 	Dead: 0
2.78738   0.0750654   0.381067  2.42459 	Dead: 0
2.95151   0.141064    0.716109  2.42459 	Dead: 0
2.90193   0.135377    0.687237  2.42322 	Dead: 0
2.84706   0.119889    0.60861   2.42322 	Dead: 0
2.90149   0.134871    0.684666  2.41343 	Dead: 0
2.82895   0.121936    0.619002  2.40107 	Dead: 0
2.84921   0.120697    0.612715  2.40107 	Dead: 0
2.78014   0.0742636   0.376997  2.39054 	Dead: 0
2.84453   0.117094    0.594425  2.34371 	Dead: 0
2.79526   0.111417    0.565605  2.32535 	Dead: 0
2.93741   0.15973     0.810864  2.32535 	Dead: 0
2.71832   0.0887295   0.450432  2.32535 	Dead: 0
2.88795   0.156201    0.79295   2.32535 	Dead: 0
2.78538   0.0956268   0.485446  2.32535 	Dead: 0
2.76456   0.0864544   0.438883  2.32535 	Dead: 0
2.88731   0.143784    0.729917  2.32535 	Dead: 0
2.79435   0.116648    0.592158  2.32535 	Dead: 0
2.73737   0.0985414   0.500242  2.32535 	Dead: 0
2.78391   0.132376    0.672003  2.32535 	Dead: 0
2.81766   0.116953    0.593707  2.32535 	Dead: 0
2.79343   0.132725    0.673776  2.32535 	Dead: 0
2.74694   0.0992656   0.503919  2.32535 	Dead: 0
2.86827   0.148004    0.75134   2.32535 	Dead: 0
2.74796   0.105238    0.534238  2.31535 	Dead: 0
2.74505   0.09204     0.467238  2.31535 	Dead: 0
2.72604   0.090239    0.458095  2.31535 	Dead: 0
2.76398   0.112961    0.573444  2.24828 	Dead: 0
2.76393   0.118742    0.602792  2.24828 	Dead: 0
2.71839   0.106481    0.540548  2.24828 	Dead: 0
2.75607   0.108784    0.55224   2.24828 	Dead: 0
2.85998   0.137158    0.696276  2.24828 	Dead: 0
2.73696   0.122365    0.621184  2.24828 	Dead: 0
2.7639    0.126632    0.642841  2.24828 	Dead: 0
2.79385   0.124199    0.630494  2.24828 	Dead: 0
2.67959   0.0983971   0.49951   2.24828 	Dead: 0
2.69856   0.0911003   0.462468  2.24828 	Dead: 0
2.8429    0.135941    0.690099  2.24828 	Dead: 0
2.76342   0.102001    0.517803  2.24828 	Dead: 0
2.81852   0.146432    0.743358  2.24828 	Dead: 0
2.70654   0.106062    0.538423  2.24828 	Dead: 0
2.76629   0.116567    0.591747  2.24828 	Dead: 0
2.74878   0.118375    0.600928  2.24828 	Dead: 0
2.70566   0.0863641   0.438424  2.24828 	Dead: 0
2.69486   0.0846994   0.429974  2.24824 	Dead: 0
2.81305   0.136937    0.695154  2.24824 	Dead: 0
2.81133   0.114692    0.582231  2.24824 	Dead: 0
2.80405   0.114673    0.582135  2.24824 	Dead: 0
2.75673   0.110423    0.560561  2.24824 	Dead: 0
2.74596   0.127575    0.647633  2.24824 	Dead: 0
2.80661   0.14804     0.751519  2.24824 	Dead: 0
2.79848   0.141699    0.71933   2.24824 	Dead: 0
2.77301   0.133393    0.677163  2.24824 	Dead: 0
2.82175   0.142705    0.724437  2.24824 	Dead: 0
2.76316   0.11828     0.600445  2.24824 	Dead: 0
2.76977   0.121535    0.616969  2.24824 	Dead: 0
2.68429   0.103416    0.524987  2.24824 	Dead: 0
2.725     0.0999174   0.507227  2.24824 	Dead: 0
2.74246   0.12687     0.644053  2.24824 	Dead: 0
2.80051   0.124785    0.633469  2.24824 	Dead: 0
2.80092   0.137873    0.69991   2.24824 	Dead: 0
2.73631   0.0928339   0.471268  2.24824 	Dead: 0
2.72324   0.0969337   0.492081  2.24824 	Dead: 0
2.71528   0.113856    0.577985  2.24824 	Dead: 0
2.76723   0.125279    0.635974  2.24824 	Dead: 0
2.77484   0.108137    0.548955  2.24824 	Dead: 0
2.80597   0.121268    0.615613  2.22303 	Dead: 0
2.74325   0.107214    0.544269  2.22303 	Dead: 0
2.73231   0.114934    0.583461  2.22303 	Dead: 0
2.7462    0.123541    0.627152  2.22303 	Dead: 0
2.73847   0.0963334   0.489034  2.22303 	Dead: 0
2.73265   0.111176    0.564382  2.22303 	Dead: 0
2.67227   0.0861436   0.437305  2.22303 	Dead: 0
2.77332   0.143523    0.728591  2.22303 	Dead: 0
2.76481   0.13206     0.670396  2.22303 	Dead: 0
2.70195   0.0886792   0.450177  2.22303 	Dead: 0
2.69842   0.103871    0.527295  2.22303 	Dead: 0
2.71876   0.0930008   0.472115  2.22303 	Dead: 0
2.8289    0.14363     0.729131  2.22303 	Dead: 0
2.74556   0.133784    0.679148  2.22303 	Dead: 0
