8.95294   0.121096    0.614741  7.45093 	Dead: 0
6.01127   0.0649014   0.32947   5.44821 	Dead: 0
5.47816   0.0622967   0.316247  4.73718 	Dead: 0
5.19831   0.0622311   0.315914  4.65617 	Dead: 0
5.03755   0.0616834   0.313134  4.44305 	Dead: 0
4.94985   0.0587901   0.298446  4.44305 	Dead: 0
4.82718   0.0551102   0.279765  4.25565 	Dead: 0
4.75356   0.0564072   0.286349  4.25565 	Dead: 0
4.66504   0.0610811   0.310076  4.00856 	Dead: 0
4.60686   0.0644818   0.327339  4.00856 	Dead: 0
4.57721   0.0623657   0.316597  4.00856 	Dead: 0
4.54822   0.0591151   0.300096  4.00856 	Dead: 0
4.48907   0.0648372   0.329144  3.94307 	Dead: 0
4.47134   0.0670923   0.340592  3.94307 	Dead: 0
4.44818   0.0675639   0.342986  3.91477 	Dead: 0
4.41712   0.0653985   0.331993  3.89123 	Dead: 0
4.3966    0.0609707   0.309516  3.89123 	Dead: 0
4.39037   0.0613719   0.311553  3.89123 	Dead: 0
4.37645   0.0651856   0.330913  3.86765 	Dead: 0
4.35849   0.0655723   0.332875  3.86765 	Dead: 0
4.36089   0.0712011   0.36145   3.78173 	Dead: 0
4.28047   0.0608819   0.309065  3.78173 	Dead: 0
4.27829   0.0692332   0.35146   3.78173 	Dead: 0
4.24205   0.0624129   0.316837  3.78173 	Dead: 0
4.29257   0.0670984   0.340623  3.76325 	Dead: 0
4.25549   0.0671423   0.340845  3.68243 	Dead: 0
4.25184   0.0618023   0.313737  3.68243 	Dead: 0
4.2561    0.0673123   0.341708  3.68243 	Dead: 0
4.24911   0.0663605   0.336877  3.68243 	Dead: 0
4.21902   0.0624923   0.31724   3.68243 	Dead: 0
4.21552   0.0644931   0.327397  3.68243 	Dead: 0
4.25197   0.0624172   0.316859  3.68243 	Dead: 0
4.19367   0.0625476   0.317521  3.68243 	Dead: 0
4.235     0.0662815   0.336476  3.68243 	Dead: 0
4.2253    0.0622194   0.315855  3.68243 	Dead: 0
4.19337   0.0613552   0.311468  3.68243 	Dead: 0
4.18687   0.062276    0.316142  3.68243 	Dead: 0
4.23726   0.0706186   0.358493  3.68243 	Dead: 0
4.21004   0.0637843   0.323799  3.68243 	Dead: 0
4.20633   0.064281    0.32632   3.68243 	Dead: 0
4.18235   0.0591029   0.300034  3.68243 	Dead: 0
4.21206   0.071754    0.364257  3.68243 	Dead: 0
4.20632   0.0668294   0.339257  3.68243 	Dead: 0
4.21601   0.0683621   0.347038  3.68243 	Dead: 0
4.27069   0.0732853   0.37203   3.68243 	Dead: 0
4.2386    0.0731766   0.371479  3.68243 	Dead: 0
4.22285   0.0683      0.346723  3.68243 	Dead: 0
4.21302   0.0688723   0.349628  3.68243 	Dead: 0
4.19343   0.0652885   0.331435  3.68243 	Dead: 0
4.18208   0.0651303   0.330632  3.68243 	Dead: 0
4.15936   0.0576921   0.292872  3.68243 	Dead: 0
4.1549    0.0639555   0.324668  3.63204 	Dead: 0
4.18927   0.0665948   0.338066  3.63204 	Dead: 0
4.20378   0.0671814   0.341044  3.63204 	Dead: 0
4.17604   0.0666232   0.33821   3.63204 	Dead: 0
4.19853   0.065832    0.334194  3.63204 	Dead: 0
4.21843   0.0712207   0.36155   3.63204 	Dead: 0
4.21662   0.0726221   0.368664  3.61701 	Dead: 0
4.17566   0.0652802   0.331393  3.61701 	Dead: 0
4.1909    0.0647936   0.328923  3.61701 	Dead: 0
4.1883    0.0666822   0.33851   3.61701 	Dead: 0
4.22571   0.0664353   0.337257  3.61701 	Dead: 0
4.2003    0.0752445   0.381976  3.61701 	Dead: 0
4.18584   0.0653665   0.331831  3.61701 	Dead: 0
4.2086    0.0679859   0.345128  3.61701 	Dead: 0
4.19798   0.073831    0.374801  3.61701 	Dead: 0
4.17847   0.0726391   0.36875   3.60483 	Dead: 0
4.17624   0.0760218   0.385922  3.58396 	Dead: 0
4.15352   0.0645324   0.327597  3.58396 	Dead: 0
4.21114   0.072847    0.369805  3.58396 	Dead: 0
4.16486   0.0686817   0.34866   3.58396 	Dead: 0
4.21516   0.0733382   0.372299  3.58396 	Dead: 0
4.14987   0.0690922   0.350744  3.58396 	Dead: 0
4.15063   0.0654753   0.332383  3.58396 	Dead: 0
4.16936   0.0671686   0.340979  3.58396 	Dead: 0
4.214     0.0749672   0.380568  3.58396 	Dead: 0
4.18993   0.0726061   0.368582  3.58396 	Dead: 0
4.15502   0.0686645   0.348573  3.58396 	Dead: 0
4.18889   0.0673862   0.342084  3.58396 	Dead: 0
4.19218   0.0720845   0.365935  3.58396 	Dead: 0
4.15431   0.0657623   0.33384   3.58396 	Dead: 0
4.15391   0.069478    0.352703  3.58396 	Dead: 0
4.14643   0.0656444   0.333241  3.58396 	Dead: 0
4.16503   0.0679413   0.344902  3.58396 	Dead: 0
4.15341   0.0636564   0.323149  3.58396 	Dead: 0
4.15369   0.0647758   0.328832  3.58396 	Dead: 0
4.19299   0.0715655   0.3633    3.58396 	Dead: 0
4.16517   0.0652433   0.331205  3.58396 	Dead: 0
4.14697   0.0664261   0.33721   3.58396 	Dead: 0
4.18552   0.0747499   0.379465  3.58396 	Dead: 0
4.12804   0.0649521   0.329727  3.58396 	Dead: 0
4.17131   0.0673867   0.342087  3.58396 	Dead: 0
4.16502   0.0725333   0.368213  3.58396 	Dead: 0
4.15463   0.063953    0.324656  3.58396 	Dead: 0
4.13127   0.0615869   0.312644  3.58396 	Dead: 0
4.13585   0.066569    0.337935  3.58396 	Dead: 0
4.16268   0.0703171   0.356962  3.58396 	Dead: 0
4.17806   0.0655325   0.332674  3.58396 	Dead: 0
4.18087   0.0730566   0.37087   3.58396 	Dead: 0
4.17774   0.0652142   0.331058  3.58396 	Dead: 0
4.15177   0.065264    0.331311  3.58396 	Dead: 0
