8.85415   0.117281    0.595372  7.5897  	Dead: 0
5.83342   0.0770883   0.391336  5.25152 	Dead: 0
5.49118   0.0773725   0.392779  4.82122 	Dead: 0
5.1598    0.0641955   0.325886  4.53236 	Dead: 0
5.07508   0.0699009   0.354849  4.26462 	Dead: 0
4.85376   0.0723031   0.367044  4.26462 	Dead: 0
4.75063   0.0747618   0.379526  4.1253  	Dead: 0
4.72698   0.0714063   0.362492  4.1253  	Dead: 0
4.74202   0.0762032   0.386843  4.05217 	Dead: 0
4.70774   0.0700439   0.355576  4.05217 	Dead: 0
4.72013   0.0783222   0.3976    4.05217 	Dead: 0
4.6777    0.0806446   0.40939   4.05188 	Dead: 0
4.65339   0.0778375   0.39514   4.05188 	Dead: 0
4.73106   0.0939564   0.476967  4.05188 	Dead: 0
4.66571   0.0821449   0.417006  4.05188 	Dead: 0
4.67891   0.0788635   0.400348  4.05188 	Dead: 0
4.66806   0.0805703   0.409012  4.05188 	Dead: 0
4.67908   0.089401    0.453841  4.05188 	Dead: 0
4.69875   0.0845201   0.429064  4.05188 	Dead: 0
4.68978   0.0878925   0.446183  4.05188 	Dead: 0
4.62682   0.0765772   0.388741  4.05188 	Dead: 0
4.66885   0.0901009   0.457394  4.05188 	Dead: 0
4.6413    0.0893574   0.45362   4.05188 	Dead: 0
4.60304   0.0801134   0.406693  4.05188 	Dead: 0
4.61804   0.0757192   0.384386  4.00961 	Dead: 0
4.56684   0.0795069   0.403614  4.00961 	Dead: 0
4.55047   0.0788319   0.400188  4.00961 	Dead: 0
4.54793   0.0796503   0.404342  3.93039 	Dead: 0
4.50746   0.0783771   0.397879  3.84173 	Dead: 0
4.50451   0.0811393   0.411901  3.84173 	Dead: 0
4.49634   0.0763715   0.387698  3.84173 	Dead: 0
4.49618   0.0768241   0.389995  3.84173 	Dead: 0
4.50074   0.0815274   0.413871  3.84173 	Dead: 0
4.50052   0.0849235   0.431111  3.84173 	Dead: 0
4.46466   0.0770023   0.3909    3.84173 	Dead: 0
4.49991   0.0818162   0.415337  3.83618 	Dead: 0
4.42845   0.0685769   0.348128  3.83618 	Dead: 0
4.45302   0.0827117   0.419883  3.68762 	Dead: 0
4.43459   0.0786762   0.399397  3.68762 	Dead: 0
4.43572   0.0751172   0.38133   3.68762 	Dead: 0
4.44727   0.0781846   0.396901  3.68762 	Dead: 0
4.43557   0.0788327   0.400192  3.68762 	Dead: 0
4.44416   0.0779594   0.395758  3.68762 	Dead: 0
4.44094   0.0849339   0.431164  3.68762 	Dead: 0
4.42654   0.0776158   0.394014  3.68762 	Dead: 0
4.39794   0.0758483   0.385041  3.68762 	Dead: 0
4.44287   0.0812206   0.412314  3.68762 	Dead: 0
4.39744   0.0708927   0.359884  3.68762 	Dead: 0
4.44649   0.0837357   0.425082  3.68762 	Dead: 0
4.39647   0.0770334   0.391057  3.68762 	Dead: 0
4.38044   0.0776763   0.394321  3.68762 	Dead: 0
4.37983   0.071128    0.361079  3.68762 	Dead: 0
4.37315   0.0735003   0.373122  3.68762 	Dead: 0
4.38141   0.0714583   0.362755  3.68762 	Dead: 0
4.37382   0.0757129   0.384354  3.68762 	Dead: 0
4.38153   0.078656    0.399294  3.68762 	Dead: 0
4.37535   0.0735399   0.373323  3.68762 	Dead: 0
4.36852   0.0738722   0.37501   3.68762 	Dead: 0
4.34288   0.0743972   0.377675  3.68762 	Dead: 0
4.35467   0.0746052   0.378731  3.68762 	Dead: 0
4.30633   0.0711246   0.361062  3.68762 	Dead: 0
4.37002   0.0791098   0.401598  3.68762 	Dead: 0
4.3707    0.0763695   0.387687  3.68762 	Dead: 0
4.40759   0.0856107   0.4346    3.68762 	Dead: 0
4.35692   0.0796811   0.404498  3.68762 	Dead: 0
4.37368   0.0828723   0.420699  3.68762 	Dead: 0
4.37627   0.0752943   0.382229  3.68762 	Dead: 0
4.39905   0.0891074   0.452351  3.68762 	Dead: 0
4.32915   0.0730553   0.370863  3.68762 	Dead: 0
4.34405   0.0762757   0.387211  3.68762 	Dead: 0
4.32006   0.0798927   0.405572  3.68762 	Dead: 0
4.3212    0.0765849   0.38878   3.68762 	Dead: 0
4.33978   0.0774742   0.393295  3.68762 	Dead: 0
4.29543   0.0716972   0.363968  3.68762 	Dead: 0
4.26059   0.069322    0.351911  3.67426 	Dead: 0
4.28848   0.0752565   0.382037  3.67426 	Dead: 0
4.36734   0.0897587   0.455657  3.67426 	Dead: 0
4.30462   0.0835915   0.424349  3.67426 	Dead: 0
4.27195   0.0829577   0.421132  3.67426 	Dead: 0
4.26192   0.0683258   0.346853  3.67426 	Dead: 0
4.32759   0.0815465   0.413968  3.67426 	Dead: 0
4.29739   0.0871279   0.442302  3.50693 	Dead: 0
4.30927   0.0814849   0.413655  3.50693 	Dead: 0
4.30587   0.0806622   0.409479  3.50693 	Dead: 0
4.29729   0.0916287   0.46515   3.50693 	Dead: 0
4.25913   0.0767638   0.389689  3.50693 	Dead: 0
4.26842   0.0774548   0.393197  3.50693 	Dead: 0
4.29507   0.0823869   0.418235  3.50693 	Dead: 0
4.26926   0.0855667   0.434377  3.50693 	Dead: 0
4.27539   0.0746737   0.379079  3.50693 	Dead: 0
4.26238   0.0833725   0.423238  3.50693 	Dead: 0
4.23779   0.0799983   0.406108  3.50693 	Dead: 0
4.27624   0.0846922   0.429937  3.50693 	Dead: 0
4.28252   0.07562     0.383882  3.50693 	Dead: 0
4.26641   0.0765627   0.388668  3.50693 	Dead: 0
4.25909   0.0780265   0.396099  3.50693 	Dead: 0
4.22515   0.0745093   0.378244  3.50693 	Dead: 0
4.19947   0.0786671   0.399351  3.50693 	Dead: 0
4.20453   0.0794307   0.403227  3.50693 	Dead: 0
4.24138   0.0744203   0.377792  3.50693 	Dead: 0
4.19813   0.0729747   0.370454  3.50693 	Dead: 0
