9.10019   0.0732562   0.371883  8.24953 	Dead: 0
7.77065   0.0345976   0.175634  7.43295 	Dead: 0
7.54402   0.0344038   0.17465   7.23478 	Dead: 0
7.49594   0.035227    0.178829  7.23478 	Dead: 0
7.42053   0.0346063   0.175678  6.99869 	Dead: 0
7.3441    0.0489123   0.248302  6.98354 	Dead: 0
7.21989   0.0337037   0.171096  6.98354 	Dead: 0
7.21011   0.039021    0.198089  6.86244 	Dead: 0
7.19205   0.0397109   0.201591  6.83788 	Dead: 0
7.18581   0.0402601   0.204379  6.83788 	Dead: 0
7.14512   0.0382154   0.193999  6.83788 	Dead: 0
7.10315   0.0345793   0.175541  6.83788 	Dead: 0
7.11541   0.0481619   0.244492  6.81724 	Dead: 0
7.09155   0.0340569   0.172889  6.81724 	Dead: 0
7.03457   0.037013    0.187895  6.72843 	Dead: 0
7.02657   0.037846    0.192124  6.69698 	Dead: 0
7.0146    0.0408902   0.207578  6.65919 	Dead: 0
6.98811   0.0378042   0.191912  6.65919 	Dead: 0
6.95192   0.0345787   0.175538  6.65919 	Dead: 0
6.89229   0.0399131   0.202618  6.58287 	Dead: 0
6.84094   0.0331846   0.168461  6.58287 	Dead: 0
6.8296    0.0366147   0.185873  6.47593 	Dead: 0
6.77546   0.035468    0.180052  6.47593 	Dead: 0
6.72497   0.0346611   0.175956  6.46597 	Dead: 0
6.63774   0.030489    0.154777  6.37743 	Dead: 0
6.62102   0.0358597   0.182041  6.37743 	Dead: 0
6.62087   0.0361798   0.183665  6.31603 	Dead: 0
6.60844   0.0378789   0.192291  6.16347 	Dead: 0
6.58581   0.0348184   0.176754  6.16347 	Dead: 0
6.5764    0.0362596   0.184071  6.16347 	Dead: 0
6.54834   0.0341702   0.173464  6.16347 	Dead: 0
6.5713    0.0388481   0.197211  6.16347 	Dead: 0
6.54855   0.0348055   0.176689  6.16347 	Dead: 0
6.5606    0.0350271   0.177814  6.16347 	Dead: 0
6.55009   0.0378101   0.191942  6.16347 	Dead: 0
6.55645   0.0380464   0.193141  6.16347 	Dead: 0
6.54507   0.0375122   0.19043   6.16347 	Dead: 0
6.5306    0.036143    0.183479  6.16347 	Dead: 0
6.51708   0.0342158   0.173696  6.16347 	Dead: 0
6.51297   0.0318295   0.161581  6.16347 	Dead: 0
6.51457   0.0362512   0.184028  6.16347 	Dead: 0
6.51164   0.0357732   0.181601  6.16347 	Dead: 0
6.50996   0.0345729   0.175508  6.16347 	Dead: 0
6.50746   0.0342709   0.173975  6.16347 	Dead: 0
6.51572   0.0367012   0.186312  6.16347 	Dead: 0
6.51265   0.0376898   0.191331  6.16347 	Dead: 0
6.48168   0.0335336   0.170232  6.16347 	Dead: 0
6.50258   0.0387848   0.19689   6.16347 	Dead: 0
6.51756   0.0400162   0.203141  6.16347 	Dead: 0
6.49241   0.0344068   0.174665  6.16347 	Dead: 0
6.51409   0.0370547   0.188107  6.16347 	Dead: 0
6.49268   0.0363599   0.18458   6.16347 	Dead: 0
6.4981    0.0365438   0.185513  6.16347 	Dead: 0
6.49029   0.0374123   0.189922  6.16347 	Dead: 0
6.50152   0.0422434   0.214447  6.16347 	Dead: 0
6.502     0.0369259   0.187453  6.16347 	Dead: 0
6.4957    0.0394214   0.200121  6.16347 	Dead: 0
6.48878   0.0352149   0.178767  6.16347 	Dead: 0
6.49315   0.0379511   0.192657  6.16347 	Dead: 0
6.49076   0.0366824   0.186217  6.16347 	Dead: 0
6.45655   0.0360292   0.182901  6.16347 	Dead: 0
6.47653   0.0367964   0.186796  6.16347 	Dead: 0
6.44669   0.0363053   0.184303  6.14583 	Dead: 0
6.46575   0.0372549   0.189123  6.14583 	Dead: 0
6.47389   0.053917    0.273708  6.14583 	Dead: 0
6.46004   0.0409886   0.208077  6.14583 	Dead: 0
6.44716   0.0352494   0.178943  6.14583 	Dead: 0
6.44532   0.0346773   0.176038  6.14583 	Dead: 0
6.45964   0.0401305   0.203721  6.14583 	Dead: 0
6.42274   0.0358145   0.181811  6.14583 	Dead: 0
6.41635   0.0357582   0.181525  6.14583 	Dead: 0
6.42408   0.0377134   0.191451  6.09496 	Dead: 0
6.39616   0.0360783   0.18315   6.09496 	Dead: 0
6.41842   0.0376959   0.191362  6.09496 	Dead: 0
6.40755   0.0480947   0.244151  6.09496 	Dead: 0
6.40921   0.0379743   0.192775  6.09496 	Dead: 0
6.39084   0.0348276   0.176801  6.09496 	Dead: 0
6.38535   0.0346788   0.176046  6.09496 	Dead: 0
6.40768   0.0383019   0.194438  6.09496 	Dead: 0
6.40625   0.0358725   0.182105  6.09496 	Dead: 0
6.37302   0.0336366   0.170755  6.09496 	Dead: 0
6.42673   0.0393384   0.1997    6.09496 	Dead: 0
6.40191   0.039025    0.198109  6.09496 	Dead: 0
6.41804   0.040816    0.207201  6.0336  	Dead: 0
6.38859   0.0375287   0.190513  6.0336  	Dead: 0
6.39857   0.0386125   0.196015  6.0336  	Dead: 0
6.3809    0.0365829   0.185712  6.0336  	Dead: 0
6.38837   0.0381747   0.193793  6.0336  	Dead: 0
6.38549   0.0398679   0.202388  5.95573 	Dead: 0
6.39251   0.0402103   0.204126  5.95573 	Dead: 0
6.36596   0.0333483   0.169292  5.95573 	Dead: 0
6.35617   0.0431534   0.219067  5.95573 	Dead: 0
6.36124   0.0374486   0.190106  5.95573 	Dead: 0
6.33766   0.0364505   0.18504   5.95573 	Dead: 0
6.36293   0.0355906   0.180675  5.95573 	Dead: 0
6.36843   0.0360611   0.183063  5.95573 	Dead: 0
6.34221   0.034181    0.173519  5.95573 	Dead: 0
6.3576    0.0416157   0.211261  5.95573 	Dead: 0
6.35262   0.0361915   0.183725  5.95573 	Dead: 0
6.33401   0.0352581   0.178986  5.95573 	Dead: 0
6.33832   0.0374935   0.190335  5.95573 	Dead: 0
