9.09033   0.0783487   0.397735  8.30596 	Dead: 0
7.69343   0.0414141   0.210237  7.27401 	Dead: 0
7.49283   0.038809    0.197013  7.12689 	Dead: 0
7.42763   0.0398709   0.202403  6.96219 	Dead: 0
7.38361   0.0437074   0.221879  6.96219 	Dead: 0
7.3356    0.0396091   0.201074  6.96219 	Dead: 0
7.26341   0.0407052   0.206639  6.96129 	Dead: 0
7.21239   0.0423858   0.21517   6.81052 	Dead: 0
7.1667    0.0410834   0.208558  6.81052 	Dead: 0
7.17194   0.0458498   0.232755  6.81052 	Dead: 0
7.10204   0.0386647   0.19628   6.72737 	Dead: 0
7.12062   0.0392108   0.199052  6.72737 	Dead: 0
7.11512   0.0405471   0.205836  6.72737 	Dead: 0
7.10256   0.0451823   0.229367  6.72737 	Dead: 0
7.12564   0.0464575   0.23584   6.72737 	Dead: 0
7.07244   0.0460831   0.233939  6.72737 	Dead: 0
7.05064   0.039808    0.202084  6.62394 	Dead: 0
7.03899   0.0455357   0.23116   6.62394 	Dead: 0
7.04862   0.0484818   0.246116  6.57982 	Dead: 0
7.01949   0.0466046   0.236587  6.57982 	Dead: 0
7.0055    0.0406796   0.206509  6.57982 	Dead: 0
7.03319   0.0494103   0.25083   6.57982 	Dead: 0
6.98554   0.0444883   0.225843  6.57982 	Dead: 0
6.99914   0.0414945   0.210645  6.57982 	Dead: 0
7.02453   0.0496254   0.251922  6.57982 	Dead: 0
7.01597   0.0470756   0.238978  6.57982 	Dead: 0
7.01178   0.0501047   0.254355  6.57982 	Dead: 0
6.99152   0.0451861   0.229386  6.57982 	Dead: 0
6.98117   0.0467317   0.237232  6.57982 	Dead: 0
7.00145   0.0516612   0.262256  6.57982 	Dead: 0
6.99341   0.047647    0.241878  6.57982 	Dead: 0
6.97679   0.0495009   0.25129   6.57982 	Dead: 0
6.96444   0.0477539   0.242421  6.57982 	Dead: 0
6.92709   0.0442505   0.224636  6.55121 	Dead: 0
6.92398   0.044305    0.224913  6.55121 	Dead: 0
6.94347   0.0535242   0.271714  6.50977 	Dead: 0
6.91197   0.0529228   0.268661  6.50977 	Dead: 0
6.91122   0.04587     0.232857  6.50977 	Dead: 0
6.87926   0.0461154   0.234103  6.5079  	Dead: 0
6.86207   0.0528      0.268038  6.47382 	Dead: 0
6.83923   0.0452285   0.229601  6.47382 	Dead: 0
6.87549   0.0518906   0.263421  6.47382 	Dead: 0
6.87825   0.0534274   0.271222  6.47382 	Dead: 0
6.85237   0.0444258   0.225526  6.47382 	Dead: 0
6.85598   0.0526214   0.267131  6.47382 	Dead: 0
6.82908   0.0480607   0.243979  6.47382 	Dead: 0
6.78496   0.0451579   0.229242  6.46565 	Dead: 0
6.76256   0.0610024   0.309676  6.39776 	Dead: 0
6.73145   0.0429073   0.217817  6.39776 	Dead: 0
6.72793   0.0555552   0.282024  6.37801 	Dead: 0
6.73254   0.0588696   0.29885   6.37801 	Dead: 0
6.64832   0.0363291   0.184424  6.2829  	Dead: 0
6.70222   0.0545113   0.276725  6.2829  	Dead: 0
6.68175   0.0480115   0.243729  6.2829  	Dead: 0
6.67369   0.0457514   0.232255  6.2829  	Dead: 0
6.66751   0.044357    0.225177  6.2829  	Dead: 0
6.66321   0.0509866   0.258832  6.16456 	Dead: 0
6.65272   0.0459279   0.233152  6.16456 	Dead: 0
6.64726   0.0418292   0.212344  6.16456 	Dead: 0
6.66611   0.0524071   0.266043  6.16456 	Dead: 0
6.6395    0.0463102   0.235092  6.16456 	Dead: 0
6.61272   0.0433652   0.220142  6.16456 	Dead: 0
6.60985   0.0471421   0.239315  6.16456 	Dead: 0
6.60396   0.0500045   0.253846  6.16456 	Dead: 0
6.61326   0.0504921   0.256321  6.16456 	Dead: 0
6.61183   0.048663    0.247036  6.16456 	Dead: 0
6.59127   0.0489998   0.248746  6.16456 	Dead: 0
6.55521   0.0425812   0.216162  6.16456 	Dead: 0
6.59278   0.0461395   0.234226  6.16456 	Dead: 0
6.6235    0.0529662   0.268881  6.16456 	Dead: 0
6.62332   0.0495332   0.251454  6.16456 	Dead: 0
6.61306   0.0509579   0.258686  6.16456 	Dead: 0
6.55859   0.0394497   0.200265  6.16456 	Dead: 0
6.61319   0.0603487   0.306358  6.16456 	Dead: 0
6.56037   0.0498511   0.253068  6.16456 	Dead: 0
6.57245   0.0477466   0.242384  6.16456 	Dead: 0
6.58179   0.0514613   0.261241  6.16456 	Dead: 0
6.56732   0.0518542   0.263236  6.16456 	Dead: 0
6.54168   0.045972    0.233375  6.16456 	Dead: 0
6.57677   0.0539228   0.273738  6.16456 	Dead: 0
6.5898    0.0490873   0.24919   6.16456 	Dead: 0
6.59663   0.0604756   0.307002  6.16456 	Dead: 0
6.56552   0.0504782   0.256251  6.16456 	Dead: 0
6.58268   0.0498267   0.252944  6.16456 	Dead: 0
6.58024   0.0513729   0.260793  6.16456 	Dead: 0
6.55306   0.0433609   0.22012   6.16456 	Dead: 0
6.55881   0.046729    0.237218  6.16456 	Dead: 0
6.5607    0.0475598   0.241436  6.16456 	Dead: 0
6.55168   0.050415    0.25593   6.10386 	Dead: 0
6.53975   0.0493396   0.250471  6.10386 	Dead: 0
6.53516   0.049444    0.251001  6.10386 	Dead: 0
6.53546   0.0508595   0.258186  6.10386 	Dead: 0
6.5301    0.0453192   0.230062  6.10386 	Dead: 0
6.51547   0.0437507   0.222099  6.10386 	Dead: 0
6.51544   0.0462893   0.234986  6.10386 	Dead: 0
6.5396    0.0472501   0.239863  6.10386 	Dead: 0
6.5004    0.0553158   0.280809  6.10386 	Dead: 0
6.50317   0.0514425   0.261146  6.10386 	Dead: 0
6.51772   0.0450855   0.228875  6.10386 	Dead: 0
6.55363   0.0588749   0.298877  6.10386 	Dead: 0
6.49722   0.0442144   0.224453  6.10386 	Dead: 0
