14.049    0.103084    0.523302  12.7706 	Dead: 0
10.3555   0.0405717   0.205961  9.63834 	Dead: 0
9.24743   0.0466714   0.236926  8.86175 	Dead: 0
8.40749   0.0537405   0.272812  7.7488  	Dead: 0
7.48982   0.10207     0.518153  6.86669 	Dead: 0
6.4905    0.0826551   0.419596  5.97281 	Dead: 0
5.7042    0.087192    0.442627  4.96221 	Dead: 0
5.28512   0.104804    0.532032  4.78661 	Dead: 0
5.00935   0.11305     0.573897  4.48529 	Dead: 0
4.5977    0.122514    0.621938  4.08588 	Dead: 0
4.19616   0.0752224   0.381864  3.72813 	Dead: 0
4.03777   0.114288    0.580179  3.58496 	Dead: 0
3.90169   0.126689    0.64313   3.42763 	Dead: 0
3.71559   0.122434    0.621533  3.20401 	Dead: 0
3.74088   0.171586    0.871049  3.0543  	Dead: 0
3.32442   0.106185    0.539043  2.85972 	Dead: 0
3.30105   0.138119    0.701158  2.82257 	Dead: 0
3.21219   0.15119     0.767512  2.78497 	Dead: 0
3.14684   0.120803    0.613252  2.67702 	Dead: 0
3.11092   0.146301    0.742694  2.60937 	Dead: 0
2.93709   0.0916408   0.465211  2.49305 	Dead: 0
3.00843   0.173412    0.88032   2.47497 	Dead: 0
2.83866   0.110325    0.560062  2.39785 	Dead: 0
2.92208   0.156999    0.797001  2.39785 	Dead: 0
2.79719   0.122349    0.621099  2.39296 	Dead: 0
2.82944   0.145192    0.737064  2.34625 	Dead: 0
2.68412   0.1322      0.671111  2.29711 	Dead: 0
2.69377   0.119042    0.604312  2.25695 	Dead: 0
2.6149    0.0907373   0.460625  2.25695 	Dead: 0
2.64198   0.115088    0.584239  2.24409 	Dead: 0
2.70207   0.140442    0.712949  2.21352 	Dead: 0
2.60098   0.121842    0.618528  2.17986 	Dead: 0
2.67137   0.143402    0.727976  2.17986 	Dead: 0
2.48673   0.103976    0.52783   2.15978 	Dead: 0
2.62333   0.149009    0.756437  2.03689 	Dead: 0
2.56711   0.134723    0.683917  2.03689 	Dead: 0
2.5823    0.144418    0.733135  2.03689 	Dead: 0
2.54042   0.15434     0.783504  2.03689 	Dead: 0
2.43476   0.112437    0.570782  2.03689 	Dead: 0
2.60001   0.149829    0.760603  2.03689 	Dead: 0
2.53535   0.159213    0.808239  2.02217 	Dead: 0
2.36566   0.12542     0.63669   1.9987  	Dead: 0
2.55809   0.1827      0.927468  1.9987  	Dead: 0
2.51928   0.169214    0.859008  1.98676 	Dead: 0
2.37401   0.159176    0.808051  1.96019 	Dead: 0
2.40578   0.145691    0.739593  1.96019 	Dead: 0
2.36947   0.12047     0.611564  1.96019 	Dead: 0
2.3666    0.118789    0.603026  1.96019 	Dead: 0
2.34076   0.123755    0.628239  1.93935 	Dead: 0
2.302     0.108596    0.551282  1.92548 	Dead: 0
2.36742   0.14324     0.727151  1.92548 	Dead: 0
2.36307   0.127741    0.648474  1.92135 	Dead: 0
2.35841   0.129031    0.65502   1.92083 	Dead: 0
2.31107   0.118148    0.599774  1.92083 	Dead: 0
2.28782   0.126265    0.64098   1.92083 	Dead: 0
2.26404   0.116901    0.593443  1.92075 	Dead: 0
2.3201    0.125475    0.63697   1.86278 	Dead: 0
2.40219   0.141532    0.718484  1.86278 	Dead: 0
2.34782   0.153475    0.779111  1.86278 	Dead: 0
2.43149   0.180707    0.917354  1.86278 	Dead: 0
2.32777   0.154011    0.78183   1.86278 	Dead: 0
2.29478   0.126276    0.641036  1.86278 	Dead: 0
2.32598   0.134096    0.680732  1.86278 	Dead: 0
2.31538   0.127599    0.64775   1.86278 	Dead: 0
2.29614   0.126358    0.641451  1.86278 	Dead: 0
2.32957   0.132463    0.672445  1.86278 	Dead: 0
2.28631   0.128954    0.654628  1.86278 	Dead: 0
2.32948   0.136077    0.690788  1.86278 	Dead: 0
2.24495   0.141693    0.719297  1.86278 	Dead: 0
2.21552   0.108849    0.552567  1.86278 	Dead: 0
2.2657    0.119405    0.606157  1.86278 	Dead: 0
2.23923   0.114749    0.582521  1.86278 	Dead: 0
2.22967   0.13437     0.682124  1.86278 	Dead: 0
2.30508   0.140675    0.714134  1.86278 	Dead: 0
2.24717   0.124157    0.630277  1.86278 	Dead: 0
2.24576   0.121217    0.615353  1.86278 	Dead: 0
2.35017   0.16569     0.84112   1.86278 	Dead: 0
2.31324   0.139313    0.707216  1.8572  	Dead: 0
2.37569   0.170451    0.865291  1.8572  	Dead: 0
2.28939   0.138011    0.70061   1.85257 	Dead: 0
2.29692   0.162581    0.825338  1.85257 	Dead: 0
2.22927   0.122226    0.620478  1.85257 	Dead: 0
2.23456   0.123321    0.626036  1.85257 	Dead: 0
2.1985    0.105163    0.533858  1.85257 	Dead: 0
2.34487   0.152395    0.773629  1.85257 	Dead: 0
2.20831   0.109249    0.554601  1.85257 	Dead: 0
2.26297   0.138059    0.700853  1.83925 	Dead: 0
2.29965   0.145171    0.736953  1.83925 	Dead: 0
2.30243   0.138605    0.703624  1.83925 	Dead: 0
2.24495   0.124396    0.631494  1.83925 	Dead: 0
2.17658   0.124084    0.629908  1.83925 	Dead: 0
2.33971   0.155264    0.78819   1.83925 	Dead: 0
2.24738   0.142633    0.724071  1.83925 	Dead: 0
2.26458   0.143984    0.730931  1.83925 	Dead: 0
2.25808   0.128505    0.652354  1.83925 	Dead: 0
2.16414   0.103151    0.523644  1.83925 	Dead: 0
2.27277   0.140706    0.714292  1.83925 	Dead: 0
2.17191   0.11409     0.579174  1.83925 	Dead: 0
2.14883   0.120307    0.610735  1.83925 	Dead: 0
2.23789   0.119317    0.605707  1.83167 	Dead: 0
2.14534   0.0980778   0.497888  1.83167 	Dead: 0
