14.1278   0.0951084   0.482814  13.0285 	Dead: 0
11.1405   0.052781    0.267941  10.4903 	Dead: 0
9.60427   0.0438634   0.222671  9.13772 	Dead: 0
9.08839   0.059411    0.301598  8.54199 	Dead: 0
8.10366   0.0737862   0.374573  7.53657 	Dead: 0
7.36114   0.0631288   0.320471  6.87248 	Dead: 0
6.56791   0.0720034   0.365523  6.16657 	Dead: 0
6.02334   0.0846377   0.42966   5.49553 	Dead: 0
5.73638   0.125363    0.6364    5.19852 	Dead: 0
5.38773   0.0766234   0.388976  4.90935 	Dead: 0
5.10528   0.107787    0.547176  4.50371 	Dead: 0
4.6282    0.0805035   0.408673  4.11612 	Dead: 0
4.31327   0.0903477   0.458647  3.89109 	Dead: 0
4.0285    0.106996    0.543163  3.49445 	Dead: 0
3.77976   0.100892    0.512177  3.44268 	Dead: 0
3.72424   0.10474     0.531711  3.35788 	Dead: 0
3.78522   0.120242    0.610403  3.26237 	Dead: 0
3.63317   0.104315    0.529553  3.23083 	Dead: 0
3.60374   0.104313    0.529544  3.17506 	Dead: 0
3.5599    0.125749    0.638362  3.12282 	Dead: 0
3.43689   0.133352    0.676956  3.01308 	Dead: 0
3.3094    0.0918774   0.466413  2.9143  	Dead: 0
3.25068   0.123448    0.626682  2.75588 	Dead: 0
3.21681   0.116471    0.591262  2.75588 	Dead: 0
3.09921   0.105117    0.533622  2.56619 	Dead: 0
2.95138   0.0863533   0.438369  2.46445 	Dead: 0
2.83571   0.11388     0.57811   2.45308 	Dead: 0
2.72656   0.0775345   0.393601  2.45308 	Dead: 0
2.79154   0.0967915   0.491359  2.44809 	Dead: 0
2.83699   0.134976    0.685202  2.38501 	Dead: 0
2.74934   0.10446     0.530286  2.33679 	Dead: 0
2.71471   0.0988803   0.501963  2.33679 	Dead: 0
2.71731   0.119981    0.609079  2.29014 	Dead: 0
2.74233   0.116883    0.593352  2.28787 	Dead: 0
2.73932   0.116759    0.592726  2.28787 	Dead: 0
2.76458   0.148418    0.753437  2.27343 	Dead: 0
2.65944   0.136892    0.694929  2.25309 	Dead: 0
2.55059   0.0989253   0.502191  2.25095 	Dead: 0
2.62423   0.13582     0.689485  2.15908 	Dead: 0
2.65588   0.144325    0.732661  2.15908 	Dead: 0
2.53471   0.115693    0.587312  2.1419  	Dead: 0
2.41974   0.0894142   0.453908  2.1419  	Dead: 0
2.46984   0.106024    0.538226  2.12792 	Dead: 0
2.40394   0.0854515   0.433792  2.11863 	Dead: 0
2.547     0.145673    0.739506  2.08273 	Dead: 0
2.50369   0.171593    0.871089  2.08156 	Dead: 0
2.42143   0.119279    0.605515  2.05837 	Dead: 0
2.41694   0.118886    0.60352   2.05837 	Dead: 0
2.45237   0.134213    0.681326  2.02647 	Dead: 0
2.41427   0.103103    0.523397  2.02647 	Dead: 0
2.42856   0.120236    0.610376  2.02647 	Dead: 0
2.34783   0.0865891   0.439567  2.02647 	Dead: 0
2.40472   0.113532    0.576344  2.02647 	Dead: 0
2.38756   0.110702    0.561973  2.02647 	Dead: 0
2.50637   0.156088    0.792374  2.02647 	Dead: 0
2.35494   0.0878125   0.445777  2.02647 	Dead: 0
2.44318   0.1289      0.654358  2.01965 	Dead: 0
2.40376   0.1175      0.596483  2.01965 	Dead: 0
2.41954   0.124993    0.634521  2.01965 	Dead: 0
2.45454   0.121569    0.617139  2.01965 	Dead: 0
2.41302   0.112052    0.568827  2.01965 	Dead: 0
2.3984    0.108195    0.549246  2.01965 	Dead: 0
2.40268   0.127772    0.648631  2.01965 	Dead: 0
2.45195   0.134342    0.681984  2.01965 	Dead: 0
2.42063   0.123276    0.625806  2.00984 	Dead: 0
2.35866   0.115865    0.588184  1.98385 	Dead: 0
2.45468   0.152189    0.772585  1.98385 	Dead: 0
2.32703   0.0907307   0.460591  1.98385 	Dead: 0
2.3698    0.12609     0.64009   1.98385 	Dead: 0
2.391     0.151334    0.768242  1.98385 	Dead: 0
2.39249   0.127223    0.645842  1.98385 	Dead: 0
2.36952   0.116524    0.591532  1.98385 	Dead: 0
2.46437   0.145513    0.738692  1.98385 	Dead: 0
2.28523   0.0895897   0.454799  1.98385 	Dead: 0
2.3093    0.0984988   0.500026  1.98385 	Dead: 0
2.29923   0.0971251   0.493052  1.98385 	Dead: 0
2.30552   0.110237    0.559614  1.98035 	Dead: 0
2.33013   0.110139    0.559119  1.98035 	Dead: 0
2.28063   0.0920065   0.467068  1.98035 	Dead: 0
2.29808   0.100713    0.511264  1.98035 	Dead: 0
2.45271   0.142804    0.724939  1.98035 	Dead: 0
2.37514   0.136981    0.695377  1.98035 	Dead: 0
2.32239   0.126903    0.644218  1.98035 	Dead: 0
2.37002   0.121836    0.618498  1.9729  	Dead: 0
2.27419   0.0952488   0.483527  1.9729  	Dead: 0
2.47334   0.145644    0.739357  1.97279 	Dead: 0
2.35388   0.138766    0.704443  1.97279 	Dead: 0
2.39626   0.145914    0.74073   1.96306 	Dead: 0
2.42542   0.15776     0.800861  1.91108 	Dead: 0
2.30028   0.131469    0.667396  1.91108 	Dead: 0
2.32305   0.0997617   0.506437  1.91108 	Dead: 0
2.32288   0.114889    0.583231  1.91108 	Dead: 0
2.32798   0.112662    0.571925  1.91108 	Dead: 0
2.27997   0.113848    0.577944  1.91108 	Dead: 0
2.30729   0.123209    0.625468  1.91108 	Dead: 0
2.29867   0.104536    0.530676  1.91108 	Dead: 0
2.32779   0.162305    0.823938  1.91108 	Dead: 0
2.31638   0.121428    0.616424  1.91108 	Dead: 0
2.26177   0.106535    0.540823  1.90297 	Dead: 0
2.31889   0.126072    0.64      1.90297 	Dead: 0
2.26027   0.109094    0.553814  1.90297 	Dead: 0
