12.3989   0.106679    0.541553  11.1296 	Dead: 0
9.42281   0.0631817   0.32074   8.81416 	Dead: 0
8.43583   0.0450223   0.228554  7.85053 	Dead: 0
7.52204   0.0481801   0.244585  7.05215 	Dead: 0
7.02339   0.0673101   0.341698  6.60706 	Dead: 0
6.39791   0.0534368   0.27127   6.00741 	Dead: 0
6.03131   0.0624747   0.317151  5.60304 	Dead: 0
5.68355   0.0698326   0.354503  5.01756 	Dead: 0
5.22746   0.059907    0.304116  4.73469 	Dead: 0
4.82842   0.081324    0.412838  4.25279 	Dead: 0
4.58286   0.0629159   0.319391  4.12825 	Dead: 0
4.28216   0.0777501   0.394696  3.78118 	Dead: 0
4.06198   0.0877674   0.445548  3.66765 	Dead: 0
3.98484   0.0849294   0.431141  3.52584 	Dead: 0
3.76808   0.0629749   0.31969   3.3184  	Dead: 0
3.50536   0.0810284   0.411338  3.06675 	Dead: 0
3.33436   0.0840217   0.426533  2.83565 	Dead: 0
3.26323   0.0776677   0.394277  2.76198 	Dead: 0
3.10052   0.0707398   0.359108  2.71095 	Dead: 0
3.01621   0.0634616   0.322161  2.59961 	Dead: 0
2.95043   0.096809    0.491448  2.49418 	Dead: 0
2.90503   0.0822277   0.417426  2.49418 	Dead: 0
2.87597   0.0932634   0.473448  2.42075 	Dead: 0
2.7629    0.0557494   0.28301   2.42075 	Dead: 0
2.83245   0.101214    0.513812  2.36046 	Dead: 0
2.8664    0.106938    0.542865  2.36046 	Dead: 0
2.75984   0.0774138   0.392989  2.35536 	Dead: 0
2.73286   0.0751206   0.381347  2.33509 	Dead: 0
2.77593   0.103165    0.523714  2.33509 	Dead: 0
2.68399   0.0658176   0.334121  2.33509 	Dead: 0
2.81474   0.102038    0.51799   2.33509 	Dead: 0
2.74125   0.10121     0.513789  2.33509 	Dead: 0
2.67951   0.0659868   0.33498   2.33509 	Dead: 0
2.74744   0.105344    0.534775  2.33509 	Dead: 0
2.67509   0.0703266   0.357011  2.27005 	Dead: 0
2.70459   0.086937    0.441333  2.2147  	Dead: 0
2.61857   0.071164    0.361262  2.17386 	Dead: 0
2.59657   0.0622924   0.316225  2.17386 	Dead: 0
2.61338   0.0777907   0.394902  2.17386 	Dead: 0
2.66766   0.0967464   0.49113   2.17386 	Dead: 0
2.69205   0.135448    0.687597  2.17386 	Dead: 0
2.53003   0.075938    0.385497  2.16807 	Dead: 0
2.59093   0.0813563   0.413003  2.16807 	Dead: 0
2.5043    0.0649138   0.329533  2.1496  	Dead: 0
2.55894   0.0897077   0.455398  2.1496  	Dead: 0
2.52307   0.0708487   0.359661  2.1496  	Dead: 0
2.58096   0.088096    0.447217  2.1496  	Dead: 0
2.52114   0.0850776   0.431894  2.1496  	Dead: 0
2.4945    0.0663101   0.336621  2.14908 	Dead: 0
2.38673   0.0384239   0.195058  2.14908 	Dead: 0
2.51454   0.0981357   0.498182  2.13689 	Dead: 0
2.48416   0.0743561   0.377466  2.13689 	Dead: 0
2.43761   0.0708054   0.359441  2.09524 	Dead: 0
2.52384   0.0879212   0.446329  2.09524 	Dead: 0
2.43885   0.0661409   0.335762  2.09524 	Dead: 0
2.44405   0.0673612   0.341957  2.09524 	Dead: 0
2.47401   0.0913334   0.463651  2.08715 	Dead: 0
2.45867   0.0966582   0.490682  2.07475 	Dead: 0
2.44741   0.0803882   0.408088  2.07475 	Dead: 0
2.46263   0.087494    0.444161  1.98463 	Dead: 0
2.41124   0.0804182   0.40824   1.98463 	Dead: 0
2.33385   0.0715074   0.363005  1.98463 	Dead: 0
2.3796    0.0850272   0.431638  1.97215 	Dead: 0
2.38238   0.0862787   0.437991  1.97215 	Dead: 0
2.46741   0.0934671   0.474483  1.97215 	Dead: 0
2.36441   0.0855913   0.434501  1.97215 	Dead: 0
2.2787    0.057797    0.293405  1.97215 	Dead: 0
2.37762   0.0928782   0.471493  1.97215 	Dead: 0
2.32751   0.0609952   0.30964   1.97215 	Dead: 0
2.40825   0.0803289   0.407787  1.97215 	Dead: 0
2.35473   0.0729787   0.370474  1.97215 	Dead: 0
2.38472   0.108367    0.550121  1.97215 	Dead: 0
2.32455   0.0987321   0.50121   1.96685 	Dead: 0
2.36365   0.0878637   0.446037  1.95058 	Dead: 0
2.33319   0.0723168   0.367114  1.95058 	Dead: 0
2.27776   0.0603056   0.30614   1.93895 	Dead: 0
2.32191   0.078577    0.398894  1.93895 	Dead: 0
2.31081   0.0681899   0.346164  1.91952 	Dead: 0
2.35945   0.090275    0.458278  1.91952 	Dead: 0
2.35523   0.106301    0.539634  1.91952 	Dead: 0
2.31186   0.0762346   0.387003  1.91952 	Dead: 0
2.33989   0.0762592   0.387127  1.91952 	Dead: 0
2.34105   0.100255    0.508942  1.91952 	Dead: 0
2.33911   0.0850371   0.431688  1.91952 	Dead: 0
2.29337   0.0856775   0.434939  1.91952 	Dead: 0
2.38682   0.0898186   0.455961  1.91952 	Dead: 0
2.31527   0.0908979   0.46144   1.91952 	Dead: 0
2.28384   0.0785787   0.398902  1.91952 	Dead: 0
2.32445   0.0902047   0.457921  1.91952 	Dead: 0
2.26354   0.0733523   0.372371  1.86908 	Dead: 0
2.33372   0.0856997   0.435052  1.86908 	Dead: 0
2.28277   0.0851899   0.432464  1.86908 	Dead: 0
2.29816   0.0893085   0.453372  1.86908 	Dead: 0
2.32702   0.111605    0.566557  1.86908 	Dead: 0
2.2694    0.085323    0.433139  1.86908 	Dead: 0
2.24719   0.0776072   0.393971  1.86908 	Dead: 0
2.25102   0.0839183   0.426008  1.86908 	Dead: 0
2.32441   0.110704    0.561987  1.86908 	Dead: 0
2.28198   0.0895156   0.454423  1.84487 	Dead: 0
2.30002   0.0911033   0.462483  1.84487 	Dead: 0
2.2339    0.0774525   0.393185  1.84487 	Dead: 0
