0   5.81992   0.0968456   0.491633  4.83921 	Dead: 0
1   4.87216   0.0727131   0.369126  4.11252 	Dead: 0
2   4.76412   0.0857711   0.435414  4.11103 	Dead: 0
3   4.71342   0.0763629   0.387654  4.08846 	Dead: 0
4   4.65707   0.0815507   0.413989  3.77428 	Dead: 0
5   4.66605   0.0813972   0.41321   3.77428 	Dead: 0
6   4.67202   0.0904267   0.459048  3.77428 	Dead: 0
7   4.666     0.105246    0.534279  3.77428 	Dead: 0
8   4.63782   0.100931    0.512374  3.77428 	Dead: 0
9   4.63657   0.108345    0.550008  3.77428 	Dead: 0
10  4.57597   0.0977775   0.496364  3.77428 	Dead: 0
11  4.57293   0.106805    0.542192  3.73145 	Dead: 0
12  4.54028   0.103541    0.525623  3.73145 	Dead: 0
13  4.66817   0.136913    0.695035  3.73145 	Dead: 0
14  4.58635   0.122701    0.622886  3.73145 	Dead: 0
15  4.56599   0.120088    0.609621  3.73145 	Dead: 0
16  4.48761   0.114421    0.580853  3.73145 	Dead: 0
17  4.50962   0.122591    0.622331  3.55872 	Dead: 0
18  4.50464   0.125223    0.63569   3.55872 	Dead: 0
19  4.44725   0.127818    0.648863  3.55872 	Dead: 0
20  4.46862   0.128621    0.652938  3.55872 	Dead: 0
21  4.48372   0.12528     0.635981  3.55664 	Dead: 0
22  4.35778   0.118618    0.602162  3.46621 	Dead: 0
23  4.45626   0.128265    0.651133  3.46621 	Dead: 0
24  4.48934   0.122507    0.621902  3.46621 	Dead: 0
25  4.40753   0.119779    0.608055  3.46621 	Dead: 0
26  4.34413   0.1363      0.691921  3.46263 	Dead: 0
27  4.45663   0.137674    0.698896  3.46263 	Dead: 0
28  4.36531   0.135681    0.68878   3.46263 	Dead: 0
29  4.41426   0.13609     0.690856  3.4595  	Dead: 0
30  4.35959   0.123103    0.624928  3.4595  	Dead: 0
31  4.4156    0.141222    0.716906  3.4595  	Dead: 0
32  4.41436   0.136217    0.6915    3.43856 	Dead: 0
33  4.42332   0.138505    0.703115  3.41738 	Dead: 0
34  4.38357   0.135201    0.686343  3.41738 	Dead: 0
35  4.45108   0.151493    0.769048  3.41738 	Dead: 0
36  4.35257   0.134225    0.681389  3.41738 	Dead: 0
37  4.43738   0.145556    0.738909  3.41738 	Dead: 0
38  4.36216   0.143611    0.729038  3.41738 	Dead: 0
39  4.34619   0.1464      0.743193  3.38125 	Dead: 0
40  4.36243   0.140323    0.712347  3.38125 	Dead: 0
41  4.35871   0.12855     0.652582  3.38125 	Dead: 0
42  4.32653   0.136675    0.693824  3.38125 	Dead: 0
43  4.35244   0.139939    0.710398  3.38125 	Dead: 0
44  4.35422   0.146882    0.745643  3.36862 	Dead: 0
45  4.40925   0.138153    0.701328  3.36862 	Dead: 0
46  4.30845   0.140085    0.711138  3.36862 	Dead: 0
47  4.24351   0.138578    0.703485  3.36862 	Dead: 0
48  4.28286   0.1424      0.722891  3.36862 	Dead: 0
49  4.30012   0.145345    0.737838  3.27481 	Dead: 0
50  4.2782    0.154321    0.783405  3.26339 	Dead: 0
51  4.28145   0.15484     0.786041  3.26339 	Dead: 0
52  4.36489   0.161769    0.821217  3.26339 	Dead: 0
53  4.26857   0.144931    0.735739  3.24895 	Dead: 0
54  4.24945   0.149093    0.756865  3.24895 	Dead: 0
55  4.27331   0.146715    0.744791  3.2171  	Dead: 0
56  4.19437   0.145562    0.738942  3.12245 	Dead: 0
57  4.25197   0.151942    0.771327  3.12245 	Dead: 0
58  4.22112   0.151481    0.768989  3.11017 	Dead: 0
59  4.15158   0.149819    0.760551  3.0493  	Dead: 0
60  4.2087    0.15032     0.763094  3.0493  	Dead: 0
61  4.15541   0.151848    0.770851  3.0493  	Dead: 0
62  4.07341   0.146206    0.742208  3.0493  	Dead: 0
63  4.18381   0.159679    0.810607  3.0493  	Dead: 0
64  4.14835   0.156783    0.795902  3.0493  	Dead: 0
65  4.21947   0.156211    0.792999  3.0493  	Dead: 0
66  4.2645    0.170734    0.866727  3.0493  	Dead: 0
67  4.31988   0.16199     0.822339  3.0493  	Dead: 0
68  4.13583   0.152051    0.771883  3.0493  	Dead: 0
69  4.26235   0.172459    0.875484  3.0493  	Dead: 0
70  4.14781   0.158265    0.803429  3.0493  	Dead: 0
71  4.30804   0.160494    0.814745  3.01558 	Dead: 0
72  4.2782    0.166745    0.846474  3.01558 	Dead: 0
73  4.24929   0.166401    0.844732  3.01558 	Dead: 0
74  4.23583   0.156603    0.794991  3.01558 	Dead: 0
75  4.19321   0.151144    0.767277  3.01558 	Dead: 0
76  4.20673   0.163592    0.83047   3.01558 	Dead: 0
77  4.23736   0.174164    0.884138  3.01558 	Dead: 0
78  4.23462   0.153588    0.779686  3.01558 	Dead: 0
79  4.13891   0.164413    0.834636  3.01558 	Dead: 0
80  4.23733   0.164899    0.837106  3.01558 	Dead: 0
81  4.11683   0.15326     0.77802   3.01558 	Dead: 0
82  4.05605   0.147087    0.746682  3.00594 	Dead: 0
83  4.2552    0.171641    0.871328  3.00594 	Dead: 0
84  4.1822    0.161116    0.8179    3.00594 	Dead: 0
85  4.25037   0.163436    0.829677  3.00594 	Dead: 0
86  4.26321   0.158108    0.802631  3.00594 	Dead: 0
87  4.14019   0.142771    0.724773  3.00594 	Dead: 0
88  4.26039   0.156985    0.796928  3.00594 	Dead: 0
89  4.21901   0.163898    0.832023  3.00594 	Dead: 0
90  4.16622   0.160925    0.816932  3.00594 	Dead: 0
91  4.20318   0.161059    0.81761   3.00594 	Dead: 0
92  4.22129   0.154246    0.783026  3.00594 	Dead: 0
93  4.16214   0.159971    0.812087  3.00594 	Dead: 0
94  4.14218   0.160869    0.816647  3.00594 	Dead: 0
95  4.17818   0.175549    0.891169  3.00594 	Dead: 0
96  4.18714   0.165058    0.837913  3.00594 	Dead: 0
97  4.22172   0.16313     0.828125  3.00594 	Dead: 0
98  4.24212   0.155705    0.79043   3.00594 	Dead: 0
99  4.26732   0.168498    0.855375  3.00594 	Dead: 0
100 4.21658   0.157876    0.801454  3.00594 	Dead: 0
