8.70721   0.0535422   0.271805  7.95557 	Dead: 0
7.19812   0.0640015   0.324901  6.23532 	Dead: 0
6.42617   0.0650184   0.330064  5.70517 	Dead: 0
6.23662   0.0717028   0.363997  5.48104 	Dead: 0
6.11723   0.0672777   0.341533  5.48104 	Dead: 0
6.01669   0.0702067   0.356402  5.4524  	Dead: 0
5.94748   0.0690966   0.350766  5.34584 	Dead: 0
5.85243   0.0707465   0.359142  5.24443 	Dead: 0
5.86365   0.0873701   0.443531  5.24443 	Dead: 0
5.76382   0.0800666   0.406456  5.24443 	Dead: 0
5.66361   0.0780794   0.396368  5.11094 	Dead: 0
5.5831    0.0782282   0.397123  5.00485 	Dead: 0
5.54441   0.0719553   0.365279  5.00485 	Dead: 0
5.46333   0.0585156   0.297053  4.97673 	Dead: 0
5.48493   0.0671843   0.341059  4.97673 	Dead: 0
5.47131   0.0748252   0.379848  4.95452 	Dead: 0
5.45324   0.0734119   0.372673  4.95452 	Dead: 0
5.44729   0.0746561   0.378989  4.81202 	Dead: 0
5.38097   0.0653502   0.331748  4.81202 	Dead: 0
5.40514   0.0706245   0.358523  4.81202 	Dead: 0
5.27694   0.0779024   0.395469  4.79447 	Dead: 0
5.22295   0.0678204   0.344288  4.78357 	Dead: 0
5.24883   0.082212    0.417346  4.63992 	Dead: 0
5.16976   0.0725664   0.368381  4.5913  	Dead: 0
5.13271   0.0645498   0.327685  4.5913  	Dead: 0
5.15967   0.0833557   0.423153  4.5913  	Dead: 0
5.147     0.0729697   0.370428  4.5913  	Dead: 0
5.15238   0.0811941   0.412179  4.5913  	Dead: 0
5.13832   0.0806845   0.409592  4.5913  	Dead: 0
5.12853   0.079697    0.404579  4.5913  	Dead: 0
5.12108   0.0792683   0.402403  4.5913  	Dead: 0
5.14339   0.0802505   0.407389  4.5913  	Dead: 0
5.06201   0.0690359   0.350458  4.5913  	Dead: 0
5.1399    0.0843      0.427946  4.5913  	Dead: 0
5.07807   0.0648593   0.329256  4.46838 	Dead: 0
5.09802   0.0865837   0.439539  4.46838 	Dead: 0
5.10501   0.07922     0.402158  4.46838 	Dead: 0
5.06938   0.0762183   0.38692   4.46838 	Dead: 0
5.10034   0.0860953   0.43706   4.46838 	Dead: 0
5.04519   0.0832827   0.422782  4.46838 	Dead: 0
4.99437   0.0687103   0.348805  4.46838 	Dead: 0
4.96672   0.0652863   0.331424  4.46838 	Dead: 0
5.06368   0.0877899   0.445662  4.46838 	Dead: 0
4.92041   0.0614924   0.312164  4.46838 	Dead: 0
4.92121   0.067293    0.341611  4.46838 	Dead: 0
4.96096   0.0789582   0.400829  4.46838 	Dead: 0
4.96766   0.0825266   0.418943  4.45693 	Dead: 0
4.96825   0.0803899   0.408097  4.45693 	Dead: 0
4.90043   0.0687849   0.349184  4.45693 	Dead: 0
4.98434   0.0897031   0.455375  4.45679 	Dead: 0
4.87541   0.0661945   0.336034  4.45679 	Dead: 0
4.86041   0.0706374   0.358588  4.45679 	Dead: 0
4.90452   0.0690253   0.350404  4.45679 	Dead: 0
4.94876   0.0834757   0.423762  4.44392 	Dead: 0
4.91246   0.0683462   0.346957  4.44392 	Dead: 0
4.90177   0.0830419   0.421559  4.42943 	Dead: 0
4.9752    0.0864541   0.438881  4.42943 	Dead: 0
4.90409   0.0783567   0.397775  4.42943 	Dead: 0
4.89231   0.08167     0.414595  4.42775 	Dead: 0
4.83802   0.0785894   0.398956  4.32969 	Dead: 0
4.831     0.0771473   0.391636  4.32969 	Dead: 0
4.82894   0.0689613   0.350079  4.29289 	Dead: 0
4.74799   0.0708027   0.359427  4.29289 	Dead: 0
4.85332   0.0902383   0.458092  4.29289 	Dead: 0
4.77578   0.0797278   0.404736  4.29289 	Dead: 0
4.84112   0.0906982   0.460426  4.29289 	Dead: 0
4.78834   0.0864716   0.43897   4.29289 	Dead: 0
4.7385    0.0684011   0.347236  4.29289 	Dead: 0
4.75927   0.0855895   0.434492  4.2378  	Dead: 0
4.75149   0.0785442   0.398727  4.2378  	Dead: 0
4.77221   0.0801748   0.407005  4.2378  	Dead: 0
4.73338   0.0756557   0.384064  4.2378  	Dead: 0
4.77684   0.0938935   0.476647  4.2378  	Dead: 0
4.78109   0.0763482   0.387579  4.2378  	Dead: 0
4.78163   0.0815063   0.413764  4.2378  	Dead: 0
4.77615   0.0834481   0.423622  4.22614 	Dead: 0
4.76013   0.0844005   0.428456  4.22614 	Dead: 0
4.87435   0.105833    0.537258  4.22614 	Dead: 0
4.79891   0.0808839   0.410604  4.22614 	Dead: 0
4.75395   0.0771576   0.391688  4.22614 	Dead: 0
4.73949   0.0753748   0.382638  4.22614 	Dead: 0
4.75156   0.0832241   0.422484  4.22614 	Dead: 0
4.79836   0.0861048   0.437108  4.22614 	Dead: 0
4.7147    0.0598935   0.304047  4.21424 	Dead: 0
4.7741    0.0934307   0.474298  4.20151 	Dead: 0
4.76964   0.0878644   0.446041  4.20151 	Dead: 0
4.76223   0.0790884   0.401489  4.20151 	Dead: 0
4.78203   0.0840216   0.426533  4.20151 	Dead: 0
4.78695   0.0958686   0.486674  4.20151 	Dead: 0
4.80348   0.0916843   0.465432  4.20151 	Dead: 0
4.77007   0.0863911   0.438562  4.20151 	Dead: 0
4.81413   0.0972649   0.493762  4.20151 	Dead: 0
4.75626   0.0868704   0.440995  4.20151 	Dead: 0
4.71539   0.0751674   0.381585  4.20151 	Dead: 0
4.77225   0.0856687   0.434894  4.20151 	Dead: 0
4.76242   0.0834504   0.423633  4.20151 	Dead: 0
4.7068    0.0719329   0.365165  4.20151 	Dead: 0
4.79478   0.0803533   0.407911  4.20151 	Dead: 0
4.76441   0.0816087   0.414284  4.20151 	Dead: 0
4.71979   0.072707    0.369095  4.20151 	Dead: 0
4.75628   0.0784683   0.398342  4.20151 	Dead: 0
