8.71255   0.0475781   0.241529  7.92797 	Dead: 0
6.75305   0.0484959   0.246188  6.28335 	Dead: 0
6.41071   0.0628189   0.318898  5.90002 	Dead: 0
6.24225   0.0661218   0.335665  5.70302 	Dead: 0
6.11713   0.057408    0.29143   5.67859 	Dead: 0
5.80212   0.0657525   0.33379   5.18014 	Dead: 0
5.65344   0.0554085   0.281279  5.18014 	Dead: 0
5.66983   0.0628184   0.318895  5.18014 	Dead: 0
5.56611   0.0713697   0.362306  5.13557 	Dead: 0
5.45216   0.0703951   0.357359  4.98009 	Dead: 0
5.32602   0.059144    0.300243  4.85925 	Dead: 0
5.33292   0.0614328   0.311861  4.85925 	Dead: 0
5.25193   0.053741    0.272814  4.79069 	Dead: 0
5.30781   0.0666754   0.338475  4.7669  	Dead: 0
5.28842   0.0708128   0.359479  4.7669  	Dead: 0
5.22387   0.0679728   0.345062  4.7669  	Dead: 0
5.22128   0.0727109   0.369114  4.7669  	Dead: 0
5.18142   0.0643831   0.326839  4.7669  	Dead: 0
5.18988   0.0630632   0.320138  4.65984 	Dead: 0
5.18101   0.0730715   0.370945  4.65984 	Dead: 0
5.15198   0.0681146   0.345781  4.65984 	Dead: 0
5.13757   0.064059    0.325193  4.65984 	Dead: 0
5.16037   0.0710437   0.360651  4.65984 	Dead: 0
5.10059   0.0566673   0.28767   4.65984 	Dead: 0
5.09807   0.0590302   0.299665  4.65984 	Dead: 0
5.132     0.0694647   0.352635  4.65984 	Dead: 0
5.11745   0.0717948   0.364464  4.65984 	Dead: 0
5.13029   0.0789271   0.400671  4.63322 	Dead: 0
5.1136    0.0763909   0.387796  4.63322 	Dead: 0
5.06803   0.0704938   0.35786   4.63322 	Dead: 0
5.04721   0.0538519   0.273377  4.63322 	Dead: 0
5.10987   0.0761803   0.386727  4.63322 	Dead: 0
5.0646    0.070721    0.359013  4.62695 	Dead: 0
5.07517   0.0689617   0.350082  4.62695 	Dead: 0
5.05711   0.0686318   0.348407  4.62695 	Dead: 0
5.11052   0.0708936   0.359889  4.62695 	Dead: 0
5.08108   0.0705442   0.358115  4.62695 	Dead: 0
5.01529   0.0633178   0.32143   4.57301 	Dead: 0
5.02552   0.0615487   0.31245   4.57301 	Dead: 0
5.01041   0.0644982   0.327423  4.57301 	Dead: 0
5.01331   0.064851    0.329214  4.57301 	Dead: 0
5.03737   0.071893    0.364962  4.57301 	Dead: 0
5.02409   0.072909    0.37012   4.57301 	Dead: 0
4.97257   0.0687582   0.349049  4.50602 	Dead: 0
4.98758   0.0557592   0.28306   4.50602 	Dead: 0
4.9841    0.0622457   0.315988  4.50602 	Dead: 0
4.98987   0.0779569   0.395745  4.50197 	Dead: 0
4.95108   0.0642396   0.32611   4.50197 	Dead: 0
4.95457   0.0639373   0.324575  4.50197 	Dead: 0
4.93886   0.0679642   0.345018  4.50197 	Dead: 0
4.9784    0.0642775   0.326303  4.50197 	Dead: 0
4.93667   0.0715412   0.363177  4.50197 	Dead: 0
4.93596   0.0675894   0.343115  4.47079 	Dead: 0
4.97979   0.0703043   0.356897  4.47079 	Dead: 0
4.92684   0.0580931   0.294908  4.47079 	Dead: 0
4.95114   0.0678469   0.344422  4.47079 	Dead: 0
4.88946   0.0575168   0.291982  4.38819 	Dead: 0
4.87982   0.0711046   0.36096   4.38819 	Dead: 0
4.88646   0.0716574   0.363766  4.38819 	Dead: 0
4.90196   0.0711925   0.361407  4.38819 	Dead: 0
4.91272   0.0772121   0.391965  4.38819 	Dead: 0
4.89041   0.0760151   0.385888  4.38819 	Dead: 0
4.89245   0.0670786   0.340522  4.38819 	Dead: 0
4.8735    0.0666299   0.338245  4.38334 	Dead: 0
4.91539   0.0710353   0.360608  4.38334 	Dead: 0
4.86028   0.0687578   0.349047  4.38334 	Dead: 0
4.90968   0.0788005   0.400028  4.38334 	Dead: 0
4.86392   0.0584624   0.296782  4.38334 	Dead: 0
4.85604   0.0674176   0.342243  4.38334 	Dead: 0
4.8693    0.0725857   0.368479  4.36937 	Dead: 0
4.79343   0.058354    0.296232  4.36937 	Dead: 0
4.80293   0.0551891   0.280166  4.36937 	Dead: 0
4.84143   0.0611112   0.310229  4.36937 	Dead: 0
4.82257   0.0630171   0.319904  4.36937 	Dead: 0
4.84749   0.072891    0.370029  4.36937 	Dead: 0
4.80615   0.0653228   0.331609  4.36937 	Dead: 0
4.85191   0.0759625   0.385621  4.36937 	Dead: 0
4.82891   0.0604176   0.306708  4.36937 	Dead: 0
4.83409   0.0631666   0.320663  4.36937 	Dead: 0
4.81363   0.0627264   0.318428  4.36937 	Dead: 0
4.83403   0.0627516   0.318556  4.36937 	Dead: 0
4.77371   0.054377    0.276043  4.36937 	Dead: 0
4.8375    0.0586642   0.297807  4.36937 	Dead: 0
4.84798   0.072148    0.366257  4.36937 	Dead: 0
4.84348   0.0661759   0.33594   4.36937 	Dead: 0
4.80027   0.0556858   0.282687  4.36937 	Dead: 0
4.79078   0.0652791   0.331387  4.36937 	Dead: 0
4.80173   0.0654222   0.332114  4.36937 	Dead: 0
4.8312    0.0685548   0.348016  4.36937 	Dead: 0
4.83132   0.0749571   0.380517  4.36937 	Dead: 0
4.80689   0.0557085   0.282802  4.36937 	Dead: 0
4.86833   0.0787774   0.399911  4.36937 	Dead: 0
4.83037   0.0720877   0.365951  4.35043 	Dead: 0
4.83534   0.0768167   0.389957  4.35043 	Dead: 0
4.82794   0.0763762   0.387721  4.35043 	Dead: 0
4.83272   0.0685361   0.347921  4.35043 	Dead: 0
4.80645   0.0615326   0.312368  4.35043 	Dead: 0
4.81333   0.0632097   0.320882  4.35043 	Dead: 0
4.80019   0.0629569   0.319599  4.35043 	Dead: 0
4.83304   0.0741508   0.376424  4.35043 	Dead: 0
4.83407   0.0734307   0.372768  4.35043 	Dead: 0
