13.4052   0.101355    0.514526  11.9323 	Dead: 0
7.63903   0.134768    0.684146  5.68845 	Dead: 0
3.6064    0.0836367   0.424579  3.15961 	Dead: 0
3.11551   0.158428    0.804256  2.47926 	Dead: 0
2.97105   0.17558     0.891324  2.34161 	Dead: 0
2.76399   0.129813    0.65899   2.25903 	Dead: 0
2.73402   0.149279    0.757809  2.23535 	Dead: 0
2.61303   0.093648    0.475401  2.23535 	Dead: 0
2.82206   0.18818     0.955289  2.21646 	Dead: 0
2.63689   0.109912    0.557962  2.21646 	Dead: 0
2.57925   0.0983252   0.499145  2.21646 	Dead: 0
2.58767   0.102992    0.522837  2.17961 	Dead: 0
2.60252   0.128186    0.650732  2.1368  	Dead: 0
2.53548   0.10948     0.555773  2.12088 	Dead: 0
2.60689   0.188353    0.95617   2.08824 	Dead: 0
2.4945    0.141399    0.717808  2.02876 	Dead: 0
2.34319   0.0757348   0.384465  2.01934 	Dead: 0
2.49153   0.16603     0.842844  1.98571 	Dead: 0
2.47206   0.17489     0.887822  1.9713  	Dead: 0
2.30711   0.0803382   0.407834  1.9713  	Dead: 0
2.2012    0.0330541   0.167798  1.95151 	Dead: 0
2.33402   0.112527    0.571238  1.95151 	Dead: 0
2.41329   0.17569     0.891887  1.92733 	Dead: 0
2.2834    0.141015    0.715856  1.92733 	Dead: 0
2.39785   0.16628     0.844117  1.92733 	Dead: 0
2.48433   0.185634    0.942363  1.92733 	Dead: 0
2.27116   0.119923    0.608788  1.92717 	Dead: 0
2.32174   0.139578    0.708562  1.86408 	Dead: 0
2.28649   0.124039    0.629681  1.86408 	Dead: 0
2.34898   0.148703    0.754886  1.86408 	Dead: 0
2.39484   0.180137    0.914461  1.86408 	Dead: 0
2.32611   0.138067    0.700893  1.86408 	Dead: 0
2.30661   0.141612    0.718887  1.86408 	Dead: 0
2.32486   0.140542    0.713458  1.86408 	Dead: 0
2.35983   0.151745    0.770331  1.86408 	Dead: 0
2.29685   0.12826     0.651106  1.86283 	Dead: 0
2.27704   0.145911    0.740715  1.86283 	Dead: 0
2.35286   0.184847    0.938368  1.80769 	Dead: 0
2.24024   0.12941     0.656943  1.80769 	Dead: 0
2.32131   0.145392    0.738079  1.80769 	Dead: 0
2.30081   0.156005    0.791954  1.80769 	Dead: 0
2.23895   0.127095    0.645195  1.80769 	Dead: 0
2.22059   0.141987    0.720794  1.80769 	Dead: 0
2.22243   0.126744    0.64341   1.80769 	Dead: 0
2.21954   0.142663    0.724226  1.80769 	Dead: 0
2.24161   0.14788     0.750706  1.80769 	Dead: 0
2.39996   0.208272    1.05729   1.80769 	Dead: 0
2.35561   0.206158    1.04655   1.80769 	Dead: 0
2.26121   0.175508    0.890962  1.80769 	Dead: 0
2.36971   0.179544    0.911448  1.80769 	Dead: 0
2.3454    0.196846    0.999284  1.80769 	Dead: 0
2.30843   0.16614     0.843403  1.80769 	Dead: 0
2.17623   0.124888    0.633991  1.80769 	Dead: 0
2.37193   0.202355    1.02725   1.80769 	Dead: 0
2.27496   0.155151    0.787618  1.80769 	Dead: 0
2.33291   0.167805    0.851854  1.80769 	Dead: 0
2.22967   0.157512    0.799603  1.80769 	Dead: 0
2.42303   0.221934    1.12664   1.80769 	Dead: 0
2.35627   0.200464    1.01765   1.80769 	Dead: 0
2.55572   0.2952      1.49857   1.80769 	Dead: 0
2.31009   0.172138    0.873855  1.80769 	Dead: 0
2.17214   0.133524    0.67783   1.80769 	Dead: 0
2.31311   0.177192    0.899507  1.80769 	Dead: 0
2.22911   0.150468    0.763846  1.80769 	Dead: 0
2.33953   0.185584    0.942109  1.80769 	Dead: 0
2.26071   0.178563    0.906471  1.80769 	Dead: 0
2.41375   0.22578     1.14616   1.80769 	Dead: 0
2.19483   0.135719    0.688974  1.80769 	Dead: 0
2.20239   0.150834    0.765705  1.80769 	Dead: 0
2.4025    0.226829    1.15149   1.79958 	Dead: 0
2.2113    0.154852    0.786101  1.79958 	Dead: 0
2.21269   0.158505    0.804647  1.79958 	Dead: 0
2.32721   0.213711    1.0849    1.79958 	Dead: 0
2.20971   0.148896    0.755865  1.79958 	Dead: 0
2.22329   0.173547    0.881008  1.77407 	Dead: 0
2.2881    0.21278     1.08017   1.77407 	Dead: 0
2.26669   0.188123    0.955001  1.77407 	Dead: 0
2.12299   0.0946871   0.480676  1.77407 	Dead: 0
2.31631   0.203233    1.03171   1.77407 	Dead: 0
2.08606   0.0823172   0.417881  1.77407 	Dead: 0
2.21135   0.205741    1.04444   1.77283 	Dead: 0
2.23947   0.188514    0.956985  1.77283 	Dead: 0
2.16773   0.143448    0.72821   1.77283 	Dead: 0
2.24241   0.147773    0.750165  1.77283 	Dead: 0
2.05372   0.116791    0.592888  1.77283 	Dead: 0
2.36563   0.230298    1.1691    1.77283 	Dead: 0
2.24881   0.214294    1.08786   1.75639 	Dead: 0
2.12471   0.132436    0.672305  1.75639 	Dead: 0
2.21312   0.144714    0.734634  1.75639 	Dead: 0
2.36902   0.247304    1.25543   1.75639 	Dead: 0
2.2152    0.190447    0.966799  1.73422 	Dead: 0
2.24993   0.15894     0.806853  1.73422 	Dead: 0
2.15598   0.15426     0.783093  1.73422 	Dead: 0
2.34517   0.196436    0.997199  1.73422 	Dead: 0
2.25384   0.170373    0.864894  1.73422 	Dead: 0
2.12513   0.124031    0.629638  1.73422 	Dead: 0
2.30863   0.196271    0.996365  1.71864 	Dead: 0
2.29      0.214051    1.08662   1.71864 	Dead: 0
2.29993   0.178148    0.904364  1.71864 	Dead: 0
2.19336   0.173196    0.879222  1.71864 	Dead: 0
2.24273   0.204947    1.04041   1.71864 	Dead: 0
