13.3602   0.121169    0.615109  11.7827 	Dead: 0
5.73665   0.156798    0.795982  3.93077 	Dead: 0
3.31667   0.116586    0.591844  2.85465 	Dead: 0
3.13169   0.0957024   0.48583   2.71752 	Dead: 0
3.01034   0.125434    0.636764  2.5242  	Dead: 0
2.77455   0.0797549   0.404873  2.4244  	Dead: 0
2.82996   0.148415    0.753425  2.36576 	Dead: 0
2.76447   0.143396    0.727943  2.34788 	Dead: 0
2.73273   0.180394    0.915764  2.2448  	Dead: 0
2.61769   0.152361    0.773457  2.20002 	Dead: 0
2.49333   0.105391    0.535012  2.11871 	Dead: 0
2.50834   0.138953    0.705392  2.07108 	Dead: 0
2.43177   0.148004    0.751335  2.0077  	Dead: 0
2.52805   0.198955    1.00999   2.0077  	Dead: 0
2.42842   0.113615    0.576764  2.0077  	Dead: 0
2.58977   0.186805    0.948308  2.0077  	Dead: 0
2.55838   0.205717    1.04431   2.0077  	Dead: 0
2.50988   0.192053    0.97495   1.90201 	Dead: 0
2.47343   0.183702    0.932557  1.90201 	Dead: 0
2.43446   0.159458    0.809482  1.90201 	Dead: 0
2.49471   0.201411    1.02245   1.90201 	Dead: 0
2.31745   0.133089    0.675623  1.90201 	Dead: 0
2.52224   0.213653    1.0846    1.89043 	Dead: 0
2.55345   0.219734    1.11547   1.84427 	Dead: 0
2.3402    0.166443    0.844941  1.84427 	Dead: 0
2.42779   0.218185    1.10761   1.84427 	Dead: 0
2.43751   0.209846    1.06528   1.84427 	Dead: 0
2.44346   0.217029    1.10174   1.84427 	Dead: 0
2.41838   0.226048    1.14753   1.82396 	Dead: 0
2.27128   0.178455    0.905919  1.81906 	Dead: 0
2.47181   0.243048    1.23382   1.80969 	Dead: 0
2.24848   0.218116    1.10726   1.80531 	Dead: 0
2.4625    0.246816    1.25296   1.80531 	Dead: 0
2.20154   0.149404    0.758444  1.79369 	Dead: 0
2.39825   0.268912    1.36512   1.76352 	Dead: 0
2.31728   0.215441    1.09368   1.76352 	Dead: 0
2.26395   0.205857    1.04503   1.76352 	Dead: 0
2.22791   0.196188    0.995942  1.76352 	Dead: 0
2.22492   0.206842    1.05003   1.76352 	Dead: 0
2.16852   0.146556    0.743987  1.76352 	Dead: 0
2.15252   0.160254    0.813526  1.76352 	Dead: 0
2.29387   0.218887    1.11117   1.76352 	Dead: 0
2.1499    0.13935     0.707404  1.76352 	Dead: 0
2.19025   0.197661    1.00342   1.76352 	Dead: 0
2.25579   0.175775    0.892315  1.76352 	Dead: 0
2.32941   0.231769    1.17657   1.72848 	Dead: 0
2.17733   0.161088    0.817759  1.72848 	Dead: 0
2.1128    0.142575    0.723778  1.70207 	Dead: 0
2.27295   0.212207    1.07726   1.70207 	Dead: 0
2.31343   0.204552    1.0384    1.70207 	Dead: 0
2.46084   0.280315    1.42301   1.70207 	Dead: 0
2.2211    0.201176    1.02126   1.70207 	Dead: 0
2.28324   0.215589    1.09443   1.70207 	Dead: 0
1.96056   0.0733931   0.372578  1.70207 	Dead: 0
2.08033   0.144434    0.733215  1.70207 	Dead: 0
2.15591   0.174432    0.885501  1.70207 	Dead: 0
2.10123   0.15329     0.778169  1.70207 	Dead: 0
2.38083   0.240808    1.22245   1.70207 	Dead: 0
2.22985   0.195819    0.994069  1.70207 	Dead: 0
1.96676   0.0882414   0.447954  1.70207 	Dead: 0
2.07176   0.162266    0.823737  1.70207 	Dead: 0
2.26269   0.21953     1.11443   1.70207 	Dead: 0
2.16689   0.192205    0.975724  1.70207 	Dead: 0
2.04985   0.132852    0.67442   1.70207 	Dead: 0
2.34683   0.259577    1.31773   1.70207 	Dead: 0
2.1594    0.198167    1.00599   1.70207 	Dead: 0
2.16081   0.187118    0.9499    1.70207 	Dead: 0
2.19045   0.17919     0.909652  1.70207 	Dead: 0
2.18171   0.187483    0.951749  1.70207 	Dead: 0
2.2775    0.219129    1.1124    1.70207 	Dead: 0
2.01817   0.115237    0.584996  1.70207 	Dead: 0
2.24089   0.200155    1.01608   1.70207 	Dead: 0
2.25429   0.225171    1.14307   1.70207 	Dead: 0
2.17485   0.193793    0.983784  1.70207 	Dead: 0
2.06366   0.168242    0.854073  1.69121 	Dead: 0
2.12473   0.176972    0.898391  1.69121 	Dead: 0
2.26292   0.245093    1.24421   1.69121 	Dead: 0
2.09472   0.150755    0.765304  1.69121 	Dead: 0
2.31195   0.260412    1.32197   1.69121 	Dead: 0
2.30157   0.233205    1.18386   1.69121 	Dead: 0
2.1937    0.21566     1.09479   1.69121 	Dead: 0
2.1795    0.182911    0.92854   1.69121 	Dead: 0
2.16437   0.162864    0.826773  1.69121 	Dead: 0
2.19184   0.238017    1.20828   1.69121 	Dead: 0
2.03238   0.135282    0.686753  1.69121 	Dead: 0
2.1811    0.176936    0.898209  1.69121 	Dead: 0
2.15556   0.178973    0.908551  1.69121 	Dead: 0
2.12413   0.209324    1.06263   1.69121 	Dead: 0
2.23605   0.215625    1.09461   1.69121 	Dead: 0
2.25448   0.241468    1.2258    1.69121 	Dead: 0
2.26498   0.229837    1.16676   1.69121 	Dead: 0
1.99844   0.114817    0.582862  1.69121 	Dead: 0
2.27704   0.24657     1.2517    1.69121 	Dead: 0
2.27714   0.245655    1.24706   1.69121 	Dead: 0
2.36876   0.26194     1.32973   1.69121 	Dead: 0
2.02      0.123971    0.629335  1.69121 	Dead: 0
2.112     0.169005    0.857949  1.69121 	Dead: 0
2.09194   0.14842     0.753448  1.66981 	Dead: 0
2.06696   0.149869    0.760806  1.66981 	Dead: 0
2.3051    0.239529    1.21596   1.66981 	Dead: 0
2.15748   0.163813    0.831593  1.66981 	Dead: 0
