0   11.703    0.0718717   0.364854  10.1348 	Dead: 0
1   8.22903   0.0861763   0.437471  7.51835 	Dead: 0
2   8.04206   0.0816972   0.414733  7.42532 	Dead: 0
3   7.85391   0.0803773   0.408033  7.10275 	Dead: 0
4   7.72408   0.0878944   0.446193  7.04566 	Dead: 0
5   7.61097   0.0829186   0.420933  6.84984 	Dead: 0
6   7.52441   0.0990446   0.502797  6.58623 	Dead: 0
7   7.26138   0.123652    0.627714  6.57921 	Dead: 0
8   7.13376   0.0889358   0.45148   6.41577 	Dead: 0
9   7.12717   0.11512     0.584404  6.17559 	Dead: 0
10  7.03893   0.113996    0.578697  5.90147 	Dead: 0
11  7.00524   0.127558    0.647543  5.90147 	Dead: 0
12  6.95403   0.155107    0.787397  5.768   	Dead: 0
13  6.70222   0.151917    0.7712    5.76015 	Dead: 0
14  6.48973   0.13458     0.68319   5.57235 	Dead: 0
15  6.47638   0.143099    0.726436  5.57235 	Dead: 0
16  6.37555   0.150437    0.763688  5.35432 	Dead: 0
17  6.44195   0.149951    0.761222  5.35432 	Dead: 0
18  6.34508   0.130124    0.660572  5.35432 	Dead: 0
19  6.30223   0.124574    0.632394  5.35432 	Dead: 0
20  6.46305   0.178024    0.903731  5.35432 	Dead: 0
21  6.35244   0.137661    0.698831  5.27445 	Dead: 0
22  6.34324   0.15952     0.809797  5.27445 	Dead: 0
23  6.20861   0.133593    0.67818   5.27445 	Dead: 0
24  6.19193   0.147614    0.74936   4.89537 	Dead: 0
25  6.18105   0.127414    0.646813  4.89537 	Dead: 0
26  6.18409   0.141833    0.720009  4.89537 	Dead: 0
27  6.09506   0.139456    0.707943  4.89537 	Dead: 0
28  6.20334   0.178092    0.904077  4.89537 	Dead: 0
29  6.12177   0.146885    0.745658  4.89537 	Dead: 0
30  6.07945   0.150985    0.76647   4.89537 	Dead: 0
31  6.22495   0.183662    0.932352  4.89537 	Dead: 0
32  6.21362   0.169351    0.859702  4.89537 	Dead: 0
33  6.07408   0.147612    0.749349  4.89537 	Dead: 0
34  6.01703   0.140472    0.7131    4.89537 	Dead: 0
35  6.01619   0.134521    0.68289   4.89537 	Dead: 0
36  6.08425   0.146914    0.745804  4.89537 	Dead: 0
37  6.14758   0.162796    0.82643   4.89537 	Dead: 0
38  6.01964   0.133121    0.675785  4.89537 	Dead: 0
39  6.10371   0.170275    0.864397  4.89537 	Dead: 0
40  5.96464   0.123352    0.626192  4.89537 	Dead: 0
41  6.02829   0.152624    0.774791  4.89537 	Dead: 0
42  6.05068   0.155092    0.787319  4.89537 	Dead: 0
43  6.05662   0.148433    0.753517  4.89537 	Dead: 0
44  6.02063   0.137836    0.699722  4.89537 	Dead: 0
45  6.09521   0.162784    0.826368  4.89537 	Dead: 0
46  6.05218   0.161146    0.81805   4.89537 	Dead: 0
47  5.95857   0.146572    0.744068  4.89537 	Dead: 0
48  5.90379   0.117654    0.597268  4.89537 	Dead: 0
49  6.06334   0.15938     0.809087  4.89537 	Dead: 0
50  6.01556   0.135382    0.687264  4.89537 	Dead: 0
51  6.01908   0.142725    0.724538  4.89537 	Dead: 0
52  6.04309   0.150654    0.764791  4.89537 	Dead: 0
53  5.9657    0.121119    0.614858  4.89537 	Dead: 0
54  6.06044   0.155277    0.78826   4.89537 	Dead: 0
55  6.08906   0.15733     0.798678  4.89537 	Dead: 0
56  6.08464   0.170214    0.864086  4.89537 	Dead: 0
57  6.0665    0.164137    0.833236  4.89537 	Dead: 0
58  5.93932   0.138962    0.705437  4.89537 	Dead: 0
59  5.90497   0.120419    0.611304  4.89537 	Dead: 0
60  6.02744   0.146778    0.745112  4.89537 	Dead: 0
61  6.06842   0.166954    0.847537  4.89537 	Dead: 0
62  6.01856   0.157766    0.800894  4.89537 	Dead: 0
63  6.13114   0.191943    0.974392  4.89537 	Dead: 0
64  6.13248   0.196215    0.996077  4.89537 	Dead: 0
65  6.02113   0.154481    0.784219  4.89537 	Dead: 0
66  6.02953   0.166428    0.844869  4.89537 	Dead: 0
67  5.91246   0.140042    0.710917  4.89537 	Dead: 0
68  5.98535   0.156693    0.795448  4.89537 	Dead: 0
69  5.97379   0.155092    0.787321  4.89537 	Dead: 0
70  6.08743   0.179965    0.913588  4.89537 	Dead: 0
71  6.02165   0.172292    0.874632  4.89537 	Dead: 0
72  5.97662   0.156041    0.792137  4.89537 	Dead: 0
73  6.15863   0.202535    1.02816   4.89537 	Dead: 0
74  6.20622   0.216166    1.09736   4.89537 	Dead: 0
75  6.04724   0.18986     0.96382   4.89537 	Dead: 0
76  5.88604   0.14469     0.734515  4.89537 	Dead: 0
77  6.13497   0.186677    0.947658  4.89537 	Dead: 0
78  6.05723   0.169937    0.862682  4.89537 	Dead: 0
79  6.03133   0.164939    0.837306  4.89537 	Dead: 0
80  6.03756   0.179819    0.912845  4.89537 	Dead: 0
81  6.09856   0.181821    0.923009  4.89537 	Dead: 0
82  6.14631   0.209721    1.06464   4.89537 	Dead: 0
83  5.88032   0.120887    0.613678  4.89537 	Dead: 0
84  6.08248   0.175894    0.89292   4.89537 	Dead: 0
85  6.09272   0.183481    0.931433  4.89537 	Dead: 0
86  6.06337   0.184144    0.9348    4.89537 	Dead: 0
87  6.00844   0.177324    0.900179  4.89537 	Dead: 0
88  5.89717   0.13882     0.704714  4.89537 	Dead: 0
89  6.03924   0.196782    0.998959  4.89537 	Dead: 0
90  6.04638   0.195195    0.990902  4.89537 	Dead: 0
91  6.04462   0.194892    0.989363  4.89537 	Dead: 0
92  6.00342   0.186458    0.946547  4.89537 	Dead: 0
93  5.96744   0.179879    0.91315   4.89537 	Dead: 0
94  6.02503   0.200174    1.01618   4.89537 	Dead: 0
95  5.88694   0.139746    0.709417  4.89537 	Dead: 0
96  6.03173   0.168259    0.854162  4.89537 	Dead: 0
97  5.99068   0.173561    0.881078  4.89537 	Dead: 0
98  6.08833   0.180965    0.918661  4.89537 	Dead: 0
99  6.03163   0.171521    0.870722  4.89537 	Dead: 0
100 5.95591   0.188304    0.955918  4.89537 	Dead: 0
