8.96994   0.0903923   0.458873  7.61675 	Dead: 0
7.23101   0.0541653   0.274968  6.731   	Dead: 0
6.91479   0.0642989   0.326411  6.20785 	Dead: 0
6.55378   0.0521217   0.264594  6.06254 	Dead: 0
6.43243   0.0590394   0.299711  5.96457 	Dead: 0
6.38802   0.0811941   0.412179  5.68978 	Dead: 0
6.27245   0.0650159   0.330051  5.68978 	Dead: 0
6.10681   0.0664937   0.337553  5.64347 	Dead: 0
5.97261   0.056783    0.288257  5.40158 	Dead: 0
5.9745    0.0619492   0.314483  5.35747 	Dead: 0
5.93421   0.0643016   0.326425  5.35747 	Dead: 0
5.89572   0.0647979   0.328944  5.35747 	Dead: 0
5.8737    0.0622082   0.315798  5.35747 	Dead: 0
5.93425   0.074148    0.37641   5.35747 	Dead: 0
5.88898   0.0663193   0.336668  5.35747 	Dead: 0
5.8432    0.0594533   0.301812  5.35747 	Dead: 0
5.86507   0.0668938   0.339584  5.35747 	Dead: 0
5.84483   0.0698783   0.354735  5.35747 	Dead: 0
5.85196   0.0731113   0.371147  5.35747 	Dead: 0
5.83252   0.078673    0.399381  5.2878  	Dead: 0
5.80746   0.0680686   0.345548  5.2878  	Dead: 0
5.75252   0.0594373   0.301732  5.24705 	Dead: 0
5.75892   0.0700073   0.35539   5.24705 	Dead: 0
5.78112   0.0685607   0.348046  5.24705 	Dead: 0
5.77865   0.0692307   0.351447  5.24705 	Dead: 0
5.7964    0.0709783   0.360319  5.24705 	Dead: 0
5.74759   0.0635199   0.322457  5.24705 	Dead: 0
5.76817   0.0663639   0.336894  5.24705 	Dead: 0
5.75746   0.0662195   0.336161  5.24705 	Dead: 0
5.73335   0.0636933   0.323337  5.24705 	Dead: 0
5.71033   0.0659105   0.334593  5.24705 	Dead: 0
5.74862   0.0681367   0.345894  5.20722 	Dead: 0
5.69556   0.0621807   0.315658  4.98062 	Dead: 0
5.71573   0.071094    0.360906  4.98062 	Dead: 0
5.71573   0.0776246   0.394059  4.98062 	Dead: 0
5.67695   0.0688479   0.349504  4.98062 	Dead: 0
5.67386   0.0658651   0.334362  4.98062 	Dead: 0
5.67956   0.0681724   0.346075  4.98062 	Dead: 0
5.68563   0.0688479   0.349504  4.98062 	Dead: 0
5.63714   0.0645231   0.327549  4.98062 	Dead: 0
5.67713   0.0658864   0.33447   4.98062 	Dead: 0
5.66358   0.0719589   0.365297  4.98062 	Dead: 0
5.6875    0.0697664   0.354167  4.98062 	Dead: 0
5.67113   0.0697212   0.353937  4.98062 	Dead: 0
5.70236   0.0709624   0.360238  4.98062 	Dead: 0
5.65624   0.0736268   0.373764  4.98062 	Dead: 0
5.68495   0.0829915   0.421304  4.98062 	Dead: 0
5.67284   0.0764266   0.387977  4.98062 	Dead: 0
5.66889   0.081942    0.415976  4.98062 	Dead: 0
5.62102   0.0736788   0.374028  4.98062 	Dead: 0
5.59797   0.0674947   0.342635  4.98062 	Dead: 0
5.63664   0.0733478   0.372348  4.98062 	Dead: 0
5.65664   0.0842075   0.427476  4.98062 	Dead: 0
5.68861   0.082129    0.416925  4.98062 	Dead: 0
5.61361   0.0747293   0.379361  4.98062 	Dead: 0
5.6401    0.0763397   0.387536  4.98062 	Dead: 0
5.62786   0.0797199   0.404695  4.98062 	Dead: 0
5.60881   0.0752833   0.382173  4.98062 	Dead: 0
5.61273   0.0816821   0.414656  4.98062 	Dead: 0
5.59461   0.0735264   0.373254  4.98062 	Dead: 0
5.61786   0.0768493   0.390123  4.98062 	Dead: 0
5.57129   0.0695359   0.352997  4.98062 	Dead: 0
5.58126   0.0695197   0.352914  4.98062 	Dead: 0
5.58731   0.072758    0.369353  4.98062 	Dead: 0
5.55266   0.0737008   0.374139  4.98062 	Dead: 0
5.56013   0.0719951   0.365481  4.98062 	Dead: 0
5.60082   0.079838    0.405295  4.95714 	Dead: 0
5.5532    0.0772399   0.392106  4.95714 	Dead: 0
5.57711   0.0735476   0.373362  4.95714 	Dead: 0
5.55491   0.0748714   0.380082  4.95714 	Dead: 0
5.56452   0.0780422   0.396178  4.88762 	Dead: 0
5.57085   0.0714421   0.362673  4.88762 	Dead: 0
5.53205   0.0714687   0.362808  4.88762 	Dead: 0
5.5166    0.0677989   0.344179  4.88762 	Dead: 0
5.48872   0.0735628   0.373439  4.88762 	Dead: 0
5.5587    0.0849759   0.431377  4.88762 	Dead: 0
5.56784   0.0731376   0.371281  4.88762 	Dead: 0
5.57399   0.0824678   0.418645  4.88762 	Dead: 0
5.5249    0.0707222   0.359019  4.88762 	Dead: 0
5.48018   0.0630567   0.320105  4.88762 	Dead: 0
5.52044   0.0805411   0.408864  4.88762 	Dead: 0
5.52031   0.0725299   0.368196  4.88762 	Dead: 0
5.52672   0.0798627   0.40542   4.88762 	Dead: 0
5.513     0.0716109   0.36353   4.88762 	Dead: 0
5.50957   0.067269    0.341489  4.88762 	Dead: 0
5.52124   0.0807654   0.410003  4.88762 	Dead: 0
5.53715   0.0760811   0.386223  4.88762 	Dead: 0
5.50425   0.0808708   0.410538  4.84747 	Dead: 0
5.31483   0.0700453   0.355583  4.7798  	Dead: 0
5.16979   0.065541    0.332717  4.6203  	Dead: 0
5.11899   0.0643889   0.326868  4.6203  	Dead: 0
5.07642   0.062047    0.31498   4.55021 	Dead: 0
5.08921   0.0741757   0.376551  4.55021 	Dead: 0
5.07367   0.0691444   0.351009  4.55021 	Dead: 0
5.05521   0.0598827   0.303992  4.55021 	Dead: 0
5.05739   0.0634687   0.322197  4.51896 	Dead: 0
5.05783   0.0708292   0.359562  4.51896 	Dead: 0
4.99242   0.0667002   0.338601  4.46101 	Dead: 0
5.00968   0.0626532   0.318057  4.46101 	Dead: 0
4.98874   0.069085    0.350708  4.31273 	Dead: 0
4.98746   0.0738231   0.374761  4.31273 	Dead: 0
