9.59647   0.093757    0.475954  8.53325 	Dead: 0
8.18222   0.0658266   0.334167  7.24441 	Dead: 0
7.75048   0.0648668   0.329294  7.13024 	Dead: 0
7.62053   0.0665688   0.337934  7.01253 	Dead: 0
7.44606   0.0679853   0.345125  6.66608 	Dead: 0
7.36998   0.06905     0.35053   6.66608 	Dead: 0
7.36633   0.0786684   0.399358  6.66608 	Dead: 0
7.33309   0.076663    0.389177  6.66608 	Dead: 0
7.26047   0.0756279   0.383923  6.54837 	Dead: 0
7.19471   0.0739148   0.375226  6.54837 	Dead: 0
7.1857    0.080315    0.407716  6.41742 	Dead: 0
7.17422   0.0899774   0.456767  6.19339 	Dead: 0
7.03685   0.0889273   0.451437  6.19339 	Dead: 0
6.92801   0.0835924   0.424354  6.19339 	Dead: 0
6.96036   0.0944201   0.479321  6.16544 	Dead: 0
6.89015   0.0896989   0.455354  6.0932  	Dead: 0
6.90106   0.0893167   0.453413  6.0932  	Dead: 0
6.92851   0.100833    0.511873  6.0932  	Dead: 0
6.91187   0.0899537   0.456647  6.0932  	Dead: 0
6.89614   0.103896    0.527427  6.0932  	Dead: 0
6.91055   0.100135    0.508332  6.0932  	Dead: 0
6.90393   0.10469     0.531457  6.0932  	Dead: 0
6.89738   0.0975544   0.495231  6.0932  	Dead: 0
6.92144   0.104475    0.530366  6.0932  	Dead: 0
6.83616   0.0907035   0.460453  6.06442 	Dead: 0
6.8922    0.0985503   0.500287  6.06442 	Dead: 0
6.87468   0.101495    0.515237  6.06442 	Dead: 0
6.87236   0.0922665   0.468388  6.06442 	Dead: 0
6.9187    0.101011    0.512776  6.06442 	Dead: 0
6.86026   0.0961852   0.488281  6.06442 	Dead: 0
6.82954   0.0900108   0.456937  6.06442 	Dead: 0
6.8561    0.0962564   0.488642  6.06442 	Dead: 0
6.86941   0.10152     0.515363  6.06442 	Dead: 0
6.89839   0.104251    0.529228  6.06442 	Dead: 0
6.85978   0.109933    0.558073  6.06442 	Dead: 0
6.80053   0.0898579   0.456161  6.06442 	Dead: 0
6.88275   0.104939    0.532719  6.06442 	Dead: 0
6.81832   0.0992503   0.503841  6.06442 	Dead: 0
6.87775   0.0989455   0.502293  6.06442 	Dead: 0
6.90692   0.109116    0.553923  6.06442 	Dead: 0
6.80956   0.0945269   0.479863  6.06442 	Dead: 0
6.8866    0.0998562   0.506917  6.06442 	Dead: 0
6.86027   0.109186    0.554278  6.06442 	Dead: 0
6.90294   0.113328    0.575307  6.02275 	Dead: 0
6.8168    0.106648    0.541396  6.02275 	Dead: 0
6.84922   0.103815    0.527016  6.02275 	Dead: 0
6.81877   0.0974696   0.494801  6.02275 	Dead: 0
6.77719   0.0902396   0.458098  6.02275 	Dead: 0
6.85419   0.100054    0.507919  6.02275 	Dead: 0
6.8557    0.10823     0.549424  6.02275 	Dead: 0
6.80993   0.0953591   0.484087  6.02275 	Dead: 0
6.82391   0.111452    0.565781  6.01193 	Dead: 0
6.79886   0.103654    0.526197  6.01193 	Dead: 0
6.72172   0.0961587   0.488147  5.96269 	Dead: 0
6.80643   0.105117    0.533621  5.96269 	Dead: 0
6.74933   0.100571    0.510543  5.96269 	Dead: 0
6.79267   0.113629    0.576833  5.96269 	Dead: 0
6.824     0.123902    0.628983  5.85331 	Dead: 0
6.80431   0.127008    0.644754  5.85331 	Dead: 0
6.73838   0.127034    0.644885  5.85331 	Dead: 0
6.78519   0.11961     0.607195  5.85331 	Dead: 0
6.63549   0.122358    0.621145  5.85331 	Dead: 0
6.67985   0.122703    0.622897  5.81357 	Dead: 0
6.68779   0.119371    0.605982  5.66223 	Dead: 0
6.63614   0.135758    0.689173  5.53224 	Dead: 0
6.49632   0.15515     0.787616  5.53224 	Dead: 0
6.3965    0.149099    0.756897  5.53224 	Dead: 0
6.53251   0.157136    0.797697  5.53224 	Dead: 0
6.42021   0.160336    0.813941  5.53224 	Dead: 0
6.36744   0.153463    0.779048  5.51131 	Dead: 0
6.60721   0.179777    0.912631  5.51131 	Dead: 0
6.533     0.165138    0.838317  5.51131 	Dead: 0
6.61523   0.172731    0.876861  5.51131 	Dead: 0
6.45215   0.167435    0.849978  5.31703 	Dead: 0
6.43666   0.162928    0.827099  5.31703 	Dead: 0
6.44538   0.162683    0.825856  5.31703 	Dead: 0
6.50057   0.163502    0.83001   5.31703 	Dead: 0
6.44446   0.157962    0.801891  5.31703 	Dead: 0
6.4685    0.158518    0.804711  5.31703 	Dead: 0
6.50228   0.165042    0.837832  5.31703 	Dead: 0
6.35074   0.155895    0.791393  5.31703 	Dead: 0
6.46361   0.162025    0.822513  5.31703 	Dead: 0
6.47075   0.175427    0.890549  5.31187 	Dead: 0
6.46188   0.162273    0.823773  5.31187 	Dead: 0
6.50284   0.178443    0.905858  5.31187 	Dead: 0
6.49356   0.16845     0.855133  5.31187 	Dead: 0
6.45523   0.16799     0.852797  5.31187 	Dead: 0
6.49813   0.163202    0.828487  5.31187 	Dead: 0
6.48667   0.164032    0.832704  5.31187 	Dead: 0
6.47115   0.163266    0.828812  5.31187 	Dead: 0
6.49349   0.166165    0.843534  5.31187 	Dead: 0
6.55088   0.18095     0.918584  5.31187 	Dead: 0
6.43192   0.171226    0.869223  5.31187 	Dead: 0
6.42845   0.163269    0.828832  5.31187 	Dead: 0
6.46809   0.167368    0.849638  5.31187 	Dead: 0
6.61203   0.174235    0.884497  5.31187 	Dead: 0
6.40186   0.150339    0.763192  5.31187 	Dead: 0
6.46299   0.168807    0.856942  5.31187 	Dead: 0
6.40049   0.160815    0.816372  5.31187 	Dead: 0
6.4435    0.158792    0.806101  5.31187 	Dead: 0
6.46057   0.167842    0.852045  5.31187 	Dead: 0
