11.239    0.0872866   0.443107  10.0817 	Dead: 0
9.22703   0.0549784   0.279096  8.70046 	Dead: 0
7.70825   0.074306    0.377212  6.93286 	Dead: 0
5.90305   0.074966    0.380563  5.31423 	Dead: 0
4.50511   0.115856    0.58814   3.66411 	Dead: 0
3.77268   0.138682    0.704014  3.17687 	Dead: 0
3.5286    0.142535    0.723575  2.90485 	Dead: 0
3.38949   0.149688    0.759886  2.88767 	Dead: 0
3.23102   0.102651    0.521107  2.73956 	Dead: 0
3.35866   0.137577    0.698404  2.73956 	Dead: 0
3.21729   0.134905    0.684843  2.73956 	Dead: 0
3.32398   0.15316     0.777512  2.71321 	Dead: 0
3.29651   0.154675    0.785204  2.71321 	Dead: 0
3.2725    0.130273    0.661328  2.66234 	Dead: 0
3.22708   0.144871    0.735432  2.66234 	Dead: 0
3.08311   0.0986354   0.500719  2.62995 	Dead: 0
3.17899   0.153441    0.778936  2.62995 	Dead: 0
3.17352   0.153357    0.778513  2.61308 	Dead: 0
3.19568   0.135461    0.687666  2.61308 	Dead: 0
3.18014   0.16736     0.849596  2.61308 	Dead: 0
3.17821   0.15325     0.777969  2.61308 	Dead: 0
3.13544   0.154752    0.785592  2.61308 	Dead: 0
3.15659   0.157479    0.799438  2.61308 	Dead: 0
3.13475   0.145957    0.740946  2.60684 	Dead: 0
3.08749   0.12573     0.638264  2.59112 	Dead: 0
3.02153   0.117147    0.594691  2.59112 	Dead: 0
2.9924    0.103974    0.52782   2.54415 	Dead: 0
2.99747   0.120158    0.60998   2.54415 	Dead: 0
3.05026   0.113665    0.577019  2.54415 	Dead: 0
3.07533   0.168723    0.856516  2.54415 	Dead: 0
3.03535   0.139753    0.709449  2.54415 	Dead: 0
3.11223   0.168606    0.855921  2.54415 	Dead: 0
3.06335   0.164546    0.835315  2.54236 	Dead: 0
2.99202   0.124163    0.630308  2.54236 	Dead: 0
2.98042   0.133236    0.676369  2.53726 	Dead: 0
3.09106   0.179874    0.913123  2.4633  	Dead: 0
3.12014   0.205951    1.0455    2.43521 	Dead: 0
3.00729   0.152503    0.774174  2.43521 	Dead: 0
3.08201   0.182411    0.926001  2.43521 	Dead: 0
2.99097   0.140927    0.71541   2.38174 	Dead: 0
3.07254   0.165312    0.839202  2.38174 	Dead: 0
3.09564   0.189999    0.964525  2.38174 	Dead: 0
2.95499   0.155611    0.789952  2.38174 	Dead: 0
3.05027   0.18344     0.931226  2.38174 	Dead: 0
3.06503   0.170363    0.864843  2.38174 	Dead: 0
3.06457   0.183215    0.930083  2.38174 	Dead: 0
2.96483   0.160834    0.816468  2.38174 	Dead: 0
3.15689   0.179466    0.911053  2.38174 	Dead: 0
2.9855    0.145144    0.736821  2.38174 	Dead: 0
3.11364   0.195531    0.992604  2.35714 	Dead: 0
2.9183    0.141489    0.718267  2.35714 	Dead: 0
2.93778   0.14611     0.741722  2.35714 	Dead: 0
3.04956   0.19151     0.972196  2.35714 	Dead: 0
2.98281   0.148841    0.755586  2.35714 	Dead: 0
3.14775   0.202983    1.03044   2.35714 	Dead: 0
3.0029    0.172157    0.873949  2.35714 	Dead: 0
2.966     0.150014    0.761539  2.35714 	Dead: 0
2.86558   0.126203    0.640667  2.35714 	Dead: 0
2.94902   0.162006    0.82242   2.35714 	Dead: 0
2.95586   0.171717    0.871716  2.35714 	Dead: 0
3.00162   0.171945    0.872874  2.35714 	Dead: 0
2.92548   0.180742    0.917528  2.35714 	Dead: 0
2.90857   0.135856    0.689669  2.35714 	Dead: 0
2.85484   0.131458    0.667342  2.35714 	Dead: 0
2.92822   0.160343    0.813977  2.35714 	Dead: 0
2.95255   0.166767    0.846588  2.35714 	Dead: 0
2.86358   0.138418    0.702673  2.35714 	Dead: 0
3.05506   0.20397     1.03545   2.35714 	Dead: 0
2.84839   0.121208    0.615306  2.35714 	Dead: 0
2.92322   0.173855    0.88257   2.35714 	Dead: 0
2.90161   0.147745    0.750022  2.35714 	Dead: 0
2.86932   0.148025    0.751445  2.35714 	Dead: 0
2.83457   0.142887    0.725363  2.35714 	Dead: 0
2.94322   0.167058    0.848066  2.35113 	Dead: 0
2.85795   0.139452    0.707923  2.35113 	Dead: 0
3.00386   0.191412    0.971698  2.35113 	Dead: 0
2.92276   0.16139     0.81929   2.35113 	Dead: 0
2.95998   0.16713     0.848428  2.35113 	Dead: 0
2.71888   0.0935755   0.475033  2.35113 	Dead: 0
2.86973   0.162835    0.826626  2.35113 	Dead: 0
2.85972   0.141209    0.716842  2.35113 	Dead: 0
2.83684   0.137135    0.696161  2.35113 	Dead: 0
2.87661   0.167452    0.850064  2.35113 	Dead: 0
2.80847   0.14622     0.742279  2.35113 	Dead: 0
2.95813   0.18977     0.963362  2.35113 	Dead: 0
2.99482   0.186793    0.948249  2.35113 	Dead: 0
2.8718    0.170219    0.864113  2.31454 	Dead: 0
2.8501    0.170298    0.864513  2.31454 	Dead: 0
2.84855   0.14707     0.746595  2.31454 	Dead: 0
2.75744   0.140255    0.712     2.22978 	Dead: 0
2.86098   0.171382    0.870015  2.22978 	Dead: 0
2.88003   0.161484    0.819769  2.22978 	Dead: 0
2.81912   0.183703    0.932564  2.22142 	Dead: 0
2.86381   0.169262    0.859252  2.22142 	Dead: 0
2.69233   0.12839     0.651767  2.22142 	Dead: 0
2.78882   0.153926    0.781398  2.22142 	Dead: 0
2.9286    0.18324     0.930212  2.22142 	Dead: 0
2.79807   0.152596    0.774647  2.22142 	Dead: 0
2.88665   0.184604    0.937136  2.22142 	Dead: 0
2.9499    0.18643     0.946408  2.22142 	Dead: 0
2.8337    0.15759     0.800002  2.22142 	Dead: 0
