0   7.01252   0.173592    0.881232  5.29251 	Dead: 0
1   4.16388   0.0967927   0.491365  3.43964 	Dead: 0
2   3.6429    0.0795502   0.403834  3.05753 	Dead: 0
3   3.50044   0.0791075   0.401586  2.97667 	Dead: 0
4   3.37958   0.061126    0.310304  2.97667 	Dead: 0
5   3.4005    0.0644152   0.327002  2.90912 	Dead: 0
6   3.50254   0.0816014   0.414247  2.90912 	Dead: 0
7   3.4653    0.0877616   0.445519  2.90912 	Dead: 0
8   3.4462    0.0846453   0.429699  2.90912 	Dead: 0
9   3.42974   0.0923075   0.468596  2.89552 	Dead: 0
10  3.37079   0.0639409   0.324594  2.89552 	Dead: 0
11  3.32935   0.0627203   0.318397  2.89552 	Dead: 0
12  3.35065   0.0749325   0.380392  2.86835 	Dead: 0
13  3.33133   0.0772527   0.392171  2.86835 	Dead: 0
14  3.33012   0.0739899   0.375607  2.86835 	Dead: 0
15  3.26212   0.0618895   0.31418   2.80373 	Dead: 0
16  3.32294   0.0837596   0.425203  2.80373 	Dead: 0
17  3.27267   0.0714263   0.362593  2.76336 	Dead: 0
18  3.3088    0.0861871   0.437526  2.76313 	Dead: 0
19  3.3468    0.0921256   0.467673  2.75447 	Dead: 0
20  3.32419   0.0890361   0.451989  2.75447 	Dead: 0
21  3.32571   0.0824539   0.418574  2.75447 	Dead: 0
22  3.26938   0.0838498   0.425661  2.75447 	Dead: 0
23  3.29725   0.0990265   0.502705  2.74977 	Dead: 0
24  3.23861   0.0778644   0.395276  2.68379 	Dead: 0
25  3.26879   0.0822901   0.417743  2.68379 	Dead: 0
26  3.23458   0.0774302   0.393072  2.68379 	Dead: 0
27  3.23117   0.0769048   0.390404  2.65459 	Dead: 0
28  3.27835   0.0905397   0.459622  2.65459 	Dead: 0
29  3.2982    0.0876105   0.444752  2.65459 	Dead: 0
30  3.25451   0.0857254   0.435182  2.65459 	Dead: 0
31  3.20549   0.0810416   0.411405  2.65459 	Dead: 0
32  3.21163   0.0928194   0.471195  2.65459 	Dead: 0
33  3.20957   0.0803196   0.40774   2.65459 	Dead: 0
34  3.18234   0.0757987   0.38479   2.65459 	Dead: 0
35  3.24065   0.0961321   0.488011  2.63741 	Dead: 0
36  3.22336   0.0833471   0.423109  2.63741 	Dead: 0
37  3.20663   0.102058    0.518096  2.63741 	Dead: 0
38  3.15347   0.0862828   0.438012  2.5948  	Dead: 0
39  3.15433   0.0848316   0.430645  2.5948  	Dead: 0
40  3.17396   0.0881035   0.447255  2.5948  	Dead: 0
41  3.12991   0.0794454   0.403302  2.5948  	Dead: 0
42  3.17552   0.0908472   0.461183  2.57536 	Dead: 0
43  3.1721    0.0880607   0.447037  2.57536 	Dead: 0
44  3.12684   0.084559    0.429261  2.53508 	Dead: 0
45  3.18609   0.0963749   0.489244  2.53508 	Dead: 0
46  3.13662   0.0881029   0.447251  2.53508 	Dead: 0
47  3.12747   0.0823536   0.418065  2.53508 	Dead: 0
48  3.10008   0.0827119   0.419884  2.53508 	Dead: 0
49  3.11432   0.0765152   0.388427  2.53508 	Dead: 0
50  3.12609   0.0768669   0.390212  2.53508 	Dead: 0
51  3.06952   0.0691141   0.350855  2.53508 	Dead: 0
52  3.17177   0.0960714   0.487703  2.53508 	Dead: 0
53  3.14012   0.0860329   0.436743  2.53508 	Dead: 0
54  3.16572   0.0971472   0.493164  2.53508 	Dead: 0
55  3.13641   0.0958794   0.486729  2.53508 	Dead: 0
56  3.15409   0.100497    0.510169  2.53508 	Dead: 0
57  3.13161   0.0849838   0.431417  2.53508 	Dead: 0
58  3.18443   0.10607     0.538461  2.53508 	Dead: 0
59  3.16398   0.088855    0.451069  2.53508 	Dead: 0
60  3.12231   0.078384    0.397914  2.53508 	Dead: 0
61  3.16203   0.105469    0.535412  2.53508 	Dead: 0
62  3.1863    0.0946206   0.480338  2.53508 	Dead: 0
63  3.13056   0.0957328   0.485984  2.53508 	Dead: 0
64  3.16928   0.0947672   0.481083  2.53508 	Dead: 0
65  3.19496   0.100449    0.509925  2.52623 	Dead: 0
66  3.17611   0.104177    0.528849  2.52623 	Dead: 0
67  3.09718   0.0741916   0.376631  2.52623 	Dead: 0
68  3.14067   0.0895327   0.45451   2.52623 	Dead: 0
69  3.13036   0.103134    0.523556  2.36982 	Dead: 0
70  3.1115    0.0823304   0.417948  2.36982 	Dead: 0
71  3.13401   0.0902123   0.45796   2.36982 	Dead: 0
72  3.11389   0.0872936   0.443143  2.36982 	Dead: 0
73  3.1283    0.0943523   0.478976  2.36982 	Dead: 0
74  3.11728   0.0921117   0.467602  2.36982 	Dead: 0
75  3.07895   0.0803193   0.407738  2.36982 	Dead: 0
76  3.12601   0.0980982   0.497992  2.36982 	Dead: 0
77  3.0769    0.0821335   0.416948  2.36982 	Dead: 0
78  3.09304   0.0857783   0.435451  2.36982 	Dead: 0
79  3.17844   0.111155    0.564273  2.36982 	Dead: 0
80  3.12183   0.0818851   0.415687  2.36982 	Dead: 0
81  3.10607   0.0817715   0.41511   2.36982 	Dead: 0
82  3.23619   0.149658    0.759734  2.36982 	Dead: 0
83  3.105     0.0870639   0.441977  2.36982 	Dead: 0
84  3.12856   0.0845492   0.429211  2.36982 	Dead: 0
85  3.21492   0.128214    0.650872  2.36982 	Dead: 0
86  3.09337   0.0858241   0.435683  2.36982 	Dead: 0
87  3.12032   0.0890039   0.451825  2.36982 	Dead: 0
88  3.09845   0.0898055   0.455895  2.36982 	Dead: 0
89  3.09345   0.0856835   0.43497   2.36982 	Dead: 0
90  3.10719   0.0840199   0.426524  2.36982 	Dead: 0
91  3.09546   0.0938582   0.476468  2.36982 	Dead: 0
92  3.16668   0.129798    0.658913  2.36982 	Dead: 0
93  3.10836   0.0899174   0.456463  2.36982 	Dead: 0
94  3.11989   0.0826847   0.419746  2.36982 	Dead: 0
95  3.08469   0.0792952   0.40254   2.36982 	Dead: 0
96  3.1377    0.0899641   0.4567    2.36982 	Dead: 0
97  3.07237   0.0847431   0.430196  2.36982 	Dead: 0
98  3.15685   0.100054    0.50792   2.36982 	Dead: 0
99  3.1375    0.095055    0.482544  2.36982 	Dead: 0
100 3.17305   0.11346     0.575974  2.36982 	Dead: 0
