6.52569   0.0862047   0.437615  5.28574 	Dead: 0
4.97766   0.0357954   0.181714  4.64593 	Dead: 0
4.88421   0.0369262   0.187455  4.5945  	Dead: 0
4.8729    0.0385604   0.195751  4.5549  	Dead: 0
4.84675   0.0368426   0.18703   4.50133 	Dead: 0
4.78661   0.0365624   0.185608  4.41971 	Dead: 0
4.79336   0.0401962   0.204055  4.41971 	Dead: 0
4.78192   0.039956    0.202835  4.41971 	Dead: 0
4.76959   0.0350449   0.177904  4.41971 	Dead: 0
4.78747   0.0359662   0.182581  4.41971 	Dead: 0
4.77013   0.0382455   0.194152  4.41971 	Dead: 0
4.73702   0.0353026   0.179212  4.41971 	Dead: 0
4.74524   0.0372718   0.189209  4.41971 	Dead: 0
4.72165   0.0341479   0.173351  4.41971 	Dead: 0
4.71466   0.0345932   0.175611  4.4162  	Dead: 0
4.71982   0.0375086   0.190411  4.4162  	Dead: 0
4.69644   0.0361713   0.183623  4.4162  	Dead: 0
4.70222   0.0360123   0.182815  4.4162  	Dead: 0
4.72799   0.0401132   0.203633  4.37533 	Dead: 0
4.68735   0.0372571   0.189134  4.37533 	Dead: 0
4.68335   0.0383385   0.194624  4.37533 	Dead: 0
4.66138   0.0314181   0.159493  4.37533 	Dead: 0
4.66509   0.0356483   0.180968  4.37533 	Dead: 0
4.67028   0.0370915   0.188294  4.37533 	Dead: 0
4.65464   0.0363411   0.184484  4.36843 	Dead: 0
4.64179   0.0342888   0.174066  4.36843 	Dead: 0
4.62258   0.0354209   0.179813  4.36843 	Dead: 0
4.62759   0.0357481   0.181474  4.36843 	Dead: 0
4.6202    0.0348898   0.177117  4.36843 	Dead: 0
4.63284   0.034349    0.174372  4.35771 	Dead: 0
4.6215    0.0341725   0.173475  4.35399 	Dead: 0
4.60854   0.0349907   0.177629  4.35399 	Dead: 0
4.66715   0.0404426   0.205305  4.35399 	Dead: 0
4.60273   0.0354702   0.180063  4.33294 	Dead: 0
4.5983    0.035564    0.180539  4.30565 	Dead: 0
4.59652   0.0352956   0.179177  4.30565 	Dead: 0
4.60203   0.033699    0.171072  4.30565 	Dead: 0
4.61827   0.0382544   0.194197  4.30565 	Dead: 0
4.6012    0.0373621   0.189667  4.30565 	Dead: 0
4.59285   0.0357102   0.181282  4.30565 	Dead: 0
4.61683   0.0384914   0.195401  4.30565 	Dead: 0
4.60163   0.0361368   0.183447  4.30565 	Dead: 0
4.63481   0.0407226   0.206727  4.30565 	Dead: 0
4.62075   0.0363592   0.184576  4.30565 	Dead: 0
4.59397   0.0359347   0.182422  4.30565 	Dead: 0
4.60237   0.0352358   0.178873  4.30565 	Dead: 0
4.63099   0.0395825   0.200939  4.30565 	Dead: 0
4.59169   0.0363852   0.184708  4.30565 	Dead: 0
4.60606   0.0359953   0.182729  4.29044 	Dead: 0
4.59967   0.0367465   0.186542  4.29044 	Dead: 0
4.62337   0.0421826   0.214139  4.29044 	Dead: 0
4.61408   0.0387798   0.196864  4.29044 	Dead: 0
4.60376   0.0381285   0.193558  4.29044 	Dead: 0
4.62      0.0400035   0.203076  4.29044 	Dead: 0
4.60026   0.0388383   0.197162  4.29044 	Dead: 0
4.62196   0.0404779   0.205485  4.29044 	Dead: 0
4.61229   0.040316    0.204663  4.29044 	Dead: 0
4.59047   0.0392128   0.199063  4.29044 	Dead: 0
4.59133   0.0371971   0.18883   4.29044 	Dead: 0
4.60516   0.038265    0.194251  4.29044 	Dead: 0
4.58618   0.0344972   0.175124  4.29044 	Dead: 0
4.58901   0.0386428   0.196169  4.29044 	Dead: 0
4.57087   0.0328649   0.166837  4.29044 	Dead: 0
4.58158   0.0355334   0.180384  4.29044 	Dead: 0
4.56907   0.0362193   0.183866  4.29044 	Dead: 0
4.59226   0.0397472   0.201775  4.29044 	Dead: 0
4.59171   0.0390203   0.198085  4.29044 	Dead: 0
4.57483   0.0379669   0.192738  4.29044 	Dead: 0
4.58704   0.0371466   0.188573  4.29044 	Dead: 0
4.58714   0.0369855   0.187756  4.29044 	Dead: 0
4.5809    0.0359836   0.18267   4.29044 	Dead: 0
4.57417   0.0322336   0.163633  4.29044 	Dead: 0
4.58455   0.0371556   0.188619  4.2784  	Dead: 0
4.58048   0.038708    0.1965    4.2784  	Dead: 0
4.5883    0.0415208   0.210779  4.19804 	Dead: 0
4.58623   0.0398543   0.202319  4.19804 	Dead: 0
4.58937   0.0388745   0.197345  4.19804 	Dead: 0
4.58574   0.0367573   0.186597  4.19804 	Dead: 0
4.58981   0.0404627   0.205407  4.19804 	Dead: 0
4.58054   0.0366146   0.185873  4.19804 	Dead: 0
4.56979   0.0352803   0.179099  4.19804 	Dead: 0
4.58283   0.0369103   0.187374  4.19804 	Dead: 0
4.56914   0.0326103   0.165545  4.19804 	Dead: 0
4.56567   0.0358776   0.182131  4.19804 	Dead: 0
4.57001   0.0356988   0.181224  4.19804 	Dead: 0
4.59956   0.0410238   0.208256  4.19804 	Dead: 0
4.60577   0.0431995   0.219301  4.19804 	Dead: 0
4.60311   0.0400826   0.203478  4.19804 	Dead: 0
4.58156   0.038099    0.193408  4.19804 	Dead: 0
4.6089    0.0418954   0.212681  4.19804 	Dead: 0
4.58494   0.0400369   0.203246  4.19804 	Dead: 0
4.61201   0.041281    0.209561  4.19804 	Dead: 0
4.57215   0.0333056   0.169075  4.19804 	Dead: 0
4.60187   0.0396176   0.201117  4.19804 	Dead: 0
4.58206   0.0401347   0.203743  4.19804 	Dead: 0
4.58688   0.0363684   0.184623  4.19804 	Dead: 0
4.58004   0.0384553   0.195217  4.19804 	Dead: 0
4.57335   0.0376224   0.190989  4.19804 	Dead: 0
4.57955   0.0376796   0.191279  4.19804 	Dead: 0
4.5783    0.0368475   0.187055  4.19804 	Dead: 0
4.58709   0.0383503   0.194684  4.19804 	Dead: 0
