10.7479   0.0772221   0.392015  9.93514 	Dead: 0
9.29717   0.0490222   0.248859  8.82012 	Dead: 0
8.58343   0.0419697   0.213058  8.19621 	Dead: 0
8.436     0.0604671   0.306959  7.84723 	Dead: 0
8.33714   0.0599907   0.304541  7.83905 	Dead: 0
8.23515   0.0669656   0.339949  7.74686 	Dead: 0
7.84841   0.055853    0.283536  7.25047 	Dead: 0
7.56156   0.0536613   0.27241   7.04178 	Dead: 0
7.45983   0.0556049   0.282277  6.95041 	Dead: 0
7.45495   0.0602323   0.305767  6.92259 	Dead: 0
7.45416   0.0753181   0.38235   6.8263  	Dead: 0
7.40266   0.0653578   0.331787  6.8263  	Dead: 0
7.36238   0.0687199   0.348854  6.8263  	Dead: 0
7.35503   0.0717797   0.364387  6.69956 	Dead: 0
7.33391   0.0718029   0.364505  6.69956 	Dead: 0
7.31122   0.0665909   0.338047  6.69956 	Dead: 0
7.31064   0.0699575   0.355137  6.69956 	Dead: 0
7.24662   0.0676077   0.343208  6.69956 	Dead: 0
7.1921    0.0600731   0.304959  6.69956 	Dead: 0
7.26659   0.0738714   0.375006  6.69956 	Dead: 0
7.24546   0.0707934   0.35938   6.69956 	Dead: 0
7.22756   0.0709872   0.360364  6.69545 	Dead: 0
7.14937   0.060805    0.308675  6.63765 	Dead: 0
7.16666   0.0691054   0.350811  6.52703 	Dead: 0
7.15226   0.0724997   0.368042  6.47254 	Dead: 0
7.15402   0.0661312   0.335713  6.47254 	Dead: 0
7.20158   0.081334    0.412889  6.47254 	Dead: 0
7.12904   0.077396    0.392898  6.47254 	Dead: 0
7.10312   0.0771924   0.391865  6.47254 	Dead: 0
7.10125   0.0725902   0.368502  6.47254 	Dead: 0
7.03865   0.0664286   0.337223  6.43235 	Dead: 0
7.03393   0.072583    0.368465  6.43235 	Dead: 0
7.03857   0.0768463   0.390108  6.22794 	Dead: 0
6.92577   0.0597103   0.303117  6.22794 	Dead: 0
6.92073   0.0673928   0.342117  6.22794 	Dead: 0
6.93235   0.0677083   0.343719  6.22794 	Dead: 0
6.94038   0.0806909   0.409625  6.22794 	Dead: 0
6.94359   0.0717115   0.364041  6.22794 	Dead: 0
6.90093   0.0685738   0.348113  6.22794 	Dead: 0
6.94344   0.086625    0.439749  6.22794 	Dead: 0
6.8178    0.0688935   0.349736  6.22794 	Dead: 0
6.71921   0.0616757   0.313095  6.15907 	Dead: 0
6.71285   0.0828476   0.420573  6.15621 	Dead: 0
6.65049   0.0732514   0.371858  6.15621 	Dead: 0
6.60912   0.0658285   0.334176  6.15583 	Dead: 0
6.60606   0.0645835   0.327856  6.15583 	Dead: 0
6.59893   0.0668405   0.339314  6.14213 	Dead: 0
6.55126   0.0620956   0.315226  6.07969 	Dead: 0
6.46218   0.0558372   0.283456  6.05352 	Dead: 0
6.5105    0.0696908   0.353783  5.89094 	Dead: 0
6.42742   0.0593703   0.301392  5.89094 	Dead: 0
6.42697   0.0646384   0.328135  5.89026 	Dead: 0
6.41056   0.06224     0.315959  5.89026 	Dead: 0
6.46026   0.0728357   0.369748  5.89026 	Dead: 0
6.35135   0.0592265   0.300661  5.86048 	Dead: 0
6.37387   0.0741672   0.376507  5.86048 	Dead: 0
6.38811   0.0693455   0.35203   5.86048 	Dead: 0
6.3844    0.0659564   0.334825  5.86048 	Dead: 0
6.31482   0.0574847   0.291819  5.85667 	Dead: 0
6.43195   0.0875642   0.444517  5.85667 	Dead: 0
6.40504   0.0756654   0.384113  5.84141 	Dead: 0
6.40879   0.0766615   0.38917   5.84141 	Dead: 0
6.38885   0.0738139   0.374714  5.84141 	Dead: 0
6.34938   0.0771123   0.391458  5.80154 	Dead: 0
6.35724   0.0695606   0.353122  5.80154 	Dead: 0
6.32514   0.0705332   0.358059  5.80154 	Dead: 0
6.34374   0.0646165   0.328023  5.80154 	Dead: 0
6.36279   0.0773997   0.392917  5.7843  	Dead: 0
6.3431    0.0705547   0.358168  5.7843  	Dead: 0
6.09911   0.0703843   0.357304  5.57918 	Dead: 0
5.97644   0.0552305   0.280376  5.5266  	Dead: 0
5.93252   0.0612627   0.310998  5.44828 	Dead: 0
5.85232   0.0573062   0.290913  5.35045 	Dead: 0
5.85977   0.0666201   0.338195  5.35045 	Dead: 0
5.78314   0.0600539   0.304862  5.26196 	Dead: 0
5.79672   0.0651221   0.33059   5.26196 	Dead: 0
5.78695   0.0617329   0.313385  5.26196 	Dead: 0
5.74593   0.0605463   0.307361  5.26196 	Dead: 0
5.74367   0.0631975   0.32082   5.26196 	Dead: 0
5.69419   0.0619484   0.314479  5.24693 	Dead: 0
5.66396   0.0564925   0.286782  5.12972 	Dead: 0
5.7075    0.0662786   0.336461  5.12972 	Dead: 0
5.71569   0.0727198   0.36916   5.12972 	Dead: 0
5.61627   0.0547227   0.277798  5.12972 	Dead: 0
5.6795    0.0697142   0.353902  5.12972 	Dead: 0
5.65271   0.068325    0.34685   5.04502 	Dead: 0
5.67437   0.0704985   0.357883  5.04502 	Dead: 0
5.6337    0.0648685   0.329303  5.04502 	Dead: 0
5.63047   0.0695641   0.35314   5.04502 	Dead: 0
5.6136    0.0662434   0.336282  5.04502 	Dead: 0
5.65741   0.0791745   0.401927  5.04502 	Dead: 0
5.61722   0.0753774   0.382651  5.04502 	Dead: 0
5.63339   0.0692545   0.351568  5.04502 	Dead: 0
5.59763   0.0673469   0.341884  5.04502 	Dead: 0
5.58314   0.0615144   0.312276  5.04502 	Dead: 0
5.70212   0.0829404   0.421044  5.04502 	Dead: 0
5.57939   0.0724104   0.367589  4.96998 	Dead: 0
5.61975   0.0747913   0.379675  4.96998 	Dead: 0
5.60669   0.0739818   0.375566  4.96998 	Dead: 0
5.58056   0.0646826   0.328359  4.96998 	Dead: 0
5.55393   0.0620524   0.315007  4.96998 	Dead: 0
