10.7645   0.0832442   0.422586  9.76612 	Dead: 0
8.56341   0.0535721   0.271957  8.04151 	Dead: 0
8.22371   0.053778    0.273002  7.78658 	Dead: 0
7.95001   0.0589075   0.299042  7.25741 	Dead: 0
7.82463   0.0666417   0.338304  7.1152  	Dead: 0
7.71891   0.062156    0.315533  7.1152  	Dead: 0
7.63793   0.061407    0.311731  7.1152  	Dead: 0
7.61002   0.0654923   0.33247   7.04591 	Dead: 0
7.60149   0.0673844   0.342075  6.99276 	Dead: 0
7.53125   0.0673681   0.341992  6.99276 	Dead: 0
7.49899   0.0674161   0.342235  6.85243 	Dead: 0
7.44085   0.0608598   0.308953  6.85243 	Dead: 0
7.46246   0.0616968   0.313202  6.85243 	Dead: 0
7.42246   0.0634995   0.322353  6.85243 	Dead: 0
7.37148   0.0609721   0.309523  6.85243 	Dead: 0
7.34798   0.0638636   0.324201  6.85243 	Dead: 0
7.2459    0.0658298   0.334183  6.74994 	Dead: 0
7.17968   0.0576772   0.292796  6.56934 	Dead: 0
7.15422   0.0662857   0.336497  6.56934 	Dead: 0
7.13333   0.067977    0.345083  6.33269 	Dead: 0
7.07375   0.0615833   0.312626  6.33269 	Dead: 0
7.08073   0.0681684   0.346054  6.33269 	Dead: 0
7.07442   0.067192    0.341098  6.33269 	Dead: 0
7.04872   0.0707042   0.358927  6.33269 	Dead: 0
7.09298   0.0788804   0.400434  6.33269 	Dead: 0
7.03899   0.0657202   0.333627  6.33269 	Dead: 0
7.0593    0.0738137   0.374713  6.33269 	Dead: 0
7.02499   0.0768036   0.389891  6.33269 	Dead: 0
7.03131   0.0732771   0.371989  6.33269 	Dead: 0
6.98896   0.0686371   0.348434  6.33269 	Dead: 0
7.02428   0.0804005   0.408151  6.33269 	Dead: 0
6.96678   0.0632056   0.320861  6.33269 	Dead: 0
6.97234   0.0663747   0.336949  6.33269 	Dead: 0
6.98444   0.0714386   0.362656  6.33269 	Dead: 0
6.98772   0.068532    0.347901  6.33269 	Dead: 0
6.9947    0.0799409   0.405817  6.27277 	Dead: 0
6.9355    0.0655314   0.332668  6.27277 	Dead: 0
7.02469   0.0757655   0.384621  6.27277 	Dead: 0
6.97386   0.0721227   0.366128  6.27277 	Dead: 0
6.88818   0.0721863   0.366451  6.27277 	Dead: 0
6.88705   0.07486     0.380024  6.27277 	Dead: 0
6.71825   0.0695161   0.352896  6.147   	Dead: 0
6.69338   0.0735861   0.373557  6.147   	Dead: 0
6.59637   0.0749126   0.380291  5.93129 	Dead: 0
6.07797   0.050483    0.256275  5.70824 	Dead: 0
6.01826   0.057384    0.291308  5.44032 	Dead: 0
6.05735   0.0562625   0.285615  5.44032 	Dead: 0
6.01963   0.0689791   0.35017   5.44032 	Dead: 0
5.89784   0.0632806   0.321242  5.42212 	Dead: 0
5.88713   0.0644381   0.327118  5.38012 	Dead: 0
5.85026   0.0645497   0.327685  5.33742 	Dead: 0
5.83449   0.0695404   0.35302   5.33742 	Dead: 0
5.89829   0.0858255   0.43569   5.33742 	Dead: 0
5.87478   0.0841174   0.427019  5.21137 	Dead: 0
5.84227   0.0775494   0.393677  5.21137 	Dead: 0
5.85744   0.0861313   0.437243  5.21137 	Dead: 0
5.84811   0.0776707   0.394293  5.21137 	Dead: 0
5.83661   0.0749599   0.380532  5.21137 	Dead: 0
5.83479   0.0817103   0.4148    5.21137 	Dead: 0
5.77915   0.0599311   0.304238  5.21137 	Dead: 0
5.852     0.086618    0.439713  5.21137 	Dead: 0
5.8445    0.0789587   0.400831  5.21137 	Dead: 0
5.83126   0.0711218   0.361048  5.21137 	Dead: 0
5.78104   0.0588177   0.298586  5.21137 	Dead: 0
5.82338   0.083971    0.426276  5.21137 	Dead: 0
5.82551   0.0848748   0.430864  5.21137 	Dead: 0
5.78501   0.0721806   0.366422  5.21137 	Dead: 0
5.83806   0.0826308   0.419472  5.21137 	Dead: 0
5.78755   0.0694957   0.352793  5.21137 	Dead: 0
5.84917   0.0861582   0.437379  5.21137 	Dead: 0
5.84884   0.0862175   0.43768   5.21137 	Dead: 0
5.77788   0.0824759   0.418686  5.21137 	Dead: 0
5.79239   0.0716867   0.363915  5.21137 	Dead: 0
5.79306   0.078375    0.397868  5.21137 	Dead: 0
5.80251   0.0820956   0.416755  5.21137 	Dead: 0
5.81111   0.0762117   0.386886  5.21137 	Dead: 0
5.80649   0.0810143   0.411266  5.21137 	Dead: 0
5.80736   0.0800441   0.406341  5.21137 	Dead: 0
5.81675   0.0745077   0.378236  5.21137 	Dead: 0
5.86374   0.088305    0.448277  5.21137 	Dead: 0
5.79971   0.0779063   0.395489  5.21137 	Dead: 0
5.8414    0.0827968   0.420315  5.21137 	Dead: 0
5.81874   0.0833784   0.423268  5.21137 	Dead: 0
5.80816   0.079385    0.402996  5.21137 	Dead: 0
5.83065   0.0856305   0.434701  5.21137 	Dead: 0
5.79972   0.0789701   0.400889  5.21137 	Dead: 0
5.9067    0.104658    0.531295  5.21137 	Dead: 0
5.77118   0.0781668   0.396811  5.21137 	Dead: 0
5.77607   0.0798048   0.405126  5.21137 	Dead: 0
5.77867   0.087816    0.445795  5.21137 	Dead: 0
5.73414   0.075358    0.382552  5.21137 	Dead: 0
5.75642   0.0815515   0.413993  5.21137 	Dead: 0
5.72187   0.0755598   0.383577  5.21137 	Dead: 0
5.75653   0.0794136   0.40314   5.21137 	Dead: 0
5.74311   0.0749718   0.380592  5.21137 	Dead: 0
5.78155   0.0850558   0.431783  5.21137 	Dead: 0
5.7588    0.0804637   0.408471  5.17024 	Dead: 0
5.70622   0.0706931   0.358871  5.17024 	Dead: 0
5.7078    0.0653161   0.331575  5.17024 	Dead: 0
5.71428   0.0659921   0.335006  5.17024 	Dead: 0
5.71421   0.0665742   0.337962  5.17024 	Dead: 0
