6.42246   0.0957966   0.486308  5.22075 	Dead: 0
3.77505   0.0423933   0.215208  3.34724 	Dead: 0
3.20937   0.036803    0.186829  2.83802 	Dead: 0
2.84542   0.0356714   0.181085  2.58242 	Dead: 0
2.74922   0.0328587   0.166806  2.46384 	Dead: 0
2.60799   0.0335492   0.170311  2.33995 	Dead: 0
2.49031   0.0338053   0.171611  2.2549  	Dead: 0
2.40189   0.0413295   0.209808  2.12081 	Dead: 0
2.34284   0.0309033   0.15688   2.08502 	Dead: 0
2.33485   0.0413964   0.210148  2.08334 	Dead: 0
2.29624   0.0397632   0.201857  2.05816 	Dead: 0
2.2415    0.0354926   0.180177  1.99496 	Dead: 0
2.25465   0.0416149   0.211257  1.99496 	Dead: 0
2.26721   0.0527439   0.267753  1.99496 	Dead: 0
2.22488   0.0385661   0.195779  1.99496 	Dead: 0
2.20825   0.0424365   0.215427  1.95734 	Dead: 0
2.20028   0.0372752   0.189226  1.95734 	Dead: 0
2.17513   0.0347152   0.176231  1.95734 	Dead: 0
2.17301   0.040234    0.204247  1.95627 	Dead: 0
2.15064   0.0381556   0.193696  1.93962 	Dead: 0
2.15076   0.0398387   0.20224   1.92939 	Dead: 0
2.13361   0.0412782   0.209547  1.87327 	Dead: 0
2.13986   0.0456485   0.231733  1.87327 	Dead: 0
2.12915   0.0444772   0.225787  1.87327 	Dead: 0
2.11179   0.046229    0.23468   1.86501 	Dead: 0
2.0991    0.0350838   0.178102  1.86501 	Dead: 0
2.10901   0.0411185   0.208737  1.86501 	Dead: 0
2.07012   0.0271554   0.137854  1.86501 	Dead: 0
2.10451   0.0409809   0.208038  1.85546 	Dead: 0
2.11644   0.053207    0.270103  1.85546 	Dead: 0
2.09791   0.046775    0.237452  1.85546 	Dead: 0
2.08579   0.0383907   0.194889  1.85213 	Dead: 0
2.0609    0.046812    0.23764   1.80675 	Dead: 0
2.04012   0.0374998   0.190367  1.80675 	Dead: 0
2.02476   0.0363036   0.184294  1.80675 	Dead: 0
2.02749   0.0356396   0.180923  1.80675 	Dead: 0
2.01929   0.0355891   0.180667  1.80675 	Dead: 0
2.03096   0.0469707   0.238445  1.7893  	Dead: 0
1.98672   0.0409602   0.207933  1.7893  	Dead: 0
2.02318   0.0569513   0.289111  1.71978 	Dead: 0
1.97645   0.0358798   0.182142  1.71978 	Dead: 0
1.98316   0.0392439   0.19922   1.71978 	Dead: 0
1.99548   0.0451532   0.229219  1.71978 	Dead: 0
1.9903    0.0441464   0.224108  1.71978 	Dead: 0
2.01298   0.0526972   0.267516  1.71978 	Dead: 0
1.975     0.0349212   0.177276  1.71978 	Dead: 0
1.9807    0.0482493   0.244936  1.71978 	Dead: 0
1.94153   0.0331085   0.168074  1.71978 	Dead: 0
1.9654    0.0435459   0.221059  1.71978 	Dead: 0
1.94475   0.0343795   0.174526  1.71978 	Dead: 0
1.96789   0.0387567   0.196747  1.71978 	Dead: 0
2.00255   0.0461967   0.234516  1.70637 	Dead: 0
1.97831   0.0460995   0.234023  1.70637 	Dead: 0
1.98783   0.0484715   0.246064  1.70637 	Dead: 0
1.97043   0.0423636   0.215057  1.70637 	Dead: 0
1.92866   0.0341147   0.173182  1.70637 	Dead: 0
1.94076   0.0349758   0.177553  1.70637 	Dead: 0
1.98393   0.0457031   0.23201   1.70637 	Dead: 0
1.94804   0.0388637   0.19729   1.70637 	Dead: 0
1.96771   0.045191    0.229411  1.70637 	Dead: 0
1.93589   0.0339332   0.172261  1.70637 	Dead: 0
1.96823   0.0434276   0.220459  1.70637 	Dead: 0
1.96018   0.0441414   0.224082  1.70637 	Dead: 0
1.96593   0.0420509   0.21347   1.70637 	Dead: 0
1.96011   0.0424762   0.215629  1.70637 	Dead: 0
2.01441   0.0571219   0.289977  1.70637 	Dead: 0
2.00142   0.0568025   0.288356  1.70637 	Dead: 0
1.93064   0.0303549   0.154096  1.70637 	Dead: 0
1.95824   0.0437541   0.222116  1.70637 	Dead: 0
1.97619   0.0443681   0.225233  1.70637 	Dead: 0
1.94353   0.0332099   0.168589  1.70637 	Dead: 0
1.9566    0.0462727   0.234902  1.70637 	Dead: 0
1.96559   0.0456764   0.231875  1.70637 	Dead: 0
1.97496   0.0459686   0.233358  1.70637 	Dead: 0
1.93691   0.0390602   0.198288  1.70637 	Dead: 0
1.97107   0.0493898   0.250726  1.70637 	Dead: 0
1.94984   0.0444154   0.225473  1.70637 	Dead: 0
1.92891   0.0351387   0.17838   1.70637 	Dead: 0
1.95372   0.0395327   0.200687  1.70637 	Dead: 0
1.96003   0.0465642   0.236382  1.70637 	Dead: 0
1.95611   0.0506345   0.257044  1.70637 	Dead: 0
1.93609   0.0395692   0.200872  1.70637 	Dead: 0
1.95465   0.0472648   0.239938  1.70637 	Dead: 0
1.94588   0.0416962   0.21167   1.70637 	Dead: 0
1.94469   0.0459551   0.23329   1.70637 	Dead: 0
1.93029   0.0443466   0.225124  1.70637 	Dead: 0
1.94876   0.0480729   0.24404   1.68701 	Dead: 0
1.93863   0.0427929   0.217237  1.68701 	Dead: 0
1.93902   0.0438092   0.222396  1.68701 	Dead: 0
1.92878   0.0414143   0.210238  1.68701 	Dead: 0
1.93943   0.0438153   0.222427  1.68701 	Dead: 0
1.92927   0.0443223   0.225001  1.68701 	Dead: 0
1.91805   0.0363428   0.184493  1.68701 	Dead: 0
1.9228    0.0401191   0.203663  1.68701 	Dead: 0
1.9248    0.0415088   0.210718  1.68701 	Dead: 0
1.9118    0.0399157   0.202631  1.68701 	Dead: 0
1.95373   0.0468486   0.237826  1.6699  	Dead: 0
1.90106   0.0335167   0.170147  1.6699  	Dead: 0
1.94176   0.0536466   0.272335  1.6699  	Dead: 0
1.91551   0.042357    0.215024  1.6699  	Dead: 0
1.8946    0.0365184   0.185385  1.6699  	Dead: 0
