7.65752   0.11659     0.591867  6.11105 	Dead: 0
5.60336   0.0714344   0.362634  4.85158 	Dead: 0
5.0258    0.0580761   0.294821  4.50429 	Dead: 0
4.84152   0.067196    0.341118  4.29705 	Dead: 0
4.64298   0.0578745   0.293798  4.2219  	Dead: 0
4.55476   0.0647994   0.328952  4.11435 	Dead: 0
4.50048   0.0577204   0.293016  4.0282  	Dead: 0
4.45578   0.0610913   0.310128  3.9372  	Dead: 0
4.36687   0.0677807   0.344086  3.83478 	Dead: 0
4.39318   0.0760716   0.386175  3.83478 	Dead: 0
4.29962   0.0698366   0.354523  3.58921 	Dead: 0
4.28735   0.0868944   0.441116  3.58921 	Dead: 0
4.22881   0.078541    0.398711  3.58921 	Dead: 0
4.24841   0.0730652   0.370913  3.58921 	Dead: 0
4.23462   0.0832561   0.422647  3.58921 	Dead: 0
4.20319   0.0808982   0.410677  3.58921 	Dead: 0
4.20507   0.0764665   0.388179  3.58921 	Dead: 0
4.21309   0.0840412   0.426632  3.58921 	Dead: 0
4.22238   0.0893902   0.453786  3.58921 	Dead: 0
4.20775   0.0845825   0.42938   3.58921 	Dead: 0
4.22131   0.0739193   0.375249  3.58921 	Dead: 0
4.21973   0.0852035   0.432533  3.58921 	Dead: 0
4.17773   0.084137    0.427118  3.58921 	Dead: 0
4.19014   0.080798    0.410169  3.58921 	Dead: 0
4.17546   0.0742636   0.376997  3.58921 	Dead: 0
4.12836   0.0726099   0.368602  3.58921 	Dead: 0
4.13691   0.0744452   0.377919  3.58921 	Dead: 0
4.18316   0.0920896   0.46749   3.58921 	Dead: 0
4.13296   0.0893751   0.45371   3.58921 	Dead: 0
4.12561   0.0679547   0.34497   3.58921 	Dead: 0
4.17112   0.0761576   0.386612  3.58921 	Dead: 0
4.15972   0.0827025   0.419836  3.58921 	Dead: 0
4.12597   0.0738106   0.374697  3.58921 	Dead: 0
4.13906   0.0786662   0.399347  3.58921 	Dead: 0
4.09743   0.0716683   0.363822  3.58921 	Dead: 0
4.09365   0.0735596   0.373423  3.58921 	Dead: 0
4.09947   0.0808706   0.410537  3.57343 	Dead: 0
4.08235   0.0773753   0.392793  3.57343 	Dead: 0
4.05488   0.0799858   0.406045  3.57343 	Dead: 0
4.07542   0.0899618   0.456688  3.57343 	Dead: 0
4.05264   0.0713505   0.362209  3.56631 	Dead: 0
4.03457   0.0633421   0.321554  3.56631 	Dead: 0
4.06159   0.0867246   0.440254  3.56631 	Dead: 0
4.03549   0.0710114   0.360487  3.56631 	Dead: 0
4.04954   0.0751001   0.381243  3.56631 	Dead: 0
4.0968    0.0866837   0.440047  3.47815 	Dead: 0
4.05984   0.0731381   0.371283  3.47815 	Dead: 0
4.03571   0.0745871   0.378639  3.47815 	Dead: 0
4.09562   0.08298     0.421245  3.38934 	Dead: 0
4.05632   0.085492    0.433997  3.33797 	Dead: 0
4.02853   0.0771544   0.391672  3.33797 	Dead: 0
4.06623   0.0774814   0.393332  3.33797 	Dead: 0
4.07039   0.0813441   0.41294   3.33797 	Dead: 0
4.04093   0.0905332   0.459589  3.33797 	Dead: 0
4.05107   0.0902634   0.458219  3.33797 	Dead: 0
4.02529   0.0945185   0.47982   3.33797 	Dead: 0
4.04819   0.0961011   0.487854  3.33797 	Dead: 0
4.06045   0.0985283   0.500176  3.33797 	Dead: 0
4.04333   0.081566    0.414067  3.33797 	Dead: 0
3.99137   0.0671147   0.340705  3.33797 	Dead: 0
4.07328   0.103333    0.524566  3.33797 	Dead: 0
4.03004   0.0809124   0.410749  3.33797 	Dead: 0
4.03445   0.0892144   0.452894  3.33797 	Dead: 0
4.04996   0.0896429   0.455069  3.33797 	Dead: 0
4.02892   0.0922388   0.468247  3.33797 	Dead: 0
4.04063   0.0980628   0.497812  3.33797 	Dead: 0
4.05737   0.101408    0.514792  3.33797 	Dead: 0
3.97881   0.0744122   0.377751  3.33797 	Dead: 0
4.07688   0.119261    0.605423  3.33797 	Dead: 0
3.97745   0.073077    0.370973  3.33797 	Dead: 0
4.01874   0.0813019   0.412726  3.33797 	Dead: 0
4.00331   0.0893315   0.453488  3.33797 	Dead: 0
4.02101   0.0935461   0.474884  3.33797 	Dead: 0
4.01722   0.0987237   0.501167  3.33797 	Dead: 0
4.06369   0.113097    0.574131  3.33797 	Dead: 0
3.98197   0.077803    0.394965  3.33797 	Dead: 0
4.01571   0.0943949   0.479193  3.33797 	Dead: 0
4.0099    0.0813923   0.413185  3.33797 	Dead: 0
3.9938    0.0775344   0.393601  3.33797 	Dead: 0
4.00387   0.0897882   0.455807  3.33797 	Dead: 0
3.99094   0.0742266   0.376809  3.33797 	Dead: 0
3.98467   0.0747053   0.379239  3.33797 	Dead: 0
4.0475    0.0959329   0.487     3.33797 	Dead: 0
3.99696   0.0804557   0.408431  3.33797 	Dead: 0
4.03197   0.0912503   0.463229  3.33797 	Dead: 0
4.00522   0.0821928   0.417249  3.33797 	Dead: 0
3.97033   0.0877272   0.445344  3.33797 	Dead: 0
3.98307   0.0801955   0.40711   3.33797 	Dead: 0
4.01959   0.0959551   0.487113  3.33797 	Dead: 0
4.01194   0.0843079   0.427986  3.33797 	Dead: 0
3.99982   0.0757596   0.384591  3.33797 	Dead: 0
4.05817   0.100833    0.511876  3.33797 	Dead: 0
4.07327   0.109149    0.554093  3.33797 	Dead: 0
4.05416   0.0995839   0.505534  3.33797 	Dead: 0
3.97802   0.073976    0.375537  3.33797 	Dead: 0
4.00665   0.0835425   0.424101  3.33797 	Dead: 0
4.05794   0.0962856   0.488791  3.33797 	Dead: 0
4.00022   0.0822704   0.417643  3.33797 	Dead: 0
4.03003   0.0887124   0.450345  3.33797 	Dead: 0
4.00162   0.079291    0.402518  3.33797 	Dead: 0
3.99673   0.0792884   0.402505  3.33797 	Dead: 0
