7.75616   0.129708    0.65846   6.41225 	Dead: 0
5.70373   0.0748799   0.380125  4.80824 	Dead: 0
5.10957   0.0632346   0.321008  4.53518 	Dead: 0
4.98085   0.0632303   0.320986  4.44261 	Dead: 0
4.90501   0.0735185   0.373214  4.18702 	Dead: 0
4.83845   0.0673108   0.341701  4.18702 	Dead: 0
4.82282   0.072831    0.369724  4.18702 	Dead: 0
4.7873    0.0665187   0.33768   4.18702 	Dead: 0
4.82258   0.0825624   0.419125  4.18702 	Dead: 0
4.73169   0.069342    0.352012  4.08827 	Dead: 0
4.70498   0.0668717   0.339472  4.08827 	Dead: 0
4.64897   0.0583463   0.296193  4.08827 	Dead: 0
4.65505   0.0647099   0.328498  4.08827 	Dead: 0
4.61859   0.0630075   0.319855  4.08827 	Dead: 0
4.6815    0.0889786   0.451697  4.08827 	Dead: 0
4.61507   0.0780084   0.396007  4.02205 	Dead: 0
4.58183   0.0782007   0.396983  4.02205 	Dead: 0
4.56388   0.0766996   0.389363  3.9617  	Dead: 0
4.54615   0.0777559   0.394725  3.9617  	Dead: 0
4.51871   0.0917681   0.465858  3.94928 	Dead: 0
4.48648   0.0786505   0.399267  3.75425 	Dead: 0
4.50216   0.0838162   0.42549   3.75425 	Dead: 0
4.5003    0.0906428   0.460145  3.75425 	Dead: 0
4.50609   0.0890189   0.451902  3.75425 	Dead: 0
4.43649   0.0819644   0.416089  3.75425 	Dead: 0
4.49804   0.104979    0.53292   3.75425 	Dead: 0
4.44674   0.091647    0.465243  3.75425 	Dead: 0
4.41871   0.101593    0.515735  3.75425 	Dead: 0
4.34218   0.079729    0.404741  3.7103  	Dead: 0
4.27857   0.0799869   0.406051  3.7103  	Dead: 0
4.2376    0.0721938   0.36649   3.7103  	Dead: 0
4.23953   0.0863252   0.438227  3.7103  	Dead: 0
4.2618    0.0957897   0.486273  3.66242 	Dead: 0
4.12936   0.0730645   0.37091   3.66242 	Dead: 0
4.12847   0.0755722   0.383639  3.58636 	Dead: 0
4.16894   0.0939399   0.476883  3.54392 	Dead: 0
4.12029   0.0845717   0.429326  3.53669 	Dead: 0
4.11893   0.0873551   0.443455  3.52225 	Dead: 0
4.05788   0.0705365   0.358076  3.52225 	Dead: 0
4.12092   0.0913405   0.463687  3.49724 	Dead: 0
4.1351    0.0869947   0.441626  3.49724 	Dead: 0
4.10354   0.0894145   0.45391   3.49724 	Dead: 0
4.07886   0.0820879   0.416717  3.49724 	Dead: 0
4.08402   0.0904765   0.459301  3.49724 	Dead: 0
4.03491   0.077907    0.395492  3.49724 	Dead: 0
4.02181   0.072791    0.369521  3.49724 	Dead: 0
4.05937   0.0749776   0.380621  3.49724 	Dead: 0
4.06664   0.0992301   0.503738  3.43464 	Dead: 0
4.07878   0.0880817   0.447144  3.43464 	Dead: 0
3.98232   0.0712937   0.36192   3.43464 	Dead: 0
4.03329   0.0961242   0.487971  3.43464 	Dead: 0
4.00288   0.0757291   0.384436  3.43464 	Dead: 0
3.97763   0.0836593   0.424694  3.38648 	Dead: 0
4.01585   0.0820712   0.416632  3.38648 	Dead: 0
4.00503   0.0861837   0.437509  3.38648 	Dead: 0
3.98408   0.0825681   0.419154  3.38648 	Dead: 0
3.97709   0.0752561   0.382035  3.38648 	Dead: 0
3.98303   0.0805603   0.408962  3.38648 	Dead: 0
3.96675   0.0812189   0.412305  3.38648 	Dead: 0
3.96857   0.0854438   0.433752  3.38648 	Dead: 0
4.01331   0.0821362   0.416962  3.38648 	Dead: 0
3.97123   0.084402    0.428464  3.38648 	Dead: 0
3.96183   0.0843676   0.428289  3.38648 	Dead: 0
3.98099   0.100119    0.508249  3.38648 	Dead: 0
3.98833   0.0835656   0.424218  3.38648 	Dead: 0
3.93929   0.0930407   0.472318  3.38648 	Dead: 0
3.97411   0.0884225   0.448874  3.38648 	Dead: 0
3.93271   0.0816953   0.414723  3.38648 	Dead: 0
3.92525   0.0848921   0.430952  3.31755 	Dead: 0
3.93214   0.0856728   0.434915  3.31755 	Dead: 0
3.93018   0.0847801   0.430384  3.31755 	Dead: 0
3.98368   0.10491     0.532572  3.31755 	Dead: 0
3.96941   0.0941475   0.477936  3.31755 	Dead: 0
3.9437    0.0943113   0.478768  3.31755 	Dead: 0
3.94778   0.0826386   0.419512  3.31755 	Dead: 0
3.9627    0.0929753   0.471986  3.31755 	Dead: 0
3.96424   0.0884929   0.449231  3.31755 	Dead: 0
3.96445   0.0895477   0.454586  3.31755 	Dead: 0
3.94807   0.0866213   0.43973   3.31755 	Dead: 0
3.97977   0.0905333   0.459589  3.31755 	Dead: 0
3.94153   0.0904479   0.459156  3.31755 	Dead: 0
3.97884   0.107892    0.547708  3.31755 	Dead: 0
3.87702   0.0764907   0.388302  3.31755 	Dead: 0
3.97413   0.106233    0.539291  3.2883  	Dead: 0
3.91959   0.0854834   0.433953  3.2883  	Dead: 0
3.94986   0.0961496   0.4881    3.2883  	Dead: 0
3.92429   0.0870799   0.442058  3.2883  	Dead: 0
3.91554   0.0920429   0.467253  3.2883  	Dead: 0
3.9343    0.087565    0.444521  3.2883  	Dead: 0
3.93046   0.0905303   0.459574  3.2883  	Dead: 0
3.89985   0.0832703   0.422719  3.2883  	Dead: 0
3.98853   0.106697    0.541644  3.2883  	Dead: 0
4.01682   0.107655    0.546507  3.2883  	Dead: 0
3.94281   0.0800936   0.406592  3.2883  	Dead: 0
3.96811   0.0956915   0.485775  3.2883  	Dead: 0
3.90647   0.095218    0.483371  3.2883  	Dead: 0
3.94594   0.0949377   0.481948  3.2883  	Dead: 0
3.97649   0.100327    0.509308  3.22141 	Dead: 0
3.88454   0.0847589   0.430276  3.22141 	Dead: 0
3.96057   0.0921863   0.467981  3.22141 	Dead: 0
3.96449   0.101411    0.514812  3.22141 	Dead: 0
