7.69623   0.130444    0.662194  5.84993 	Dead: 0
5.87974   0.0820722   0.416637  5.08021 	Dead: 0
5.41143   0.0925004   0.469575  4.7496  	Dead: 0
4.99273   0.0776081   0.393975  4.33372 	Dead: 0
4.76291   0.0745199   0.378298  4.18743 	Dead: 0
4.77843   0.0953108   0.483842  4.18743 	Dead: 0
4.66575   0.0895145   0.454417  4.09536 	Dead: 0
4.61264   0.0948963   0.481738  3.93317 	Dead: 0
4.52612   0.072674    0.368927  3.93317 	Dead: 0
4.56207   0.104037    0.528141  3.93317 	Dead: 0
4.55008   0.10681     0.542219  3.93317 	Dead: 0
4.51132   0.105749    0.53683   3.93317 	Dead: 0
4.5466    0.10055     0.510437  3.93317 	Dead: 0
4.56556   0.116113    0.589442  3.93317 	Dead: 0
4.52529   0.102432    0.519994  3.93317 	Dead: 0
4.54559   0.10139     0.514701  3.90834 	Dead: 0
4.48105   0.0980609   0.497803  3.90834 	Dead: 0
4.52796   0.0950436   0.482486  3.90834 	Dead: 0
4.53391   0.0963215   0.488973  3.90834 	Dead: 0
4.45728   0.0755744   0.383651  3.90834 	Dead: 0
4.5072    0.0958623   0.486642  3.90834 	Dead: 0
4.49726   0.090447    0.459151  3.90834 	Dead: 0
4.56653   0.10853     0.55095   3.90834 	Dead: 0
4.51723   0.0953374   0.483977  3.90834 	Dead: 0
4.47626   0.0981667   0.49834   3.90834 	Dead: 0
4.53104   0.101764    0.516599  3.90834 	Dead: 0
4.64353   0.132358    0.671913  3.89452 	Dead: 0
4.5346    0.110728    0.562107  3.89452 	Dead: 0
4.53699   0.105899    0.537594  3.89452 	Dead: 0
4.5008    0.0953029   0.483802  3.89452 	Dead: 0
4.55476   0.105452    0.535323  3.89452 	Dead: 0
4.44966   0.0804361   0.408331  3.88001 	Dead: 0
4.48367   0.107113    0.543755  3.88001 	Dead: 0
4.41681   0.0859047   0.436092  3.88001 	Dead: 0
4.48845   0.100554    0.510459  3.88001 	Dead: 0
4.53804   0.115223    0.584927  3.88001 	Dead: 0
4.52855   0.119785    0.608084  3.88001 	Dead: 0
4.46369   0.0940049   0.477213  3.88001 	Dead: 0
4.51399   0.104533    0.530657  3.88001 	Dead: 0
4.49544   0.099932    0.507301  3.83266 	Dead: 0
4.47198   0.0963995   0.489369  3.83266 	Dead: 0
4.45839   0.10384     0.527139  3.83266 	Dead: 0
4.47309   0.109109    0.553888  3.83266 	Dead: 0
4.47926   0.104582    0.530909  3.83266 	Dead: 0
4.45306   0.092615    0.470157  3.83266 	Dead: 0
4.42088   0.0962039   0.488376  3.83266 	Dead: 0
4.45881   0.105542    0.535781  3.83266 	Dead: 0
4.43582   0.112532    0.571263  3.83266 	Dead: 0
4.41636   0.0997646   0.506452  3.73242 	Dead: 0
4.44238   0.104361    0.529787  3.73242 	Dead: 0
4.35915   0.0978628   0.496797  3.73242 	Dead: 0
4.28498   0.0712942   0.361923  3.73242 	Dead: 0
4.37173   0.0980201   0.497596  3.73242 	Dead: 0
4.36337   0.0949237   0.481877  3.73242 	Dead: 0
4.33226   0.0912055   0.463002  3.73242 	Dead: 0
4.30974   0.0917833   0.465935  3.73242 	Dead: 0
4.36733   0.117272    0.595329  3.73242 	Dead: 0
4.25695   0.0900915   0.457347  3.73242 	Dead: 0
4.28766   0.102145    0.518534  3.65321 	Dead: 0
4.31902   0.095909    0.486879  3.65321 	Dead: 0
4.25523   0.101476    0.515142  3.65321 	Dead: 0
4.21218   0.101392    0.514715  3.65321 	Dead: 0
4.24263   0.0914046   0.464012  3.65321 	Dead: 0
4.21801   0.0863476   0.43834   3.65321 	Dead: 0
4.29733   0.111486    0.565956  3.65321 	Dead: 0
4.22843   0.108941    0.553035  3.65321 	Dead: 0
4.24159   0.111088    0.563933  3.65321 	Dead: 0
4.163     0.0791829   0.40197   3.65321 	Dead: 0
4.22742   0.116959    0.593741  3.57698 	Dead: 0
4.1708    0.108746    0.552045  3.55477 	Dead: 0
4.10028   0.0860125   0.436639  3.53218 	Dead: 0
4.17195   0.103776    0.526813  3.53218 	Dead: 0
4.16442   0.104428    0.530127  3.53218 	Dead: 0
4.11988   0.102441    0.520038  3.53218 	Dead: 0
4.1751    0.0989817   0.502477  3.53218 	Dead: 0
4.21469   0.103666    0.526259  3.53218 	Dead: 0
4.13895   0.0884209   0.448866  3.53218 	Dead: 0
4.19599   0.113148    0.574393  3.53218 	Dead: 0
4.24887   0.128901    0.654361  3.53218 	Dead: 0
4.14549   0.0955061   0.484833  3.53218 	Dead: 0
4.21803   0.134298    0.68176   3.53218 	Dead: 0
4.21961   0.124807    0.633576  3.53218 	Dead: 0
4.10419   0.0871734   0.442533  3.53218 	Dead: 0
4.1458    0.0989687   0.502411  3.53218 	Dead: 0
4.14766   0.111068    0.563832  3.53218 	Dead: 0
4.13403   0.0956916   0.485775  3.53218 	Dead: 0
4.08375   0.0835273   0.424023  3.53218 	Dead: 0
4.07227   0.0828105   0.420385  3.53218 	Dead: 0
4.1299    0.099913    0.507205  3.53218 	Dead: 0
4.071     0.080999    0.411189  3.53218 	Dead: 0
4.11161   0.111244    0.564727  3.53218 	Dead: 0
4.12077   0.105309    0.534599  3.53218 	Dead: 0
4.0859    0.0959985   0.487333  3.53218 	Dead: 0
4.1692    0.107472    0.545578  3.48834 	Dead: 0
4.14313   0.100107    0.508192  3.48834 	Dead: 0
4.10176   0.10877     0.552165  3.48834 	Dead: 0
4.07658   0.0795535   0.403851  3.48834 	Dead: 0
4.14023   0.119081    0.604509  3.48834 	Dead: 0
4.10308   0.0971107   0.492979  3.48834 	Dead: 0
4.14062   0.100878    0.512105  3.48834 	Dead: 0
4.02115   0.0776295   0.394083  3.48834 	Dead: 0
