5.43614   0.135567    0.6882    3.9432  	Dead: 0
3.19916   0.0292956   0.148718  2.94123 	Dead: 0
3.11013   0.0281253   0.142777  2.82013 	Dead: 0
3.07342   0.0341919   0.173574  2.82013 	Dead: 0
3.06323   0.0440375   0.223555  2.78365 	Dead: 0
3.02886   0.0478086   0.242699  2.78365 	Dead: 0
3.03498   0.0462544   0.234809  2.7277  	Dead: 0
3.02107   0.0417818   0.212104  2.7277  	Dead: 0
2.99906   0.0515089   0.261483  2.7277  	Dead: 0
2.95142   0.0431167   0.218881  2.62238 	Dead: 0
2.90774   0.0544148   0.276235  2.62238 	Dead: 0
2.86065   0.0401662   0.203902  2.54385 	Dead: 0
2.82568   0.0296511   0.150523  2.54385 	Dead: 0
2.84918   0.0427058   0.216794  2.54385 	Dead: 0
2.87099   0.0406068   0.206139  2.54385 	Dead: 0
2.85832   0.043329    0.219958  2.54385 	Dead: 0
2.84686   0.0346737   0.17602   2.54385 	Dead: 0
2.85645   0.0379699   0.192753  2.54385 	Dead: 0
2.85061   0.0402843   0.204502  2.54385 	Dead: 0
2.84671   0.0418302   0.21235   2.53749 	Dead: 0
2.85918   0.0621769   0.315639  2.53749 	Dead: 0
2.81597   0.0293136   0.148809  2.53749 	Dead: 0
2.81837   0.0343005   0.174125  2.50509 	Dead: 0
2.87021   0.0482339   0.244858  2.50509 	Dead: 0
2.85146   0.0475861   0.241569  2.50509 	Dead: 0
2.84211   0.0451406   0.229155  2.50509 	Dead: 0
2.8487    0.0429185   0.217874  2.50509 	Dead: 0
2.81638   0.0372272   0.188983  2.50509 	Dead: 0
2.80867   0.0321756   0.163339  2.50509 	Dead: 0
2.84408   0.0488213   0.24784   2.50509 	Dead: 0
2.8327    0.0432575   0.219595  2.50509 	Dead: 0
2.83352   0.0440589   0.223664  2.50509 	Dead: 0
2.83483   0.0502997   0.255345  2.50509 	Dead: 0
2.83692   0.0410888   0.208586  2.50509 	Dead: 0
2.82755   0.0424188   0.215338  2.50509 	Dead: 0
2.84447   0.0511917   0.259873  2.50509 	Dead: 0
2.81588   0.0419326   0.21287   2.50509 	Dead: 0
2.821     0.0482472   0.244925  2.50509 	Dead: 0
2.81647   0.0481136   0.244247  2.50509 	Dead: 0
2.81105   0.051609    0.261991  2.50509 	Dead: 0
2.82199   0.040762    0.206927  2.50509 	Dead: 0
2.83507   0.0495724   0.251653  2.50509 	Dead: 0
2.80904   0.0429816   0.218195  2.50509 	Dead: 0
2.83509   0.0534142   0.271156  2.49971 	Dead: 0
2.80296   0.040644    0.206328  2.4776  	Dead: 0
2.76407   0.0385395   0.195644  2.4776  	Dead: 0
2.79292   0.0424767   0.215631  2.4776  	Dead: 0
2.78692   0.0451985   0.229449  2.4776  	Dead: 0
2.75484   0.0359492   0.182495  2.4776  	Dead: 0
2.7588    0.0415147   0.210748  2.4776  	Dead: 0
2.78875   0.0513953   0.260907  2.43991 	Dead: 0
2.77959   0.0463806   0.235449  2.43991 	Dead: 0
2.78009   0.0402297   0.204225  2.43991 	Dead: 0
2.744     0.0328325   0.166673  2.43991 	Dead: 0
2.78101   0.0449941   0.228411  2.43991 	Dead: 0
2.74641   0.0376951   0.191358  2.43991 	Dead: 0
2.78061   0.0472049   0.239634  2.43991 	Dead: 0
2.7454    0.0385747   0.195823  2.43991 	Dead: 0
2.76464   0.0427906   0.217225  2.39782 	Dead: 0
2.76117   0.0414998   0.210672  2.39782 	Dead: 0
2.77947   0.0636109   0.322919  2.39782 	Dead: 0
2.75928   0.0399926   0.203021  2.39782 	Dead: 0
2.80027   0.0553142   0.280801  2.39782 	Dead: 0
2.78047   0.0558596   0.283569  2.39782 	Dead: 0
2.76139   0.050939    0.25859   2.39782 	Dead: 0
2.73663   0.037263    0.189164  2.39782 	Dead: 0
2.73494   0.0418468   0.212434  2.39782 	Dead: 0
2.7639    0.0650776   0.330364  2.39782 	Dead: 0
2.72564   0.0346711   0.176007  2.39782 	Dead: 0
2.73937   0.0494476   0.251019  2.39782 	Dead: 0
2.74994   0.0422823   0.214645  2.39782 	Dead: 0
2.76018   0.0472836   0.240034  2.39782 	Dead: 0
2.76718   0.0647142   0.328519  2.39782 	Dead: 0
2.75818   0.0559166   0.283859  2.39782 	Dead: 0
2.76589   0.0570817   0.289773  2.39782 	Dead: 0
2.7502    0.0438529   0.222618  2.39782 	Dead: 0
2.74392   0.0557632   0.28308   2.39782 	Dead: 0
2.74441   0.0429284   0.217925  2.39782 	Dead: 0
2.71664   0.0371808   0.188747  2.39782 	Dead: 0
2.75215   0.0450538   0.228714  2.39782 	Dead: 0
2.73968   0.0380816   0.19332   2.39782 	Dead: 0
2.73037   0.0406468   0.206342  2.39782 	Dead: 0
2.74852   0.0528562   0.268322  2.39782 	Dead: 0
2.6988    0.0410426   0.208351  2.39782 	Dead: 0
2.67296   0.0451203   0.229052  2.39782 	Dead: 0
2.71596   0.0417821   0.212106  2.39782 	Dead: 0
2.7121    0.0536447   0.272326  2.39782 	Dead: 0
2.65647   0.0328708   0.166867  2.35916 	Dead: 0
2.65575   0.0361906   0.18372   2.35916 	Dead: 0
2.65297   0.0372136   0.188914  2.35916 	Dead: 0
2.69596   0.0607373   0.308331  2.35916 	Dead: 0
2.667     0.0454518   0.230735  2.35916 	Dead: 0
2.68035   0.0458236   0.232622  2.35916 	Dead: 0
2.64478   0.0402684   0.204421  2.35916 	Dead: 0
2.67673   0.0564938   0.286789  2.35916 	Dead: 0
2.67115   0.0666194   0.338191  2.35916 	Dead: 0
2.66787   0.0522299   0.265143  2.35916 	Dead: 0
2.62583   0.0424074   0.21528   2.35916 	Dead: 0
2.67116   0.0527808   0.26794   2.35681 	Dead: 0
2.63405   0.0404477   0.205331  2.35172 	Dead: 0
2.67106   0.0512239   0.260036  2.35172 	Dead: 0
