7.96063   0.0701154   0.355939  7.26868 	Dead: 0
6.65969   0.0427394   0.216965  6.17036 	Dead: 0
6.2908    0.0397932   0.202009  5.95389 	Dead: 0
6.13573   0.0437137   0.221911  5.84822 	Dead: 0
6.09145   0.0451441   0.229173  5.70558 	Dead: 0
6.08196   0.0505082   0.256403  5.61734 	Dead: 0
5.99824   0.0487316   0.247384  5.61734 	Dead: 0
5.91493   0.0445131   0.225969  5.56162 	Dead: 0
5.81341   0.0506328   0.257036  5.39579 	Dead: 0
5.70659   0.0430099   0.218339  5.28601 	Dead: 0
5.67875   0.050725    0.257504  5.28601 	Dead: 0
5.6439    0.0451025   0.228961  5.28601 	Dead: 0
5.61787   0.0451281   0.229091  5.19374 	Dead: 0
5.62796   0.0513649   0.260752  5.19374 	Dead: 0
5.59546   0.0475842   0.241559  5.19374 	Dead: 0
5.58424   0.0506501   0.257124  5.19374 	Dead: 0
5.58717   0.0530313   0.269212  5.19374 	Dead: 0
5.55153   0.0489353   0.248418  5.1774  	Dead: 0
5.56961   0.0527528   0.267798  5.17114 	Dead: 0
5.53151   0.0501689   0.254681  5.17114 	Dead: 0
5.53957   0.052483    0.266428  5.11221 	Dead: 0
5.5136    0.054432    0.276322  5.11221 	Dead: 0
5.52256   0.0592811   0.300939  5.11221 	Dead: 0
5.50163   0.0517683   0.2628    5.0172  	Dead: 0
5.46462   0.049094    0.249224  5.0172  	Dead: 0
5.34597   0.0491179   0.249345  4.93188 	Dead: 0
5.30498   0.0511434   0.259628  4.87817 	Dead: 0
5.28525   0.0586571   0.297771  4.80971 	Dead: 0
5.23948   0.0551308   0.279869  4.80971 	Dead: 0
5.21363   0.0462      0.234533  4.80971 	Dead: 0
5.24377   0.0588448   0.298724  4.80971 	Dead: 0
5.24907   0.0656737   0.33339   4.74018 	Dead: 0
5.19542   0.0596262   0.302691  4.74018 	Dead: 0
5.20032   0.0570712   0.28972   4.74018 	Dead: 0
5.21492   0.0622606   0.316064  4.74018 	Dead: 0
5.19906   0.058918    0.299095  4.74018 	Dead: 0
5.21262   0.0582804   0.295859  4.74018 	Dead: 0
5.22218   0.0719885   0.365447  4.74018 	Dead: 0
5.19341   0.0603139   0.306181  4.74018 	Dead: 0
5.20721   0.0627394   0.318494  4.74018 	Dead: 0
5.21522   0.05726     0.290679  4.74018 	Dead: 0
5.22042   0.0638378   0.324071  4.74018 	Dead: 0
5.21331   0.0602056   0.305632  4.74018 	Dead: 0
5.21076   0.066412    0.337138  4.74018 	Dead: 0
5.15434   0.0507577   0.25767   4.74018 	Dead: 0
5.14038   0.054443    0.276378  4.73392 	Dead: 0
5.16439   0.0590109   0.299567  4.73392 	Dead: 0
5.17163   0.0618041   0.313746  4.73392 	Dead: 0
5.16716   0.06456     0.327737  4.70173 	Dead: 0
5.1474    0.0540942   0.274608  4.70173 	Dead: 0
5.20432   0.0653781   0.33189   4.70173 	Dead: 0
5.20211   0.0653504   0.331749  4.70173 	Dead: 0
5.18959   0.0683294   0.346872  4.70173 	Dead: 0
5.15751   0.060346    0.306344  4.70173 	Dead: 0
5.12524   0.0593107   0.301089  4.70173 	Dead: 0
5.13051   0.0504963   0.256343  4.70173 	Dead: 0
5.15527   0.0636662   0.3232    4.70173 	Dead: 0
5.15244   0.0605857   0.307561  4.62713 	Dead: 0
5.14939   0.0607671   0.308482  4.62713 	Dead: 0
5.14778   0.0659749   0.334919  4.62713 	Dead: 0
5.12806   0.0542313   0.275304  4.62713 	Dead: 0
5.12636   0.0576183   0.292498  4.59881 	Dead: 0
5.1321    0.0632137   0.320902  4.59881 	Dead: 0
5.11061   0.0606606   0.307941  4.59881 	Dead: 0
5.09542   0.0573267   0.291017  4.59881 	Dead: 0
5.09903   0.0574787   0.291789  4.59881 	Dead: 0
5.10994   0.0628396   0.319003  4.59881 	Dead: 0
5.11609   0.0606641   0.30796   4.59881 	Dead: 0
5.07823   0.0591138   0.300089  4.59881 	Dead: 0
5.13824   0.066358    0.336864  4.59881 	Dead: 0
5.10247   0.0648013   0.328961  4.59881 	Dead: 0
5.10834   0.0597221   0.303177  4.59881 	Dead: 0
5.12912   0.0637082   0.323413  4.59881 	Dead: 0
5.13963   0.0678832   0.344607  4.59881 	Dead: 0
5.1175    0.0589977   0.2995    4.59881 	Dead: 0
5.09532   0.0598096   0.303621  4.59881 	Dead: 0
5.12778   0.0642839   0.326335  4.59881 	Dead: 0
5.13533   0.0730217   0.370692  4.59881 	Dead: 0
5.10909   0.0633709   0.3217    4.59881 	Dead: 0
5.11607   0.061655    0.312989  4.59881 	Dead: 0
5.14077   0.0711088   0.360981  4.59881 	Dead: 0
5.07379   0.0599823   0.304498  4.59881 	Dead: 0
5.09571   0.0577928   0.293383  4.59881 	Dead: 0
5.06515   0.0576121   0.292466  4.59881 	Dead: 0
5.11619   0.07145     0.362714  4.59881 	Dead: 0
5.09848   0.0684539   0.347504  4.59881 	Dead: 0
5.06089   0.0648888   0.329406  4.59881 	Dead: 0
5.07998   0.0632062   0.320864  4.59881 	Dead: 0
5.03363   0.060221    0.30571   4.59881 	Dead: 0
5.08283   0.0684753   0.347613  4.59881 	Dead: 0
5.09812   0.0619781   0.31463   4.59881 	Dead: 0
5.08259   0.0699081   0.354886  4.59881 	Dead: 0
5.10583   0.0652283   0.331129  4.59881 	Dead: 0
5.09596   0.0622359   0.315938  4.59881 	Dead: 0
5.08368   0.061329    0.311335  4.59881 	Dead: 0
5.1415    0.0698083   0.354379  4.59881 	Dead: 0
5.06266   0.0637073   0.323408  4.59881 	Dead: 0
5.08105   0.0752936   0.382225  4.59881 	Dead: 0
5.06137   0.0594542   0.301817  4.59881 	Dead: 0
5.07992   0.0634401   0.322052  4.59881 	Dead: 0
5.0752    0.0635244   0.32248   4.59881 	Dead: 0
