5.13985   0.0883083   0.448294  4.21017 	Dead: 0
4.13659   0.0440621   0.22368   3.72126 	Dead: 0
4.00727   0.0514975   0.261425  3.6846  	Dead: 0
3.83852   0.0454713   0.230833  3.41764 	Dead: 0
3.77248   0.0454754   0.230854  3.33059 	Dead: 0
3.77253   0.0524112   0.266063  3.33059 	Dead: 0
3.75897   0.051912    0.26353   3.33059 	Dead: 0
3.75411   0.0508057   0.257913  3.33059 	Dead: 0
3.7259    0.0454028   0.230486  3.33059 	Dead: 0
3.725     0.0506956   0.257354  3.33059 	Dead: 0
3.7011    0.0494072   0.250814  3.33059 	Dead: 0
3.67916   0.0461893   0.234478  3.33059 	Dead: 0
3.69601   0.0557367   0.282945  3.19695 	Dead: 0
3.72613   0.0626473   0.318027  3.19695 	Dead: 0
3.69464   0.0537581   0.272901  3.19695 	Dead: 0
3.74339   0.0662151   0.336139  3.19695 	Dead: 0
3.70726   0.0493324   0.250434  3.19695 	Dead: 0
3.73302   0.0601695   0.305448  3.19695 	Dead: 0
3.70646   0.0566024   0.28734   3.19695 	Dead: 0
3.726     0.0534818   0.271499  3.19695 	Dead: 0
3.7133    0.0544353   0.276339  3.19695 	Dead: 0
3.70716   0.0583647   0.296287  3.19695 	Dead: 0
3.7241    0.059484    0.301969  3.19695 	Dead: 0
3.69029   0.0508416   0.258096  3.19695 	Dead: 0
3.69579   0.0497289   0.252447  3.19695 	Dead: 0
3.69267   0.0530431   0.269272  3.19695 	Dead: 0
3.71805   0.062286    0.316193  3.19695 	Dead: 0
3.68188   0.0490498   0.248999  3.19695 	Dead: 0
3.686     0.0487315   0.247384  3.19695 	Dead: 0
3.72754   0.0609997   0.309663  3.19695 	Dead: 0
3.72282   0.0583355   0.296138  3.19695 	Dead: 0
3.71088   0.0521911   0.264946  3.19695 	Dead: 0
3.71301   0.058358    0.296252  3.1852  	Dead: 0
3.69916   0.0573652   0.291213  3.1852  	Dead: 0
3.71493   0.0611467   0.310409  3.1852  	Dead: 0
3.67232   0.0545221   0.27678   3.1852  	Dead: 0
3.71023   0.0610463   0.309899  3.1852  	Dead: 0
3.66306   0.0504687   0.256203  3.1852  	Dead: 0
3.69852   0.0555359   0.281926  3.1852  	Dead: 0
3.71507   0.0592719   0.300892  3.1852  	Dead: 0
3.69929   0.0624734   0.317144  3.1852  	Dead: 0
3.6846    0.0557104   0.282812  3.1852  	Dead: 0
3.69469   0.0574236   0.291509  3.1852  	Dead: 0
3.66047   0.050836    0.258067  3.1852  	Dead: 0
3.67272   0.0547069   0.277718  3.1852  	Dead: 0
3.66282   0.0508701   0.25824   3.1852  	Dead: 0
3.66841   0.0529754   0.268928  3.1852  	Dead: 0
3.67935   0.063394    0.321818  3.1852  	Dead: 0
3.62232   0.0491783   0.249652  3.1852  	Dead: 0
3.6538    0.0566862   0.287766  3.1852  	Dead: 0
3.67955   0.0613553   0.311468  3.1852  	Dead: 0
3.64301   0.0570948   0.28984   3.1852  	Dead: 0
3.66625   0.0535461   0.271825  3.1852  	Dead: 0
3.67716   0.0620441   0.314965  3.1852  	Dead: 0
3.66497   0.0634084   0.321891  3.1852  	Dead: 0
3.63704   0.060642    0.307847  3.1852  	Dead: 0
3.62565   0.0569618   0.289164  3.1852  	Dead: 0
3.64072   0.0672163   0.341221  3.1852  	Dead: 0
3.63247   0.051597    0.26193   3.1852  	Dead: 0
3.65068   0.056843    0.288561  3.1852  	Dead: 0
3.62532   0.0473417   0.240328  3.1852  	Dead: 0
3.64797   0.0622601   0.316062  3.1852  	Dead: 0
3.60695   0.0509177   0.258482  3.1852  	Dead: 0
3.62068   0.0551982   0.280212  3.1852  	Dead: 0
3.6262    0.0586462   0.297716  3.1852  	Dead: 0
3.6135    0.0524747   0.266386  3.1852  	Dead: 0
3.58059   0.0478107   0.242709  3.1852  	Dead: 0
3.63217   0.0543831   0.276074  3.1852  	Dead: 0
3.64763   0.0526028   0.267036  3.1852  	Dead: 0
3.58139   0.0439908   0.223318  3.1852  	Dead: 0
3.61299   0.0485872   0.246652  3.1852  	Dead: 0
3.65789   0.0552215   0.28033   3.1852  	Dead: 0
3.62384   0.0544329   0.276327  3.1852  	Dead: 0
3.58388   0.0439191   0.222954  3.1852  	Dead: 0
3.63365   0.0564657   0.286646  3.1852  	Dead: 0
3.64372   0.056033    0.284449  3.1852  	Dead: 0
3.65783   0.0628493   0.319052  3.1852  	Dead: 0
3.64741   0.0662021   0.336073  3.13782 	Dead: 0
3.60227   0.0519554   0.26375   3.13782 	Dead: 0
3.64024   0.0557345   0.282934  3.13782 	Dead: 0
3.61608   0.0561952   0.285273  3.13782 	Dead: 0
3.5821    0.0540893   0.274583  3.13782 	Dead: 0
3.63125   0.0606318   0.307795  3.13782 	Dead: 0
3.61586   0.0576879   0.292851  3.13782 	Dead: 0
3.56329   0.052821    0.268144  3.13782 	Dead: 0
3.58632   0.0558772   0.283659  3.12974 	Dead: 0
3.59946   0.0600116   0.304647  3.12974 	Dead: 0
3.55817   0.0556176   0.282341  3.12974 	Dead: 0
3.56804   0.0593426   0.301251  3.12974 	Dead: 0
3.56023   0.056589    0.287272  3.12974 	Dead: 0
3.51696   0.0467359   0.237253  3.12974 	Dead: 0
3.59114   0.0606903   0.308092  3.12974 	Dead: 0
3.52576   0.0529236   0.268665  3.12342 	Dead: 0
3.55753   0.0566387   0.287525  3.12342 	Dead: 0
3.56562   0.0614225   0.311809  3.12342 	Dead: 0
3.55826   0.0541063   0.274669  3.12342 	Dead: 0
3.52231   0.0501859   0.254767  3.12342 	Dead: 0
3.55326   0.0562833   0.28572   3.12342 	Dead: 0
3.55938   0.055638    0.282445  3.12342 	Dead: 0
3.55535   0.0589679   0.299349  3.12342 	Dead: 0
3.58415   0.0647528   0.328715  3.12342 	Dead: 0
