5.11047   0.0654447   0.332228  4.08217 	Dead: 0
4.4004    0.0825102   0.41886   3.87772 	Dead: 0
4.27443   0.0669857   0.340051  3.76282 	Dead: 0
4.25481   0.0722078   0.366561  3.56231 	Dead: 0
4.18855   0.0638793   0.324281  3.56231 	Dead: 0
4.15562   0.0641251   0.325529  3.56231 	Dead: 0
4.11438   0.0589667   0.299342  3.56231 	Dead: 0
4.10004   0.0682832   0.346637  3.56231 	Dead: 0
4.11076   0.0668025   0.33912   3.43548 	Dead: 0
4.07153   0.0624997   0.317277  3.43548 	Dead: 0
4.09743   0.0599289   0.304227  3.43548 	Dead: 0
4.06374   0.0598358   0.303754  3.43548 	Dead: 0
4.07824   0.0671611   0.340941  3.43548 	Dead: 0
4.05885   0.0614693   0.312047  3.43548 	Dead: 0
4.04744   0.0661324   0.335719  3.43548 	Dead: 0
4.0432    0.0643421   0.32663   3.43548 	Dead: 0
4.03637   0.0548132   0.278257  3.43548 	Dead: 0
4.06098   0.0741383   0.37636   3.43548 	Dead: 0
4.00704   0.0588372   0.298685  3.43548 	Dead: 0
3.98951   0.0643235   0.326536  3.43548 	Dead: 0
3.92008   0.0617673   0.313559  3.43548 	Dead: 0
3.93703   0.0620496   0.314992  3.43548 	Dead: 0
3.95706   0.0685811   0.348149  3.43548 	Dead: 0
3.88453   0.0559712   0.284136  3.43548 	Dead: 0
3.89068   0.0583669   0.296297  3.43548 	Dead: 0
3.87577   0.0616131   0.312777  3.43548 	Dead: 0
3.85991   0.056395    0.286287  3.43548 	Dead: 0
3.89712   0.0673472   0.341886  3.43548 	Dead: 0
3.84776   0.0545844   0.277096  3.43548 	Dead: 0
3.85038   0.0571804   0.290274  3.43548 	Dead: 0
3.87728   0.0631535   0.320597  3.43548 	Dead: 0
3.85794   0.0541367   0.274823  3.43548 	Dead: 0
3.82719   0.0581856   0.295377  3.33315 	Dead: 0
3.86432   0.0694931   0.352779  3.33315 	Dead: 0
3.80786   0.057481    0.2918    3.33315 	Dead: 0
3.80204   0.0616519   0.312974  3.33315 	Dead: 0
3.81497   0.058813    0.298562  3.33315 	Dead: 0
3.73464   0.0497873   0.252744  3.33315 	Dead: 0
3.79761   0.0569452   0.28908   3.30229 	Dead: 0
3.8046    0.0612657   0.311013  3.30229 	Dead: 0
3.76492   0.0593834   0.301458  3.29042 	Dead: 0
3.73449   0.0493439   0.250493  3.29042 	Dead: 0
3.76501   0.0592273   0.300665  3.29042 	Dead: 0
3.73305   0.0550236   0.279325  3.29042 	Dead: 0
3.73551   0.0567567   0.288124  3.29042 	Dead: 0
3.70418   0.0527183   0.267623  3.29042 	Dead: 0
3.72367   0.0529309   0.268702  3.29042 	Dead: 0
3.75174   0.0610407   0.309871  3.29042 	Dead: 0
3.72985   0.0571614   0.290178  3.29042 	Dead: 0
3.72319   0.0592011   0.300533  3.29042 	Dead: 0
3.72627   0.0584623   0.296782  3.29042 	Dead: 0
3.72219   0.0578852   0.293852  3.29042 	Dead: 0
3.69509   0.0544666   0.276498  3.29042 	Dead: 0
3.71907   0.0590298   0.299663  3.29042 	Dead: 0
3.67025   0.0459342   0.233183  3.29042 	Dead: 0
3.70816   0.050393    0.255818  3.29042 	Dead: 0
3.69093   0.0481624   0.244495  3.29042 	Dead: 0
3.72986   0.0536167   0.272183  3.29042 	Dead: 0
3.74452   0.0557792   0.283161  3.29042 	Dead: 0
3.72262   0.0537166   0.272691  3.29042 	Dead: 0
3.71652   0.055663    0.282571  3.29042 	Dead: 0
3.7191    0.0576248   0.292531  3.29042 	Dead: 0
3.74866   0.0649121   0.329524  3.29042 	Dead: 0
3.69453   0.0530609   0.269362  3.29042 	Dead: 0
3.70913   0.0566541   0.287603  3.29042 	Dead: 0
3.70273   0.0581627   0.295261  3.29042 	Dead: 0
3.69872   0.0511441   0.259631  3.29042 	Dead: 0
3.69509   0.0501777   0.254726  3.29042 	Dead: 0
3.68815   0.053803    0.273129  3.29042 	Dead: 0
3.69635   0.0548422   0.278405  3.24245 	Dead: 0
3.74026   0.0590915   0.299976  3.24245 	Dead: 0
3.75578   0.0628714   0.319165  3.24245 	Dead: 0
3.7178    0.0579511   0.294187  3.24245 	Dead: 0
3.72107   0.0496119   0.251853  3.24245 	Dead: 0
3.71025   0.0548315   0.27835   3.24245 	Dead: 0
3.73274   0.0558331   0.283435  3.24245 	Dead: 0
3.72852   0.054893    0.278662  3.24245 	Dead: 0
3.72489   0.0613744   0.311565  3.24245 	Dead: 0
3.7128    0.0530982   0.269551  3.24245 	Dead: 0
3.71859   0.0608324   0.308813  3.24245 	Dead: 0
3.71503   0.0552819   0.280637  3.24245 	Dead: 0
3.69811   0.0524139   0.266077  3.24245 	Dead: 0
3.72283   0.0545953   0.277151  3.24245 	Dead: 0
3.71789   0.0547837   0.278107  3.24245 	Dead: 0
3.73016   0.0596394   0.302757  3.24245 	Dead: 0
3.71458   0.0512528   0.260183  3.24245 	Dead: 0
3.71722   0.0520952   0.26446   3.24245 	Dead: 0
3.7189    0.05555     0.281998  3.24245 	Dead: 0
3.7042    0.0520901   0.264434  3.24245 	Dead: 0
3.7261    0.0625546   0.317556  3.24245 	Dead: 0
3.7141    0.0580819   0.294851  3.24245 	Dead: 0
3.73376   0.0650208   0.330076  3.24245 	Dead: 0
3.69287   0.05422     0.275246  3.24245 	Dead: 0
3.71748   0.0612259   0.310811  3.24245 	Dead: 0
3.73404   0.0642054   0.325937  3.24245 	Dead: 0
3.6841    0.0551958   0.2802    3.24245 	Dead: 0
3.73506   0.0595471   0.302289  3.24245 	Dead: 0
3.69029   0.0536916   0.272563  3.24245 	Dead: 0
3.70385   0.0605414   0.307337  3.24245 	Dead: 0
3.72155   0.0574479   0.291632  3.24245 	Dead: 0
3.68477   0.0541907   0.275097  3.24245 	Dead: 0
