6.997     0.119485    0.60656   5.59041 	Dead: 0
5.3299    0.0499582   0.253611  4.7393  	Dead: 0
5.16602   0.0554747   0.281616  4.59488 	Dead: 0
4.97759   0.0566972   0.287821  4.29564 	Dead: 0
4.824     0.0550216   0.279315  4.29564 	Dead: 0
4.6821    0.0480511   0.24393   4.29564 	Dead: 0
4.64475   0.0536407   0.272305  4.23571 	Dead: 0
4.59899   0.0487186   0.247318  4.13215 	Dead: 0
4.5933    0.0570854   0.289792  4.13215 	Dead: 0
4.55522   0.0549303   0.278852  4.10375 	Dead: 0
4.57299   0.0518926   0.263431  4.10375 	Dead: 0
4.56693   0.0575978   0.292393  4.10375 	Dead: 0
4.53884   0.0575874   0.292341  4.10375 	Dead: 0
4.54025   0.0531819   0.269976  4.10375 	Dead: 0
4.57193   0.0608807   0.309059  4.10375 	Dead: 0
4.55705   0.0587246   0.298114  4.10375 	Dead: 0
4.56678   0.0571649   0.290196  4.04685 	Dead: 0
4.57071   0.0574037   0.291408  4.04685 	Dead: 0
4.53844   0.0571448   0.290094  4.04685 	Dead: 0
4.56784   0.0619874   0.314677  4.04685 	Dead: 0
4.53354   0.0576566   0.292692  4.04685 	Dead: 0
4.51319   0.0523262   0.265632  4.04685 	Dead: 0
4.51185   0.0546119   0.277236  4.04685 	Dead: 0
4.51093   0.0567765   0.288224  4.03253 	Dead: 0
4.54592   0.0612231   0.310797  4.03253 	Dead: 0
4.535     0.0598221   0.303685  4.03253 	Dead: 0
4.53921   0.0600144   0.304661  4.03253 	Dead: 0
4.52575   0.0603888   0.306562  4.03253 	Dead: 0
4.55952   0.062326    0.316396  4.03253 	Dead: 0
4.52701   0.0585197   0.297073  4.03253 	Dead: 0
4.5469    0.0686089   0.348291  4.03253 	Dead: 0
4.52938   0.0625958   0.317765  4.03253 	Dead: 0
4.54419   0.0630256   0.319947  4.03253 	Dead: 0
4.53883   0.0618143   0.313798  4.03253 	Dead: 0
4.54612   0.0713102   0.362004  3.95566 	Dead: 0
4.49622   0.0625037   0.317298  3.95566 	Dead: 0
4.48833   0.0564498   0.286565  3.95566 	Dead: 0
4.48616   0.0571648   0.290195  3.95566 	Dead: 0
4.45749   0.0528689   0.268387  3.95566 	Dead: 0
4.42181   0.0546345   0.27735   3.95566 	Dead: 0
4.46089   0.0613521   0.311452  3.95566 	Dead: 0
4.42142   0.062308    0.316304  3.95566 	Dead: 0
4.44177   0.054561    0.276977  3.95566 	Dead: 0
4.39285   0.0506044   0.256892  3.92683 	Dead: 0
4.43001   0.0583277   0.296099  3.92683 	Dead: 0
4.40226   0.0583408   0.296165  3.92683 	Dead: 0
4.42456   0.0602753   0.305986  3.92683 	Dead: 0
4.37369   0.0536092   0.272145  3.92683 	Dead: 0
4.34995   0.0504077   0.255893  3.92683 	Dead: 0
4.36898   0.0569621   0.289166  3.92683 	Dead: 0
4.38149   0.0551741   0.280089  3.92683 	Dead: 0
4.37315   0.0537617   0.27292   3.92683 	Dead: 0
4.32996   0.0545826   0.277087  3.92683 	Dead: 0
4.37723   0.0597048   0.30309   3.92683 	Dead: 0
4.31362   0.0549273   0.278837  3.92683 	Dead: 0
4.35194   0.0542881   0.275592  3.92683 	Dead: 0
4.35008   0.0626228   0.317903  3.89091 	Dead: 0
4.35752   0.0567971   0.288329  3.89091 	Dead: 0
4.36751   0.0602475   0.305844  3.89091 	Dead: 0
4.35825   0.0623373   0.316453  3.87832 	Dead: 0
4.34401   0.0570578   0.289652  3.87832 	Dead: 0
4.32243   0.0529519   0.268808  3.87832 	Dead: 0
4.35647   0.0599726   0.304449  3.87832 	Dead: 0
4.3047    0.051027    0.259037  3.87832 	Dead: 0
4.34859   0.0581288   0.295089  3.87832 	Dead: 0
4.3077    0.0556243   0.282375  3.8459  	Dead: 0
4.31971   0.0567744   0.288213  3.8459  	Dead: 0
4.33246   0.0590505   0.299768  3.8459  	Dead: 0
4.32657   0.0525983   0.267013  3.8459  	Dead: 0
4.39188   0.0625462   0.317514  3.8459  	Dead: 0
4.33034   0.0557731   0.28313   3.8459  	Dead: 0
4.3405    0.0544393   0.276359  3.8459  	Dead: 0
4.31394   0.0535089   0.271636  3.8459  	Dead: 0
4.33935   0.0592029   0.300542  3.8459  	Dead: 0
4.31442   0.0513984   0.260922  3.8459  	Dead: 0
4.33855   0.0535773   0.271984  3.8459  	Dead: 0
4.31725   0.0584539   0.296739  3.8459  	Dead: 0
4.30703   0.0523674   0.265841  3.8459  	Dead: 0
4.28591   0.0502384   0.255034  3.8459  	Dead: 0
4.27137   0.0547464   0.277918  3.8459  	Dead: 0
4.31856   0.0576322   0.292568  3.8459  	Dead: 0
4.28527   0.0596794   0.30296   3.8459  	Dead: 0
4.2981    0.0551353   0.279892  3.8459  	Dead: 0
4.27658   0.057348    0.291125  3.81264 	Dead: 0
4.31617   0.0561237   0.28491   3.81264 	Dead: 0
4.29434   0.0624923   0.31724   3.76361 	Dead: 0
4.24753   0.0560649   0.284611  3.76361 	Dead: 0
4.26973   0.058074    0.294811  3.76361 	Dead: 0
4.23021   0.0581122   0.295005  3.76361 	Dead: 0
4.22289   0.0585126   0.297037  3.76361 	Dead: 0
4.24951   0.0618543   0.314002  3.76361 	Dead: 0
4.23021   0.0677372   0.343866  3.76361 	Dead: 0
4.20421   0.0613886   0.311637  3.76361 	Dead: 0
4.23973   0.0600263   0.304722  3.76361 	Dead: 0
4.21054   0.0592013   0.300534  3.76361 	Dead: 0
4.2196    0.058519    0.29707   3.76361 	Dead: 0
4.21438   0.0572395   0.290574  3.76361 	Dead: 0
4.24095   0.0581385   0.295138  3.76361 	Dead: 0
4.21375   0.0668536   0.33938   3.76361 	Dead: 0
4.19987   0.0601216   0.305205  3.76361 	Dead: 0
4.19935   0.059269    0.300877  3.76361 	Dead: 0
