7.13722   0.128113    0.650363  5.71853 	Dead: 0
5.28116   0.0654976   0.332497  4.698   	Dead: 0
5.08854   0.0749898   0.380683  4.55638 	Dead: 0
4.98999   0.071369    0.362303  4.39496 	Dead: 0
4.88905   0.0684682   0.347577  4.36885 	Dead: 0
4.80668   0.0784034   0.398012  4.35118 	Dead: 0
4.64708   0.0639364   0.324571  4.21703 	Dead: 0
4.58388   0.072762    0.369374  4.10483 	Dead: 0
4.33879   0.0731852   0.371522  3.61056 	Dead: 0
3.95721   0.0662313   0.336221  3.51805 	Dead: 0
3.85954   0.0684637   0.347554  3.44328 	Dead: 0
3.89747   0.0833643   0.423196  3.33118 	Dead: 0
3.89034   0.0858468   0.435799  3.33118 	Dead: 0
3.80055   0.0643868   0.326858  3.33118 	Dead: 0
3.8173    0.0732484   0.371843  3.33118 	Dead: 0
3.85264   0.0744305   0.377844  3.33118 	Dead: 0
3.86883   0.0816643   0.414566  3.33118 	Dead: 0
3.83127   0.0817938   0.415223  3.33118 	Dead: 0
3.87326   0.0938796   0.476577  3.33118 	Dead: 0
3.86067   0.0892689   0.453171  3.25134 	Dead: 0
3.79546   0.0775868   0.393867  3.25134 	Dead: 0
3.7245    0.0784191   0.398092  3.25134 	Dead: 0
3.70146   0.0764894   0.388296  3.24418 	Dead: 0
3.66801   0.0749907   0.380688  3.19749 	Dead: 0
3.68044   0.0694759   0.352692  3.19749 	Dead: 0
3.63797   0.0661159   0.335635  3.19749 	Dead: 0
3.65715   0.0764159   0.387923  3.19749 	Dead: 0
3.64284   0.0911586   0.462764  3.19749 	Dead: 0
3.58565   0.0682652   0.346546  3.10634 	Dead: 0
3.63982   0.07636     0.387639  3.10634 	Dead: 0
3.6654    0.0850564   0.431786  3.10634 	Dead: 0
3.62451   0.0858392   0.43576   3.10634 	Dead: 0
3.63239   0.0838192   0.425505  3.10634 	Dead: 0
3.62903   0.0811722   0.412068  3.10634 	Dead: 0
3.63756   0.0975617   0.495268  3.10634 	Dead: 0
3.5862    0.0723663   0.367365  3.10634 	Dead: 0
3.62009   0.0835684   0.424232  3.10634 	Dead: 0
3.55068   0.0647534   0.328718  3.10634 	Dead: 0
3.61227   0.0910938   0.462435  3.10533 	Dead: 0
3.57291   0.0713725   0.36232   3.10533 	Dead: 0
3.62814   0.0881448   0.447464  3.10533 	Dead: 0
3.58766   0.0784349   0.398172  3.10533 	Dead: 0
3.56815   0.0764139   0.387913  3.10533 	Dead: 0
3.56551   0.0725452   0.368273  3.10533 	Dead: 0
3.66213   0.0950323   0.482428  3.10533 	Dead: 0
3.56546   0.0724547   0.367814  3.10533 	Dead: 0
3.58797   0.0786186   0.399105  3.10533 	Dead: 0
3.60888   0.0987006   0.50105   3.10533 	Dead: 0
3.5921    0.0722205   0.366625  3.10533 	Dead: 0
3.58438   0.0831297   0.422005  3.10533 	Dead: 0
3.58737   0.0729427   0.370291  3.10533 	Dead: 0
3.64824   0.0983737   0.499391  3.10533 	Dead: 0
3.55565   0.0728871   0.370009  3.10533 	Dead: 0
3.57346   0.0768144   0.389946  3.10533 	Dead: 0
3.59427   0.0895454   0.454574  3.10533 	Dead: 0
3.59396   0.0763479   0.387578  3.10533 	Dead: 0
3.59546   0.0756628   0.384099  3.10533 	Dead: 0
3.55804   0.0726524   0.368818  3.10533 	Dead: 0
3.55677   0.070254    0.356642  3.10533 	Dead: 0
3.61028   0.0850455   0.431731  3.10533 	Dead: 0
3.6458    0.0927436   0.47081   3.10533 	Dead: 0
3.55096   0.0675094   0.342709  3.10533 	Dead: 0
3.58578   0.080473    0.408518  3.10533 	Dead: 0
3.63281   0.0916522   0.465269  2.98694 	Dead: 0
3.5953    0.0785019   0.398512  2.98694 	Dead: 0
3.5907    0.0868393   0.440837  2.98694 	Dead: 0
3.61458   0.0829694   0.421191  2.98694 	Dead: 0
3.53362   0.0722895   0.366975  2.98694 	Dead: 0
3.52974   0.0682517   0.346478  2.98694 	Dead: 0
3.53428   0.0755984   0.383773  2.98694 	Dead: 0
3.50119   0.0692961   0.351779  2.98694 	Dead: 0
3.60573   0.0949112   0.481814  2.98694 	Dead: 0
3.50512   0.0720204   0.365609  2.98694 	Dead: 0
3.53406   0.0773125   0.392474  2.98694 	Dead: 0
3.52152   0.0696497   0.353574  2.98694 	Dead: 0
3.52779   0.0758116   0.384855  2.98694 	Dead: 0
3.47077   0.0582364   0.295635  2.98694 	Dead: 0
3.52546   0.067393    0.342118  2.98694 	Dead: 0
3.50806   0.0833791   0.423271  2.98694 	Dead: 0
3.54561   0.0914491   0.464238  2.98694 	Dead: 0
3.49021   0.0728374   0.369757  2.98694 	Dead: 0
3.55449   0.0888041   0.450811  2.98694 	Dead: 0
3.57896   0.097443    0.494666  2.98694 	Dead: 0
3.50743   0.0770615   0.3912    2.98694 	Dead: 0
3.51642   0.0771727   0.391765  2.98694 	Dead: 0
3.46258   0.0731318   0.371251  2.98694 	Dead: 0
3.52473   0.0852703   0.432872  2.98694 	Dead: 0
3.53649   0.0885821   0.449684  2.98694 	Dead: 0
3.50952   0.0717845   0.364411  2.98694 	Dead: 0
3.53336   0.0801227   0.40674   2.98694 	Dead: 0
3.49944   0.0939922   0.477148  2.98694 	Dead: 0
3.47211   0.0695772   0.353207  2.98694 	Dead: 0
3.51644   0.0980499   0.497747  2.98694 	Dead: 0
3.53395   0.0827476   0.420066  2.98694 	Dead: 0
3.57088   0.0942788   0.478603  2.98694 	Dead: 0
3.5339    0.089583    0.454765  2.98694 	Dead: 0
3.46561   0.0689387   0.349965  2.98694 	Dead: 0
3.48309   0.0755419   0.383486  2.98694 	Dead: 0
3.54396   0.0943118   0.47877   2.98694 	Dead: 0
3.42593   0.0638234   0.323998  2.98694 	Dead: 0
3.49      0.0805925   0.409125  2.98694 	Dead: 0
