7.09068   0.132562    0.672945  5.65049 	Dead: 0
5.1395    0.0596799   0.302963  4.58656 	Dead: 0
4.85203   0.0679485   0.344938  4.22514 	Dead: 0
4.72644   0.076807    0.389908  4.02819 	Dead: 0
4.7014    0.0807732   0.410043  4.02819 	Dead: 0
4.64819   0.082025    0.416397  4.02819 	Dead: 0
4.63178   0.0846572   0.429759  4.02819 	Dead: 0
4.65497   0.0862526   0.437859  4.02819 	Dead: 0
4.61927   0.085148    0.432251  3.96615 	Dead: 0
4.59318   0.0843076   0.427985  3.95307 	Dead: 0
4.5632    0.0866945   0.440102  3.95307 	Dead: 0
4.63891   0.0896535   0.455123  3.95307 	Dead: 0
4.58463   0.0877961   0.445694  3.95307 	Dead: 0
4.49286   0.0774314   0.393078  3.95307 	Dead: 0
4.50421   0.0819407   0.415969  3.93359 	Dead: 0
4.49594   0.0791538   0.401821  3.8176  	Dead: 0
4.47915   0.089469    0.454187  3.8176  	Dead: 0
4.43328   0.0827307   0.41998   3.8176  	Dead: 0
4.51473   0.090916    0.461532  3.8176  	Dead: 0
4.4212    0.0802153   0.40721   3.8176  	Dead: 0
4.37388   0.0751977   0.381739  3.8176  	Dead: 0
4.39017   0.0810382   0.411388  3.8176  	Dead: 0
4.36326   0.0801638   0.406949  3.8176  	Dead: 0
4.3465    0.0746559   0.378988  3.8176  	Dead: 0
4.43495   0.0900105   0.456935  3.8176  	Dead: 0
4.3742    0.0775674   0.393768  3.8176  	Dead: 0
4.40596   0.0859144   0.436141  3.8176  	Dead: 0
4.38047   0.0994189   0.504697  3.68116 	Dead: 0
4.34813   0.0813573   0.413008  3.68116 	Dead: 0
4.32727   0.0861242   0.437207  3.68116 	Dead: 0
4.36512   0.0891241   0.452435  3.68116 	Dead: 0
4.30712   0.084262    0.427753  3.68116 	Dead: 0
4.28949   0.0830515   0.421608  3.68116 	Dead: 0
4.28617   0.0809948   0.411167  3.68116 	Dead: 0
4.28296   0.0787671   0.399859  3.68116 	Dead: 0
4.36181   0.0926539   0.470354  3.68116 	Dead: 0
4.31822   0.0827615   0.420136  3.68116 	Dead: 0
4.30967   0.08691     0.441196  3.68116 	Dead: 0
4.27972   0.0825054   0.418836  3.68116 	Dead: 0
4.30843   0.0970027   0.492431  3.68116 	Dead: 0
4.24479   0.083445    0.423606  3.68116 	Dead: 0
4.27859   0.0905725   0.459788  3.68116 	Dead: 0
4.20105   0.0783849   0.397918  3.68116 	Dead: 0
4.2087    0.0787559   0.399802  3.68116 	Dead: 0
4.1785    0.0835851   0.424317  3.68116 	Dead: 0
4.24536   0.0841445   0.427157  3.68116 	Dead: 0
4.23432   0.085134    0.43218   3.68116 	Dead: 0
4.23098   0.0892761   0.453207  3.68116 	Dead: 0
4.24595   0.0910274   0.462097  3.607   	Dead: 0
4.21218   0.088649    0.450023  3.607   	Dead: 0
4.22204   0.0826436   0.419538  3.607   	Dead: 0
4.25071   0.088934    0.451471  3.607   	Dead: 0
4.1596    0.0922633   0.468372  3.56809 	Dead: 0
4.01068   0.122241    0.620555  3.26375 	Dead: 0
3.95449   0.133759    0.679024  3.19054 	Dead: 0
4.05791   0.130793    0.663967  3.13927 	Dead: 0
4.05399   0.13631     0.691971  3.13927 	Dead: 0
3.95396   0.131121    0.665633  3.13927 	Dead: 0
3.97268   0.142186    0.7218    3.13927 	Dead: 0
3.91021   0.127379    0.646633  3.13927 	Dead: 0
3.97468   0.13466     0.683595  3.13927 	Dead: 0
3.89742   0.118461    0.601363  3.13927 	Dead: 0
3.94999   0.117547    0.596723  3.13927 	Dead: 0
4.04426   0.132621    0.673248  3.13927 	Dead: 0
3.82213   0.116728    0.592564  3.13927 	Dead: 0
3.87171   0.123587    0.627387  3.13469 	Dead: 0
3.96386   0.139504    0.708189  3.13469 	Dead: 0
3.83708   0.12289     0.623845  3.13469 	Dead: 0
3.96588   0.139151    0.706396  3.13469 	Dead: 0
3.9795    0.133632    0.678378  3.13469 	Dead: 0
3.76714   0.11093     0.563134  3.13469 	Dead: 0
3.88191   0.125653    0.637872  3.13469 	Dead: 0
3.90869   0.133471    0.677559  3.13469 	Dead: 0
3.7436    0.111364    0.565337  3.13469 	Dead: 0
3.85861   0.128197    0.650788  3.13469 	Dead: 0
3.83      0.118505    0.601585  3.13469 	Dead: 0
3.77712   0.117555    0.596766  3.13469 	Dead: 0
3.78581   0.12725     0.645979  3.13469 	Dead: 0
3.79593   0.112818    0.572715  3.13469 	Dead: 0
3.72379   0.111635    0.566712  3.13469 	Dead: 0
3.79661   0.123816    0.628549  3.13469 	Dead: 0
3.73533   0.119298    0.605611  3.13469 	Dead: 0
3.79647   0.124567    0.632359  3.13469 	Dead: 0
3.84872   0.131206    0.666063  3.08505 	Dead: 0
3.76749   0.125048    0.634804  3.08505 	Dead: 0
3.76965   0.124939    0.634251  3.08505 	Dead: 0
3.65571   0.105995    0.538081  3.08505 	Dead: 0
3.74441   0.116957    0.593728  3.08505 	Dead: 0
3.68133   0.110201    0.55943   3.04202 	Dead: 0
3.77788   0.127018    0.644801  3.04202 	Dead: 0
3.6867    0.118761    0.602887  3.04202 	Dead: 0
3.65544   0.123831    0.628622  3.04202 	Dead: 0
3.71046   0.114214    0.579802  3.04202 	Dead: 0
3.67348   0.115534    0.586505  3.04202 	Dead: 0
3.67617   0.112391    0.570549  3.04202 	Dead: 0
3.79158   0.142248    0.722116  3.04202 	Dead: 0
3.72715   0.122345    0.621079  3.04202 	Dead: 0
3.65599   0.114153    0.579492  3.04202 	Dead: 0
3.7364    0.118805    0.603109  3.04202 	Dead: 0
3.67532   0.116473    0.59127   3.04202 	Dead: 0
3.83491   0.139777    0.709572  3.04202 	Dead: 0
