5.54499   0.122051    0.61959   4.11812 	Dead: 0
3.6018    0.0418402   0.2124    3.18701 	Dead: 0
3.34975   0.0484201   0.245803  2.87534 	Dead: 0
3.28726   0.0405943   0.206075  2.87534 	Dead: 0
3.26461   0.0448703   0.227782  2.87534 	Dead: 0
3.24221   0.0464287   0.235694  2.87534 	Dead: 0
3.25194   0.0460687   0.233866  2.79499 	Dead: 0
3.22914   0.0459258   0.233141  2.79499 	Dead: 0
3.24054   0.0483218   0.245304  2.77764 	Dead: 0
3.19673   0.0464728   0.235918  2.77764 	Dead: 0
3.22398   0.0520018   0.263986  2.77764 	Dead: 0
3.20038   0.0482731   0.245057  2.77167 	Dead: 0
3.15802   0.0475358   0.241314  2.76127 	Dead: 0
3.13086   0.041078    0.208531  2.76127 	Dead: 0
3.16936   0.0492206   0.249867  2.76127 	Dead: 0
3.14888   0.0479066   0.243196  2.76127 	Dead: 0
3.10455   0.0449583   0.22823   2.71978 	Dead: 0
3.10947   0.0457569   0.232284  2.71978 	Dead: 0
3.11892   0.0478547   0.242933  2.71978 	Dead: 0
3.12426   0.050269    0.255189  2.71978 	Dead: 0
3.13072   0.0504481   0.256098  2.71978 	Dead: 0
3.12096   0.0509767   0.258782  2.71978 	Dead: 0
3.11194   0.0499245   0.25344   2.71978 	Dead: 0
3.08943   0.0484129   0.245766  2.71978 	Dead: 0
3.09864   0.051596    0.261926  2.69669 	Dead: 0
3.08026   0.0462284   0.234677  2.6764  	Dead: 0
3.09245   0.048144    0.244401  2.6764  	Dead: 0
3.07633   0.0485707   0.246567  2.6764  	Dead: 0
3.09162   0.0520153   0.264054  2.6764  	Dead: 0
3.06687   0.04557     0.231335  2.6764  	Dead: 0
3.06904   0.0502992   0.255342  2.5945  	Dead: 0
3.05505   0.0511479   0.259651  2.5945  	Dead: 0
3.03674   0.0475827   0.241552  2.5945  	Dead: 0
3.02277   0.0483972   0.245687  2.5945  	Dead: 0
3.01301   0.0456702   0.231843  2.5945  	Dead: 0
3.03137   0.0498643   0.253135  2.5945  	Dead: 0
3.01946   0.0478528   0.242923  2.5945  	Dead: 0
3.00136   0.0429913   0.218244  2.5945  	Dead: 0
2.98866   0.0406049   0.206129  2.5945  	Dead: 0
2.98103   0.0459877   0.233455  2.58494 	Dead: 0
2.99297   0.050135    0.254509  2.58494 	Dead: 0
2.97971   0.0428654   0.217605  2.58494 	Dead: 0
2.95503   0.042931    0.217938  2.58494 	Dead: 0
3.0154    0.0492381   0.249956  2.58494 	Dead: 0
2.95833   0.0447627   0.227236  2.58494 	Dead: 0
2.98273   0.0525727   0.266884  2.58494 	Dead: 0
2.95967   0.0476802   0.242047  2.55731 	Dead: 0
2.94314   0.0475324   0.241296  2.55731 	Dead: 0
2.95099   0.0506262   0.257002  2.55731 	Dead: 0
2.92952   0.0430861   0.218725  2.55731 	Dead: 0
2.93131   0.0471619   0.239416  2.55731 	Dead: 0
2.9448    0.0489611   0.248549  2.55731 	Dead: 0
2.96723   0.0504843   0.256282  2.55731 	Dead: 0
2.91231   0.0408353   0.207299  2.47919 	Dead: 0
2.94305   0.0474661   0.24096   2.47919 	Dead: 0
2.94122   0.0465621   0.236371  2.47919 	Dead: 0
2.94104   0.0458296   0.232652  2.47919 	Dead: 0
2.88432   0.0419168   0.212789  2.47919 	Dead: 0
2.91618   0.0445316   0.226063  2.47919 	Dead: 0
2.91523   0.0526049   0.267047  2.47919 	Dead: 0
2.88012   0.0441536   0.224144  2.47919 	Dead: 0
2.90517   0.0437886   0.222291  2.47919 	Dead: 0
2.87714   0.0466675   0.236906  2.47919 	Dead: 0
2.85171   0.0423702   0.215091  2.47919 	Dead: 0
2.86928   0.0483532   0.245463  2.47919 	Dead: 0
2.86582   0.0427934   0.217239  2.47919 	Dead: 0
2.85027   0.0447005   0.226921  2.47919 	Dead: 0
2.87153   0.0457527   0.232262  2.47919 	Dead: 0
2.84989   0.0473778   0.240512  2.47919 	Dead: 0
2.83624   0.0449457   0.228165  2.44911 	Dead: 0
2.82147   0.039256    0.199282  2.44911 	Dead: 0
2.79462   0.0393519   0.199768  2.44911 	Dead: 0
2.76324   0.0395477   0.200762  2.44911 	Dead: 0
2.75107   0.041856    0.212481  2.3262  	Dead: 0
2.68815   0.0367202   0.186409  2.3262  	Dead: 0
2.6728    0.0360231   0.18287   2.3262  	Dead: 0
2.68502   0.037672    0.191241  2.3262  	Dead: 0
2.6603    0.0393995   0.20001   2.3262  	Dead: 0
2.66085   0.043693    0.221806  2.3262  	Dead: 0
2.62834   0.0369107   0.187376  2.3262  	Dead: 0
2.64529   0.037103    0.188352  2.3262  	Dead: 0
2.62311   0.0383544   0.194705  2.3262  	Dead: 0
2.59261   0.0361667   0.183599  2.3262  	Dead: 0
2.60403   0.0425237   0.21587   2.3262  	Dead: 0
2.58699   0.0381141   0.193485  2.27544 	Dead: 0
2.5977    0.0364743   0.18516   2.27544 	Dead: 0
2.59115   0.0378745   0.192268  2.27544 	Dead: 0
2.59197   0.0380473   0.193146  2.24778 	Dead: 0
2.59292   0.0432835   0.219727  2.24778 	Dead: 0
2.59774   0.0387625   0.196776  2.24778 	Dead: 0
2.6208    0.0426688   0.216607  2.24778 	Dead: 0
2.56595   0.0340321   0.172763  2.24778 	Dead: 0
2.59479   0.0408579   0.207414  2.24778 	Dead: 0
2.5778    0.0383241   0.194551  2.24778 	Dead: 0
2.59834   0.0392837   0.199423  2.24778 	Dead: 0
2.57105   0.0376325   0.19104   2.24778 	Dead: 0
2.58682   0.0397074   0.201574  2.24778 	Dead: 0
2.58931   0.0393714   0.199868  2.24778 	Dead: 0
2.59354   0.0390874   0.198426  2.24778 	Dead: 0
2.58323   0.0416388   0.211378  2.24778 	Dead: 0
2.58042   0.0389982   0.197973  2.24778 	Dead: 0
