8.81831   0.064879    0.329356  8.20304 	Dead: 0
7.83992   0.0329518   0.167279  7.38392 	Dead: 0
7.69813   0.0432082   0.219345  7.1846  	Dead: 0
7.51179   0.0398149   0.202119  7.09442 	Dead: 0
7.37916   0.0351736   0.178558  7.09089 	Dead: 0
7.24417   0.032235    0.16364   6.96705 	Dead: 0
7.09333   0.0354561   0.179992  6.74794 	Dead: 0
7.00619   0.0377337   0.191554  6.61469 	Dead: 0
6.83414   0.0323796   0.164374  6.45895 	Dead: 0
6.79894   0.0391141   0.198561  6.43525 	Dead: 0
6.78147   0.042273    0.214597  6.43525 	Dead: 0
6.78736   0.0426865   0.216697  6.43525 	Dead: 0
6.74892   0.0448661   0.227761  6.38043 	Dead: 0
6.71424   0.0389214   0.197583  6.38043 	Dead: 0
6.68724   0.0406786   0.206503  6.37276 	Dead: 0
6.64865   0.0423417   0.214946  6.29086 	Dead: 0
6.58533   0.0393933   0.199979  6.22044 	Dead: 0
6.55528   0.0385699   0.195799  6.21139 	Dead: 0
6.49728   0.0417635   0.212011  6.16552 	Dead: 0
6.46325   0.0389583   0.197771  6.02356 	Dead: 0
6.42453   0.0410213   0.208243  6.02227 	Dead: 0
6.34173   0.034136    0.17329   6.02227 	Dead: 0
6.29413   0.0383322   0.194592  5.93179 	Dead: 0
6.27235   0.0429311   0.217938  5.92844 	Dead: 0
6.2371    0.042673    0.216628  5.84329 	Dead: 0
6.25302   0.0470904   0.239053  5.84329 	Dead: 0
6.17478   0.0439551   0.223136  5.84329 	Dead: 0
6.14708   0.0411716   0.209006  5.84329 	Dead: 0
6.14852   0.0469763   0.238474  5.84329 	Dead: 0
6.12376   0.0492678   0.250106  5.73577 	Dead: 0
6.1236    0.0492561   0.250047  5.73577 	Dead: 0
6.06847   0.0456582   0.231782  5.66785 	Dead: 0
6.04582   0.0462856   0.234967  5.59963 	Dead: 0
6.01538   0.0405437   0.205819  5.59963 	Dead: 0
6.01595   0.0494796   0.251182  5.59963 	Dead: 0
5.97776   0.0458672   0.232844  5.59963 	Dead: 0
5.98493   0.0437591   0.222142  5.59963 	Dead: 0
6.01106   0.0494581   0.251072  5.59963 	Dead: 0
6.0009    0.050272    0.255204  5.59963 	Dead: 0
5.97227   0.0503407   0.255553  5.59963 	Dead: 0
5.9561    0.044635    0.226588  5.58555 	Dead: 0
5.93612   0.0430992   0.218791  5.58555 	Dead: 0
5.94048   0.046042    0.233731  5.5485  	Dead: 0
5.92844   0.0494593   0.251078  5.5485  	Dead: 0
5.89817   0.0462647   0.234861  5.49127 	Dead: 0
5.89683   0.045306    0.229995  5.49127 	Dead: 0
5.90548   0.0495655   0.251617  5.49092 	Dead: 0
5.91129   0.0493279   0.250412  5.49092 	Dead: 0
5.88236   0.0442197   0.22448   5.49092 	Dead: 0
5.90345   0.0484194   0.245799  5.49092 	Dead: 0
5.89987   0.0487025   0.247237  5.49092 	Dead: 0
5.88234   0.0448019   0.227435  5.49092 	Dead: 0
5.86555   0.0439324   0.223021  5.49092 	Dead: 0
5.88708   0.0487235   0.247343  5.49092 	Dead: 0
5.89737   0.0535415   0.271802  5.49092 	Dead: 0
5.88459   0.0486734   0.247089  5.46491 	Dead: 0
5.8429    0.0464994   0.236053  5.46491 	Dead: 0
5.8692    0.0549411   0.278907  5.46491 	Dead: 0
5.87052   0.05067     0.257225  5.46491 	Dead: 0
5.80202   0.0419526   0.212971  5.46491 	Dead: 0
5.82706   0.0455845   0.231408  5.46491 	Dead: 0
5.84847   0.0514571   0.26122   5.46491 	Dead: 0
5.80505   0.0483169   0.245279  5.41334 	Dead: 0
5.7696    0.0450756   0.228825  5.41334 	Dead: 0
5.75793   0.0519337   0.26364   5.38924 	Dead: 0
5.74635   0.0485361   0.246392  5.38924 	Dead: 0
5.75121   0.0482325   0.244851  5.33212 	Dead: 0
5.76428   0.0522475   0.265233  5.33212 	Dead: 0
5.73666   0.0499788   0.253716  5.33212 	Dead: 0
5.73026   0.0496519   0.252056  5.33212 	Dead: 0
5.73389   0.0527618   0.267843  5.33212 	Dead: 0
5.72103   0.0495325   0.25145   5.33212 	Dead: 0
5.7172    0.0495215   0.251394  5.33212 	Dead: 0
5.72275   0.0486392   0.246915  5.33212 	Dead: 0
5.73212   0.0516394   0.262146  5.33212 	Dead: 0
5.73267   0.0510958   0.259386  5.21508 	Dead: 0
5.67523   0.0443348   0.225064  5.21508 	Dead: 0
5.67949   0.051899    0.263463  5.21508 	Dead: 0
5.69198   0.0491504   0.249511  5.21508 	Dead: 0
5.68462   0.0546798   0.27758   5.21508 	Dead: 0
5.68993   0.0500837   0.254248  5.21508 	Dead: 0
5.67073   0.0526163   0.267105  5.21508 	Dead: 0
5.67235   0.0548848   0.278621  5.21508 	Dead: 0
5.66596   0.0560348   0.284459  5.21508 	Dead: 0
5.65636   0.0541207   0.274742  5.21508 	Dead: 0
5.62574   0.0496315   0.251953  5.21508 	Dead: 0
5.60751   0.0442418   0.224592  5.21508 	Dead: 0
5.63121   0.0592236   0.300647  5.21508 	Dead: 0
5.62428   0.0508681   0.25823   5.21508 	Dead: 0
5.58108   0.0507429   0.257594  5.16504 	Dead: 0
5.5719    0.0544735   0.276533  5.16504 	Dead: 0
5.55868   0.0512216   0.260025  5.13365 	Dead: 0
5.55937   0.0535074   0.271629  5.13365 	Dead: 0
5.53702   0.0501783   0.254729  5.13365 	Dead: 0
5.55149   0.0509212   0.2585    5.13365 	Dead: 0
5.57491   0.0560546   0.284559  5.13365 	Dead: 0
5.55183   0.0570294   0.289508  5.13365 	Dead: 0
5.57209   0.0576928   0.292875  5.01745 	Dead: 0
5.55513   0.0616291   0.312858  5.01745 	Dead: 0
5.53663   0.056976    0.289237  5.01745 	Dead: 0
5.55347   0.0639592   0.324687  5.01745 	Dead: 0
