8.11968   0.213831    1.08551   4.78321 	Dead: 0
3.20499   0.044292    0.224847  2.78008 	Dead: 0
3.12016   0.0482981   0.245183  2.76088 	Dead: 0
3.0637    0.061409    0.311741  2.61957 	Dead: 0
3.05062   0.071081    0.36084   2.61957 	Dead: 0
3.01768   0.0657397   0.333725  2.57497 	Dead: 0
2.98527   0.0774085   0.392962  2.48826 	Dead: 0
2.95789   0.0657306   0.333679  2.48826 	Dead: 0
2.98979   0.0755792   0.383675  2.48826 	Dead: 0
2.93207   0.062643    0.318005  2.48826 	Dead: 0
2.94034   0.0606433   0.307854  2.48826 	Dead: 0
2.95291   0.0708678   0.359758  2.48826 	Dead: 0
2.93984   0.0614896   0.31215   2.48826 	Dead: 0
2.96317   0.0697053   0.353857  2.35269 	Dead: 0
2.92491   0.0674856   0.342588  2.35269 	Dead: 0
2.91732   0.0657208   0.33363   2.35269 	Dead: 0
2.92192   0.0667937   0.339076  2.35269 	Dead: 0
2.89339   0.0684466   0.347467  2.35269 	Dead: 0
2.92402   0.0676828   0.34359   2.35269 	Dead: 0
2.86242   0.0581366   0.295129  2.35269 	Dead: 0
2.87019   0.0635738   0.32273   2.35269 	Dead: 0
2.83838   0.0619133   0.314301  2.35269 	Dead: 0
2.90513   0.0668797   0.339512  2.35269 	Dead: 0
2.85747   0.0635329   0.322523  2.35269 	Dead: 0
2.8987    0.0788162   0.400108  2.35269 	Dead: 0
2.88732   0.0690413   0.350486  2.35269 	Dead: 0
2.82066   0.0559865   0.284214  2.35269 	Dead: 0
2.80919   0.0634298   0.321999  2.35269 	Dead: 0
2.87012   0.0818838   0.415681  2.35269 	Dead: 0
2.80712   0.0642384   0.326104  2.35269 	Dead: 0
2.7661    0.0577368   0.293099  2.35269 	Dead: 0
2.77934   0.0637272   0.323509  2.33182 	Dead: 0
2.81035   0.0657262   0.333657  2.33182 	Dead: 0
2.76528   0.0573429   0.2911    2.33182 	Dead: 0
2.81866   0.0733547   0.372383  2.33182 	Dead: 0
2.75443   0.054031    0.274286  2.33182 	Dead: 0
2.75658   0.0590273   0.29965   2.33182 	Dead: 0
2.83004   0.075248    0.381994  2.33182 	Dead: 0
2.76526   0.0792935   0.402531  2.33182 	Dead: 0
2.8039    0.0719728   0.365368  2.33182 	Dead: 0
2.76123   0.0727327   0.369225  2.33182 	Dead: 0
2.7743    0.0749068   0.380262  2.33182 	Dead: 0
2.76358   0.0668873   0.339551  2.33182 	Dead: 0
2.75632   0.0649935   0.329937  2.25453 	Dead: 0
2.71463   0.0581773   0.295335  2.25453 	Dead: 0
2.75389   0.0674654   0.342486  2.25453 	Dead: 0
2.74652   0.0768857   0.390308  2.25453 	Dead: 0
2.71843   0.064407    0.32696   2.25453 	Dead: 0
2.74753   0.0640725   0.325262  2.25453 	Dead: 0
2.73854   0.068974    0.350144  2.25453 	Dead: 0
2.71946   0.0707171   0.358993  2.25453 	Dead: 0
2.71264   0.0612327   0.310846  2.25453 	Dead: 0
2.68839   0.062751    0.318554  2.24048 	Dead: 0
2.69204   0.0615147   0.312277  2.24048 	Dead: 0
2.64735   0.0609038   0.309176  2.24048 	Dead: 0
2.70236   0.0805205   0.40876   2.1847  	Dead: 0
2.67129   0.0698027   0.354351  2.1847  	Dead: 0
2.64275   0.0540458   0.274362  2.1847  	Dead: 0
2.68124   0.0653201   0.331595  2.1847  	Dead: 0
2.67791   0.0707495   0.359157  2.1847  	Dead: 0
2.66271   0.0616529   0.312979  2.1847  	Dead: 0
2.64843   0.0601266   0.30523   2.1847  	Dead: 0
2.69376   0.067485    0.342585  2.1847  	Dead: 0
2.63946   0.0569056   0.288879  2.1847  	Dead: 0
2.68056   0.0617077   0.313257  2.1847  	Dead: 0
2.6904    0.0697779   0.354225  2.1847  	Dead: 0
2.69172   0.0670831   0.340545  2.1847  	Dead: 0
2.65444   0.0592586   0.300824  2.1847  	Dead: 0
2.61492   0.0577792   0.293314  2.1847  	Dead: 0
2.67558   0.0627742   0.318671  2.1847  	Dead: 0
2.654     0.0603701   0.306467  2.1847  	Dead: 0
2.61419   0.0576883   0.292853  2.1847  	Dead: 0
2.63102   0.0684536   0.347502  2.13681 	Dead: 0
2.624     0.0637659   0.323705  2.13681 	Dead: 0
2.56536   0.0606299   0.307786  2.13681 	Dead: 0
2.65695   0.0826294   0.419465  2.13681 	Dead: 0
2.53393   0.0524068   0.266042  2.13492 	Dead: 0
2.53294   0.0610479   0.309908  2.09492 	Dead: 0
2.53557   0.0662476   0.336304  2.06398 	Dead: 0
2.52131   0.0606517   0.307896  2.06398 	Dead: 0
2.51153   0.0622965   0.316246  2.06398 	Dead: 0
2.53066   0.0662469   0.3363    2.06398 	Dead: 0
2.48319   0.0573707   0.29124   2.06398 	Dead: 0
2.52814   0.0700634   0.355675  2.06398 	Dead: 0
2.47443   0.0558397   0.283469  2.06398 	Dead: 0
2.52742   0.0738915   0.375108  2.06398 	Dead: 0
2.47016   0.0580326   0.294601  2.06398 	Dead: 0
2.48867   0.0607661   0.308477  2.06398 	Dead: 0
2.48911   0.0565758   0.287205  2.06398 	Dead: 0
2.49414   0.0651142   0.33055   2.06398 	Dead: 0
2.46631   0.0589151   0.299081  2.06398 	Dead: 0
2.4995    0.0710407   0.360636  2.06398 	Dead: 0
2.48786   0.0718578   0.364784  2.06398 	Dead: 0
2.46408   0.0602873   0.306046  2.06398 	Dead: 0
2.44204   0.0542647   0.275473  2.06398 	Dead: 0
2.48054   0.0693041   0.35182   2.06398 	Dead: 0
2.49354   0.0635014   0.322363  2.06398 	Dead: 0
2.48009   0.0737333   0.374304  2.06398 	Dead: 0
2.45804   0.0611496   0.310424  2.06398 	Dead: 0
2.43779   0.0673195   0.341745  2.06398 	Dead: 0
2.43368   0.057676    0.29279   2.06398 	Dead: 0
