8.17257   0.206164    1.04659   5.315   	Dead: 0
3.19774   0.0518168   0.263046  2.56837 	Dead: 0
2.95565   0.0519649   0.263798  2.54897 	Dead: 0
2.81531   0.0500631   0.254143  2.44527 	Dead: 0
2.74176   0.041016    0.208216  2.40529 	Dead: 0
2.72989   0.0422295   0.214376  2.39314 	Dead: 0
2.7224    0.043856    0.222634  2.39314 	Dead: 0
2.69958   0.0447513   0.227179  2.30204 	Dead: 0
2.68767   0.0543246   0.275777  2.30204 	Dead: 0
2.66523   0.0484342   0.245874  2.30204 	Dead: 0
2.65856   0.0445722   0.226269  2.30204 	Dead: 0
2.6471    0.0468213   0.237687  2.30204 	Dead: 0
2.59829   0.0372948   0.189326  2.28404 	Dead: 0
2.60187   0.0417072   0.211725  2.27152 	Dead: 0
2.59972   0.0415327   0.21084   2.27152 	Dead: 0
2.58291   0.0391974   0.198984  2.27152 	Dead: 0
2.6215    0.0451982   0.229447  2.27152 	Dead: 0
2.59501   0.0402056   0.204102  2.27152 	Dead: 0
2.59714   0.0409098   0.207677  2.27152 	Dead: 0
2.60589   0.0465676   0.236399  2.27152 	Dead: 0
2.58263   0.0443798   0.225293  2.13974 	Dead: 0
2.60649   0.0494341   0.250951  2.13974 	Dead: 0
2.59935   0.0474969   0.241116  2.13974 	Dead: 0
2.6048    0.0451488   0.229196  2.13974 	Dead: 0
2.5845    0.0420971   0.213704  2.13974 	Dead: 0
2.59143   0.0444873   0.225838  2.13974 	Dead: 0
2.58754   0.0461236   0.234145  2.13974 	Dead: 0
2.61258   0.0462021   0.234543  2.13974 	Dead: 0
2.59768   0.0458181   0.232594  2.13974 	Dead: 0
2.57237   0.0449584   0.22823   2.13974 	Dead: 0
2.58229   0.0455539   0.231253  2.13974 	Dead: 0
2.57147   0.043212    0.219364  2.13974 	Dead: 0
2.57087   0.0462398   0.234735  2.13974 	Dead: 0
2.57706   0.0475553   0.241413  2.13974 	Dead: 0
2.5939    0.04927     0.250117  2.13974 	Dead: 0
2.5702    0.0436838   0.22176   2.13974 	Dead: 0
2.53377   0.0410977   0.208631  2.13974 	Dead: 0
2.54973   0.0463974   0.235535  2.13974 	Dead: 0
2.49954   0.041212    0.209212  2.13974 	Dead: 0
2.5307    0.0438931   0.222822  2.13974 	Dead: 0
2.54446   0.0456497   0.231739  2.13974 	Dead: 0
2.52308   0.0450471   0.22868   2.13974 	Dead: 0
2.52099   0.0476853   0.242073  2.13974 	Dead: 0
2.51486   0.0479669   0.243503  2.10365 	Dead: 0
2.48457   0.0404244   0.205213  2.10365 	Dead: 0
2.52531   0.0479268   0.243299  2.10365 	Dead: 0
2.51572   0.0471433   0.239321  2.10365 	Dead: 0
2.48633   0.0445126   0.225967  2.10365 	Dead: 0
2.46579   0.0427253   0.216893  2.10365 	Dead: 0
2.50725   0.0497292   0.252449  2.10365 	Dead: 0
2.48174   0.0455075   0.231017  2.10365 	Dead: 0
2.44744   0.043678    0.22173   2.10365 	Dead: 0
2.45932   0.0412159   0.209231  2.10365 	Dead: 0
2.48163   0.0467382   0.237265  2.10365 	Dead: 0
2.48507   0.0502142   0.254911  2.10365 	Dead: 0
2.46056   0.0430674   0.21863   2.10365 	Dead: 0
2.45882   0.0427078   0.216805  2.10365 	Dead: 0
2.48143   0.0500488   0.254071  2.10365 	Dead: 0
2.44163   0.0385629   0.195763  2.10365 	Dead: 0
2.4903    0.0507114   0.257435  2.10365 	Dead: 0
2.45666   0.0466735   0.236937  2.10365 	Dead: 0
2.49479   0.049459    0.251077  2.10365 	Dead: 0
2.48643   0.0474077   0.240664  2.10365 	Dead: 0
2.48623   0.0467272   0.237209  2.10365 	Dead: 0
2.48318   0.0526231   0.26714   2.09122 	Dead: 0
2.46257   0.0427606   0.217073  2.09122 	Dead: 0
2.45638   0.0392931   0.19947   2.09122 	Dead: 0
2.50292   0.0540664   0.274466  2.07481 	Dead: 0
2.46817   0.0455858   0.231415  2.07481 	Dead: 0
2.48795   0.0500294   0.253973  2.07481 	Dead: 0
2.46277   0.0476261   0.241772  2.07481 	Dead: 0
2.49214   0.0530597   0.269356  2.07481 	Dead: 0
2.46758   0.0460503   0.233773  2.07481 	Dead: 0
2.47626   0.0508213   0.257993  2.07481 	Dead: 0
2.4946    0.0531094   0.269608  2.07481 	Dead: 0
2.47655   0.0468686   0.237927  2.07481 	Dead: 0
2.45552   0.0443638   0.225211  2.07481 	Dead: 0
2.458     0.0500436   0.254044  2.07481 	Dead: 0
2.47632   0.0509353   0.258571  2.07481 	Dead: 0
2.46771   0.0438618   0.222663  2.07481 	Dead: 0
2.47642   0.0511359   0.25959   2.07481 	Dead: 0
2.45537   0.0421812   0.214131  2.07481 	Dead: 0
2.48765   0.0506537   0.257142  2.07481 	Dead: 0
2.47944   0.0503238   0.255467  2.07481 	Dead: 0
2.47619   0.0516742   0.262322  2.07481 	Dead: 0
2.4696    0.0502457   0.255071  2.07481 	Dead: 0
2.47375   0.0589581   0.299299  2.07481 	Dead: 0
2.48108   0.0526251   0.26715   2.07481 	Dead: 0
2.46242   0.0438533   0.22262   2.07481 	Dead: 0
2.46371   0.0436107   0.221388  2.07481 	Dead: 0
2.44711   0.0436733   0.221706  2.07481 	Dead: 0
2.47763   0.0458427   0.232719  2.07481 	Dead: 0
2.48349   0.0531386   0.269756  2.07481 	Dead: 0
2.48751   0.0486979   0.247213  2.07481 	Dead: 0
2.44989   0.0430004   0.21829   2.07481 	Dead: 0
2.46205   0.0455846   0.231409  2.07481 	Dead: 0
2.46598   0.0506525   0.257136  2.07481 	Dead: 0
2.45941   0.0473318   0.240278  2.07481 	Dead: 0
2.44189   0.0464689   0.235898  2.07481 	Dead: 0
2.45153   0.0415489   0.210921  2.07481 	Dead: 0
2.4624    0.0470094   0.238641  2.07481 	Dead: 0
