6.82748   0.088509    0.449313  5.38975 	Dead: 0
4.58537   0.0589471   0.299243  4.00371 	Dead: 0
4.32057   0.0609944   0.309636  3.67297 	Dead: 0
4.22271   0.0713697   0.362306  3.67297 	Dead: 0
4.08006   0.0631462   0.32056   3.62599 	Dead: 0
3.98719   0.0611675   0.310515  3.49963 	Dead: 0
3.94008   0.0684743   0.347608  3.39649 	Dead: 0
3.89108   0.0622315   0.315916  3.38532 	Dead: 0
3.8342    0.0600488   0.304836  3.35876 	Dead: 0
3.81945   0.0548606   0.278498  3.35876 	Dead: 0
3.85244   0.059761    0.303375  3.35876 	Dead: 0
3.8662    0.0646461   0.328174  3.30687 	Dead: 0
3.84743   0.0644057   0.326953  3.30687 	Dead: 0
3.81537   0.0634396   0.322049  3.30424 	Dead: 0
3.77704   0.0636322   0.323027  3.30424 	Dead: 0
3.78208   0.0645656   0.327765  3.29782 	Dead: 0
3.72381   0.0547683   0.27803   3.29782 	Dead: 0
3.79016   0.0643801   0.326823  3.29782 	Dead: 0
3.73947   0.0544368   0.276347  3.29782 	Dead: 0
3.71722   0.060187    0.305537  3.20746 	Dead: 0
3.69401   0.0576844   0.292833  3.20746 	Dead: 0
3.69345   0.0599134   0.304148  3.20746 	Dead: 0
3.69311   0.0551497   0.279966  3.20746 	Dead: 0
3.68562   0.0583359   0.29614   3.20746 	Dead: 0
3.69636   0.0609964   0.309646  3.20746 	Dead: 0
3.64424   0.057786    0.293349  3.19366 	Dead: 0
3.68647   0.0602804   0.306012  3.19366 	Dead: 0
3.67101   0.0594038   0.301561  3.19366 	Dead: 0
3.66886   0.0626189   0.317883  3.08936 	Dead: 0
3.66196   0.0592517   0.300789  3.08936 	Dead: 0
3.64108   0.0579662   0.294264  3.08936 	Dead: 0
3.6874    0.0628378   0.318994  3.08936 	Dead: 0
3.65228   0.0624576   0.317064  3.08936 	Dead: 0
3.67164   0.0624968   0.317263  3.08936 	Dead: 0
3.66368   0.0627676   0.318637  3.08936 	Dead: 0
3.65526   0.0630165   0.319901  3.08936 	Dead: 0
3.65115   0.0669935   0.34009   3.08936 	Dead: 0
3.62491   0.0601663   0.305432  3.08936 	Dead: 0
3.62788   0.0617179   0.313309  3.08936 	Dead: 0
3.60758   0.0627283   0.318438  3.08936 	Dead: 0
3.6097    0.0556437   0.282473  3.08936 	Dead: 0
3.59966   0.0580966   0.294925  3.08936 	Dead: 0
3.63808   0.0613744   0.311565  3.08936 	Dead: 0
3.59273   0.0544547   0.276438  3.08936 	Dead: 0
3.59078   0.0578819   0.293836  3.08936 	Dead: 0
3.66188   0.0662049   0.336087  3.08936 	Dead: 0
3.59909   0.0554515   0.281497  3.08936 	Dead: 0
3.577     0.0540492   0.274379  3.08936 	Dead: 0
3.66427   0.0691898   0.35124   3.08936 	Dead: 0
3.64456   0.0634624   0.322165  3.08936 	Dead: 0
3.58066   0.0561056   0.284818  3.08936 	Dead: 0
3.63122   0.0638282   0.324022  3.08936 	Dead: 0
3.62263   0.0598831   0.303994  3.08936 	Dead: 0
3.57197   0.0559005   0.283777  3.08936 	Dead: 0
3.622     0.0669764   0.340004  3.08936 	Dead: 0
3.62155   0.0634721   0.322214  3.08936 	Dead: 0
3.59182   0.0596535   0.302829  3.08936 	Dead: 0
3.62898   0.0612444   0.310905  3.08936 	Dead: 0
3.61546   0.0621885   0.315698  3.08936 	Dead: 0
3.61299   0.0650929   0.330442  3.08936 	Dead: 0
3.59699   0.0639238   0.324507  3.08936 	Dead: 0
3.58976   0.0635787   0.322755  3.08936 	Dead: 0
3.59561   0.0618471   0.313965  3.08936 	Dead: 0
3.58188   0.0609853   0.30959   3.08936 	Dead: 0
3.56597   0.0558167   0.283352  3.08936 	Dead: 0
3.63899   0.0667958   0.339087  3.08936 	Dead: 0
3.60549   0.0640456   0.325125  3.08936 	Dead: 0
3.61174   0.0645993   0.327936  3.08936 	Dead: 0
3.55507   0.0570737   0.289733  3.07003 	Dead: 0
3.63406   0.0684      0.34723   3.07003 	Dead: 0
3.59278   0.0603046   0.306134  3.07003 	Dead: 0
3.55809   0.0577438   0.293134  3.07003 	Dead: 0
3.61365   0.0658856   0.334466  3.07003 	Dead: 0
3.60982   0.0682351   0.346393  3.07003 	Dead: 0
3.55656   0.0570204   0.289462  2.9445  	Dead: 0
3.53016   0.0570981   0.289857  2.9445  	Dead: 0
3.59114   0.0605217   0.307237  2.9445  	Dead: 0
3.59444   0.0676211   0.343276  2.9445  	Dead: 0
3.56152   0.0614663   0.312032  2.9445  	Dead: 0
3.55677   0.0586165   0.297565  2.9445  	Dead: 0
3.57345   0.0629965   0.3198    2.9445  	Dead: 0
3.57781   0.0589603   0.29931   2.9445  	Dead: 0
3.59032   0.0636123   0.322926  2.9445  	Dead: 0
3.53965   0.0608103   0.308702  2.9445  	Dead: 0
3.57366   0.062475    0.317152  2.9445  	Dead: 0
3.56576   0.0607324   0.308306  2.9445  	Dead: 0
3.56565   0.0645449   0.32766   2.9445  	Dead: 0
3.60334   0.0687985   0.349253  2.9445  	Dead: 0
3.57039   0.0617951   0.313701  2.9445  	Dead: 0
3.54502   0.0544474   0.2764    2.9445  	Dead: 0
3.58684   0.0599364   0.304265  2.9445  	Dead: 0
3.60159   0.0658736   0.334405  2.9445  	Dead: 0
3.62173   0.0681378   0.345899  2.9445  	Dead: 0
3.55724   0.061064    0.309989  2.9445  	Dead: 0
3.59665   0.0633429   0.321558  2.9445  	Dead: 0
3.577     0.0614597   0.311998  2.9445  	Dead: 0
3.56076   0.0577159   0.292993  2.9445  	Dead: 0
3.57562   0.058384    0.296384  2.9445  	Dead: 0
3.59153   0.0632716   0.321196  2.9445  	Dead: 0
3.59276   0.0629351   0.319488  2.9445  	Dead: 0
3.57862   0.062677    0.318178  2.9445  	Dead: 0
