9.53186   0.0653641   0.331819  8.75233 	Dead: 0
8.61318   0.0530237   0.269173  8.04123 	Dead: 0
8.24527   0.0469293   0.238235  7.84058 	Dead: 0
8.11799   0.0535163   0.271673  7.66176 	Dead: 0
8.05658   0.0578213   0.293528  7.66176 	Dead: 0
8.03181   0.0619748   0.314613  7.53186 	Dead: 0
8.00178   0.0575107   0.291951  7.53186 	Dead: 0
7.94976   0.0602936   0.306078  7.45276 	Dead: 0
7.91507   0.0595135   0.302118  7.3635  	Dead: 0
7.9358    0.074101    0.376171  7.3635  	Dead: 0
7.92648   0.0653431   0.331712  7.3635  	Dead: 0
7.87731   0.0595776   0.302444  7.3635  	Dead: 0
7.88993   0.0722155   0.3666    7.31105 	Dead: 0
7.90625   0.0711509   0.361195  7.31105 	Dead: 0
7.85857   0.0661097   0.335603  7.31105 	Dead: 0
7.86239   0.0696892   0.353775  7.31105 	Dead: 0
7.86458   0.069146    0.351017  7.22859 	Dead: 0
7.85968   0.067779    0.344078  7.22859 	Dead: 0
7.87852   0.0647856   0.328882  7.22859 	Dead: 0
7.87769   0.0688033   0.349278  7.22859 	Dead: 0
7.91172   0.0767216   0.389474  7.22859 	Dead: 0
7.87131   0.0700051   0.355378  7.22859 	Dead: 0
7.86671   0.0674745   0.342532  7.22859 	Dead: 0
7.84278   0.061909    0.314279  7.22859 	Dead: 0
7.86237   0.069657    0.353611  7.22859 	Dead: 0
7.83909   0.0702182   0.35646   7.22859 	Dead: 0
7.88094   0.0764219   0.387953  7.22859 	Dead: 0
7.82339   0.0672134   0.341206  7.22859 	Dead: 0
7.83622   0.0680092   0.345246  7.22859 	Dead: 0
7.87231   0.0783215   0.397597  7.22859 	Dead: 0
7.85003   0.069943    0.355063  7.22859 	Dead: 0
7.86189   0.0727896   0.369514  7.22859 	Dead: 0
7.81793   0.0703859   0.357312  7.22859 	Dead: 0
7.82765   0.0690396   0.350477  7.22859 	Dead: 0
7.84971   0.0731816   0.371504  7.22859 	Dead: 0
7.88781   0.0761476   0.386561  7.22859 	Dead: 0
7.83863   0.0712215   0.361554  7.19744 	Dead: 0
7.79945   0.065665    0.333346  7.19744 	Dead: 0
7.84999   0.0813159   0.412797  7.12119 	Dead: 0
7.77941   0.0696411   0.353531  7.12119 	Dead: 0
7.82308   0.072879    0.369968  7.12119 	Dead: 0
7.87843   0.0786182   0.399102  7.12119 	Dead: 0
7.80168   0.0688702   0.349617  7.12119 	Dead: 0
7.85289   0.0778709   0.395309  7.12119 	Dead: 0
7.83475   0.0761805   0.386728  7.12119 	Dead: 0
7.83021   0.0770063   0.39092   7.12119 	Dead: 0
7.79994   0.070894    0.359891  7.12119 	Dead: 0
7.79901   0.074709    0.379258  7.12119 	Dead: 0
7.83382   0.0797603   0.404901  7.12119 	Dead: 0
7.81182   0.0759286   0.385449  7.12119 	Dead: 0
7.82108   0.0786878   0.399456  7.12119 	Dead: 0
7.80658   0.0823805   0.418202  7.12119 	Dead: 0
7.80798   0.0779515   0.395718  7.12119 	Dead: 0
7.80248   0.0783208   0.397593  7.12119 	Dead: 0
7.77902   0.0724615   0.367849  7.12119 	Dead: 0
7.80086   0.0693958   0.352285  7.12119 	Dead: 0
7.81505   0.074473    0.378059  7.12119 	Dead: 0
7.82196   0.0761628   0.386638  7.12119 	Dead: 0
7.80105   0.0700878   0.355798  7.12119 	Dead: 0
7.87303   0.0837333   0.425069  7.12119 	Dead: 0
7.80569   0.0720249   0.365632  7.12119 	Dead: 0
7.74244   0.070314    0.356946  7.12119 	Dead: 0
7.79617   0.0813861   0.413154  7.12119 	Dead: 0
7.81303   0.077072    0.391253  7.11278 	Dead: 0
7.78633   0.0761558   0.386602  7.11278 	Dead: 0
7.79698   0.0762434   0.387047  7.11278 	Dead: 0
7.84487   0.0867389   0.440327  7.11278 	Dead: 0
7.77251   0.0735683   0.373467  7.11278 	Dead: 0
7.79114   0.0764513   0.388102  7.11278 	Dead: 0
7.7942    0.0703263   0.357009  7.11278 	Dead: 0
7.81438   0.0824752   0.418683  7.11278 	Dead: 0
7.78615   0.0750444   0.380961  7.11278 	Dead: 0
7.77087   0.0731832   0.371512  7.11278 	Dead: 0
7.80098   0.083549    0.424133  7.11278 	Dead: 0
7.78837   0.0747327   0.379378  7.11278 	Dead: 0
7.75475   0.0737282   0.374279  7.07491 	Dead: 0
7.75613   0.076675    0.389238  7.07491 	Dead: 0
7.74595   0.0792241   0.402179  7.07491 	Dead: 0
7.74332   0.0724163   0.367619  7.07491 	Dead: 0
7.77661   0.0824891   0.418753  7.07491 	Dead: 0
7.74631   0.0711716   0.3613    7.07491 	Dead: 0
7.77751   0.0791736   0.401922  7.07491 	Dead: 0
7.74363   0.0810324   0.411358  7.07491 	Dead: 0
7.75877   0.0736415   0.373839  7.07491 	Dead: 0
7.76359   0.077575    0.393807  7.07491 	Dead: 0
7.72956   0.0724682   0.367882  7.07491 	Dead: 0
7.76812   0.079071    0.401401  7.07491 	Dead: 0
7.74385   0.0771007   0.391399  7.07491 	Dead: 0
7.79539   0.0801308   0.406781  7.07491 	Dead: 0
7.75035   0.0718459   0.364723  7.07491 	Dead: 0
7.77987   0.0753432   0.382477  7.07491 	Dead: 0
7.74278   0.072628    0.368694  7.07491 	Dead: 0
7.73165   0.0741305   0.376321  7.07491 	Dead: 0
7.74732   0.0798036   0.40512   7.05706 	Dead: 0
7.73969   0.078905    0.400558  7.05706 	Dead: 0
7.6786    0.0707958   0.359393  7.05706 	Dead: 0
7.73387   0.0783276   0.397627  7.05706 	Dead: 0
7.74309   0.0785326   0.398668  7.05706 	Dead: 0
7.75845   0.0820496   0.416522  7.05706 	Dead: 0
7.77349   0.0798479   0.405345  7.05706 	Dead: 0
7.76759   0.0888545   0.451067  7.05706 	Dead: 0
