9.53914   0.0627496   0.318546  8.75708 	Dead: 0
8.51042   0.0451176   0.229038  8.0602  	Dead: 0
8.35174   0.0492603   0.250068  7.8347  	Dead: 0
8.26824   0.0501173   0.254419  7.81801 	Dead: 0
8.26683   0.0568557   0.288626  7.8102  	Dead: 0
8.23586   0.0593829   0.301455  7.77245 	Dead: 0
8.22946   0.0681304   0.345862  7.7271  	Dead: 0
8.21061   0.0609521   0.309421  7.69822 	Dead: 0
8.16985   0.0595107   0.302104  7.56969 	Dead: 0
8.18592   0.0650382   0.330164  7.56969 	Dead: 0
8.15302   0.0664057   0.337106  7.41864 	Dead: 0
8.11812   0.0653407   0.3317    7.41864 	Dead: 0
8.07378   0.064469    0.327275  7.41864 	Dead: 0
8.08617   0.0596994   0.303062  7.41864 	Dead: 0
8.06289   0.0636621   0.323178  7.41864 	Dead: 0
8.05681   0.06302     0.319919  7.41864 	Dead: 0
8.0443    0.0679767   0.345082  7.41864 	Dead: 0
8.05754   0.0701707   0.356219  7.38068 	Dead: 0
8.02814   0.067137    0.340819  7.38068 	Dead: 0
7.97828   0.0560777   0.284676  7.38068 	Dead: 0
8.01245   0.0640206   0.324998  7.38068 	Dead: 0
8.02058   0.0648835   0.329379  7.38068 	Dead: 0
7.98434   0.0680886   0.34565   7.38068 	Dead: 0
8.01494   0.0692886   0.351741  7.38068 	Dead: 0
7.94114   0.0619208   0.314339  7.38068 	Dead: 0
7.97381   0.0718709   0.36485   7.35666 	Dead: 0
7.86805   0.0732124   0.37166   7.26345 	Dead: 0
7.67235   0.0626514   0.318048  6.99596 	Dead: 0
7.65916   0.076686    0.389294  6.99596 	Dead: 0
7.57791   0.0708955   0.359899  6.99596 	Dead: 0
7.57215   0.0691161   0.350866  6.83191 	Dead: 0
7.59399   0.0913511   0.463741  6.83191 	Dead: 0
7.60901   0.084944    0.431215  6.83191 	Dead: 0
7.47984   0.0750042   0.380756  6.83191 	Dead: 0
7.56715   0.0813001   0.412717  6.83191 	Dead: 0
7.53225   0.0859551   0.436348  6.83191 	Dead: 0
7.55987   0.0823469   0.418032  6.83191 	Dead: 0
7.51678   0.0792599   0.40236   6.83191 	Dead: 0
7.4883    0.0753876   0.382703  6.83191 	Dead: 0
7.45025   0.067278    0.341535  6.83191 	Dead: 0
7.49541   0.0838285   0.425552  6.83191 	Dead: 0
7.48785   0.0863534   0.43837   6.83191 	Dead: 0
7.48626   0.0866048   0.439646  6.83191 	Dead: 0
7.48949   0.0879504   0.446477  6.65249 	Dead: 0
7.50442   0.0866755   0.440005  6.65249 	Dead: 0
7.50197   0.0915023   0.464508  6.65249 	Dead: 0
7.48232   0.0910796   0.462363  6.65249 	Dead: 0
7.46023   0.0869647   0.441474  6.65249 	Dead: 0
7.51259   0.0989129   0.502128  6.65249 	Dead: 0
7.5001    0.094568    0.480071  6.65249 	Dead: 0
7.48334   0.0826473   0.419556  6.65249 	Dead: 0
7.45017   0.0851068   0.432042  6.65249 	Dead: 0
7.43965   0.0854937   0.434006  6.65249 	Dead: 0
7.45215   0.0933524   0.4739    6.55472 	Dead: 0
7.4011    0.0925072   0.469609  6.55472 	Dead: 0
7.41317   0.0947575   0.481033  6.55472 	Dead: 0
7.42661   0.0904436   0.459134  6.55472 	Dead: 0
7.44181   0.0873656   0.443509  6.55472 	Dead: 0
7.42916   0.0813855   0.413151  6.55472 	Dead: 0
7.43178   0.0838568   0.425696  6.55472 	Dead: 0
7.43788   0.0792139   0.402127  6.55472 	Dead: 0
7.50691   0.0976514   0.495724  6.55472 	Dead: 0
7.49775   0.0955413   0.485012  6.55472 	Dead: 0
7.44659   0.0897884   0.455808  6.55472 	Dead: 0
7.44152   0.0876897   0.445154  6.55472 	Dead: 0
7.45186   0.0886801   0.450181  6.55472 	Dead: 0
7.38798   0.0832292   0.42251   6.55472 	Dead: 0
7.42496   0.10121     0.513791  6.55472 	Dead: 0
7.37507   0.0830778   0.421742  6.55472 	Dead: 0
7.44012   0.0997427   0.506341  6.55472 	Dead: 0
7.44865   0.0951539   0.483045  6.55472 	Dead: 0
7.4273    0.0997784   0.506521  6.55472 	Dead: 0
7.48628   0.101581    0.515673  6.55472 	Dead: 0
7.39669   0.0855145   0.434112  6.55472 	Dead: 0
7.47075   0.0936851   0.475589  6.55472 	Dead: 0
7.40523   0.087528    0.444333  6.55472 	Dead: 0
7.38979   0.0837667   0.425239  6.55472 	Dead: 0
7.40543   0.0932304   0.473281  6.55472 	Dead: 0
7.43538   0.092132    0.467705  6.55472 	Dead: 0
7.3685    0.0773902   0.392869  6.55472 	Dead: 0
7.40823   0.0944196   0.479318  6.55472 	Dead: 0
7.36013   0.0865986   0.439615  6.55472 	Dead: 0
7.44721   0.102696    0.52133   6.55472 	Dead: 0
7.40734   0.0897302   0.455512  6.55472 	Dead: 0
7.43117   0.0948182   0.481341  6.55472 	Dead: 0
7.41005   0.0918071   0.466056  6.55472 	Dead: 0
7.46099   0.100949    0.512466  6.55472 	Dead: 0
7.47725   0.0923544   0.468834  6.55472 	Dead: 0
7.41554   0.0927329   0.470756  6.55472 	Dead: 0
7.46812   0.105589    0.536018  6.55472 	Dead: 0
7.4196    0.0873188   0.443271  6.55472 	Dead: 0
7.45185   0.0997607   0.506432  6.55472 	Dead: 0
7.42435   0.101687    0.516212  6.55472 	Dead: 0
7.4251    0.0986398   0.500742  6.55472 	Dead: 0
7.35571   0.0858722   0.435927  6.55472 	Dead: 0
7.4121    0.0945659   0.480061  6.55472 	Dead: 0
7.37969   0.0930619   0.472425  6.55472 	Dead: 0
7.38896   0.0919764   0.466915  6.55472 	Dead: 0
7.37781   0.0960884   0.48779   6.55472 	Dead: 0
7.45421   0.10407     0.528308  6.55472 	Dead: 0
7.39281   0.0898521   0.456131  6.55472 	Dead: 0
