12.87     0.0967972   0.491388  11.7141 	Dead: 0
10.8467   0.0412038   0.20917   10.4632 	Dead: 0
10.5579   0.0430642   0.218614  10.1264 	Dead: 0
10.3219   0.0470512   0.238854  9.90625 	Dead: 0
10.165    0.0520285   0.264121  9.64099 	Dead: 0
10.0951   0.0518097   0.26301   9.64099 	Dead: 0
9.88858   0.0531796   0.269964  9.44321 	Dead: 0
9.79166   0.0503639   0.255671  9.30106 	Dead: 0
9.77281   0.0560785   0.284681  9.18891 	Dead: 0
9.75331   0.0642177   0.325999  9.18891 	Dead: 0
9.68893   0.0672005   0.341141  9.10607 	Dead: 0
9.59176   0.0777677   0.394785  8.87507 	Dead: 0
9.57755   0.09176     0.465817  8.87507 	Dead: 0
9.52213   0.0798198   0.405203  8.87507 	Dead: 0
9.47811   0.0780047   0.395988  8.87507 	Dead: 0
9.46775   0.0797992   0.405098  8.87507 	Dead: 0
9.45411   0.0790722   0.401408  8.87507 	Dead: 0
9.46863   0.0874995   0.444188  8.87507 	Dead: 0
9.42815   0.0871206   0.442265  8.78165 	Dead: 0
9.42625   0.0870744   0.44203   8.78165 	Dead: 0
9.41627   0.0900667   0.45722   8.78165 	Dead: 0
9.41843   0.0929123   0.471666  8.78165 	Dead: 0
9.40397   0.101209    0.513786  8.74208 	Dead: 0
9.385     0.0910749   0.462339  8.74208 	Dead: 0
9.3277    0.0876506   0.444955  8.66379 	Dead: 0
9.28724   0.0826474   0.419557  8.66379 	Dead: 0
9.19344   0.0872887   0.443118  8.53682 	Dead: 0
9.09544   0.0906977   0.460424  8.4443  	Dead: 0
9.05064   0.1031      0.523385  8.23895 	Dead: 0
9.09591   0.100017    0.507735  8.23895 	Dead: 0
9.06202   0.0952631   0.4836    8.23895 	Dead: 0
8.98709   0.0916293   0.465153  8.23895 	Dead: 0
9.06023   0.102174    0.51868   8.23895 	Dead: 0
8.94188   0.0846296   0.429619  8.23895 	Dead: 0
8.94613   0.0969902   0.492368  8.23895 	Dead: 0
8.98757   0.0978082   0.49652   8.23895 	Dead: 0
9.0443    0.10153     0.515415  8.23895 	Dead: 0
8.97338   0.0996277   0.505757  8.23895 	Dead: 0
8.93341   0.0949892   0.48221   8.16263 	Dead: 0
8.97974   0.108815    0.552394  8.16263 	Dead: 0
9.00317   0.102903    0.522382  8.16263 	Dead: 0
9.01348   0.11657     0.591764  8.16263 	Dead: 0
8.8752    0.0923153   0.468636  8.16263 	Dead: 0
8.91717   0.0974035   0.494466  8.16263 	Dead: 0
8.92516   0.0981095   0.49805   8.16263 	Dead: 0
8.99261   0.107544    0.545945  8.16263 	Dead: 0
8.97499   0.101867    0.517127  8.16263 	Dead: 0
9.00055   0.116295    0.590366  8.16263 	Dead: 0
8.90618   0.101451    0.515014  8.16263 	Dead: 0
8.89619   0.0977568   0.496259  8.16263 	Dead: 0
8.93206   0.105826    0.537221  8.16263 	Dead: 0
8.92359   0.105494    0.535537  8.16263 	Dead: 0
8.90984   0.104345    0.529706  8.16263 	Dead: 0
8.93275   0.104204    0.528989  8.16263 	Dead: 0
8.91522   0.10491     0.532571  8.16263 	Dead: 0
8.91105   0.107088    0.543627  8.16263 	Dead: 0
8.89084   0.0967224   0.491008  8.16263 	Dead: 0
8.93918   0.104164    0.528787  8.16263 	Dead: 0
8.90817   0.1092      0.55435   8.14914 	Dead: 0
8.89517   0.109005    0.55336   8.14914 	Dead: 0
8.93263   0.115492    0.58629   8.14914 	Dead: 0
8.87781   0.101232    0.513902  8.14914 	Dead: 0
8.92886   0.109426    0.555496  8.14914 	Dead: 0
8.89914   0.108136    0.548948  8.14914 	Dead: 0
8.90394   0.108243    0.549492  8.14914 	Dead: 0
8.88884   0.118444    0.601279  8.07187 	Dead: 0
8.89328   0.102136    0.518492  8.07187 	Dead: 0
8.85967   0.103912    0.527505  8.07187 	Dead: 0
8.9158    0.111879    0.567948  8.07187 	Dead: 0
8.82612   0.101953    0.517562  8.07187 	Dead: 0
8.87849   0.0997292   0.506272  8.07187 	Dead: 0
8.8042    0.0998337   0.506802  8.07187 	Dead: 0
8.84028   0.0961898   0.488304  8.07187 	Dead: 0
8.9181    0.111636    0.566716  8.07187 	Dead: 0
8.89462   0.108348    0.550024  8.07187 	Dead: 0
8.90628   0.11822     0.600141  8.07187 	Dead: 0
8.93012   0.114577    0.581649  8.07187 	Dead: 0
8.89338   0.103954    0.527717  8.07187 	Dead: 0
8.88138   0.098604    0.50056   8.07187 	Dead: 0
8.9097    0.108242    0.549486  8.07187 	Dead: 0
8.88277   0.102074    0.518177  8.07187 	Dead: 0
8.92291   0.106219    0.539215  8.07187 	Dead: 0
8.92982   0.118194    0.600009  8.07187 	Dead: 0
8.98237   0.122481    0.621768  8.07187 	Dead: 0
8.89542   0.109082    0.55375   8.07187 	Dead: 0
8.91274   0.1097      0.55689   8.07187 	Dead: 0
8.88636   0.1077      0.546733  8.07187 	Dead: 0
8.88411   0.109035    0.553514  8.07187 	Dead: 0
8.8661    0.112506    0.571132  8.07187 	Dead: 0
8.86846   0.0928025   0.471109  8.07187 	Dead: 0
8.84968   0.0951893   0.483225  8.07187 	Dead: 0
8.92149   0.115108    0.584344  8.07187 	Dead: 0
9.01641   0.132603    0.673152  8.07187 	Dead: 0
8.91577   0.109006    0.553363  8.07187 	Dead: 0
8.9594    0.116056    0.589155  8.07187 	Dead: 0
8.94691   0.109176    0.55423   8.07187 	Dead: 0
8.92407   0.110154    0.559191  8.07187 	Dead: 0
8.83095   0.102297    0.519305  8.07187 	Dead: 0
8.87474   0.102708    0.521392  8.07187 	Dead: 0
8.88407   0.110603    0.561475  8.07187 	Dead: 0
8.86178   0.10817     0.549122  8.07187 	Dead: 0
