13.2775   0.0825109   0.418864  12.306  	Dead: 0
10.8874   0.0404479   0.205333  10.469  	Dead: 0
9.7384    0.0360043   0.182775  9.3558  	Dead: 0
9.12074   0.044345    0.225116  8.58495 	Dead: 0
8.58237   0.0383444   0.194654  8.26434 	Dead: 0
8.26913   0.0464817   0.235963  7.92288 	Dead: 0
7.94601   0.0552762   0.280608  7.60653 	Dead: 0
7.5565    0.0672909   0.3416    6.84754 	Dead: 0
6.93595   0.0630885   0.320266  6.37565 	Dead: 0
6.3013    0.0696082   0.353364  5.82322 	Dead: 0
5.98547   0.0651989   0.33098   5.37348 	Dead: 0
5.78767   0.0952228   0.483395  5.25686 	Dead: 0
5.38381   0.112544    0.571324  4.75291 	Dead: 0
4.96314   0.107064    0.543507  4.45927 	Dead: 0
4.49829   0.0904337   0.459084  3.88643 	Dead: 0
4.36294   0.140527    0.713381  3.68208 	Dead: 0
4.09249   0.114805    0.582805  3.45801 	Dead: 0
3.86827   0.105792    0.53705   3.37706 	Dead: 0
3.84401   0.139754    0.709457  3.11111 	Dead: 0
3.55483   0.104535    0.53067   3.03612 	Dead: 0
3.54808   0.125359    0.63638   2.94528 	Dead: 0
3.39509   0.120399    0.6112    2.80005 	Dead: 0
3.22168   0.110792    0.562434  2.72693 	Dead: 0
3.12646   0.116316    0.590474  2.58314 	Dead: 0
3.08685   0.137935    0.700221  2.54473 	Dead: 0
2.93678   0.128498    0.652316  2.45685 	Dead: 0
2.74504   0.0969119   0.49197   2.32335 	Dead: 0
2.77333   0.119515    0.606716  2.32335 	Dead: 0
2.71331   0.102842    0.522073  2.30774 	Dead: 0
2.7567    0.125147    0.635307  2.28642 	Dead: 0
2.71911   0.105014    0.533102  2.27343 	Dead: 0
2.69889   0.105702    0.536595  2.27343 	Dead: 0
2.65481   0.106652    0.541416  2.25934 	Dead: 0
2.76372   0.12297     0.624251  2.25934 	Dead: 0
2.7292    0.121575    0.617173  2.25934 	Dead: 0
2.69961   0.10811     0.548818  2.25009 	Dead: 0
2.75802   0.133568    0.678052  2.25009 	Dead: 0
2.6819    0.11987     0.608517  2.25009 	Dead: 0
2.72844   0.122059    0.61963   2.23133 	Dead: 0
2.72184   0.136737    0.694142  2.23133 	Dead: 0
2.66831   0.129832    0.659087  2.19916 	Dead: 0
2.66383   0.110561    0.561257  2.19916 	Dead: 0
2.67562   0.129038    0.655056  2.19916 	Dead: 0
2.71948   0.132241    0.671316  2.11261 	Dead: 0
2.71797   0.12059     0.612173  2.11261 	Dead: 0
2.7338    0.138053    0.70082   2.11261 	Dead: 0
2.61123   0.106383    0.54005   2.11261 	Dead: 0
2.66497   0.115413    0.585892  2.11261 	Dead: 0
2.71733   0.133567    0.678049  2.11261 	Dead: 0
2.72356   0.136662    0.693762  2.11261 	Dead: 0
2.69322   0.133063    0.67549   2.11261 	Dead: 0
2.61314   0.131889    0.669528  2.11261 	Dead: 0
2.73595   0.154967    0.786684  2.11261 	Dead: 0
2.66689   0.127977    0.649672  2.11261 	Dead: 0
2.64076   0.131666    0.668396  2.11261 	Dead: 0
2.57223   0.130537    0.662666  2.11261 	Dead: 0
2.65231   0.13122     0.666131  2.11261 	Dead: 0
2.60845   0.126404    0.641684  2.11261 	Dead: 0
2.67597   0.145963    0.740977  2.11261 	Dead: 0
2.60597   0.137981    0.700458  2.11261 	Dead: 0
2.47017   0.0877526   0.445473  2.09598 	Dead: 0
2.65223   0.155858    0.791208  2.09598 	Dead: 0
2.60211   0.132951    0.674922  2.09598 	Dead: 0
2.57607   0.132748    0.673893  2.09598 	Dead: 0
2.70048   0.154058    0.782072  2.09598 	Dead: 0
2.65138   0.162513    0.82499   2.06868 	Dead: 0
2.60345   0.142182    0.721782  2.06868 	Dead: 0
2.61448   0.149526    0.759065  2.06868 	Dead: 0
2.56216   0.111144    0.564221  2.05659 	Dead: 0
2.72664   0.161501    0.819854  2.05659 	Dead: 0
2.4861    0.138117    0.701144  2.05443 	Dead: 0
2.51881   0.127626    0.647888  2.05443 	Dead: 0
2.55505   0.13479     0.684257  2.05443 	Dead: 0
2.52378   0.128192    0.650763  2.03403 	Dead: 0
2.4973    0.114823    0.582896  2.03403 	Dead: 0
2.40308   0.0939253   0.476808  2.0133  	Dead: 0
2.4478    0.102171    0.51867   1.96966 	Dead: 0
2.59895   0.160783    0.816207  1.96966 	Dead: 0
2.44687   0.114872    0.583144  1.96966 	Dead: 0
2.49347   0.129047    0.655104  1.96966 	Dead: 0
2.40409   0.126137    0.640331  1.96966 	Dead: 0
2.38689   0.123468    0.626781  1.96966 	Dead: 0
2.39723   0.116207    0.589922  1.96757 	Dead: 0
2.44905   0.119958    0.608961  1.96757 	Dead: 0
2.41553   0.116127    0.589515  1.96757 	Dead: 0
2.46471   0.130454    0.662243  1.95973 	Dead: 0
2.46986   0.135269    0.686691  1.95947 	Dead: 0
2.48914   0.13952     0.70827   1.95947 	Dead: 0
2.37381   0.110084    0.558838  1.95947 	Dead: 0
2.4085    0.122042    0.619543  1.95209 	Dead: 0
2.41303   0.127494    0.64722   1.95209 	Dead: 0
2.38812   0.124559    0.632319  1.95209 	Dead: 0
2.40976   0.126044    0.639856  1.95209 	Dead: 0
2.36384   0.118086    0.599461  1.90109 	Dead: 0
2.37336   0.116737    0.592614  1.90109 	Dead: 0
2.40941   0.123304    0.625951  1.90109 	Dead: 0
2.37735   0.114049    0.578967  1.90109 	Dead: 0
2.49576   0.136175    0.691286  1.90109 	Dead: 0
2.42341   0.133851    0.67949   1.90109 	Dead: 0
2.3664    0.146815    0.745301  1.89129 	Dead: 0
2.37713   0.1235      0.626944  1.89129 	Dead: 0
