7.90886   0.141912    0.720413  6.57348 	Dead: 0
5.51111   0.0472278   0.23975   4.89428 	Dead: 0
4.58673   0.0485443   0.246433  4.01953 	Dead: 0
4.06142   0.0434368   0.220505  3.62779 	Dead: 0
3.57899   0.0416063   0.211213  3.22413 	Dead: 0
3.28401   0.0452705   0.229814  2.93744 	Dead: 0
3.09525   0.0429716   0.218144  2.72677 	Dead: 0
2.808     0.0413816   0.210072  2.55393 	Dead: 0
2.73439   0.0352588   0.17899   2.46751 	Dead: 0
2.67747   0.0362187   0.183863  2.28099 	Dead: 0
2.66264   0.0453144   0.230037  2.28099 	Dead: 0
2.63007   0.0423379   0.214927  2.28099 	Dead: 0
2.63935   0.045051    0.2287    2.28099 	Dead: 0
2.60105   0.0383666   0.194767  2.28099 	Dead: 0
2.61564   0.0439573   0.223148  2.24955 	Dead: 0
2.617     0.0583326   0.296124  2.24955 	Dead: 0
2.6132    0.0433017   0.21982   2.24955 	Dead: 0
2.60507   0.0576946   0.292885  2.24955 	Dead: 0
2.57301   0.044436    0.225578  2.1943  	Dead: 0
2.53775   0.0510928   0.259371  2.1943  	Dead: 0
2.51882   0.0456961   0.231975  2.1943  	Dead: 0
2.45488   0.0374985   0.19036   2.17214 	Dead: 0
2.46449   0.043594    0.221303  2.16327 	Dead: 0
2.43602   0.0413189   0.209754  2.14595 	Dead: 0
2.39919   0.0368435   0.187035  2.14595 	Dead: 0
2.42457   0.0417304   0.211843  2.14548 	Dead: 0
2.41056   0.0392001   0.198998  2.09966 	Dead: 0
2.44441   0.0451815   0.229363  2.09966 	Dead: 0
2.41631   0.0426479   0.216501  2.09966 	Dead: 0
2.40165   0.0397102   0.201587  2.09966 	Dead: 0
2.43038   0.0468022   0.23759   2.09966 	Dead: 0
2.38274   0.0441019   0.223882  2.09966 	Dead: 0
2.38519   0.0384913   0.1954    2.09966 	Dead: 0
2.35268   0.0379983   0.192897  2.09966 	Dead: 0
2.36979   0.0431842   0.219223  2.09966 	Dead: 0
2.34679   0.0368775   0.187208  2.03925 	Dead: 0
2.31809   0.0366961   0.186287  2.03925 	Dead: 0
2.30093   0.0377303   0.191537  2.03925 	Dead: 0
2.29357   0.0368186   0.186908  2.03925 	Dead: 0
2.30834   0.0477339   0.24232   2.03925 	Dead: 0
2.28778   0.0387959   0.196946  2.02323 	Dead: 0
2.26729   0.03786     0.192195  2.02323 	Dead: 0
2.2693    0.0434764   0.220707  2.01186 	Dead: 0
2.27877   0.0489067   0.248273  2.01186 	Dead: 0
2.24905   0.0458521   0.232767  1.96585 	Dead: 0
2.27193   0.0449154   0.228012  1.96585 	Dead: 0
2.26894   0.0466239   0.236685  1.96585 	Dead: 0
2.25479   0.042665    0.216587  1.96585 	Dead: 0
2.22706   0.0398122   0.202105  1.96585 	Dead: 0
2.22779   0.0425145   0.215823  1.96585 	Dead: 0
2.21797   0.0441142   0.223944  1.96585 	Dead: 0
2.22194   0.0419146   0.212778  1.96585 	Dead: 0
2.22644   0.0457301   0.232147  1.92929 	Dead: 0
2.22925   0.0491029   0.249269  1.92929 	Dead: 0
2.19483   0.036632    0.185961  1.92929 	Dead: 0
2.20475   0.0413743   0.210035  1.91936 	Dead: 0
2.20697   0.045845    0.232731  1.91936 	Dead: 0
2.22304   0.0456763   0.231874  1.91936 	Dead: 0
2.2276    0.0447263   0.227052  1.91936 	Dead: 0
2.22053   0.0393485   0.199751  1.91936 	Dead: 0
2.1654    0.0332287   0.168684  1.91936 	Dead: 0
2.21736   0.0522241   0.265114  1.91936 	Dead: 0
2.15325   0.0342531   0.173885  1.8589  	Dead: 0
2.1902    0.0458763   0.23289   1.8589  	Dead: 0
2.1788    0.0355514   0.180476  1.8589  	Dead: 0
2.19263   0.0508851   0.258317  1.8589  	Dead: 0
2.18233   0.0434634   0.220641  1.8589  	Dead: 0
2.1631    0.0443038   0.224907  1.8589  	Dead: 0
2.17801   0.0506279   0.257011  1.8589  	Dead: 0
2.16866   0.0436627   0.221652  1.8589  	Dead: 0
2.17546   0.0472063   0.239641  1.8589  	Dead: 0
2.1478    0.0400433   0.203278  1.8589  	Dead: 0
2.19082   0.0578621   0.293735  1.8589  	Dead: 0
2.15824   0.0436815   0.221748  1.8589  	Dead: 0
2.18889   0.0457548   0.232273  1.8589  	Dead: 0
2.16226   0.0452458   0.229689  1.8589  	Dead: 0
2.14635   0.0427715   0.217128  1.8589  	Dead: 0
2.15717   0.0438941   0.222827  1.85629 	Dead: 0
2.14186   0.0425548   0.216028  1.85629 	Dead: 0
2.17254   0.049717    0.252387  1.85629 	Dead: 0
2.15079   0.0416879   0.211627  1.85629 	Dead: 0
2.16376   0.0559794   0.284178  1.85629 	Dead: 0
2.15429   0.045415    0.230548  1.85629 	Dead: 0
2.17596   0.0460757   0.233902  1.85629 	Dead: 0
2.12914   0.0371552   0.188617  1.85629 	Dead: 0
2.16057   0.045135    0.229126  1.85629 	Dead: 0
2.13271   0.0355506   0.180471  1.85629 	Dead: 0
2.17204   0.0500416   0.254034  1.85629 	Dead: 0
2.18077   0.0458373   0.232691  1.85629 	Dead: 0
2.15202   0.0440376   0.223555  1.85629 	Dead: 0
2.16353   0.0465356   0.236236  1.85629 	Dead: 0
2.16303   0.0452783   0.229854  1.85629 	Dead: 0
2.14809   0.0353861   0.179636  1.85629 	Dead: 0
2.157     0.0504095   0.255902  1.85629 	Dead: 0
2.16163   0.0448388   0.227623  1.85629 	Dead: 0
2.15662   0.0467183   0.237164  1.85629 	Dead: 0
2.1433    0.0413008   0.209662  1.85629 	Dead: 0
2.16112   0.0422988   0.214729  1.85629 	Dead: 0
2.1405    0.0429373   0.21797   1.85629 	Dead: 0
2.14969   0.0470096   0.238643  1.84068 	Dead: 0
2.13212   0.0424615   0.215554  1.84068 	Dead: 0
