8.00569   0.0749884   0.380676  7.21625 	Dead: 0
6.79495   0.0386267   0.196087  6.33781 	Dead: 0
5.95027   0.04711     0.239152  5.51887 	Dead: 0
5.12514   0.0343872   0.174565  4.69875 	Dead: 0
4.574     0.033003    0.167539  4.24536 	Dead: 0
4.21231   0.0315314   0.160068  3.96517 	Dead: 0
4.05342   0.0340644   0.172927  3.77569 	Dead: 0
3.77553   0.0353337   0.17937   3.51127 	Dead: 0
3.6124    0.04228     0.214633  3.32576 	Dead: 0
3.47558   0.0420916   0.213677  3.16912 	Dead: 0
3.36043   0.03415     0.173361  3.07455 	Dead: 0
3.32351   0.0401839   0.203992  3.06201 	Dead: 0
3.23476   0.0309542   0.157138  3.01465 	Dead: 0
3.16709   0.0307772   0.156239  2.93277 	Dead: 0
3.11084   0.035198    0.178681  2.90488 	Dead: 0
3.04079   0.0345537   0.17541   2.73178 	Dead: 0
2.95689   0.0359432   0.182464  2.69198 	Dead: 0
2.95922   0.0415393   0.210873  2.69198 	Dead: 0
2.8976    0.0344181   0.174722  2.67219 	Dead: 0
2.85279   0.0291238   0.147846  2.62654 	Dead: 0
2.81757   0.0289928   0.147181  2.62378 	Dead: 0
2.79155   0.0360809   0.183164  2.53233 	Dead: 0
2.81383   0.0494903   0.251236  2.53233 	Dead: 0
2.74986   0.0353899   0.179656  2.51031 	Dead: 0
2.69793   0.0369885   0.187771  2.38595 	Dead: 0
2.64736   0.0326678   0.165837  2.38595 	Dead: 0
2.66652   0.0446539   0.226684  2.38595 	Dead: 0
2.64447   0.0470151   0.238671  2.37015 	Dead: 0
2.66092   0.0453003   0.229966  2.37015 	Dead: 0
2.6066    0.0386977   0.196448  2.37015 	Dead: 0
2.59698   0.0363354   0.184456  2.37015 	Dead: 0
2.59754   0.0384592   0.195237  2.37015 	Dead: 0
2.60135   0.0426836   0.216682  2.37015 	Dead: 0
2.58841   0.0414778   0.210561  2.37015 	Dead: 0
2.58925   0.0380027   0.19292   2.32266 	Dead: 0
2.57467   0.0380213   0.193014  2.32266 	Dead: 0
2.57864   0.0356075   0.18076   2.32266 	Dead: 0
2.59759   0.0422988   0.214729  2.32266 	Dead: 0
2.58811   0.0452381   0.22965   2.32266 	Dead: 0
2.57416   0.0403292   0.20473   2.32266 	Dead: 0
2.57229   0.0388117   0.197026  2.32266 	Dead: 0
2.57947   0.0366797   0.186203  2.32266 	Dead: 0
2.54825   0.0375572   0.190658  2.30014 	Dead: 0
2.54014   0.0343497   0.174375  2.30014 	Dead: 0
2.56994   0.0414861   0.210603  2.30014 	Dead: 0
2.56771   0.0393588   0.199804  2.30014 	Dead: 0
2.55786   0.0370187   0.187924  2.30014 	Dead: 0
2.54388   0.0336186   0.170663  2.30014 	Dead: 0
2.57973   0.0474403   0.240829  2.30014 	Dead: 0
2.5708    0.0386661   0.196287  2.30014 	Dead: 0
2.58225   0.041451    0.210425  2.2998  	Dead: 0
2.55112   0.0412975   0.209646  2.2998  	Dead: 0
2.58672   0.0422365   0.214412  2.2998  	Dead: 0
2.61867   0.051606    0.261976  2.2998  	Dead: 0
2.56984   0.0426939   0.216734  2.2998  	Dead: 0
2.56772   0.0412056   0.209179  2.2998  	Dead: 0
2.55111   0.036466    0.185118  2.2998  	Dead: 0
2.53705   0.0376404   0.19108   2.2998  	Dead: 0
2.56801   0.0427326   0.21693   2.2998  	Dead: 0
2.56087   0.0388017   0.196975  2.2998  	Dead: 0
2.58454   0.0480233   0.243789  2.2998  	Dead: 0
2.54189   0.0347789   0.176554  2.2998  	Dead: 0
2.54513   0.0404793   0.205492  2.2998  	Dead: 0
2.56116   0.0516009   0.26195   2.2998  	Dead: 0
2.52058   0.039763    0.201855  2.2998  	Dead: 0
2.52936   0.0355992   0.180718  2.2998  	Dead: 0
2.53317   0.036565    0.185621  2.28715 	Dead: 0
2.52005   0.0405422   0.205811  2.27466 	Dead: 0
2.53173   0.0407506   0.206869  2.27466 	Dead: 0
2.50331   0.0380623   0.193222  2.27466 	Dead: 0
2.48977   0.0423341   0.214908  2.25013 	Dead: 0
2.50991   0.0436552   0.221614  2.25013 	Dead: 0
2.51225   0.0388699   0.197322  2.25013 	Dead: 0
2.46181   0.0327387   0.166197  2.19401 	Dead: 0
2.45125   0.0334322   0.169717  2.19401 	Dead: 0
2.49687   0.0506977   0.257365  2.19401 	Dead: 0
2.43531   0.0372745   0.189223  2.19401 	Dead: 0
2.43612   0.0391075   0.198528  2.18874 	Dead: 0
2.41843   0.0377515   0.191644  2.18645 	Dead: 0
2.42768   0.0418896   0.212651  2.18645 	Dead: 0
2.40516   0.042133    0.213887  2.18645 	Dead: 0
2.39612   0.0357896   0.181685  2.16924 	Dead: 0
2.37643   0.034385    0.174554  2.16924 	Dead: 0
2.39297   0.040528    0.205739  2.15487 	Dead: 0
2.41131   0.0425357   0.215931  2.13431 	Dead: 0
2.39897   0.0408242   0.207243  2.13431 	Dead: 0
2.38374   0.0371459   0.18857   2.09847 	Dead: 0
2.36799   0.042       0.213212  2.09847 	Dead: 0
2.38029   0.0441465   0.224108  2.09847 	Dead: 0
2.38813   0.0464999   0.236055  2.09847 	Dead: 0
2.37079   0.0360054   0.18278   2.09847 	Dead: 0
2.37415   0.0383493   0.194679  2.09847 	Dead: 0
2.37081   0.0376993   0.191379  2.09847 	Dead: 0
2.39077   0.0446526   0.226678  2.09847 	Dead: 0
2.39664   0.047008    0.238635  2.09847 	Dead: 0
2.36484   0.0353532   0.179469  2.09847 	Dead: 0
2.41304   0.0487522   0.247489  2.09847 	Dead: 0
2.37139   0.0381899   0.19387   2.09847 	Dead: 0
2.375     0.0514039   0.26095   2.09847 	Dead: 0
2.39043   0.045626    0.231619  2.09847 	Dead: 0
2.35634   0.0360415   0.182964  2.09847 	Dead: 0
