12.5569   0.058494    0.296943  11.821  	Dead: 0
11.493    0.0307219   0.155959  11.1621 	Dead: 0
11.1406   0.0292694   0.148585  10.7469 	Dead: 0
10.8733   0.0242571   0.12314   10.6643 	Dead: 0
10.7966   0.0226633   0.115049  10.6494 	Dead: 0
10.7544   0.024573    0.124744  10.5302 	Dead: 0
10.6973   0.0296056   0.150292  10.4114 	Dead: 0
10.6432   0.0318404   0.161637  10.4114 	Dead: 0
10.6307   0.0291158   0.147805  10.4114 	Dead: 0
10.5906   0.0241939   0.12282   10.4114 	Dead: 0
10.5854   0.0299557   0.152069  10.3887 	Dead: 0
10.5551   0.0260694   0.13234   10.3384 	Dead: 0
10.5208   0.0272087   0.138124  10.3103 	Dead: 0
10.5      0.0279144   0.141707  10.2614 	Dead: 0
10.4393   0.0238993   0.121324  10.2614 	Dead: 0
10.403    0.0271821   0.137989  10.1515 	Dead: 0
10.375    0.0266678   0.135378  10.1515 	Dead: 0
10.333    0.0252536   0.128199  10.0954 	Dead: 0
10.3112   0.0271011   0.137578  10.0954 	Dead: 0
10.3073   0.0288574   0.146493  10.0954 	Dead: 0
10.28     0.0255807   0.12986   10.0872 	Dead: 0
10.2555   0.0273555   0.138869  10.0634 	Dead: 0
10.2261   0.0278884   0.141575  9.99957 	Dead: 0
10.2074   0.0301191   0.152899  9.99957 	Dead: 0
10.1639   0.0255515   0.129711  9.91914 	Dead: 0
10.0921   0.0280552   0.142421  9.86576 	Dead: 0
10.0394   0.0276532   0.140381  9.77997 	Dead: 0
9.98443   0.0339908   0.172553  9.7206  	Dead: 0
9.93322   0.03589     0.182195  9.70858 	Dead: 0
9.91788   0.036221    0.183875  9.67833 	Dead: 0
9.88454   0.0317585   0.161221  9.65663 	Dead: 0
9.87468   0.0343182   0.174215  9.65663 	Dead: 0
9.86811   0.034946    0.177402  9.60164 	Dead: 0
9.79698   0.0244881   0.124313  9.58962 	Dead: 0
9.79215   0.0341548   0.173386  9.58962 	Dead: 0
9.74665   0.0291358   0.147907  9.47057 	Dead: 0
9.68729   0.0266397   0.135235  9.46775 	Dead: 0
9.67381   0.0298802   0.151686  9.46262 	Dead: 0
9.66639   0.0347377   0.176345  9.46262 	Dead: 0
9.68331   0.0333214   0.169155  9.43668 	Dead: 0
9.65122   0.0322498   0.163715  9.43668 	Dead: 0
9.62642   0.0295198   0.149856  9.43668 	Dead: 0
9.61418   0.0303924   0.154286  9.43469 	Dead: 0
9.59784   0.0308637   0.156679  9.34514 	Dead: 0
9.56003   0.0274489   0.139343  9.3383  	Dead: 0
9.54553   0.0281421   0.142862  9.3383  	Dead: 0
9.551     0.0346138   0.175716  9.3383  	Dead: 0
9.53445   0.031318    0.158985  9.3383  	Dead: 0
9.51755   0.0298727   0.151648  9.31138 	Dead: 0
9.52074   0.0304438   0.154547  9.2862  	Dead: 0
9.53341   0.0300619   0.152608  9.2862  	Dead: 0
9.5265    0.0369033   0.187339  9.2684  	Dead: 0
9.52804   0.0333818   0.169461  9.2684  	Dead: 0
9.50935   0.0299953   0.15227   9.25241 	Dead: 0
9.55841   0.0420369   0.213399  9.25241 	Dead: 0
9.54634   0.0397556   0.201818  9.25241 	Dead: 0
9.5223    0.0309728   0.157232  9.25241 	Dead: 0
9.5525    0.0387124   0.196522  9.25241 	Dead: 0
9.51392   0.0345614   0.17545   9.25241 	Dead: 0
9.51823   0.0383473   0.194669  9.25241 	Dead: 0
9.52147   0.0318096   0.161481  9.25241 	Dead: 0
9.51316   0.0341099   0.173158  9.22873 	Dead: 0
9.51458   0.0354921   0.180175  9.22873 	Dead: 0
9.47899   0.0280965   0.142631  9.22873 	Dead: 0
9.45986   0.0352509   0.17895   9.22873 	Dead: 0
9.44644   0.0428282   0.217416  9.19843 	Dead: 0
9.48463   0.0456247   0.231612  9.19843 	Dead: 0
9.46121   0.0397657   0.201869  9.19843 	Dead: 0
9.49363   0.0490158   0.248827  9.19843 	Dead: 0
9.42747   0.0341292   0.173256  9.1712  	Dead: 0
9.47246   0.0521346   0.264659  9.1712  	Dead: 0
9.41835   0.0377633   0.191704  9.1712  	Dead: 0
9.44174   0.0371881   0.188784  9.1712  	Dead: 0
9.43407   0.0433548   0.220089  9.1712  	Dead: 0
9.43951   0.0495017   0.251294  9.1712  	Dead: 0
9.43674   0.0466377   0.236755  9.10287 	Dead: 0
9.42098   0.0339576   0.172385  9.10287 	Dead: 0
9.44463   0.0515613   0.261749  9.10287 	Dead: 0
9.41257   0.0433631   0.220131  9.10287 	Dead: 0
9.39458   0.0345671   0.175479  9.10287 	Dead: 0
9.40368   0.0294963   0.149737  9.10287 	Dead: 0
9.42991   0.0425549   0.216029  9.10287 	Dead: 0
9.39241   0.0391837   0.198915  9.10287 	Dead: 0
9.41768   0.0446075   0.226449  9.10287 	Dead: 0
9.39815   0.0388904   0.197426  9.10287 	Dead: 0
9.38084   0.0382753   0.194303  9.10287 	Dead: 0
9.37501   0.0330338   0.167695  9.10287 	Dead: 0
9.42458   0.0589771   0.299395  9.10287 	Dead: 0
9.3881    0.0413787   0.210057  9.10287 	Dead: 0
9.39624   0.0410263   0.208269  9.0927  	Dead: 0
9.40671   0.0519252   0.263597  9.0927  	Dead: 0
9.38958   0.0407327   0.206778  9.0927  	Dead: 0
9.3756    0.0389667   0.197813  9.0927  	Dead: 0
9.38577   0.0379563   0.192684  9.0927  	Dead: 0
9.382     0.0427335   0.216935  9.0927  	Dead: 0
9.35972   0.031828    0.161574  9.0927  	Dead: 0
9.39785   0.0506849   0.2573    9.0927  	Dead: 0
9.36688   0.0433137   0.219881  9.0927  	Dead: 0
9.34489   0.0414417   0.210377  9.0927  	Dead: 0
9.37174   0.0464214   0.235657  9.0927  	Dead: 0
9.35405   0.0360318   0.182914  9.0927  	Dead: 0
