14.1888   0.113394    0.575642  13.1083 	Dead: 0
12.5721   0.0811851   0.412134  11.8096 	Dead: 0
12.282    0.0988336   0.501726  11.3632 	Dead: 0
12.2457   0.112743    0.572335  11.3632 	Dead: 0
12.2274   0.127393    0.646709  11.3632 	Dead: 0
12.1952   0.107571    0.546079  11.3632 	Dead: 0
12.1434   0.103384    0.524828  11.3632 	Dead: 0
12.0517   0.0911699   0.462821  11.3632 	Dead: 0
12.0464   0.0953646   0.484115  11.171  	Dead: 0
11.9419   0.0906822   0.460345  11.171  	Dead: 0
11.9356   0.0816852   0.414672  11.171  	Dead: 0
11.9112   0.0810936   0.411669  11.171  	Dead: 0
11.9042   0.0825393   0.419008  11.171  	Dead: 0
11.8772   0.0809255   0.410816  11.171  	Dead: 0
11.9008   0.0940775   0.477581  11.171  	Dead: 0
11.867    0.086508    0.439155  10.8601 	Dead: 0
11.8737   0.0895091   0.45439   10.8601 	Dead: 0
11.8823   0.0931457   0.472851  10.8601 	Dead: 0
11.8785   0.0873097   0.443225  10.8601 	Dead: 0
11.8826   0.0918471   0.466259  10.8601 	Dead: 0
11.8621   0.0913182   0.463574  10.8601 	Dead: 0
11.8379   0.085912    0.436129  10.8601 	Dead: 0
11.8451   0.0987616   0.50136   10.8601 	Dead: 0
11.8122   0.0824363   0.418485  10.8601 	Dead: 0
11.8369   0.0866267   0.439757  10.8601 	Dead: 0
11.8408   0.0850877   0.431945  10.8601 	Dead: 0
11.8139   0.0863221   0.438211  10.8601 	Dead: 0
11.7375   0.0741781   0.376563  10.8601 	Dead: 0
11.7926   0.0855374   0.434228  10.8601 	Dead: 0
11.7643   0.0856107   0.4346    10.8601 	Dead: 0
11.8173   0.0864643   0.438933  10.8601 	Dead: 0
11.7814   0.0910767   0.462348  10.8601 	Dead: 0
11.78     0.0929294   0.471753  10.8601 	Dead: 0
11.8065   0.0938571   0.476462  10.8601 	Dead: 0
11.795    0.0873221   0.443287  10.8601 	Dead: 0
11.7286   0.0809067   0.41072   10.8601 	Dead: 0
11.7548   0.086286    0.438028  10.8601 	Dead: 0
11.7564   0.0885987   0.449768  10.8601 	Dead: 0
11.7792   0.0951484   0.483017  10.8601 	Dead: 0
11.699    0.0866508   0.43988   10.8601 	Dead: 0
11.7328   0.0930634   0.472433  10.8601 	Dead: 0
11.7227   0.0798883   0.40555   10.8601 	Dead: 0
11.755    0.0930562   0.472397  10.8601 	Dead: 0
11.748    0.0946716   0.480597  10.8601 	Dead: 0
11.8008   0.0998876   0.507076  10.8601 	Dead: 0
11.781    0.0875851   0.444623  10.8601 	Dead: 0
11.698    0.084533    0.429129  10.8601 	Dead: 0
11.7157   0.0911465   0.462702  10.8601 	Dead: 0
11.7369   0.0842406   0.427645  10.8601 	Dead: 0
11.7476   0.0944013   0.479225  10.8601 	Dead: 0
11.7486   0.0946455   0.480465  10.8601 	Dead: 0
11.7558   0.0878389   0.445911  10.8601 	Dead: 0
11.7597   0.0799849   0.406041  10.8601 	Dead: 0
11.7402   0.0817837   0.415172  10.8601 	Dead: 0
11.8072   0.0986163   0.500622  10.8601 	Dead: 0
11.7872   0.0941972   0.478189  10.8601 	Dead: 0
11.7357   0.093132    0.472781  10.8601 	Dead: 0
11.8113   0.104201    0.528972  10.8601 	Dead: 0
11.7818   0.113292    0.575125  10.8601 	Dead: 0
11.7351   0.0954528   0.484563  10.8601 	Dead: 0
11.7468   0.0832912   0.422825  10.8601 	Dead: 0
11.6906   0.088846    0.451024  10.8601 	Dead: 0
11.7609   0.104051    0.528211  10.8601 	Dead: 0
11.6765   0.0834606   0.423685  10.8601 	Dead: 0
11.7808   0.0957098   0.485867  10.8601 	Dead: 0
11.7005   0.0869396   0.441346  10.8601 	Dead: 0
11.6897   0.0868095   0.440686  10.8601 	Dead: 0
11.6609   0.074463    0.378009  10.8601 	Dead: 0
11.7837   0.105905    0.537621  10.8601 	Dead: 0
11.7372   0.0895615   0.454656  10.8601 	Dead: 0
11.7049   0.0821348   0.416954  10.8601 	Dead: 0
11.7393   0.0908525   0.46121   10.8601 	Dead: 0
11.7103   0.0882768   0.448134  10.8601 	Dead: 0
11.7092   0.084537    0.429149  10.8601 	Dead: 0
11.7156   0.0783394   0.397687  10.8601 	Dead: 0
11.7403   0.0943977   0.479207  10.8601 	Dead: 0
11.7339   0.0865158   0.439194  10.8601 	Dead: 0
11.7661   0.0992337   0.503757  10.8601 	Dead: 0
11.7245   0.100901    0.512219  10.8601 	Dead: 0
11.6838   0.0822125   0.417349  10.8601 	Dead: 0
11.7532   0.090812    0.461004  10.8601 	Dead: 0
11.757    0.0973366   0.494126  10.8601 	Dead: 0
11.7376   0.0914063   0.464021  10.8601 	Dead: 0
11.7254   0.084215    0.427515  10.8601 	Dead: 0
11.7478   0.0923917   0.469023  10.8601 	Dead: 0
11.6881   0.0832463   0.422597  10.8601 	Dead: 0
11.7276   0.0967334   0.491064  10.8601 	Dead: 0
11.6793   0.0799909   0.406071  10.8601 	Dead: 0
11.6927   0.0802553   0.407413  10.8601 	Dead: 0
11.7541   0.0994397   0.504802  10.8601 	Dead: 0
11.7456   0.102398    0.519822  10.8601 	Dead: 0
11.741    0.100448    0.509923  10.8601 	Dead: 0
11.7288   0.108873    0.552692  10.8601 	Dead: 0
11.7145   0.0908827   0.461363  10.8601 	Dead: 0
11.7499   0.091817    0.466106  10.8601 	Dead: 0
11.7464   0.101724    0.516397  10.8601 	Dead: 0
11.724    0.0989379   0.502255  10.8601 	Dead: 0
11.7338   0.096886    0.491838  10.8601 	Dead: 0
11.7625   0.112715    0.572195  10.8601 	Dead: 0
11.7175   0.0927346   0.470764  10.8601 	Dead: 0
11.7002   0.0899343   0.456548  10.8601 	Dead: 0
