11.0066   0.0391321   0.198653  10.5002 	Dead: 0
10.0357   0.0267383   0.135736  9.7586  	Dead: 0
9.82686   0.0257441   0.130689  9.57409 	Dead: 0
9.76842   0.024625    0.125008  9.52745 	Dead: 0
9.68913   0.0271613   0.137884  9.3913  	Dead: 0
9.64887   0.0277695   0.140971  9.3913  	Dead: 0
9.60281   0.0264115   0.134077  9.33406 	Dead: 0
9.55863   0.0278824   0.141544  9.31301 	Dead: 0
9.52972   0.0301968   0.153293  9.31301 	Dead: 0
9.44888   0.024196    0.12283   9.2343  	Dead: 0
9.37542   0.0248395   0.126097  9.1589  	Dead: 0
9.34759   0.0347231   0.176271  9.09415 	Dead: 0
9.29376   0.0267517   0.135804  9.0363  	Dead: 0
9.24334   0.0258936   0.131448  9.03369 	Dead: 0
9.20404   0.0253295   0.128584  9.02705 	Dead: 0
9.17563   0.0248303   0.12605   8.9426  	Dead: 0
9.17034   0.0265764   0.134914  8.9426  	Dead: 0
9.16998   0.0320022   0.162458  8.90128 	Dead: 0
9.14459   0.0298919   0.151745  8.90128 	Dead: 0
9.10798   0.0245739   0.124749  8.90128 	Dead: 0
9.10786   0.0324025   0.16449   8.88489 	Dead: 0
9.10257   0.0281906   0.143109  8.88489 	Dead: 0
9.06353   0.0279075   0.141672  8.79011 	Dead: 0
9.05317   0.0313289   0.15904   8.79011 	Dead: 0
9.02319   0.0244501   0.12412   8.79011 	Dead: 0
9.02514   0.0251953   0.127903  8.79011 	Dead: 0
9.00329   0.026933    0.136725  8.79011 	Dead: 0
8.98638   0.0286313   0.145346  8.76275 	Dead: 0
8.94657   0.024172    0.122708  8.71272 	Dead: 0
8.94155   0.0253445   0.12866   8.71272 	Dead: 0
8.92574   0.0263727   0.13388   8.71017 	Dead: 0
8.93056   0.0265366   0.134712  8.71017 	Dead: 0
8.93522   0.0304719   0.15469   8.71017 	Dead: 0
8.92515   0.02876     0.145999  8.71017 	Dead: 0
8.90371   0.0284081   0.144213  8.71017 	Dead: 0
8.93605   0.0306311   0.155498  8.69932 	Dead: 0
8.90145   0.0294564   0.149535  8.69328 	Dead: 0
8.89244   0.0269191   0.136654  8.69047 	Dead: 0
8.86776   0.0240926   0.122305  8.69047 	Dead: 0
8.86729   0.0284255   0.144301  8.62632 	Dead: 0
8.85611   0.0293005   0.148743  8.62632 	Dead: 0
8.84068   0.0291711   0.148086  8.54245 	Dead: 0
8.79341   0.0283216   0.143774  8.54245 	Dead: 0
8.77207   0.0260422   0.132202  8.54245 	Dead: 0
8.77356   0.0275396   0.139804  8.54245 	Dead: 0
8.72976   0.0263531   0.133781  8.54245 	Dead: 0
8.74538   0.0265345   0.134701  8.54245 	Dead: 0
8.7391    0.0282728   0.143526  8.52741 	Dead: 0
8.72918   0.0264432   0.134238  8.52741 	Dead: 0
8.72632   0.0255014   0.129457  8.51616 	Dead: 0
8.72421   0.0259113   0.131538  8.51616 	Dead: 0
8.71629   0.0246408   0.125088  8.51616 	Dead: 0
8.69789   0.0262474   0.133244  8.47079 	Dead: 0
8.69738   0.0261282   0.132639  8.47079 	Dead: 0
8.67966   0.0263597   0.133814  8.44553 	Dead: 0
8.67755   0.0285591   0.14498   8.36473 	Dead: 0
8.66469   0.0281155   0.142727  8.36473 	Dead: 0
8.63136   0.0233929   0.118753  8.36473 	Dead: 0
8.61933   0.0269703   0.136914  8.36473 	Dead: 0
8.61284   0.0286291   0.145335  8.36473 	Dead: 0
8.60998   0.0272469   0.138318  8.36473 	Dead: 0
8.62122   0.0314634   0.159723  8.36473 	Dead: 0
8.59986   0.0272983   0.138579  8.34689 	Dead: 0
8.58334   0.0287461   0.145929  8.34689 	Dead: 0
8.54449   0.0282211   0.143263  8.34689 	Dead: 0
8.50773   0.0261653   0.132827  8.27902 	Dead: 0
8.50395   0.0277256   0.140748  8.22508 	Dead: 0
8.48276   0.0271731   0.137943  8.22508 	Dead: 0
8.45697   0.0294579   0.149542  8.22508 	Dead: 0
8.43315   0.0249273   0.126543  8.22508 	Dead: 0
8.42129   0.0274349   0.139272  8.22508 	Dead: 0
8.43459   0.0316585   0.160713  8.19464 	Dead: 0
8.40374   0.0277851   0.14105   8.19464 	Dead: 0
8.40598   0.0277635   0.140941  8.17865 	Dead: 0
8.4136    0.0281553   0.142929  8.17865 	Dead: 0
8.41919   0.0276265   0.140245  8.17865 	Dead: 0
8.39565   0.0259805   0.131889  8.1703  	Dead: 0
8.39797   0.0252653   0.128258  8.1703  	Dead: 0
8.40814   0.0297075   0.150809  8.1703  	Dead: 0
8.39222   0.0256592   0.130258  8.1703  	Dead: 0
8.41336   0.0316656   0.160749  8.1703  	Dead: 0
8.3605    0.0255966   0.129941  8.16168 	Dead: 0
8.3915    0.0268156   0.136129  8.16168 	Dead: 0
8.38251   0.0291485   0.147971  8.15714 	Dead: 0
8.3873    0.029998    0.152284  8.15714 	Dead: 0
8.37901   0.0281554   0.14293   8.15714 	Dead: 0
8.3694    0.0292246   0.148358  8.15714 	Dead: 0
8.37206   0.0288551   0.146482  8.15714 	Dead: 0
8.36758   0.0269407   0.136763  8.15714 	Dead: 0
8.3659    0.0274971   0.139588  8.15714 	Dead: 0
8.35888   0.0245129   0.124439  8.15714 	Dead: 0
8.38375   0.0287798   0.1461    8.15714 	Dead: 0
8.38943   0.0315906   0.160368  8.15714 	Dead: 0
8.37185   0.0272979   0.138577  8.15714 	Dead: 0
8.37226   0.0294972   0.149742  8.15714 	Dead: 0
8.37356   0.0304718   0.154689  8.13453 	Dead: 0
8.37069   0.0333278   0.169187  8.13453 	Dead: 0
8.36003   0.0283081   0.143705  8.13453 	Dead: 0
8.35381   0.0284607   0.14448   8.09123 	Dead: 0
8.34878   0.0282864   0.143595  8.09123 	Dead: 0
8.35793   0.0319307   0.162095  8.09123 	Dead: 0
