4.85925   0.0981641   0.498327  3.52853 	Dead: 0
3.04717   0.0264731   0.13439   2.78409 	Dead: 0
2.97179   0.0301657   0.153135  2.70464 	Dead: 0
2.94832   0.0325241   0.165107  2.68897 	Dead: 0
2.93483   0.0362006   0.183771  2.68897 	Dead: 0
2.9214    0.034249    0.173864  2.59318 	Dead: 0
2.92717   0.0373153   0.18943   2.59318 	Dead: 0
2.91538   0.0395792   0.200922  2.57428 	Dead: 0
2.87412   0.0330959   0.16801   2.57428 	Dead: 0
2.8275    0.0317304   0.161078  2.57428 	Dead: 0
2.78853   0.029242    0.148446  2.56413 	Dead: 0
2.78469   0.0297814   0.151184  2.56413 	Dead: 0
2.79009   0.0333453   0.169277  2.56413 	Dead: 0
2.79945   0.0365521   0.185555  2.55831 	Dead: 0
2.78932   0.0350967   0.178167  2.55831 	Dead: 0
2.77416   0.0317595   0.161226  2.55831 	Dead: 0
2.7965    0.0380193   0.193004  2.55831 	Dead: 0
2.77085   0.0338777   0.171979  2.55449 	Dead: 0
2.75979   0.0320257   0.162577  2.47711 	Dead: 0
2.76216   0.0329664   0.167353  2.47711 	Dead: 0
2.78132   0.0342721   0.173981  2.47711 	Dead: 0
2.765     0.0331019   0.168041  2.47711 	Dead: 0
2.75776   0.0365481   0.185535  2.43617 	Dead: 0
2.73225   0.0345973   0.175632  2.43617 	Dead: 0
2.7403    0.0332484   0.168784  2.43617 	Dead: 0
2.73282   0.0327457   0.166232  2.43617 	Dead: 0
2.7146    0.0346374   0.175836  2.43617 	Dead: 0
2.73057   0.0326212   0.1656    2.43617 	Dead: 0
2.7244    0.0364849   0.185214  2.43617 	Dead: 0
2.70892   0.0345906   0.175598  2.43617 	Dead: 0
2.71068   0.0351159   0.178265  2.43617 	Dead: 0
2.69223   0.0366741   0.186175  2.43617 	Dead: 0
2.67462   0.0314201   0.159503  2.43617 	Dead: 0
2.69287   0.0354166   0.179791  2.4342  	Dead: 0
2.68968   0.0393844   0.199933  2.4342  	Dead: 0
2.66869   0.0342423   0.17383   2.40514 	Dead: 0
2.66671   0.0334342   0.169728  2.40514 	Dead: 0
2.68292   0.0360211   0.18286   2.40514 	Dead: 0
2.66094   0.0360161   0.182834  2.40514 	Dead: 0
2.63795   0.0333399   0.169249  2.31205 	Dead: 0
2.66001   0.0362201   0.18387   2.31205 	Dead: 0
2.64975   0.0354625   0.180024  2.31205 	Dead: 0
2.61215   0.0355835   0.180638  2.31205 	Dead: 0
2.60087   0.0309535   0.157135  2.31205 	Dead: 0
2.60569   0.0333818   0.169462  2.31205 	Dead: 0
2.61033   0.0330694   0.167876  2.31205 	Dead: 0
2.62774   0.0352774   0.179084  2.31205 	Dead: 0
2.59128   0.0319323   0.162103  2.31205 	Dead: 0
2.59551   0.0321629   0.163274  2.31205 	Dead: 0
2.59031   0.0322431   0.163681  2.31205 	Dead: 0
2.57874   0.0314361   0.159584  2.31205 	Dead: 0
2.59754   0.0326516   0.165755  2.31205 	Dead: 0
2.60724   0.034446    0.174864  2.31205 	Dead: 0
2.59018   0.0331211   0.168138  2.31205 	Dead: 0
2.59855   0.0356444   0.180948  2.31205 	Dead: 0
2.59781   0.0363174   0.184364  2.31205 	Dead: 0
2.56577   0.035704    0.18125   2.31205 	Dead: 0
2.57802   0.0329129   0.167081  2.31205 	Dead: 0
2.54418   0.0290211   0.147325  2.31205 	Dead: 0
2.56833   0.0351183   0.178277  2.31205 	Dead: 0
2.55431   0.0329752   0.167397  2.31205 	Dead: 0
2.55721   0.0304251   0.154452  2.31205 	Dead: 0
2.54866   0.03255     0.165239  2.27171 	Dead: 0
2.54511   0.0335021   0.170072  2.27171 	Dead: 0
2.54938   0.0343394   0.174323  2.27171 	Dead: 0
2.52128   0.0283143   0.143737  2.27171 	Dead: 0
2.55285   0.0336247   0.170695  2.27171 	Dead: 0
2.53117   0.0321212   0.163062  2.27171 	Dead: 0
2.53689   0.0334299   0.169706  2.27171 	Dead: 0
2.5342    0.0320773   0.16284   2.27171 	Dead: 0
2.54716   0.0344563   0.174916  2.27171 	Dead: 0
2.52787   0.031766    0.161259  2.27171 	Dead: 0
2.54922   0.0335074   0.170099  2.27171 	Dead: 0
2.52657   0.0306828   0.15576   2.27017 	Dead: 0
2.54801   0.0342827   0.174035  2.27017 	Dead: 0
2.55705   0.0351682   0.17853   2.27017 	Dead: 0
2.53414   0.0337959   0.171564  2.27017 	Dead: 0
2.53722   0.0316092   0.160463  2.27017 	Dead: 0
2.53176   0.0328261   0.166641  2.27017 	Dead: 0
2.53579   0.0356163   0.180805  2.27017 	Dead: 0
2.53261   0.0327115   0.166059  2.27017 	Dead: 0
2.53895   0.0332086   0.168582  2.27017 	Dead: 0
2.52954   0.0326496   0.165744  2.27017 	Dead: 0
2.52499   0.0312665   0.158723  2.27017 	Dead: 0
2.54009   0.0332518   0.168802  2.27017 	Dead: 0
2.53904   0.0357324   0.181394  2.27017 	Dead: 0
2.52246   0.0319245   0.162064  2.27017 	Dead: 0
2.5459    0.0365043   0.185313  2.27017 	Dead: 0
2.54153   0.0341426   0.173324  2.27017 	Dead: 0
2.54141   0.0335789   0.170462  2.27017 	Dead: 0
2.51105   0.0293499   0.148994  2.27017 	Dead: 0
2.52477   0.0322082   0.163504  2.27017 	Dead: 0
2.51962   0.0309925   0.157332  2.27017 	Dead: 0
2.54637   0.0341681   0.173453  2.27017 	Dead: 0
2.52739   0.0333241   0.169168  2.27017 	Dead: 0
2.53805   0.0364091   0.18483   2.27017 	Dead: 0
2.52256   0.0331196   0.168131  2.27017 	Dead: 0
2.54209   0.0410341   0.208308  2.27017 	Dead: 0
2.53116   0.0330542   0.167799  2.27017 	Dead: 0
2.52935   0.0320098   0.162497  2.27017 	Dead: 0
2.53723   0.0372064   0.188877  2.27017 	Dead: 0
