5.29431   0.0958744   0.486703  4.11895 	Dead: 0
3.47661   0.0381664   0.193751  3.13142 	Dead: 0
3.0084    0.0230475   0.117     2.77066 	Dead: 0
2.82238   0.0201198   0.102137  2.57638 	Dead: 0
2.76635   0.0285993   0.145184  2.56172 	Dead: 0
2.76556   0.0325264   0.165119  2.53372 	Dead: 0
2.7066    0.0326609   0.165802  2.49818 	Dead: 0
2.68464   0.0362698   0.184122  2.41679 	Dead: 0
2.66263   0.0428078   0.217313  2.41679 	Dead: 0
2.61921   0.0266641   0.135359  2.40388 	Dead: 0
2.59056   0.028539    0.144877  2.34676 	Dead: 0
2.6065    0.0381504   0.193669  2.34676 	Dead: 0
2.57753   0.0315103   0.159961  2.34676 	Dead: 0
2.57521   0.0290013   0.147224  2.34676 	Dead: 0
2.56554   0.0319742   0.162316  2.29607 	Dead: 0
2.5362    0.031105    0.157904  2.28608 	Dead: 0
2.55873   0.0475142   0.241204  2.28608 	Dead: 0
2.51918   0.0317493   0.161174  2.28608 	Dead: 0
2.54014   0.0412901   0.209608  2.28608 	Dead: 0
2.51621   0.044459    0.225695  2.27765 	Dead: 0
2.51823   0.0353121   0.179261  2.27765 	Dead: 0
2.52239   0.0418935   0.212671  2.27765 	Dead: 0
2.49711   0.0321548   0.163233  2.27765 	Dead: 0
2.48809   0.0316387   0.160613  2.27765 	Dead: 0
2.48461   0.0308944   0.156834  2.27765 	Dead: 0
2.46312   0.0260938   0.132464  2.27765 	Dead: 0
2.47584   0.0316042   0.160437  2.27765 	Dead: 0
2.48625   0.0423113   0.214792  2.24755 	Dead: 0
2.49123   0.0376575   0.191167  2.24755 	Dead: 0
2.46421   0.0295876   0.1502    2.24755 	Dead: 0
2.46073   0.0267777   0.135936  2.24755 	Dead: 0
2.49782   0.0369574   0.187613  2.24755 	Dead: 0
2.45814   0.0294218   0.149359  2.24755 	Dead: 0
2.47947   0.0478265   0.24279   2.18551 	Dead: 0
2.47303   0.0384145   0.19501   2.18551 	Dead: 0
2.42658   0.0307364   0.156033  2.18551 	Dead: 0
2.44415   0.0536331   0.272267  2.18551 	Dead: 0
2.41254   0.0291265   0.14786   2.18551 	Dead: 0
2.3805    0.0255962   0.129938  2.16295 	Dead: 0
2.39176   0.0333774   0.169439  2.16295 	Dead: 0
2.37529   0.0375909   0.190829  2.15406 	Dead: 0
2.39526   0.0389437   0.197696  2.15406 	Dead: 0
2.36031   0.0301674   0.153144  2.15406 	Dead: 0
2.3553    0.0336249   0.170696  2.15406 	Dead: 0
2.34094   0.0267551   0.135822  2.10809 	Dead: 0
2.32513   0.0249558   0.126687  2.10809 	Dead: 0
2.35678   0.0337139   0.171147  2.10809 	Dead: 0
2.36353   0.0350596   0.177979  2.10809 	Dead: 0
2.34626   0.0311712   0.158239  2.10809 	Dead: 0
2.31722   0.0292197   0.148333  2.10809 	Dead: 0
2.31033   0.0419946   0.213184  2.10809 	Dead: 0
2.30439   0.0308797   0.15676   2.10531 	Dead: 0
2.2663    0.0228573   0.116034  2.05173 	Dead: 0
2.29844   0.0373525   0.189618  2.05173 	Dead: 0
2.25924   0.0298823   0.151696  2.05173 	Dead: 0
2.25896   0.0328439   0.166731  2.05173 	Dead: 0
2.24061   0.0270242   0.137188  2.01223 	Dead: 0
2.26367   0.0425597   0.216053  2.01223 	Dead: 0
2.23609   0.0295464   0.149991  2.01223 	Dead: 0
2.23581   0.0247049   0.125413  2.01223 	Dead: 0
2.24403   0.0326279   0.165634  2.01223 	Dead: 0
2.23234   0.0320438   0.162669  2.01223 	Dead: 0
2.22774   0.0315035   0.159926  2.01223 	Dead: 0
2.2474    0.0433641   0.220136  2.01223 	Dead: 0
2.20699   0.0233208   0.118387  2.01223 	Dead: 0
2.22765   0.0311806   0.158287  2.01223 	Dead: 0
2.20346   0.0239591   0.121628  2.01223 	Dead: 0
2.20246   0.0280112   0.142198  2.01223 	Dead: 0
2.22699   0.0352968   0.179183  2.01223 	Dead: 0
2.21218   0.0298931   0.151751  2.01223 	Dead: 0
2.22159   0.0333664   0.169383  2.01223 	Dead: 0
2.19338   0.0249176   0.126494  1.93475 	Dead: 0
2.21998   0.0462162   0.234615  1.93475 	Dead: 0
2.21126   0.0444024   0.225407  1.93475 	Dead: 0
2.18944   0.0282181   0.143248  1.93475 	Dead: 0
2.20185   0.0360724   0.18312   1.93475 	Dead: 0
2.20318   0.0397181   0.201628  1.93475 	Dead: 0
2.19758   0.0314226   0.159516  1.93475 	Dead: 0
2.21075   0.0579764   0.294315  1.93475 	Dead: 0
2.20955   0.0415342   0.210847  1.93475 	Dead: 0
2.17264   0.0244136   0.123935  1.93475 	Dead: 0
2.21768   0.055072    0.279571  1.93475 	Dead: 0
2.1644    0.0225642   0.114546  1.93475 	Dead: 0
2.18092   0.0434859   0.220755  1.93475 	Dead: 0
2.20102   0.0405252   0.205725  1.93475 	Dead: 0
2.19564   0.0415534   0.210944  1.93475 	Dead: 0
2.22502   0.0583767   0.296347  1.93475 	Dead: 0
2.21282   0.0524761   0.266393  1.93475 	Dead: 0
2.21103   0.0513093   0.26047   1.93475 	Dead: 0
2.19169   0.0344261   0.174763  1.93475 	Dead: 0
2.20081   0.0391398   0.198692  1.93475 	Dead: 0
2.18072   0.0314459   0.159634  1.93475 	Dead: 0
2.17672   0.0335647   0.17039   1.93475 	Dead: 0
2.21819   0.0638902   0.324337  1.93475 	Dead: 0
2.18562   0.0435039   0.220846  1.93475 	Dead: 0
2.15921   0.0251386   0.127615  1.93475 	Dead: 0
2.1802    0.032303    0.163985  1.93475 	Dead: 0
2.19776   0.0631909   0.320787  1.93475 	Dead: 0
2.17629   0.0340257   0.17273   1.93475 	Dead: 0
2.16415   0.0313268   0.159029  1.93475 	Dead: 0
2.20217   0.0411085   0.208686  1.93475 	Dead: 0
