5.19595   0.0789253   0.400662  4.39237 	Dead: 0
4.56733   0.0593276   0.301174  4.12103 	Dead: 0
4.50279   0.0565923   0.287289  4.12103 	Dead: 0
4.46558   0.0537305   0.272761  4.12103 	Dead: 0
4.48948   0.0649358   0.329645  4.0116  	Dead: 0
4.41113   0.0491691   0.249605  4.0116  	Dead: 0
4.43283   0.0668502   0.339363  4.0116  	Dead: 0
4.42089   0.060493    0.307091  4.0116  	Dead: 0
4.3802    0.0563714   0.286168  4.0116  	Dead: 0
4.3838    0.0719671   0.365339  3.84084 	Dead: 0
4.29435   0.0589143   0.299077  3.84084 	Dead: 0
4.29741   0.0731324   0.371254  3.77599 	Dead: 0
4.26582   0.0743179   0.377273  3.66463 	Dead: 0
4.23158   0.0581372   0.295132  3.66463 	Dead: 0
4.18212   0.0488842   0.248159  3.66463 	Dead: 0
4.19681   0.0564539   0.286586  3.66463 	Dead: 0
4.20505   0.0648532   0.329225  3.66463 	Dead: 0
4.20315   0.06462     0.328041  3.66463 	Dead: 0
4.18663   0.0617518   0.313481  3.66463 	Dead: 0
4.17672   0.0642666   0.326247  3.66463 	Dead: 0
4.18901   0.067305    0.341672  3.66463 	Dead: 0
4.19636   0.0618314   0.313885  3.66463 	Dead: 0
4.12026   0.0486144   0.24679   3.66463 	Dead: 0
4.14444   0.0593669   0.301374  3.66463 	Dead: 0
4.20229   0.0746111   0.378761  3.66463 	Dead: 0
4.18736   0.0733134   0.372173  3.66463 	Dead: 0
4.17743   0.0674643   0.34248   3.66463 	Dead: 0
4.15245   0.0632087   0.320877  3.66463 	Dead: 0
4.1984    0.0692702   0.351648  3.66463 	Dead: 0
4.1812    0.0616187   0.312805  3.66463 	Dead: 0
4.21308   0.0745874   0.378641  3.66463 	Dead: 0
4.23007   0.0773942   0.392889  3.66463 	Dead: 0
4.18561   0.0595997   0.302556  3.66463 	Dead: 0
4.16683   0.0602245   0.305728  3.66463 	Dead: 0
4.18239   0.06855     0.347992  3.66463 	Dead: 0
4.15866   0.0542844   0.275573  3.66463 	Dead: 0
4.19199   0.0736252   0.373756  3.66463 	Dead: 0
4.21974   0.0812293   0.412358  3.66463 	Dead: 0
4.18127   0.0724041   0.367557  3.66463 	Dead: 0
4.16929   0.0625561   0.317564  3.66463 	Dead: 0
4.16796   0.0601885   0.305545  3.66463 	Dead: 0
4.1576    0.0564272   0.286451  3.66463 	Dead: 0
4.18359   0.0766029   0.388872  3.66463 	Dead: 0
4.19526   0.0762467   0.387064  3.66463 	Dead: 0
4.15941   0.0633771   0.321732  3.66463 	Dead: 0
4.20786   0.0738072   0.37468   3.66463 	Dead: 0
4.18811   0.0634543   0.322123  3.66463 	Dead: 0
4.16259   0.0627387   0.318491  3.66463 	Dead: 0
4.15851   0.0576064   0.292437  3.66463 	Dead: 0
4.15611   0.0642714   0.326271  3.66463 	Dead: 0
4.19153   0.0758103   0.384848  3.66463 	Dead: 0
4.12213   0.0546719   0.27754   3.66463 	Dead: 0
4.16101   0.0653932   0.331966  3.66463 	Dead: 0
4.1624    0.0689977   0.350265  3.66463 	Dead: 0
4.19974   0.0810472   0.411433  3.66463 	Dead: 0
4.17423   0.0658985   0.334532  3.66463 	Dead: 0
4.1504    0.0682298   0.346366  3.66463 	Dead: 0
4.14578   0.0620242   0.314864  3.66463 	Dead: 0
4.14192   0.0625436   0.317501  3.66463 	Dead: 0
4.14397   0.0601274   0.305235  3.66463 	Dead: 0
4.16956   0.069366    0.352134  3.66463 	Dead: 0
4.18235   0.0643841   0.326844  3.66463 	Dead: 0
4.22416   0.0796395   0.404287  3.66463 	Dead: 0
4.09962   0.0610729   0.310035  3.66463 	Dead: 0
4.0341    0.0527509   0.267788  3.53158 	Dead: 0
4.08023   0.0656411   0.333225  3.53158 	Dead: 0
4.04582   0.0782698   0.397334  3.53158 	Dead: 0
4.04632   0.0729305   0.370229  3.53158 	Dead: 0
3.99788   0.0631011   0.320331  3.53158 	Dead: 0
3.98782   0.0623826   0.316683  3.53158 	Dead: 0
3.97672   0.0575607   0.292205  3.53158 	Dead: 0
3.98056   0.0607841   0.308568  3.53158 	Dead: 0
4.0005    0.0645655   0.327764  3.53158 	Dead: 0
4.00209   0.0665263   0.337718  3.53158 	Dead: 0
3.94924   0.0513955   0.260908  3.53158 	Dead: 0
4.01554   0.0740182   0.375751  3.53158 	Dead: 0
4.00812   0.0746064   0.378737  3.53158 	Dead: 0
3.97253   0.0545834   0.277091  3.53158 	Dead: 0
3.95577   0.0572947   0.290854  3.53158 	Dead: 0
3.95022   0.0528719   0.268403  3.53158 	Dead: 0
4.04025   0.078787    0.39996   3.53158 	Dead: 0
3.97297   0.0717707   0.364342  3.53158 	Dead: 0
3.97734   0.069625    0.353449  3.53158 	Dead: 0
3.99451   0.0619155   0.314312  3.53158 	Dead: 0
3.9449    0.052664    0.267347  3.53158 	Dead: 0
3.94933   0.0526612   0.267333  3.53158 	Dead: 0
3.96476   0.0562873   0.28574   3.53158 	Dead: 0
4.0111    0.0772379   0.392096  3.53158 	Dead: 0
3.93853   0.0551549   0.279992  3.53158 	Dead: 0
3.97067   0.0691641   0.351109  3.53158 	Dead: 0
3.9408    0.0674663   0.34249   3.4292  	Dead: 0
3.91286   0.0506696   0.257222  3.4292  	Dead: 0
3.9478    0.0571512   0.290126  3.4292  	Dead: 0
3.88712   0.0495821   0.251702  3.4292  	Dead: 0
3.90531   0.0482372   0.244875  3.4292  	Dead: 0
3.95687   0.0696646   0.35365   3.4292  	Dead: 0
3.95763   0.0759028   0.385318  3.4292  	Dead: 0
3.90273   0.064426    0.327057  3.4292  	Dead: 0
3.93599   0.0765738   0.388724  3.4292  	Dead: 0
3.92814   0.0675567   0.342949  3.4292  	Dead: 0
3.9014    0.0675555   0.342943  3.4292  	Dead: 0
