5.1777    0.0661824   0.335973  4.65515 	Dead: 0
4.61162   0.0481556   0.24446   4.2671  	Dead: 0
4.53548   0.0483623   0.245509  4.00249 	Dead: 0
4.46996   0.0436448   0.221561  4.00249 	Dead: 0
4.43806   0.047381    0.240528  3.89504 	Dead: 0
4.4829    0.0559708   0.284134  3.89504 	Dead: 0
4.43008   0.0503716   0.25571   3.89504 	Dead: 0
4.43301   0.0493274   0.250409  3.89504 	Dead: 0
4.41707   0.0496011   0.251798  3.89504 	Dead: 0
4.41149   0.0533089   0.270621  3.89504 	Dead: 0
4.40491   0.0532794   0.270471  3.89504 	Dead: 0
4.4209    0.05364     0.272302  3.89504 	Dead: 0
4.3755    0.0481684   0.244525  3.89504 	Dead: 0
4.39793   0.0520029   0.263991  3.89504 	Dead: 0
4.36475   0.053419    0.27118   3.89504 	Dead: 0
4.36204   0.0568176   0.288432  3.89504 	Dead: 0
4.34695   0.0509759   0.258778  3.89504 	Dead: 0
4.35708   0.0535155   0.27167   3.89504 	Dead: 0
4.3459    0.0559926   0.284244  3.86241 	Dead: 0
4.35706   0.0603162   0.306193  3.86241 	Dead: 0
4.34831   0.0573648   0.29121   3.86241 	Dead: 0
4.32131   0.0523445   0.265725  3.86241 	Dead: 0
4.31815   0.0575461   0.292131  3.86241 	Dead: 0
4.31889   0.0551177   0.279803  3.86241 	Dead: 0
4.31081   0.0505041   0.256382  3.86241 	Dead: 0
4.30307   0.0569547   0.289129  3.86241 	Dead: 0
4.32529   0.0519749   0.263849  3.86241 	Dead: 0
4.29925   0.0583648   0.296287  3.86241 	Dead: 0
4.30462   0.0542935   0.275619  3.86241 	Dead: 0
4.35672   0.0765727   0.388719  3.80906 	Dead: 0
4.32034   0.0527982   0.268028  3.80906 	Dead: 0
4.3141    0.0561516   0.285052  3.80906 	Dead: 0
4.28764   0.0545718   0.277032  3.80906 	Dead: 0
4.30356   0.0544862   0.276597  3.80906 	Dead: 0
4.30977   0.0551605   0.280021  3.80906 	Dead: 0
4.29919   0.0555973   0.282238  3.80906 	Dead: 0
4.30024   0.0576255   0.292534  3.80906 	Dead: 0
4.29407   0.0589069   0.299039  3.80906 	Dead: 0
4.28503   0.0587897   0.298444  3.80906 	Dead: 0
4.26367   0.0572056   0.290402  3.80906 	Dead: 0
4.25681   0.0587035   0.298006  3.80906 	Dead: 0
4.27512   0.0637484   0.323617  3.73627 	Dead: 0
4.24523   0.0602873   0.306046  3.7203  	Dead: 0
4.21033   0.0579644   0.294254  3.7203  	Dead: 0
4.25215   0.0731659   0.371424  3.7203  	Dead: 0
4.21708   0.0582528   0.295719  3.7203  	Dead: 0
4.23022   0.0615261   0.312335  3.7203  	Dead: 0
4.25039   0.0742186   0.376768  3.7203  	Dead: 0
4.21645   0.0722392   0.36672   3.66727 	Dead: 0
4.19828   0.0724497   0.367788  3.66727 	Dead: 0
4.24419   0.0718378   0.364682  3.66727 	Dead: 0
4.21844   0.0716693   0.363827  3.66727 	Dead: 0
4.19755   0.0672588   0.341437  3.66727 	Dead: 0
4.20669   0.0667911   0.339063  3.66727 	Dead: 0
4.14537   0.0678099   0.344235  3.55543 	Dead: 0
4.09353   0.0734865   0.373052  3.55543 	Dead: 0
4.01151   0.070545    0.358119  3.55543 	Dead: 0
4.04      0.0808378   0.41037   3.52096 	Dead: 0
3.99633   0.0767559   0.389649  3.48443 	Dead: 0
4.00318   0.0822338   0.417457  3.48443 	Dead: 0
3.98816   0.0773907   0.392871  3.48443 	Dead: 0
3.97004   0.0768731   0.390244  3.48443 	Dead: 0
3.97268   0.0780129   0.39603   3.48443 	Dead: 0
3.96837   0.0763417   0.387546  3.48443 	Dead: 0
3.90232   0.0690195   0.350375  3.48443 	Dead: 0
3.94931   0.0825779   0.419204  3.40971 	Dead: 0
3.9878    0.0932737   0.473501  3.40971 	Dead: 0
3.99814   0.0893526   0.453595  3.40971 	Dead: 0
3.92628   0.0722878   0.366967  3.40971 	Dead: 0
3.95781   0.0768688   0.390222  3.40971 	Dead: 0
3.95609   0.0805934   0.40913   3.40971 	Dead: 0
3.94913   0.0734937   0.373088  3.40971 	Dead: 0
3.94447   0.0851061   0.432038  3.40971 	Dead: 0
3.91705   0.0724466   0.367773  3.40971 	Dead: 0
3.92844   0.0812912   0.412672  3.40971 	Dead: 0
4.00811   0.0920085   0.467078  3.40971 	Dead: 0
3.96319   0.0858945   0.43604   3.40971 	Dead: 0
3.95069   0.0790376   0.401232  3.40971 	Dead: 0
3.94893   0.0778021   0.39496   3.40971 	Dead: 0
3.92702   0.0779656   0.39579   3.40971 	Dead: 0
3.91928   0.0819909   0.416224  3.40971 	Dead: 0
3.89127   0.073514    0.373191  3.40971 	Dead: 0
3.97843   0.0838791   0.425809  3.40971 	Dead: 0
3.94336   0.0732292   0.371746  3.40971 	Dead: 0
3.93942   0.079685    0.404518  3.40971 	Dead: 0
3.9124    0.0767665   0.389703  3.40971 	Dead: 0
3.97369   0.0795739   0.403954  3.40971 	Dead: 0
3.93253   0.0752029   0.381765  3.40971 	Dead: 0
3.97443   0.0879999   0.446728  3.40971 	Dead: 0
3.99845   0.0910652   0.46229   3.40971 	Dead: 0
3.9565    0.0791766   0.401937  3.40971 	Dead: 0
3.94286   0.077959    0.395756  3.40971 	Dead: 0
3.96658   0.0811959   0.412188  3.40971 	Dead: 0
3.92405   0.0821084   0.41682   3.40971 	Dead: 0
3.90984   0.0758372   0.384985  3.40971 	Dead: 0
4.01449   0.0892932   0.453294  3.40971 	Dead: 0
3.90283   0.0796227   0.404202  3.40971 	Dead: 0
3.93292   0.0756342   0.383954  3.40971 	Dead: 0
3.95449   0.0803839   0.408066  3.40971 	Dead: 0
3.94926   0.0843321   0.428109  3.40971 	Dead: 0
3.96008   0.0826339   0.419488  3.40971 	Dead: 0
