9.81273   0.0473768   0.240507  9.19667 	Dead: 0
8.90957   0.0299175   0.151875  8.60914 	Dead: 0
8.73158   0.0321997   0.163461  8.43183 	Dead: 0
8.67958   0.036935    0.187499  8.37054 	Dead: 0
8.65772   0.0381121   0.193475  8.35739 	Dead: 0
8.63419   0.0327416   0.166211  8.25888 	Dead: 0
8.61594   0.036614    0.18587   8.25888 	Dead: 0
8.596     0.0337385   0.171272  8.25888 	Dead: 0
8.5987    0.0372017   0.188853  8.25888 	Dead: 0
8.55532   0.0379539   0.192672  8.24892 	Dead: 0
8.51203   0.0368304   0.186969  8.21777 	Dead: 0
8.4856    0.0359124   0.182308  8.19789 	Dead: 0
8.49063   0.0420454   0.213442  8.19789 	Dead: 0
8.47136   0.0400971   0.203552  8.15877 	Dead: 0
8.42889   0.0366022   0.18581   8.11972 	Dead: 0
8.41721   0.0392256   0.199128  8.11972 	Dead: 0
8.41323   0.0397056   0.201564  8.11972 	Dead: 0
8.39826   0.0408023   0.207131  8.11449 	Dead: 0
8.38366   0.0369291   0.187469  8.11449 	Dead: 0
8.39761   0.0476108   0.241695  8.11449 	Dead: 0
8.41923   0.0444633   0.225716  8.11259 	Dead: 0
8.38284   0.0371209   0.188443  8.05646 	Dead: 0
8.36413   0.0401854   0.204     8.05646 	Dead: 0
8.35961   0.040244    0.204297  8.05646 	Dead: 0
8.36839   0.0414113   0.210223  8.05646 	Dead: 0
8.36748   0.0436473   0.221574  8.02522 	Dead: 0
8.35895   0.0411532   0.208913  8.02522 	Dead: 0
8.36744   0.0444862   0.225833  8.02522 	Dead: 0
8.38717   0.0417878   0.212134  8.02522 	Dead: 0
8.3324    0.037121    0.188443  8.02522 	Dead: 0
8.36451   0.0406812   0.206517  8.02522 	Dead: 0
8.34317   0.040866    0.207455  8.02522 	Dead: 0
8.33088   0.0450973   0.228935  8.02522 	Dead: 0
8.33119   0.0410747   0.208514  8.02101 	Dead: 0
8.3652    0.0464067   0.235582  8.02101 	Dead: 0
8.33098   0.0400986   0.203559  8.02101 	Dead: 0
8.31397   0.0395071   0.200556  8.02101 	Dead: 0
8.30858   0.0385716   0.195807  8.02101 	Dead: 0
8.30353   0.0380411   0.193114  8.02101 	Dead: 0
8.29751   0.0416298   0.211332  8.02101 	Dead: 0
8.29399   0.0409959   0.208114  8.02101 	Dead: 0
8.28824   0.041694    0.211658  8.02101 	Dead: 0
8.28186   0.03771     0.191433  8.02101 	Dead: 0
8.26368   0.0386398   0.196154  8.02101 	Dead: 0
8.29116   0.0409566   0.207915  7.9825  	Dead: 0
8.2566    0.0393984   0.200005  7.91332 	Dead: 0
8.27217   0.0378124   0.191953  7.91332 	Dead: 0
8.28708   0.0436127   0.221399  7.91332 	Dead: 0
8.24483   0.041318    0.209749  7.91332 	Dead: 0
8.27453   0.0407251   0.20674   7.91332 	Dead: 0
8.2744    0.0432778   0.219698  7.91332 	Dead: 0
8.26708   0.0426136   0.216327  7.91332 	Dead: 0
8.24465   0.0400169   0.203144  7.91332 	Dead: 0
8.24112   0.0392218   0.199108  7.91332 	Dead: 0
8.26431   0.0434554   0.2206    7.91332 	Dead: 0
8.2231    0.0409653   0.207959  7.90313 	Dead: 0
8.2255    0.0412944   0.20963   7.90313 	Dead: 0
8.2233    0.0402339   0.204246  7.90313 	Dead: 0
8.22827   0.0427051   0.216791  7.90313 	Dead: 0
8.22128   0.0458192   0.2326    7.90313 	Dead: 0
8.22587   0.0441684   0.224219  7.90313 	Dead: 0
8.21992   0.0410358   0.208317  7.90313 	Dead: 0
8.19768   0.0421753   0.214102  7.90313 	Dead: 0
8.22769   0.0456547   0.231765  7.88033 	Dead: 0
8.2126    0.0394885   0.200462  7.88033 	Dead: 0
8.19892   0.0393865   0.199944  7.88033 	Dead: 0
8.23183   0.0439618   0.223171  7.88033 	Dead: 0
8.18446   0.0399572   0.202842  7.88033 	Dead: 0
8.18071   0.0402033   0.204091  7.88033 	Dead: 0
8.20506   0.0444088   0.22544   7.88033 	Dead: 0
8.19185   0.0433677   0.220155  7.83405 	Dead: 0
8.19183   0.0422761   0.214613  7.83405 	Dead: 0
8.21955   0.0436146   0.221408  7.83405 	Dead: 0
8.19105   0.0420174   0.2133    7.83405 	Dead: 0
8.1751    0.0403649   0.204911  7.83405 	Dead: 0
8.17359   0.0427448   0.216993  7.83405 	Dead: 0
8.17671   0.0406771   0.206496  7.83405 	Dead: 0
8.17306   0.0427043   0.216787  7.83405 	Dead: 0
8.14592   0.0361361   0.183444  7.83405 	Dead: 0
8.12685   0.0407543   0.206888  7.78905 	Dead: 0
8.12858   0.039938    0.202744  7.78905 	Dead: 0
8.15136   0.0431622   0.219111  7.78905 	Dead: 0
8.10065   0.034359    0.174422  7.78905 	Dead: 0
8.11922   0.0437088   0.221886  7.73501 	Dead: 0
8.10353   0.0384168   0.195022  7.73501 	Dead: 0
8.09583   0.0420044   0.213234  7.73501 	Dead: 0
8.09021   0.0365614   0.185603  7.73501 	Dead: 0
8.10278   0.0452077   0.229495  7.73501 	Dead: 0
8.07189   0.0375253   0.190496  7.73501 	Dead: 0
8.07137   0.0370713   0.188191  7.73501 	Dead: 0
8.08483   0.0429049   0.217805  7.73501 	Dead: 0
8.07586   0.0430382   0.218482  7.73501 	Dead: 0
8.05955   0.0397698   0.20189   7.72857 	Dead: 0
8.06619   0.0437725   0.22221   7.72857 	Dead: 0
8.06309   0.0417073   0.211726  7.72857 	Dead: 0
8.05758   0.0420788   0.213612  7.72857 	Dead: 0
8.06869   0.042061    0.213521  7.72857 	Dead: 0
8.04165   0.0421894   0.214173  7.72857 	Dead: 0
8.0677    0.0443334   0.225057  7.72857 	Dead: 0
8.02068   0.0407267   0.206747  7.72857 	Dead: 0
8.05216   0.0413296   0.209809  7.72857 	Dead: 0
