8.98861   0.0704985   0.357883  7.97381 	Dead: 0
8.20002   0.055331    0.280886  7.49244 	Dead: 0
8.02318   0.0529196   0.268645  7.49244 	Dead: 0
8         0.0597708   0.303424  7.39486 	Dead: 0
8.01564   0.0656295   0.333166  7.39486 	Dead: 0
7.94475   0.0666366   0.338279  7.39486 	Dead: 0
7.86626   0.0598682   0.303919  7.39486 	Dead: 0
7.92085   0.0660125   0.33511   7.39486 	Dead: 0
7.89765   0.0685045   0.347761  7.39486 	Dead: 0
7.87987   0.070609    0.358444  7.39486 	Dead: 0
7.79356   0.0524112   0.266064  7.39486 	Dead: 0
7.85767   0.0625904   0.317738  7.25416 	Dead: 0
7.85714   0.0655023   0.33252   7.25416 	Dead: 0
7.83862   0.0666912   0.338556  7.25416 	Dead: 0
7.83537   0.0674682   0.3425    7.22074 	Dead: 0
7.81416   0.0687283   0.348897  7.22074 	Dead: 0
7.81176   0.06231     0.316315  7.22074 	Dead: 0
7.79638   0.0665338   0.337757  7.22074 	Dead: 0
7.767     0.0609249   0.309283  7.22074 	Dead: 0
7.78411   0.0683592   0.347023  7.1902  	Dead: 0
7.73631   0.0642981   0.326407  7.1902  	Dead: 0
7.7509    0.0652158   0.331066  7.1902  	Dead: 0
7.73256   0.0638906   0.324338  7.16452 	Dead: 0
7.74293   0.0647778   0.328842  7.16452 	Dead: 0
7.73502   0.0651969   0.33097   7.16452 	Dead: 0
7.72072   0.0625378   0.317471  7.16452 	Dead: 0
7.73035   0.0691872   0.351226  7.16452 	Dead: 0
7.702     0.061993    0.314705  7.16452 	Dead: 0
7.75133   0.0711223   0.36105   7.05774 	Dead: 0
7.75201   0.0696345   0.353497  7.05774 	Dead: 0
7.68956   0.0649995   0.329968  7.05774 	Dead: 0
7.70839   0.0671528   0.340899  7.05774 	Dead: 0
7.67348   0.0662919   0.336529  7.05774 	Dead: 0
7.70687   0.0698668   0.354676  7.05774 	Dead: 0
7.66369   0.0676476   0.343411  7.05774 	Dead: 0
7.6709    0.0666514   0.338354  7.05774 	Dead: 0
7.67894   0.0629384   0.319505  7.05774 	Dead: 0
7.71438   0.0739177   0.375241  7.05774 	Dead: 0
7.64933   0.0610921   0.310132  7.0217  	Dead: 0
7.63274   0.0652032   0.331002  7.0217  	Dead: 0
7.68061   0.0692972   0.351785  7.0217  	Dead: 0
7.62908   0.0628567   0.31909   7.0217  	Dead: 0
7.67033   0.0690126   0.35034   7.0217  	Dead: 0
7.65638   0.0686807   0.348655  7.0217  	Dead: 0
7.62997   0.0659436   0.334761  7.0217  	Dead: 0
7.68288   0.0696695   0.353675  7.0217  	Dead: 0
7.63902   0.0666067   0.338127  7.0217  	Dead: 0
7.64841   0.071444    0.362683  6.99377 	Dead: 0
7.62917   0.0724505   0.367792  6.9469  	Dead: 0
7.6163    0.0704374   0.357573  6.9469  	Dead: 0
7.63072   0.0684528   0.347498  6.9469  	Dead: 0
7.60106   0.0649803   0.32987   6.9469  	Dead: 0
7.64793   0.0723154   0.367107  6.9469  	Dead: 0
7.6517    0.0754589   0.383064  6.9469  	Dead: 0
7.63681   0.0684638   0.347554  6.9469  	Dead: 0
7.61243   0.0680818   0.345615  6.9469  	Dead: 0
7.61383   0.0700599   0.355657  6.9469  	Dead: 0
7.62003   0.0686172   0.348333  6.9469  	Dead: 0
7.62719   0.0697628   0.354148  6.9469  	Dead: 0
7.59373   0.0678464   0.34442   6.9469  	Dead: 0
7.59293   0.0703933   0.357349  6.9469  	Dead: 0
7.58074   0.0687798   0.349158  6.9469  	Dead: 0
7.60461   0.0756705   0.384139  6.9469  	Dead: 0
7.60248   0.0736991   0.374131  6.9469  	Dead: 0
7.58667   0.0719156   0.365077  6.9469  	Dead: 0
7.58047   0.0663713   0.336932  6.9469  	Dead: 0
7.56909   0.0650154   0.330049  6.9469  	Dead: 0
7.60456   0.0692539   0.351565  6.9469  	Dead: 0
7.60386   0.066175    0.335935  6.9469  	Dead: 0
7.58139   0.0681931   0.34618   6.9469  	Dead: 0
7.57708   0.0656775   0.33341   6.9469  	Dead: 0
7.60042   0.0716467   0.363712  6.9469  	Dead: 0
7.59464   0.0774564   0.393205  6.9469  	Dead: 0
7.62462   0.0729086   0.370118  6.9469  	Dead: 0
7.61041   0.0675847   0.343092  6.9469  	Dead: 0
7.61465   0.0671854   0.341064  6.9469  	Dead: 0
7.59436   0.067862    0.344499  6.9469  	Dead: 0
7.60499   0.0702957   0.356854  6.9469  	Dead: 0
7.54408   0.0658447   0.334259  6.9469  	Dead: 0
7.57606   0.0650547   0.330248  6.9469  	Dead: 0
7.59326   0.0667284   0.338744  6.9469  	Dead: 0
7.59139   0.0689447   0.349996  6.9469  	Dead: 0
7.59003   0.0724568   0.367824  6.9469  	Dead: 0
7.59369   0.0714409   0.362667  6.9469  	Dead: 0
7.57671   0.0707921   0.359374  6.9469  	Dead: 0
7.63611   0.0766548   0.389135  6.9469  	Dead: 0
7.54783   0.0670463   0.340358  6.9469  	Dead: 0
7.6154    0.0716216   0.363585  6.9469  	Dead: 0
7.63149   0.0711472   0.361176  6.9469  	Dead: 0
7.6194    0.0658824   0.33445   6.9469  	Dead: 0
7.56336   0.0643172   0.326504  6.9469  	Dead: 0
7.54883   0.069755    0.354109  6.9469  	Dead: 0
7.60118   0.0735739   0.373496  6.9469  	Dead: 0
7.5882    0.0710952   0.360912  6.9469  	Dead: 0
7.54805   0.0649835   0.329887  6.9469  	Dead: 0
7.58712   0.0697353   0.354009  6.8908  	Dead: 0
7.59199   0.0700615   0.355665  6.8908  	Dead: 0
7.58945   0.0728679   0.369912  6.8908  	Dead: 0
7.52701   0.0689988   0.35027   6.8908  	Dead: 0
7.58115   0.0708459   0.359647  6.8908  	Dead: 0
7.52006   0.0679264   0.344826  6.8908  	Dead: 0
