4.27048   0.158913    0.806718  2.65573 	Dead: 0
2.63061   0.0766154   0.388935  2.22522 	Dead: 0
2.07247   0.0227811   0.115648  1.90556 	Dead: 0
1.93885   0.0216606   0.109959  1.76611 	Dead: 0
1.87368   0.0361575   0.183552  1.70463 	Dead: 0
1.84623   0.0280601   0.142446  1.68608 	Dead: 0
1.81469   0.0232469   0.118012  1.63989 	Dead: 0
1.787     0.0199181   0.101114  1.63011 	Dead: 0
1.76943   0.0296358   0.150445  1.62524 	Dead: 0
1.75084   0.0235163   0.11938   1.61231 	Dead: 0
1.74937   0.0312645   0.158713  1.59665 	Dead: 0
1.73591   0.0316678   0.160761  1.53056 	Dead: 0
1.72116   0.0274136   0.139164  1.53056 	Dead: 0
1.73226   0.0244249   0.123992  1.53056 	Dead: 0
1.70758   0.0223841   0.113632  1.53056 	Dead: 0
1.71049   0.0257057   0.130494  1.53056 	Dead: 0
1.73345   0.0419779   0.2131    1.53056 	Dead: 0
1.71656   0.0228306   0.115899  1.53056 	Dead: 0
1.68722   0.0228639   0.116068  1.53056 	Dead: 0
1.71693   0.032863    0.166828  1.53056 	Dead: 0
1.68208   0.020259    0.102844  1.53056 	Dead: 0
1.67492   0.0189354   0.096125  1.53056 	Dead: 0
1.70436   0.0427722   0.217132  1.53056 	Dead: 0
1.68495   0.0263398   0.133713  1.53056 	Dead: 0
1.69687   0.0354808   0.180117  1.53056 	Dead: 0
1.68622   0.0239153   0.121405  1.53056 	Dead: 0
1.66659   0.024502    0.124384  1.53056 	Dead: 0
1.66328   0.0200522   0.101794  1.53056 	Dead: 0
1.6713    0.0313613   0.159205  1.50444 	Dead: 0
1.67204   0.0264001   0.134019  1.50444 	Dead: 0
1.68261   0.0345978   0.175635  1.50444 	Dead: 0
1.66176   0.0269904   0.137016  1.50444 	Dead: 0
1.67205   0.0351124   0.178247  1.50444 	Dead: 0
1.67483   0.0494628   0.251096  1.50444 	Dead: 0
1.66267   0.0243743   0.123735  1.50444 	Dead: 0
1.65577   0.0247058   0.125418  1.50444 	Dead: 0
1.66124   0.0272997   0.138586  1.50444 	Dead: 0
1.64382   0.0216525   0.109918  1.50444 	Dead: 0
1.65674   0.0383964   0.194918  1.50444 	Dead: 0
1.65162   0.0385618   0.195758  1.49578 	Dead: 0
1.64223   0.0243824   0.123776  1.49578 	Dead: 0
1.64889   0.0303695   0.15417   1.49578 	Dead: 0
1.63963   0.0234614   0.119101  1.46449 	Dead: 0
1.63406   0.0312535   0.158657  1.46449 	Dead: 0
1.62778   0.0199222   0.101134  1.46449 	Dead: 0
1.64824   0.0275177   0.139693  1.46449 	Dead: 0
1.63334   0.0231166   0.117351  1.46449 	Dead: 0
1.63083   0.028158    0.142943  1.46449 	Dead: 0
1.60827   0.0175071   0.088874  1.46047 	Dead: 0
1.61368   0.022071    0.112043  1.46047 	Dead: 0
1.62971   0.0268194   0.136148  1.46047 	Dead: 0
1.61806   0.0230428   0.116976  1.46047 	Dead: 0
1.64482   0.0370128   0.187894  1.46047 	Dead: 0
1.63042   0.0294534   0.149519  1.46047 	Dead: 0
1.64133   0.0357225   0.181344  1.46047 	Dead: 0
1.61633   0.0234671   0.11913   1.46047 	Dead: 0
1.62221   0.0259138   0.131551  1.46047 	Dead: 0
1.62165   0.0254201   0.129045  1.46047 	Dead: 0
1.63096   0.0322638   0.163786  1.46047 	Dead: 0
1.63362   0.0325385   0.16518   1.46047 	Dead: 0
1.61761   0.0289215   0.146819  1.46047 	Dead: 0
1.62265   0.0459325   0.233175  1.46047 	Dead: 0
1.60849   0.0210796   0.10701   1.46047 	Dead: 0
1.64516   0.033573    0.170432  1.46047 	Dead: 0
1.62459   0.0376665   0.191213  1.46047 	Dead: 0
1.64655   0.0422717   0.214591  1.46047 	Dead: 0
1.64201   0.033481    0.169965  1.46047 	Dead: 0
1.60336   0.0211091   0.10716   1.46047 	Dead: 0
1.60255   0.0221218   0.112301  1.46047 	Dead: 0
1.6216    0.0303026   0.15383   1.46047 	Dead: 0
1.61653   0.0412466   0.209387  1.46047 	Dead: 0
1.60714   0.0247601   0.125694  1.46047 	Dead: 0
1.61621   0.0292772   0.148625  1.46047 	Dead: 0
1.59793   0.0210217   0.106716  1.46047 	Dead: 0
1.5967    0.0204988   0.104062  1.46047 	Dead: 0
1.59975   0.0250362   0.127095  1.46047 	Dead: 0
1.60052   0.0257046   0.130489  1.46047 	Dead: 0
1.60328   0.0232585   0.118071  1.46047 	Dead: 0
1.6203    0.0408592   0.20742   1.46047 	Dead: 0
1.61188   0.0278311   0.141284  1.46047 	Dead: 0
1.59172   0.0259203   0.131583  1.46047 	Dead: 0
1.60223   0.0239472   0.121567  1.46047 	Dead: 0
1.60093   0.0233606   0.118589  1.46047 	Dead: 0
1.61057   0.0260307   0.132144  1.46047 	Dead: 0
1.59463   0.0209775   0.106491  1.44915 	Dead: 0
1.59956   0.0256134   0.130026  1.44915 	Dead: 0
1.60969   0.0327595   0.166302  1.44915 	Dead: 0
1.6056    0.0310707   0.157729  1.44915 	Dead: 0
1.63676   0.0376954   0.191359  1.44915 	Dead: 0
1.59992   0.0202124   0.102608  1.44915 	Dead: 0
1.5991    0.0294945   0.149728  1.44915 	Dead: 0
1.59569   0.0247883   0.125837  1.44915 	Dead: 0
1.59091   0.0220666   0.112021  1.44915 	Dead: 0
1.59828   0.0272549   0.138359  1.44915 	Dead: 0
1.60461   0.0275453   0.139833  1.44915 	Dead: 0
1.61837   0.0382927   0.194391  1.44915 	Dead: 0
1.61515   0.0372397   0.189046  1.44915 	Dead: 0
1.5942    0.0308912   0.156818  1.44915 	Dead: 0
1.60637   0.0351804   0.178592  1.44915 	Dead: 0
1.6302    0.0402593   0.204375  1.44915 	Dead: 0
1.61689   0.0314343   0.159575  1.44915 	Dead: 0
