5.8374    0.0857187   0.435148  4.99697 	Dead: 0
4.85185   0.0437635   0.222164  4.58865 	Dead: 0
4.75279   0.0389004   0.197477  4.50441 	Dead: 0
4.72082   0.0379899   0.192854  4.38972 	Dead: 0
4.66214   0.0367018   0.186316  4.3738  	Dead: 0
4.65326   0.0355665   0.180552  4.3738  	Dead: 0
4.65301   0.0445588   0.226201  4.3738  	Dead: 0
4.6447    0.0446325   0.226576  4.36472 	Dead: 0
4.64192   0.0460775   0.233911  4.31665 	Dead: 0
4.6199    0.0396963   0.201517  4.31665 	Dead: 0
4.61511   0.0361594   0.183562  4.31665 	Dead: 0
4.62064   0.0485804   0.246617  4.31665 	Dead: 0
4.61287   0.0476503   0.241895  4.31665 	Dead: 0
4.60178   0.0439914   0.223321  4.31665 	Dead: 0
4.61768   0.0475281   0.241275  4.31665 	Dead: 0
4.5665    0.046274    0.234908  4.17562 	Dead: 0
4.60053   0.0465001   0.236056  4.17562 	Dead: 0
4.54539   0.0418282   0.21234   4.17562 	Dead: 0
4.53795   0.0431784   0.219194  4.17562 	Dead: 0
4.56026   0.0519641   0.263794  4.17562 	Dead: 0
4.52956   0.0444161   0.225477  4.17562 	Dead: 0
4.53079   0.0541797   0.275041  4.17562 	Dead: 0
4.51464   0.0427857   0.2172    4.17562 	Dead: 0
4.53087   0.0568654   0.288675  4.17562 	Dead: 0
4.47941   0.0450056   0.228469  4.17562 	Dead: 0
4.48545   0.0456405   0.231692  4.17562 	Dead: 0
4.4714    0.041403    0.210181  4.17562 	Dead: 0
4.47145   0.0395137   0.20059   4.17562 	Dead: 0
4.496     0.0546915   0.277639  4.13413 	Dead: 0
4.46589   0.0491545   0.249531  4.09427 	Dead: 0
4.50421   0.0565626   0.287138  4.09427 	Dead: 0
4.45685   0.0522297   0.265143  4.09427 	Dead: 0
4.48664   0.0570631   0.289679  4.09427 	Dead: 0
4.47635   0.0528691   0.268388  4.03212 	Dead: 0
4.44345   0.0444399   0.225598  4.03212 	Dead: 0
4.41761   0.0436016   0.221342  4.03212 	Dead: 0
4.45085   0.0636528   0.323131  4.03212 	Dead: 0
4.39619   0.042477    0.215633  4.03212 	Dead: 0
4.43201   0.0455399   0.231182  4.03212 	Dead: 0
4.41495   0.0471836   0.239526  4.03212 	Dead: 0
4.38427   0.0473001   0.240117  4.03212 	Dead: 0
4.38522   0.0433544   0.220087  4.03212 	Dead: 0
4.36566   0.0490402   0.248951  4.03212 	Dead: 0
4.34203   0.0481074   0.244216  4.03212 	Dead: 0
4.35631   0.0490447   0.248974  4.03212 	Dead: 0
4.35209   0.0472609   0.239919  4.03212 	Dead: 0
4.33234   0.0453384   0.230159  3.98151 	Dead: 0
4.32492   0.0441376   0.224063  3.98151 	Dead: 0
4.31108   0.0415171   0.21076   3.98151 	Dead: 0
4.31908   0.048563    0.246528  3.98151 	Dead: 0
4.29636   0.0476513   0.2419    3.94656 	Dead: 0
4.32516   0.0463083   0.235082  3.94656 	Dead: 0
4.29153   0.0428949   0.217754  3.94656 	Dead: 0
4.35856   0.0631361   0.320508  3.94656 	Dead: 0
4.33705   0.0556979   0.282748  3.94656 	Dead: 0
4.31548   0.0514304   0.261085  3.94656 	Dead: 0
4.31522   0.0441447   0.224099  3.94656 	Dead: 0
4.32535   0.0543719   0.276017  3.94656 	Dead: 0
4.3291    0.0479202   0.243265  3.94656 	Dead: 0
4.34792   0.0559009   0.283779  3.94656 	Dead: 0
4.31625   0.0561641   0.285115  3.94656 	Dead: 0
4.34338   0.0575951   0.29238   3.94656 	Dead: 0
4.2991    0.0465498   0.236309  3.94656 	Dead: 0
4.30407   0.0402669   0.204413  3.94656 	Dead: 0
4.3302    0.0569375   0.289042  3.94656 	Dead: 0
4.3118    0.0676169   0.343255  3.94656 	Dead: 0
4.26105   0.0378242   0.192013  3.94656 	Dead: 0
4.32008   0.0555063   0.281776  3.94656 	Dead: 0
4.31896   0.0483002   0.245194  3.94656 	Dead: 0
4.35388   0.0591692   0.30037   3.94656 	Dead: 0
4.29976   0.0453712   0.230325  3.94656 	Dead: 0
4.26672   0.042648    0.216501  3.94656 	Dead: 0
4.31278   0.05864     0.297684  3.94656 	Dead: 0
4.31792   0.0570366   0.289544  3.94656 	Dead: 0
4.29311   0.0441893   0.224325  3.94656 	Dead: 0
4.34717   0.0623837   0.316689  3.94656 	Dead: 0
4.31442   0.0576979   0.292901  3.94656 	Dead: 0
4.27984   0.0465393   0.236255  3.94656 	Dead: 0
4.25352   0.0412898   0.209607  3.94656 	Dead: 0
4.29182   0.0429705   0.218138  3.94656 	Dead: 0
4.30275   0.0543216   0.275762  3.94656 	Dead: 0
4.30361   0.0514858   0.261366  3.94656 	Dead: 0
4.27654   0.0441209   0.223978  3.94656 	Dead: 0
4.33706   0.0579362   0.294111  3.94656 	Dead: 0
4.29976   0.0574743   0.291766  3.94656 	Dead: 0
4.30191   0.0523307   0.265655  3.94656 	Dead: 0
4.2891    0.0502664   0.255176  3.91843 	Dead: 0
4.28678   0.0477541   0.242422  3.91843 	Dead: 0
4.34504   0.0672757   0.341523  3.91843 	Dead: 0
4.28996   0.0471146   0.239176  3.91843 	Dead: 0
4.29397   0.0504513   0.256114  3.91843 	Dead: 0
4.29726   0.0461006   0.234028  3.91843 	Dead: 0
4.32466   0.0573352   0.29106   3.91843 	Dead: 0
4.30041   0.0524243   0.26613   3.91843 	Dead: 0
4.28965   0.0494375   0.250968  3.91843 	Dead: 0
4.32449   0.05712     0.289968  3.91843 	Dead: 0
4.27921   0.0485236   0.246329  3.91843 	Dead: 0
4.3109    0.0526218   0.267133  3.91843 	Dead: 0
4.31149   0.0535692   0.271942  3.91843 	Dead: 0
4.29396   0.0519533   0.263739  3.91843 	Dead: 0
4.25818   0.0417836   0.212113  3.91843 	Dead: 0
