9.15393   0.0552205   0.280325  7.94964 	Dead: 0
6.8881    0.0560006   0.284285  6.35164 	Dead: 0
6.66535   0.0743601   0.377487  6.0865  	Dead: 0
6.46922   0.0766312   0.389016  5.7264  	Dead: 0
6.12447   0.078569    0.398853  5.39935 	Dead: 0
5.95557   0.0798606   0.40541   5.34765 	Dead: 0
5.90022   0.0832702   0.422718  5.29364 	Dead: 0
5.83361   0.078453    0.398264  5.29364 	Dead: 0
5.81849   0.0941399   0.477898  5.00868 	Dead: 0
5.75703   0.0840802   0.426831  5.00868 	Dead: 0
5.73098   0.0843479   0.42819   5.00868 	Dead: 0
5.66303   0.0916739   0.465379  4.80995 	Dead: 0
5.52148   0.094683    0.480655  4.79615 	Dead: 0
5.45608   0.0853971   0.433515  4.70135 	Dead: 0
5.42682   0.0927904   0.471047  4.70135 	Dead: 0
5.4522    0.104023    0.528071  4.65275 	Dead: 0
5.50952   0.103892    0.527404  4.65275 	Dead: 0
5.3932    0.0935599   0.474954  4.65275 	Dead: 0
5.43812   0.109695    0.556865  4.65275 	Dead: 0
5.40888   0.107949    0.547997  4.65275 	Dead: 0
5.39757   0.106489    0.540589  4.65275 	Dead: 0
5.34733   0.098451    0.499783  4.50667 	Dead: 0
5.31379   0.0929079   0.471644  4.50667 	Dead: 0
5.34939   0.0927703   0.470945  4.50667 	Dead: 0
5.31654   0.0962215   0.488465  4.50667 	Dead: 0
5.3785    0.105434    0.535233  4.50667 	Dead: 0
5.32695   0.103493    0.525379  4.50667 	Dead: 0
5.32628   0.0916257   0.465135  4.50667 	Dead: 0
5.3233    0.101537    0.51545   4.50667 	Dead: 0
5.30484   0.0882804   0.448152  4.50667 	Dead: 0
5.33492   0.112812    0.572685  4.50667 	Dead: 0
5.24156   0.0978455   0.496709  4.50667 	Dead: 0
5.26675   0.111762    0.567354  4.50667 	Dead: 0
5.20865   0.111244    0.564729  4.50601 	Dead: 0
5.12782   0.0974775   0.494841  4.48681 	Dead: 0
5.16248   0.10935     0.555112  4.44951 	Dead: 0
5.09452   0.0964569   0.48966   4.44951 	Dead: 0
5.02184   0.104629    0.531146  4.3311  	Dead: 0
5.02815   0.0997818   0.506539  4.3311  	Dead: 0
4.98976   0.0912472   0.463213  4.3311  	Dead: 0
4.96134   0.0822969   0.417777  4.3311  	Dead: 0
5.04064   0.111151    0.564253  4.3311  	Dead: 0
4.97311   0.108449    0.550536  4.3311  	Dead: 0
4.9599    0.0959664   0.48717   4.3311  	Dead: 0
4.91946   0.0907024   0.460448  4.29276 	Dead: 0
5.00315   0.110859    0.562771  4.29276 	Dead: 0
5.006     0.126054    0.63991   4.29276 	Dead: 0
4.90524   0.0953751   0.484168  4.29276 	Dead: 0
4.96237   0.100947    0.512454  4.29276 	Dead: 0
4.92485   0.108836    0.552502  4.26326 	Dead: 0
4.88601   0.108121    0.548875  4.26326 	Dead: 0
4.92732   0.116979    0.59384   4.11266 	Dead: 0
4.96272   0.120986    0.614182  4.11266 	Dead: 0
4.95288   0.114829    0.582923  4.11266 	Dead: 0
4.92181   0.100871    0.512069  4.11266 	Dead: 0
4.91967   0.099803    0.506646  4.11266 	Dead: 0
4.94284   0.126232    0.640814  4.11266 	Dead: 0
4.85501   0.108309    0.549826  4.11266 	Dead: 0
4.92739   0.11276     0.572424  4.11266 	Dead: 0
4.92424   0.114805    0.582805  4.11266 	Dead: 0
4.86836   0.0922454   0.468281  4.11266 	Dead: 0
4.89646   0.111272    0.56487   4.11266 	Dead: 0
4.93588   0.118783    0.602999  4.11266 	Dead: 0
4.92913   0.124773    0.633404  4.11266 	Dead: 0
4.81602   0.0994928   0.505072  4.11266 	Dead: 0
4.93567   0.108719    0.551907  4.11266 	Dead: 0
4.91989   0.117248    0.595206  4.11266 	Dead: 0
4.94354   0.120424    0.611331  4.11266 	Dead: 0
4.89941   0.11004     0.558616  4.11266 	Dead: 0
4.87829   0.115868    0.588202  4.11266 	Dead: 0
4.93673   0.126446    0.641898  4.11266 	Dead: 0
4.93461   0.130193    0.660922  4.11266 	Dead: 0
4.87492   0.103169    0.523736  4.11266 	Dead: 0
4.77393   0.0838719   0.425773  4.11266 	Dead: 0
4.85953   0.103867    0.527277  4.11266 	Dead: 0
4.87863   0.122839    0.623589  4.11266 	Dead: 0
4.79979   0.105616    0.536157  4.11266 	Dead: 0
4.8458    0.111327    0.56515   4.11266 	Dead: 0
4.89164   0.10971     0.55694   4.11266 	Dead: 0
4.83538   0.112016    0.568645  4.11266 	Dead: 0
4.77665   0.114123    0.579341  4.11266 	Dead: 0
4.93325   0.129111    0.655426  4.11266 	Dead: 0
4.83953   0.113342    0.575376  4.11266 	Dead: 0
4.81593   0.106504    0.540664  4.07218 	Dead: 0
4.77107   0.0994841   0.505027  4.07218 	Dead: 0
4.81608   0.107963    0.548068  4.07218 	Dead: 0
4.8038    0.108839    0.552519  4.07218 	Dead: 0
4.81681   0.119535    0.606815  4.07218 	Dead: 0
4.74837   0.0932115   0.473185  4.00929 	Dead: 0
4.79567   0.114094    0.579195  4.00929 	Dead: 0
4.84851   0.126404    0.641683  4.00929 	Dead: 0
4.79748   0.112805    0.572652  4.00929 	Dead: 0
4.79301   0.109157    0.554133  4.00929 	Dead: 0
4.83016   0.11941     0.606181  4.00929 	Dead: 0
4.8061    0.12623     0.6408    4.00929 	Dead: 0
4.84554   0.123814    0.628538  4.00929 	Dead: 0
4.7654    0.105653    0.536345  4.00929 	Dead: 0
4.84254   0.118917    0.603677  4.00929 	Dead: 0
4.82354   0.116222    0.589999  4.00929 	Dead: 0
4.78581   0.112439    0.570793  4.00929 	Dead: 0
4.76663   0.108114    0.548839  4.00929 	Dead: 0
