8.16259   0.129948    0.659677  6.77003 	Dead: 0
5.03773   0.0482185   0.24478   4.51864 	Dead: 0
3.63196   0.0398709   0.202403  3.30077 	Dead: 0
3.20874   0.0353097   0.179248  2.86805 	Dead: 0
2.98884   0.0364035   0.184801  2.6723  	Dead: 0
2.87961   0.0404326   0.205255  2.47598 	Dead: 0
2.57755   0.0317376   0.161115  2.28368 	Dead: 0
2.44996   0.0405177   0.205687  2.19405 	Dead: 0
2.33782   0.0398901   0.202501  2.15039 	Dead: 0
2.23807   0.0343585   0.17442   2.03152 	Dead: 0
2.21701   0.0416117   0.21124   1.98547 	Dead: 0
2.20222   0.0344343   0.174805  1.98547 	Dead: 0
2.195     0.0361054   0.183288  1.98547 	Dead: 0
2.21471   0.0430731   0.218659  1.97844 	Dead: 0
2.19552   0.0366528   0.186067  1.97844 	Dead: 0
2.19193   0.038589    0.195896  1.97844 	Dead: 0
2.16872   0.0340587   0.172898  1.92457 	Dead: 0
2.15338   0.0322729   0.163832  1.92457 	Dead: 0
2.14617   0.0366208   0.185904  1.92457 	Dead: 0
2.21425   0.0636704   0.323221  1.87645 	Dead: 0
2.11244   0.0341785   0.173506  1.87645 	Dead: 0
2.1292    0.039443    0.200231  1.87645 	Dead: 0
2.11459   0.0361504   0.183516  1.87645 	Dead: 0
2.11006   0.0388897   0.197422  1.87645 	Dead: 0
2.10339   0.0364168   0.184868  1.87645 	Dead: 0
2.09781   0.0371348   0.188513  1.87645 	Dead: 0
2.10204   0.0451413   0.229158  1.87645 	Dead: 0
2.11146   0.0429638   0.218104  1.87645 	Dead: 0
2.097     0.044257    0.224669  1.87645 	Dead: 0
2.07552   0.0340388   0.172797  1.87645 	Dead: 0
2.1002    0.0519981   0.263967  1.87645 	Dead: 0
2.11117   0.0437098   0.221891  1.87645 	Dead: 0
2.07446   0.0389868   0.197915  1.87645 	Dead: 0
2.06873   0.0339      0.172092  1.84676 	Dead: 0
2.04905   0.0301963   0.153291  1.84676 	Dead: 0
2.05656   0.0451124   0.229012  1.7774  	Dead: 0
2.06281   0.0445603   0.226209  1.7774  	Dead: 0
2.03398   0.0335872   0.170505  1.7774  	Dead: 0
2.05261   0.0445653   0.226234  1.7774  	Dead: 0
2.0388    0.0413954   0.210142  1.7774  	Dead: 0
2.03415   0.039775    0.201917  1.7774  	Dead: 0
2.03348   0.0423278   0.214876  1.7774  	Dead: 0
2.02383   0.0410019   0.208145  1.7774  	Dead: 0
2.02134   0.040217    0.20416   1.7774  	Dead: 0
1.99954   0.037208    0.188885  1.7774  	Dead: 0
2.03117   0.047959    0.243462  1.7774  	Dead: 0
2.04015   0.0484479   0.245944  1.7774  	Dead: 0
1.99907   0.0404973   0.205583  1.7774  	Dead: 0
2.03851   0.0450771   0.228832  1.7774  	Dead: 0
2.01721   0.0380456   0.193137  1.7774  	Dead: 0
2.00442   0.0386722   0.196318  1.7774  	Dead: 0
2.01093   0.0432752   0.219685  1.7774  	Dead: 0
1.9844    0.0421404   0.213924  1.7774  	Dead: 0
1.9792    0.0358324   0.181902  1.7774  	Dead: 0
2.00222   0.0462438   0.234755  1.74859 	Dead: 0
1.99733   0.0402513   0.204334  1.74859 	Dead: 0
1.98786   0.0410956   0.20862   1.74859 	Dead: 0
2.01714   0.0508342   0.258058  1.74859 	Dead: 0
2.01312   0.0567142   0.287908  1.74859 	Dead: 0
1.96      0.0373463   0.189587  1.74859 	Dead: 0
1.96305   0.0331583   0.168327  1.74859 	Dead: 0
1.98103   0.040551    0.205856  1.74859 	Dead: 0
2.00508   0.0533129   0.270641  1.74859 	Dead: 0
1.99717   0.0454111   0.230528  1.74859 	Dead: 0
1.96928   0.0402651   0.204405  1.74859 	Dead: 0
1.98811   0.0449324   0.228098  1.71469 	Dead: 0
1.97942   0.0470562   0.238879  1.71469 	Dead: 0
1.99289   0.045723    0.232111  1.71469 	Dead: 0
1.98338   0.0469468   0.238324  1.71469 	Dead: 0
2.00231   0.0581931   0.295415  1.71469 	Dead: 0
1.96372   0.0366176   0.185888  1.71469 	Dead: 0
1.97451   0.0425101   0.215801  1.71469 	Dead: 0
1.96244   0.0418898   0.212652  1.71469 	Dead: 0
2.00113   0.0497785   0.252699  1.71469 	Dead: 0
2.01552   0.0506838   0.257294  1.71469 	Dead: 0
1.96467   0.0419322   0.212868  1.71469 	Dead: 0
1.95908   0.0407167   0.206697  1.69512 	Dead: 0
1.94009   0.0340035   0.172618  1.69512 	Dead: 0
2.01032   0.0555494   0.281995  1.69512 	Dead: 0
1.94208   0.0375304   0.190522  1.69512 	Dead: 0
2.00879   0.0582652   0.295782  1.69512 	Dead: 0
1.95266   0.0383137   0.194498  1.69512 	Dead: 0
1.95898   0.0373179   0.189443  1.69512 	Dead: 0
1.96838   0.0436536   0.221606  1.69512 	Dead: 0
1.9518    0.043321    0.219918  1.69512 	Dead: 0
1.93672   0.0412267   0.209286  1.69512 	Dead: 0
1.97727   0.0493526   0.250537  1.69512 	Dead: 0
1.94467   0.0375201   0.190469  1.69512 	Dead: 0
1.94329   0.0398587   0.202341  1.69512 	Dead: 0
1.93424   0.0366791   0.1862    1.69512 	Dead: 0
1.95085   0.0462013   0.234539  1.69512 	Dead: 0
1.94776   0.0398843   0.202471  1.69512 	Dead: 0
1.93935   0.0403922   0.20505   1.69512 	Dead: 0
1.95154   0.0424644   0.215569  1.69512 	Dead: 0
1.98635   0.0492046   0.249785  1.69512 	Dead: 0
1.93189   0.0438267   0.222485  1.69512 	Dead: 0
1.97694   0.0459599   0.233314  1.69512 	Dead: 0
1.98565   0.0485032   0.246225  1.69512 	Dead: 0
1.933     0.0392401   0.199201  1.69512 	Dead: 0
1.95936   0.0442703   0.224737  1.69512 	Dead: 0
1.9654    0.0479637   0.243486  1.69512 	Dead: 0
