0   6.87762   0.0845932   0.429435  5.48618 	Dead: 0
1   4.20274   0.0321822   0.163372  3.82544 	Dead: 0
2   4.03092   0.0430259   0.21842   3.61542 	Dead: 0
3   4.01185   0.0488062   0.247763  3.60753 	Dead: 0
4   3.9366    0.0445396   0.226104  3.52019 	Dead: 0
5   3.91945   0.0518017   0.262969  3.52019 	Dead: 0
6   3.86894   0.0460498   0.23377   3.52019 	Dead: 0
7   3.83784   0.0411329   0.20881   3.52019 	Dead: 0
8   3.82403   0.0411787   0.209042  3.50053 	Dead: 0
9   3.83282   0.0393966   0.199996  3.50053 	Dead: 0
10  3.81184   0.0388861   0.197404  3.50053 	Dead: 0
11  3.83665   0.0449808   0.228344  3.50053 	Dead: 0
12  3.82507   0.0441611   0.224182  3.50053 	Dead: 0
13  3.80895   0.042458    0.215537  3.49291 	Dead: 0
14  3.7695    0.0393154   0.199583  3.48575 	Dead: 0
15  3.74791   0.0420446   0.213438  3.45559 	Dead: 0
16  3.79607   0.0468249   0.237705  3.45559 	Dead: 0
17  3.7962    0.0496007   0.251796  3.45559 	Dead: 0
18  3.7764    0.0457824   0.232413  3.4495  	Dead: 0
19  3.75217   0.0412474   0.209391  3.44086 	Dead: 0
20  3.74944   0.0435489   0.221074  3.4163  	Dead: 0
21  3.74297   0.0448335   0.227596  3.31089 	Dead: 0
22  3.7556    0.0472665   0.239947  3.31089 	Dead: 0
23  3.74762   0.0459271   0.233148  3.31089 	Dead: 0
24  3.74998   0.0471824   0.23952   3.31089 	Dead: 0
25  3.74235   0.0467364   0.237256  3.31089 	Dead: 0
26  3.72412   0.045937    0.233198  3.31089 	Dead: 0
27  3.73956   0.0455093   0.231027  3.31089 	Dead: 0
28  3.72172   0.0461533   0.234296  3.31089 	Dead: 0
29  3.75587   0.0532203   0.270171  3.27256 	Dead: 0
30  3.69124   0.0449005   0.227936  3.27256 	Dead: 0
31  3.72276   0.0454585   0.230768  3.27256 	Dead: 0
32  3.71109   0.047291    0.240071  3.27256 	Dead: 0
33  3.71391   0.0445951   0.226386  3.27256 	Dead: 0
34  3.70984   0.0463373   0.23523   3.27256 	Dead: 0
35  3.72344   0.0493046   0.250293  3.27256 	Dead: 0
36  3.721     0.0462333   0.234702  3.27256 	Dead: 0
37  3.71226   0.0458459   0.232735  3.27256 	Dead: 0
38  3.71228   0.0452968   0.229948  3.25365 	Dead: 0
39  3.69564   0.0515875   0.261882  3.25365 	Dead: 0
40  3.71203   0.0468398   0.237781  3.25365 	Dead: 0
41  3.76337   0.0544819   0.276576  3.25365 	Dead: 0
42  3.71289   0.0503883   0.255795  3.25365 	Dead: 0
43  3.71532   0.0503724   0.255714  3.25365 	Dead: 0
44  3.70264   0.0501099   0.254381  3.25365 	Dead: 0
45  3.73738   0.0527625   0.267847  3.25365 	Dead: 0
46  3.68394   0.0413747   0.210037  3.25365 	Dead: 0
47  3.70874   0.0460465   0.233753  3.25365 	Dead: 0
48  3.74179   0.0549812   0.27911   3.25365 	Dead: 0
49  3.71921   0.050009    0.253869  3.25365 	Dead: 0
50  3.70198   0.0486406   0.246922  3.25365 	Dead: 0
51  3.72027   0.0492255   0.249892  3.25365 	Dead: 0
52  3.7102    0.0472133   0.239677  3.25365 	Dead: 0
53  3.68324   0.042966    0.218115  3.25365 	Dead: 0
54  3.69434   0.0446531   0.22668   3.25365 	Dead: 0
55  3.7138    0.0488725   0.2481    3.25365 	Dead: 0
56  3.71443   0.0514543   0.261206  3.25365 	Dead: 0
57  3.68065   0.0469166   0.238171  3.25365 	Dead: 0
58  3.68603   0.0468419   0.237792  3.25365 	Dead: 0
59  3.69772   0.0529807   0.268955  3.25365 	Dead: 0
60  3.69212   0.0517817   0.262868  3.25365 	Dead: 0
61  3.68296   0.0555213   0.281852  3.25365 	Dead: 0
62  3.66875   0.0528678   0.268381  3.25365 	Dead: 0
63  3.66063   0.0548271   0.278328  3.25365 	Dead: 0
64  3.65858   0.051695    0.262428  3.25365 	Dead: 0
65  3.70084   0.0620517   0.315004  3.25365 	Dead: 0
66  3.65776   0.0509306   0.258547  3.25365 	Dead: 0
67  3.66347   0.0579881   0.294375  3.25365 	Dead: 0
68  3.62382   0.0471283   0.239245  3.25365 	Dead: 0
69  3.6477    0.0502671   0.255179  3.25365 	Dead: 0
70  3.66663   0.0568434   0.288564  3.2443  	Dead: 0
71  3.66386   0.0594163   0.301625  3.1971  	Dead: 0
72  3.65505   0.0532277   0.270209  3.1971  	Dead: 0
73  3.66307   0.0556495   0.282503  3.1971  	Dead: 0
74  3.64117   0.0582038   0.29547   3.1971  	Dead: 0
75  3.60125   0.054805    0.278216  3.1971  	Dead: 0
76  3.65196   0.0585601   0.297278  3.1971  	Dead: 0
77  3.64048   0.0560974   0.284777  3.1971  	Dead: 0
78  3.65505   0.060282    0.30602   3.1971  	Dead: 0
79  3.66131   0.0607269   0.308278  3.1971  	Dead: 0
80  3.67898   0.0615218   0.312313  3.1971  	Dead: 0
81  3.6019    0.0507708   0.257737  3.1971  	Dead: 0
82  3.62404   0.0565301   0.286973  3.1971  	Dead: 0
83  3.65394   0.0612038   0.310699  3.1971  	Dead: 0
84  3.62598   0.0591816   0.300433  3.1971  	Dead: 0
85  3.66296   0.0624418   0.316984  3.1971  	Dead: 0
86  3.62213   0.0636001   0.322864  3.18403 	Dead: 0
87  3.60871   0.0573736   0.291255  3.18403 	Dead: 0
88  3.62821   0.0571442   0.290091  3.18403 	Dead: 0
89  3.60048   0.0547766   0.278072  3.18403 	Dead: 0
90  3.63053   0.0554047   0.28126   3.18403 	Dead: 0
91  3.58199   0.0564336   0.286483  3.18403 	Dead: 0
92  3.6615    0.0640553   0.325175  3.18403 	Dead: 0
93  3.59688   0.0585489   0.297222  3.18403 	Dead: 0
94  3.60966   0.056693    0.2878    3.14706 	Dead: 0
95  3.60085   0.0609741   0.309533  3.14706 	Dead: 0
96  3.63091   0.0645166   0.327516  3.14706 	Dead: 0
97  3.5856    0.0595728   0.30242   3.14706 	Dead: 0
98  3.62109   0.061775    0.313599  3.14706 	Dead: 0
99  3.61575   0.0594517   0.301805  3.14706 	Dead: 0
100 3.61612   0.0635922   0.322824  3.14706 	Dead: 0
