5.79886   0.117757    0.597789  4.86863 	Dead: 0
3.99665   0.0326216   0.165602  3.73157 	Dead: 0
3.76559   0.0412481   0.209395  3.42548 	Dead: 0
3.71592   0.0435559   0.22111   3.35102 	Dead: 0
3.64451   0.0361642   0.183586  3.31732 	Dead: 0
3.63642   0.0414076   0.210204  3.27791 	Dead: 0
3.62186   0.0463862   0.235478  3.27791 	Dead: 0
3.57274   0.0415108   0.210728  3.15434 	Dead: 0
3.50538   0.0403237   0.204702  3.15434 	Dead: 0
3.48317   0.0499277   0.253456  3.15434 	Dead: 0
3.41755   0.0427007   0.216769  3.05072 	Dead: 0
3.38615   0.0508727   0.258254  3.05072 	Dead: 0
3.37053   0.0549134   0.278766  3.02034 	Dead: 0
3.33076   0.0465667   0.236395  3.01027 	Dead: 0
3.29129   0.0374709   0.19022   3.01027 	Dead: 0
3.32388   0.0517427   0.26267   3.01027 	Dead: 0
3.36391   0.0787686   0.399866  2.96518 	Dead: 0
3.27882   0.0397066   0.201569  2.96518 	Dead: 0
3.27735   0.0538421   0.273328  2.88327 	Dead: 0
3.28928   0.0504946   0.256334  2.88327 	Dead: 0
3.2831    0.0503668   0.255686  2.88327 	Dead: 0
3.29444   0.053805    0.273139  2.88327 	Dead: 0
3.26715   0.04834     0.245396  2.88327 	Dead: 0
3.25177   0.0502431   0.255058  2.88327 	Dead: 0
3.25612   0.0464461   0.235782  2.88327 	Dead: 0
3.25401   0.0536562   0.272384  2.88327 	Dead: 0
3.24417   0.0553834   0.281152  2.85876 	Dead: 0
3.28218   0.0629741   0.319686  2.85876 	Dead: 0
3.24031   0.0525228   0.26663   2.85549 	Dead: 0
3.21405   0.0443767   0.225277  2.85549 	Dead: 0
3.26214   0.069503    0.35283   2.85549 	Dead: 0
3.26475   0.0672672   0.34148   2.85549 	Dead: 0
3.22784   0.04983     0.25296   2.85549 	Dead: 0
3.23644   0.055158    0.280008  2.85549 	Dead: 0
3.23989   0.0611931   0.310645  2.85549 	Dead: 0
3.22926   0.059764    0.30339   2.85549 	Dead: 0
3.22221   0.0516108   0.262001  2.85549 	Dead: 0
3.18794   0.0507114   0.257435  2.79238 	Dead: 0
3.21438   0.0578338   0.293591  2.79238 	Dead: 0
3.21883   0.0571761   0.290253  2.79238 	Dead: 0
3.19719   0.0582853   0.295884  2.79238 	Dead: 0
3.2326    0.06412     0.325503  2.79238 	Dead: 0
3.17393   0.0551842   0.280141  2.79238 	Dead: 0
3.17628   0.0524339   0.266179  2.79238 	Dead: 0
3.18731   0.0604444   0.306844  2.7788  	Dead: 0
3.19335   0.0649861   0.3299    2.7788  	Dead: 0
3.17254   0.0526525   0.267289  2.7788  	Dead: 0
3.16244   0.0581415   0.295154  2.7788  	Dead: 0
3.14192   0.0552037   0.28024   2.7788  	Dead: 0
3.16782   0.0558879   0.283713  2.7788  	Dead: 0
3.14239   0.0663548   0.336848  2.70776 	Dead: 0
3.11437   0.0526028   0.267036  2.70163 	Dead: 0
3.13282   0.0581771   0.295334  2.6675  	Dead: 0
3.11221   0.0613483   0.311433  2.6675  	Dead: 0
3.09499   0.0563716   0.286168  2.6675  	Dead: 0
3.07136   0.0481646   0.244506  2.6675  	Dead: 0
3.08819   0.0517842   0.262881  2.6675  	Dead: 0
3.09397   0.0559237   0.283895  2.6438  	Dead: 0
3.07965   0.0568303   0.288497  2.6438  	Dead: 0
3.12306   0.0745079   0.378237  2.6438  	Dead: 0
3.08342   0.0692392   0.351491  2.6438  	Dead: 0
3.09589   0.0622085   0.315799  2.6438  	Dead: 0
3.08791   0.0596963   0.303046  2.6438  	Dead: 0
3.09743   0.0785431   0.398721  2.6438  	Dead: 0
3.09142   0.0714483   0.362705  2.6438  	Dead: 0
3.13285   0.0718624   0.364807  2.6438  	Dead: 0
3.05523   0.0544208   0.276265  2.6438  	Dead: 0
3.08043   0.0676491   0.343418  2.6438  	Dead: 0
3.09679   0.0647325   0.328612  2.6438  	Dead: 0
3.09764   0.072888    0.370014  2.6438  	Dead: 0
3.02373   0.0479901   0.24362   2.6438  	Dead: 0
3.07724   0.081959    0.416062  2.6438  	Dead: 0
3.05932   0.0586376   0.297672  2.6438  	Dead: 0
3.03909   0.0523051   0.265525  2.6306  	Dead: 0
3.09729   0.0763729   0.387705  2.6306  	Dead: 0
3.0871    0.0735124   0.373183  2.6306  	Dead: 0
3.02116   0.0510665   0.259237  2.6306  	Dead: 0
3.07715   0.0775582   0.393721  2.61234 	Dead: 0
3.06472   0.0701931   0.356333  2.61234 	Dead: 0
3.0417    0.067465    0.342484  2.61234 	Dead: 0
3.02364   0.0494469   0.251015  2.61234 	Dead: 0
3.06134   0.0689796   0.350172  2.61234 	Dead: 0
3.09238   0.0852305   0.43267   2.57444 	Dead: 0
3.01006   0.0561165   0.284874  2.57444 	Dead: 0
3.04193   0.0633053   0.321367  2.57444 	Dead: 0
3.01316   0.0511459   0.25964   2.57444 	Dead: 0
3.01869   0.0639542   0.324661  2.57444 	Dead: 0
3.06018   0.0630748   0.320197  2.57444 	Dead: 0
3.04146   0.0543299   0.275804  2.57444 	Dead: 0
3.01507   0.0619127   0.314298  2.57444 	Dead: 0
3.01339   0.0594525   0.301809  2.57444 	Dead: 0
2.99799   0.0567963   0.288325  2.54266 	Dead: 0
2.99526   0.0543512   0.275912  2.54266 	Dead: 0
3.00962   0.0619567   0.314521  2.54266 	Dead: 0
3.0475    0.082724    0.419946  2.54266 	Dead: 0
3.02196   0.0581973   0.295437  2.54266 	Dead: 0
2.99925   0.0617883   0.313666  2.54266 	Dead: 0
3.03752   0.0791486   0.401795  2.54266 	Dead: 0
3.06585   0.0740545   0.375935  2.54266 	Dead: 0
3.00955   0.0696731   0.353693  2.54266 	Dead: 0
3.03648   0.0933647   0.473963  2.54266 	Dead: 0
