11.7054   0.142343    0.7226    10.3771 	Dead: 0
9.53282   0.0559835   0.284199  8.80781 	Dead: 0
9.04152   0.0723775   0.367422  8.34433 	Dead: 0
8.81439   0.0873013   0.443182  8.08036 	Dead: 0
8.57497   0.0688094   0.349309  8.01323 	Dead: 0
8.58582   0.0869426   0.441361  8.01323 	Dead: 0
8.55136   0.083462    0.423692  8.00827 	Dead: 0
8.58494   0.0770985   0.391388  8.00827 	Dead: 0
8.57088   0.0788162   0.400108  7.8475  	Dead: 0
8.55009   0.114537    0.581444  7.8475  	Dead: 0
8.49996   0.0743038   0.377201  7.78933 	Dead: 0
8.51442   0.0804305   0.408303  7.78933 	Dead: 0
8.52815   0.102019    0.517895  7.7558  	Dead: 0
8.59292   0.123248    0.625663  7.7558  	Dead: 0
8.56725   0.124166    0.630326  7.7558  	Dead: 0
8.4852    0.0780834   0.396388  7.7558  	Dead: 0
8.44349   0.0803141   0.407712  7.7558  	Dead: 0
8.51806   0.0880683   0.447076  7.7558  	Dead: 0
8.49844   0.0962058   0.488386  7.7558  	Dead: 0
8.4852    0.0852194   0.432613  7.72301 	Dead: 0
8.51938   0.0929136   0.471673  7.72301 	Dead: 0
8.49158   0.0858296   0.435711  7.72301 	Dead: 0
8.48526   0.0964699   0.489726  7.72301 	Dead: 0
8.47067   0.088242    0.447958  7.67518 	Dead: 0
8.41048   0.0758674   0.385138  7.67518 	Dead: 0
8.48799   0.087835    0.445891  7.67518 	Dead: 0
8.46503   0.0847678   0.430321  7.67518 	Dead: 0
8.52612   0.10225     0.51907   7.67518 	Dead: 0
8.44649   0.0782412   0.397189  7.67518 	Dead: 0
8.50379   0.107379    0.545104  7.67518 	Dead: 0
8.48197   0.079312    0.402625  7.67518 	Dead: 0
8.44944   0.0768096   0.389922  7.67518 	Dead: 0
8.52948   0.0948711   0.48161   7.67518 	Dead: 0
8.47997   0.106932    0.542836  7.67518 	Dead: 0
8.45985   0.089751    0.455618  7.67518 	Dead: 0
8.48636   0.0869144   0.441218  7.67518 	Dead: 0
8.47625   0.0960196   0.48744   7.67518 	Dead: 0
8.44805   0.0998696   0.506985  7.67518 	Dead: 0
8.49534   0.117097    0.594438  7.67518 	Dead: 0
8.42421   0.0896969   0.455343  7.67518 	Dead: 0
8.41737   0.0808302   0.410332  7.67518 	Dead: 0
8.50469   0.119195    0.605091  7.67518 	Dead: 0
8.38267   0.0914841   0.464416  7.67518 	Dead: 0
8.44987   0.106761    0.541967  7.67518 	Dead: 0
8.41657   0.0952596   0.483582  7.67518 	Dead: 0
8.41814   0.0901464   0.457625  7.67518 	Dead: 0
8.47082   0.0987239   0.501169  7.67518 	Dead: 0
8.43088   0.0842681   0.427784  7.67518 	Dead: 0
8.4469    0.0942529   0.478472  7.67518 	Dead: 0
8.42751   0.123549    0.627194  7.56461 	Dead: 0
8.24594   0.0865293   0.439263  7.56461 	Dead: 0
8.28092   0.100904    0.512237  7.56461 	Dead: 0
8.28601   0.0928261   0.471229  7.56461 	Dead: 0
8.25611   0.0937211   0.475772  7.5444  	Dead: 0
8.17648   0.0880414   0.446939  7.53008 	Dead: 0
8.19177   0.100763    0.511521  7.47627 	Dead: 0
8.16398   0.101833    0.516952  7.47627 	Dead: 0
8.11676   0.0890803   0.452213  7.34901 	Dead: 0
7.45861   0.0757782   0.384685  6.78136 	Dead: 0
7.5257    0.0967515   0.491156  6.75532 	Dead: 0
7.47038   0.094455    0.479498  6.75532 	Dead: 0
7.39446   0.10011     0.508207  6.64279 	Dead: 0
7.41253   0.120564    0.612037  6.64279 	Dead: 0
7.4028    0.0992973   0.504079  6.64279 	Dead: 0
7.41963   0.0985346   0.500207  6.64279 	Dead: 0
7.34801   0.102096    0.518285  6.64279 	Dead: 0
7.23026   0.0970644   0.492744  6.38537 	Dead: 0
6.63308   0.0947351   0.48092   5.83736 	Dead: 0
6.55646   0.109513    0.555941  5.73623 	Dead: 0
6.51249   0.104523    0.530608  5.73623 	Dead: 0
6.39756   0.112196    0.56956   5.71182 	Dead: 0
6.44159   0.127747    0.648505  5.68323 	Dead: 0
6.34592   0.106556    0.54093   5.61829 	Dead: 0
6.36779   0.107023    0.543296  5.61829 	Dead: 0
6.38525   0.134719    0.683896  5.59148 	Dead: 0
6.32637   0.120956    0.614029  5.5552  	Dead: 0
5.7107    0.211722    1.0748    4.7523  	Dead: 0
5.84807   0.239084    1.2137    4.65554 	Dead: 0
5.77298   0.247495    1.2564    4.63485 	Dead: 0
5.56036   0.227831    1.15657   4.62384 	Dead: 0
5.50697   0.230845    1.17188   4.62384 	Dead: 0
5.79137   0.259564    1.31767   4.62384 	Dead: 0
5.73796   0.265951    1.35009   4.62163 	Dead: 0
5.4869    0.23594     1.19774   4.60715 	Dead: 0
5.43432   0.247492    1.25638   4.55634 	Dead: 0
5.60737   0.252052    1.27954   4.49811 	Dead: 0
5.50597   0.23668     1.2015    4.49811 	Dead: 0
5.58527   0.253656    1.28768   4.42366 	Dead: 0
5.34562   0.235517    1.19559   4.42366 	Dead: 0
5.39229   0.249515    1.26665   4.42366 	Dead: 0
5.34494   0.241496    1.22595   4.42366 	Dead: 0
5.44788   0.26467     1.34359   4.42366 	Dead: 0
5.47337   0.247429    1.25607   4.42366 	Dead: 0
5.37285   0.261745    1.32874   4.42366 	Dead: 0
5.35219   0.247798    1.25794   4.42366 	Dead: 0
5.40806   0.244798    1.24271   4.42366 	Dead: 0
5.48266   0.277272    1.40756   4.3916  	Dead: 0
5.30173   0.242794    1.23253   4.31108 	Dead: 0
5.36473   0.259318    1.31642   4.31108 	Dead: 0
5.7096    0.290426    1.47434   4.31108 	Dead: 0
5.50188   0.269845    1.36986   4.31108 	Dead: 0
