16.7215   0.0652584   0.331282  16.0679 	Dead: 0
15.7212   0.0439052   0.222883  15.281  	Dead: 0
15.4726   0.0366916   0.186263  15.1216 	Dead: 0
15.4039   0.0377356   0.191563  15.1159 	Dead: 0
15.3553   0.0429363   0.217965  14.878  	Dead: 0
15.2755   0.0428282   0.217416  14.878  	Dead: 0
15.1807   0.0374839   0.190286  14.8699 	Dead: 0
15.1465   0.0413976   0.210154  14.8181 	Dead: 0
15.1189   0.0456917   0.231953  14.7209 	Dead: 0
15.0703   0.0452738   0.229831  14.6376 	Dead: 0
15.0676   0.0500393   0.254023  14.591  	Dead: 0
15.0202   0.0486625   0.247034  14.5704 	Dead: 0
14.9491   0.0550694   0.279558  14.4772 	Dead: 0
14.9348   0.0588903   0.298955  14.4772 	Dead: 0
14.871    0.054817    0.278277  14.3483 	Dead: 0
14.8951   0.0665609   0.337894  14.3483 	Dead: 0
14.9032   0.0711438   0.361159  14.3483 	Dead: 0
14.8879   0.0680888   0.345651  14.3483 	Dead: 0
14.8159   0.059824    0.303695  14.1958 	Dead: 0
14.8063   0.059339    0.301232  14.1958 	Dead: 0
14.8334   0.0619371   0.314422  14.1958 	Dead: 0
14.86     0.0625348   0.317456  14.1958 	Dead: 0
14.8664   0.0726205   0.368655  14.1958 	Dead: 0
14.8387   0.0647521   0.328712  14.1958 	Dead: 0
14.8415   0.0631517   0.320587  14.1958 	Dead: 0
14.8296   0.0629905   0.319769  14.1958 	Dead: 0
14.8655   0.0671874   0.341075  14.1958 	Dead: 0
14.8242   0.0625916   0.317744  14.1958 	Dead: 0
14.7472   0.0836766   0.424781  14.1232 	Dead: 0
14.7002   0.0863266   0.438234  14.092  	Dead: 0
14.6119   0.0761004   0.386321  14.092  	Dead: 0
14.606    0.0858906   0.436021  14.0358 	Dead: 0
14.595    0.084167    0.427271  14.0358 	Dead: 0
14.5872   0.0823665   0.418131  14.0358 	Dead: 0
14.6186   0.0889837   0.451723  13.92   	Dead: 0
14.5502   0.0861716   0.437447  13.92   	Dead: 0
14.5984   0.0898825   0.456286  13.92   	Dead: 0
14.5311   0.0801779   0.40702   13.92   	Dead: 0
14.5685   0.0864097   0.438656  13.92   	Dead: 0
14.5819   0.0837025   0.424913  13.92   	Dead: 0
14.608    0.0915907   0.464957  13.92   	Dead: 0
14.5715   0.0901238   0.457511  13.92   	Dead: 0
14.6147   0.105437    0.535248  13.92   	Dead: 0
14.5991   0.101178    0.513625  13.92   	Dead: 0
14.5851   0.0970768   0.492807  13.92   	Dead: 0
14.5627   0.0937887   0.476115  13.92   	Dead: 0
14.5867   0.09587     0.486681  13.92   	Dead: 0
14.6664   0.114374    0.580614  13.92   	Dead: 0
14.6441   0.0976785   0.495862  13.92   	Dead: 0
14.5937   0.0973845   0.494369  13.92   	Dead: 0
14.5856   0.0958715   0.486688  13.92   	Dead: 0
14.534    0.0872812   0.44308   13.92   	Dead: 0
14.6175   0.107399    0.54521   13.92   	Dead: 0
14.6256   0.104715    0.531583  13.92   	Dead: 0
14.619    0.108389    0.550234  13.92   	Dead: 0
14.6238   0.103023    0.522991  13.92   	Dead: 0
14.595    0.0955911   0.485265  13.9087 	Dead: 0
14.6159   0.102015    0.517877  13.9087 	Dead: 0
14.6236   0.104693    0.531468  13.9087 	Dead: 0
14.5585   0.094648    0.480478  13.9087 	Dead: 0
14.5952   0.100865    0.51204   13.9087 	Dead: 0
14.5654   0.0982582   0.498805  13.9087 	Dead: 0
14.5334   0.0888945   0.45127   13.9087 	Dead: 0
14.6445   0.0998191   0.506728  13.9087 	Dead: 0
14.5796   0.112323    0.570203  13.9087 	Dead: 0
14.6036   0.103506    0.525443  13.9087 	Dead: 0
14.6099   0.110654    0.561733  13.9087 	Dead: 0
14.6304   0.0994426   0.504817  13.9087 	Dead: 0
14.604    0.102737    0.521543  13.9087 	Dead: 0
14.6099   0.11069     0.561912  13.9087 	Dead: 0
14.6079   0.11316     0.574454  13.9087 	Dead: 0
14.6567   0.119136    0.604788  13.9087 	Dead: 0
14.5974   0.111121    0.564104  13.9087 	Dead: 0
14.616    0.126521    0.642278  13.9087 	Dead: 0
14.6836   0.135518    0.687953  13.9087 	Dead: 0
14.5621   0.0936704   0.475515  13.9087 	Dead: 0
14.6043   0.104545    0.530717  13.9087 	Dead: 0
14.678    0.115406    0.585856  13.9087 	Dead: 0
14.6002   0.109005    0.553361  13.9087 	Dead: 0
14.6385   0.134931    0.684975  13.9087 	Dead: 0
14.6181   0.111889    0.568002  13.9087 	Dead: 0
14.5905   0.101801    0.516789  13.9087 	Dead: 0
14.6113   0.107635    0.546405  13.9087 	Dead: 0
14.5728   0.100917    0.512303  13.9087 	Dead: 0
14.6148   0.0965571   0.490169  13.9087 	Dead: 0
14.6456   0.10528     0.534452  13.9087 	Dead: 0
14.6252   0.102914    0.522442  13.9087 	Dead: 0
14.6571   0.114005    0.578743  13.9087 	Dead: 0
14.5786   0.0982563   0.498795  13.9087 	Dead: 0
14.5999   0.110418    0.560532  13.9087 	Dead: 0
14.6263   0.115877    0.588245  13.9087 	Dead: 0
14.6783   0.123956    0.629258  13.9087 	Dead: 0
14.6532   0.112445    0.570822  13.9087 	Dead: 0
14.6012   0.106343    0.539847  13.9087 	Dead: 0
14.523    0.0892475   0.453062  13.9087 	Dead: 0
14.5862   0.110266    0.559761  13.9087 	Dead: 0
14.652    0.10343     0.525059  13.9087 	Dead: 0
14.6258   0.11576     0.587649  13.9087 	Dead: 0
14.663    0.107274    0.544575  13.9087 	Dead: 0
14.6127   0.104432    0.530143  13.9087 	Dead: 0
14.5942   0.1008      0.511706  13.9087 	Dead: 0
