16.7981   0.0783684   0.397834  16.0809 	Dead: 0
15.846    0.0667203   0.338704  15.3645 	Dead: 0
15.7212   0.0646447   0.328167  15.3013 	Dead: 0
15.705    0.0669228   0.339731  15.3013 	Dead: 0
15.6255   0.0576575   0.292696  15.2696 	Dead: 0
15.6284   0.0627553   0.318575  15.213  	Dead: 0
15.4863   0.0666951   0.338576  15.057  	Dead: 0
15.3319   0.0498571   0.253098  14.9851 	Dead: 0
15.3144   0.0470556   0.238876  14.9851 	Dead: 0
15.2791   0.0432205   0.219407  14.9598 	Dead: 0
15.2925   0.0494108   0.250832  14.9598 	Dead: 0
15.2432   0.0430358   0.21847   14.9598 	Dead: 0
15.2456   0.050411    0.25591   14.8917 	Dead: 0
15.2395   0.0468097   0.237628  14.8917 	Dead: 0
15.2129   0.0465361   0.236239  14.8846 	Dead: 0
15.2116   0.046943    0.238305  14.8846 	Dead: 0
15.1939   0.0503098   0.255396  14.8809 	Dead: 0
15.1855   0.0628856   0.319236  14.8675 	Dead: 0
15.224    0.0595556   0.302332  14.8303 	Dead: 0
15.1337   0.0494493   0.251028  14.8071 	Dead: 0
15.1296   0.049533    0.251453  14.8071 	Dead: 0
15.1279   0.0422868   0.214668  14.8071 	Dead: 0
15.1134   0.0456587   0.231785  14.8022 	Dead: 0
15.1109   0.0446765   0.226799  14.7571 	Dead: 0
15.086    0.0403534   0.204853  14.7412 	Dead: 0
15.1112   0.0477657   0.242481  14.7255 	Dead: 0
15.1114   0.0491772   0.249646  14.7255 	Dead: 0
15.1009   0.0500908   0.254284  14.7255 	Dead: 0
15.0905   0.0441309   0.224029  14.7255 	Dead: 0
15.0838   0.0497288   0.252446  14.7255 	Dead: 0
15.0587   0.0430154   0.218366  14.7255 	Dead: 0
15.0342   0.0375537   0.19064   14.7204 	Dead: 0
15.0549   0.0637272   0.323509  14.7204 	Dead: 0
15.0175   0.0415605   0.21098   14.7204 	Dead: 0
15.0531   0.0557024   0.282771  14.7204 	Dead: 0
15.0828   0.0635192   0.322453  14.7204 	Dead: 0
15.008    0.0421091   0.213766  14.7204 	Dead: 0
15.0212   0.0448279   0.227567  14.7204 	Dead: 0
15.0361   0.0487959   0.247711  14.7204 	Dead: 0
15.0425   0.0495693   0.251637  14.7204 	Dead: 0
15.0302   0.0456631   0.231807  14.7025 	Dead: 0
15.0092   0.0431754   0.219179  14.7025 	Dead: 0
15.06     0.0497127   0.252365  14.7025 	Dead: 0
15.0622   0.0481271   0.244315  14.7025 	Dead: 0
15.0417   0.051588    0.261885  14.7025 	Dead: 0
15.0281   0.0508547   0.258162  14.7025 	Dead: 0
14.9789   0.0470976   0.239089  14.6082 	Dead: 0
14.9555   0.0445604   0.226209  14.5985 	Dead: 0
15.0016   0.0552425   0.280437  14.5985 	Dead: 0
14.9588   0.0523039   0.265519  14.5985 	Dead: 0
14.9307   0.0447395   0.227119  14.5985 	Dead: 0
14.95     0.049484    0.251204  14.5985 	Dead: 0
14.9215   0.0455969   0.231471  14.5985 	Dead: 0
14.9773   0.0605136   0.307195  14.5985 	Dead: 0
14.9375   0.0518223   0.263074  14.5985 	Dead: 0
14.936    0.0535273   0.27173   14.5555 	Dead: 0
14.9406   0.0522333   0.265161  14.5555 	Dead: 0
14.9367   0.0549229   0.278814  14.5555 	Dead: 0
14.9183   0.0531586   0.269858  14.5555 	Dead: 0
14.9049   0.0502952   0.255322  14.5555 	Dead: 0
14.8785   0.04422     0.224481  14.5555 	Dead: 0
14.8864   0.0434733   0.220691  14.5555 	Dead: 0
14.9141   0.0533937   0.271051  14.5434 	Dead: 0
14.9015   0.0551518   0.279976  14.5434 	Dead: 0
14.8723   0.0440924   0.223834  14.5434 	Dead: 0
14.8819   0.0484866   0.246141  14.5321 	Dead: 0
14.972    0.0749526   0.380495  14.5321 	Dead: 0
14.9205   0.0596884   0.303006  14.5321 	Dead: 0
14.9163   0.0533173   0.270663  14.5321 	Dead: 0
14.8626   0.0454358   0.230653  14.5321 	Dead: 0
14.9073   0.0521632   0.264805  14.5321 	Dead: 0
14.8228   0.0394013   0.200019  14.5321 	Dead: 0
14.8729   0.0493986   0.25077   14.5321 	Dead: 0
14.8903   0.0495336   0.251456  14.5321 	Dead: 0
14.8577   0.0472878   0.240055  14.5321 	Dead: 0
14.8648   0.0464384   0.235743  14.5321 	Dead: 0
14.8583   0.0484457   0.245933  14.5321 	Dead: 0
14.9165   0.0629999   0.319817  14.5321 	Dead: 0
14.8996   0.0592523   0.300793  14.5321 	Dead: 0
14.8862   0.0663523   0.336835  14.4632 	Dead: 0
14.8707   0.0577341   0.293085  14.4632 	Dead: 0
14.8842   0.0555718   0.282108  14.4632 	Dead: 0
14.8323   0.0466593   0.236865  14.4632 	Dead: 0
14.8371   0.0526124   0.267085  14.4632 	Dead: 0
14.8586   0.0550705   0.279563  14.4632 	Dead: 0
14.8186   0.0460857   0.233953  14.4632 	Dead: 0
14.841    0.0451899   0.229405  14.4632 	Dead: 0
14.8543   0.0507151   0.257454  14.4632 	Dead: 0
14.9032   0.0629765   0.319698  14.4632 	Dead: 0
14.8438   0.0510795   0.259303  14.4632 	Dead: 0
14.8429   0.0559145   0.283848  14.4632 	Dead: 0
14.818    0.0444157   0.225475  14.4535 	Dead: 0
14.8222   0.0557118   0.282819  14.3318 	Dead: 0
14.8059   0.0487121   0.247285  14.3318 	Dead: 0
14.8395   0.0593066   0.301068  14.3318 	Dead: 0
14.8138   0.0494349   0.250954  14.3318 	Dead: 0
14.7765   0.0448612   0.227736  14.3318 	Dead: 0
14.7985   0.0478923   0.243124  14.3318 	Dead: 0
14.7734   0.0505744   0.256739  14.3318 	Dead: 0
14.786    0.0456822   0.231904  14.3318 	Dead: 0
14.7994   0.0513852   0.260855  14.3318 	Dead: 0
