13.2115   0.115523    0.58645   10.6292 	Dead: 0
5.47696   0.12312     0.625012  4.07379 	Dead: 0
3.43418   0.0883439   0.448475  2.93817 	Dead: 0
3.30229   0.146912    0.745796  2.80512 	Dead: 0
3.17368   0.110658    0.561752  2.74528 	Dead: 0
3.18702   0.0965981   0.490377  2.74528 	Dead: 0
3.18906   0.125357    0.636371  2.69938 	Dead: 0
3.14063   0.107685    0.546662  2.69938 	Dead: 0
3.17711   0.136853    0.694727  2.68045 	Dead: 0
3.1461    0.114703    0.582286  2.68045 	Dead: 0
3.11017   0.107245    0.544426  2.65884 	Dead: 0
3.18598   0.148138    0.752019  2.60207 	Dead: 0
3.04501   0.0849744   0.431369  2.60207 	Dead: 0
3.01877   0.106369    0.539979  2.60207 	Dead: 0
3.065     0.120572    0.612082  2.56441 	Dead: 0
3.10814   0.140916    0.715357  2.41035 	Dead: 0
3.07796   0.119704    0.607673  2.41035 	Dead: 0
3.03282   0.099832    0.506794  2.41035 	Dead: 0
2.97432   0.0875345   0.444366  2.41035 	Dead: 0
2.99222   0.0997639   0.506448  2.41035 	Dead: 0
3.01524   0.128271    0.651165  2.41035 	Dead: 0
2.96389   0.12073     0.61288   2.41035 	Dead: 0
3.03318   0.126294    0.641125  2.41035 	Dead: 0
2.88658   0.0773988   0.392913  2.41035 	Dead: 0
2.93709   0.113623    0.576804  2.41035 	Dead: 0
2.96007   0.132224    0.671231  2.41035 	Dead: 0
2.93319   0.125288    0.636018  2.41035 	Dead: 0
3.08827   0.17661     0.896557  2.41035 	Dead: 0
2.90054   0.11183     0.567699  2.41035 	Dead: 0
3.00175   0.143251    0.727208  2.41035 	Dead: 0
2.92348   0.126536    0.642356  2.41035 	Dead: 0
2.87165   0.101369    0.514597  2.41035 	Dead: 0
2.87517   0.126968    0.644549  2.40567 	Dead: 0
2.87302   0.13244     0.672328  2.40567 	Dead: 0
2.92004   0.125763    0.638433  2.40567 	Dead: 0
2.78163   0.0853577   0.433316  2.40567 	Dead: 0
2.84837   0.104931    0.532678  2.40567 	Dead: 0
2.8246    0.0913025   0.463494  2.40567 	Dead: 0
2.95331   0.170976    0.867952  2.40567 	Dead: 0
2.90165   0.146943    0.745951  2.40567 	Dead: 0
2.86444   0.116478    0.591299  2.40567 	Dead: 0
2.954     0.140779    0.714658  2.40567 	Dead: 0
2.88497   0.133575    0.678087  2.40567 	Dead: 0
2.91314   0.164514    0.835148  2.40567 	Dead: 0
2.88596   0.140878    0.715164  2.40567 	Dead: 0
2.90748   0.152963    0.776513  2.35473 	Dead: 0
2.84674   0.135576    0.688246  2.35473 	Dead: 0
2.76698   0.0753035   0.382276  2.35473 	Dead: 0
2.94649   0.155607    0.789934  2.35473 	Dead: 0
2.83652   0.115383    0.585737  2.33081 	Dead: 0
2.88428   0.184887    0.938572  2.33081 	Dead: 0
2.82218   0.133466    0.677535  2.33081 	Dead: 0
2.75648   0.100433    0.509846  2.33081 	Dead: 0
2.84493   0.120675    0.612601  2.33081 	Dead: 0
2.85051   0.115684    0.587268  2.33081 	Dead: 0
2.84154   0.129966    0.659768  2.33081 	Dead: 0
2.85067   0.130317    0.661551  2.33081 	Dead: 0
2.87712   0.144677    0.734447  2.33081 	Dead: 0
2.83564   0.135632    0.688534  2.3286  	Dead: 0
2.95069   0.172206    0.874197  2.32127 	Dead: 0
2.96861   0.192341    0.976413  2.26553 	Dead: 0
2.82037   0.138376    0.702463  2.26553 	Dead: 0
2.8419    0.135583    0.688282  2.26553 	Dead: 0
2.74778   0.122912    0.623961  2.26553 	Dead: 0
2.77725   0.121172    0.615124  2.26553 	Dead: 0
2.91769   0.169414    0.860025  2.26553 	Dead: 0
2.9124    0.203279    1.03194   2.26553 	Dead: 0
2.82161   0.153421    0.778837  2.26553 	Dead: 0
2.76847   0.146088    0.741611  2.26553 	Dead: 0
2.85144   0.155987    0.791861  2.26553 	Dead: 0
2.83766   0.157075    0.797386  2.26553 	Dead: 0
2.7331    0.123159    0.625214  2.23246 	Dead: 0
2.82301   0.187006    0.94933   2.23246 	Dead: 0
2.75554   0.122129    0.619984  2.23246 	Dead: 0
2.87733   0.193582    0.982712  2.23246 	Dead: 0
2.82564   0.173707    0.88182   2.23246 	Dead: 0
2.80889   0.15409     0.78223   2.23246 	Dead: 0
2.656     0.099013    0.502636  2.23246 	Dead: 0
2.76394   0.152404    0.773673  2.23246 	Dead: 0
2.67162   0.10608     0.538509  2.23246 	Dead: 0
2.78158   0.159224    0.808293  2.23246 	Dead: 0
2.62844   0.0930876   0.472556  2.23246 	Dead: 0
2.6371    0.113044    0.573864  2.21375 	Dead: 0
2.5991    0.064096    0.325381  2.21375 	Dead: 0
2.70848   0.114271    0.580091  2.21375 	Dead: 0
2.78083   0.160257    0.813539  2.21375 	Dead: 0
2.6515    0.0961705   0.488206  2.21375 	Dead: 0
2.77822   0.157796    0.801044  2.21375 	Dead: 0
2.77984   0.128362    0.651627  2.21375 	Dead: 0
2.75269   0.183364    0.930842  2.21375 	Dead: 0
2.71965   0.151133    0.767221  2.21375 	Dead: 0
2.74671   0.136549    0.693186  2.21375 	Dead: 0
2.7197    0.127936    0.649461  2.21375 	Dead: 0
2.64094   0.10112     0.51333   2.21375 	Dead: 0
2.74179   0.14096     0.71558   2.21375 	Dead: 0
2.74994   0.176972    0.898394  2.21375 	Dead: 0
2.79634   0.162133    0.823061  2.21375 	Dead: 0
2.7007    0.138416    0.702665  2.18141 	Dead: 0
2.6761    0.128666    0.65317   2.18141 	Dead: 0
2.66848   0.134105    0.680778  2.18141 	Dead: 0
2.75893   0.184759    0.937924  2.18141 	Dead: 0
