6.48275   0.123322    0.626038  4.95913 	Dead: 0
4.31882   0.047138    0.239294  3.64514 	Dead: 0
3.89755   0.0534751   0.271465  3.45328 	Dead: 0
3.64169   0.0453533   0.230235  3.30839 	Dead: 0
3.54796   0.0473364   0.240302  3.06462 	Dead: 0
3.52866   0.0540894   0.274583  3.06462 	Dead: 0
3.42692   0.0479316   0.243323  3.05766 	Dead: 0
3.40944   0.0473648   0.240446  3.05766 	Dead: 0
3.35982   0.0507935   0.257852  2.9539  	Dead: 0
3.37331   0.0551392   0.279912  2.9539  	Dead: 0
3.31737   0.0499931   0.253788  2.93731 	Dead: 0
3.2521    0.0471237   0.239222  2.8628  	Dead: 0
3.2716    0.0513535   0.260695  2.82124 	Dead: 0
3.25016   0.055312    0.280789  2.80375 	Dead: 0
3.22541   0.0476177   0.24173   2.80375 	Dead: 0
3.22674   0.0509612   0.258703  2.79284 	Dead: 0
3.25267   0.0557553   0.28304   2.77125 	Dead: 0
3.21173   0.0463622   0.235356  2.77125 	Dead: 0
3.1816    0.0492161   0.249844  2.77125 	Dead: 0
3.23048   0.0550468   0.279443  2.77125 	Dead: 0
3.21522   0.0568456   0.288575  2.77125 	Dead: 0
3.18416   0.0493509   0.250528  2.77125 	Dead: 0
3.20814   0.052173    0.264854  2.77125 	Dead: 0
3.17225   0.0480462   0.243905  2.77125 	Dead: 0
3.16927   0.0537346   0.272782  2.77125 	Dead: 0
3.20653   0.0579081   0.293969  2.77125 	Dead: 0
3.17642   0.053528    0.271733  2.77125 	Dead: 0
3.19424   0.0539128   0.273686  2.77125 	Dead: 0
3.14552   0.0514793   0.261333  2.77125 	Dead: 0
3.15968   0.0500789   0.254224  2.77125 	Dead: 0
3.11828   0.0504977   0.25635   2.77125 	Dead: 0
3.11936   0.0473992   0.24062   2.77125 	Dead: 0
3.09734   0.0480111   0.243727  2.77125 	Dead: 0
3.07215   0.0446148   0.226486  2.7397  	Dead: 0
3.06895   0.0426107   0.216312  2.71118 	Dead: 0
3.07662   0.0505773   0.256754  2.64796 	Dead: 0
3.01364   0.0417624   0.212005  2.64796 	Dead: 0
3.00206   0.0433273   0.21995   2.64796 	Dead: 0
3.00906   0.0490147   0.248821  2.63826 	Dead: 0
3.02364   0.0480463   0.243906  2.63826 	Dead: 0
2.99753   0.0456243   0.23161   2.63402 	Dead: 0
3.01656   0.049107    0.24929   2.63402 	Dead: 0
3.01943   0.0504577   0.256147  2.63402 	Dead: 0
3.00372   0.0478308   0.242812  2.58489 	Dead: 0
3.04171   0.0555342   0.281918  2.55802 	Dead: 0
2.96569   0.0436128   0.221399  2.55802 	Dead: 0
2.98721   0.047496    0.241112  2.55802 	Dead: 0
2.9887    0.0481591   0.244478  2.55802 	Dead: 0
2.96804   0.0475162   0.241214  2.55802 	Dead: 0
2.9432    0.0422773   0.21462   2.55802 	Dead: 0
2.98135   0.0490679   0.249091  2.54437 	Dead: 0
2.92508   0.0433492   0.220061  2.52548 	Dead: 0
2.94097   0.0430071   0.218324  2.52548 	Dead: 0
2.93815   0.0475147   0.241207  2.52548 	Dead: 0
2.97837   0.0490559   0.249031  2.52548 	Dead: 0
2.94286   0.0446786   0.226809  2.52548 	Dead: 0
2.93142   0.0457692   0.232346  2.52548 	Dead: 0
2.95485   0.0497081   0.252341  2.52548 	Dead: 0
2.91354   0.0431726   0.219164  2.52548 	Dead: 0
2.93853   0.0452116   0.229515  2.52548 	Dead: 0
2.92561   0.0452309   0.229613  2.52548 	Dead: 0
2.96279   0.0483806   0.245602  2.52548 	Dead: 0
2.93573   0.0421753   0.214102  2.52548 	Dead: 0
2.9526    0.0466995   0.237068  2.52548 	Dead: 0
2.95148   0.0508174   0.257973  2.52548 	Dead: 0
2.94312   0.046932    0.238248  2.52548 	Dead: 0
2.94261   0.0513523   0.260688  2.52548 	Dead: 0
2.91909   0.0460295   0.233667  2.52548 	Dead: 0
2.9646    0.0536275   0.272238  2.52548 	Dead: 0
2.92689   0.0474751   0.241006  2.52548 	Dead: 0
2.9604    0.0471799   0.239507  2.52548 	Dead: 0
2.92205   0.0469163   0.238169  2.52548 	Dead: 0
2.93633   0.0478804   0.243063  2.52548 	Dead: 0
2.94424   0.0476251   0.241767  2.52548 	Dead: 0
2.94877   0.0523367   0.265685  2.52548 	Dead: 0
2.90238   0.0433673   0.220153  2.52548 	Dead: 0
2.89733   0.0438283   0.222493  2.52548 	Dead: 0
2.90959   0.0441337   0.224043  2.52548 	Dead: 0
2.90876   0.0426698   0.216612  2.52548 	Dead: 0
2.92274   0.0471438   0.239324  2.52548 	Dead: 0
2.94238   0.0530887   0.269503  2.52548 	Dead: 0
2.8806    0.0442876   0.224824  2.52548 	Dead: 0
2.92227   0.0498452   0.253037  2.52548 	Dead: 0
2.92148   0.0482773   0.245078  2.52548 	Dead: 0
2.90985   0.0458912   0.232965  2.52548 	Dead: 0
2.89439   0.0436434   0.221554  2.44902 	Dead: 0
2.89239   0.0471056   0.23913   2.44902 	Dead: 0
2.90781   0.047026    0.238726  2.44902 	Dead: 0
2.93916   0.051798    0.262951  2.44902 	Dead: 0
2.91178   0.0512045   0.259938  2.44902 	Dead: 0
2.93723   0.0517583   0.262749  2.44902 	Dead: 0
2.91978   0.0518229   0.263077  2.44902 	Dead: 0
2.93084   0.0497707   0.252659  2.44902 	Dead: 0
2.95083   0.0550382   0.279399  2.44902 	Dead: 0
2.93255   0.0516191   0.262043  2.44902 	Dead: 0
2.90194   0.044165    0.224202  2.44902 	Dead: 0
2.90472   0.0434605   0.220626  2.44902 	Dead: 0
2.89744   0.0450424   0.228656  2.44902 	Dead: 0
2.88989   0.0441173   0.22396   2.44902 	Dead: 0
2.91949   0.047292    0.240076  2.44902 	Dead: 0
2.89884   0.0426037   0.216276  2.44902 	Dead: 0
