9.46144   0.102151    0.518567  8.55149 	Dead: 0
7.74857   0.0492022   0.249773  7.07948 	Dead: 0
7.47622   0.0534713   0.271445  6.70769 	Dead: 0
7.36716   0.0646778   0.328335  6.70769 	Dead: 0
7.2997    0.0557788   0.283159  6.70769 	Dead: 0
7.21969   0.0603686   0.306459  6.61646 	Dead: 0
7.16256   0.0573041   0.290902  6.61646 	Dead: 0
7.09641   0.0619444   0.314459  6.61646 	Dead: 0
6.81616   0.057341    0.29109   6.32029 	Dead: 0
6.72589   0.0556002   0.282252  6.29354 	Dead: 0
6.6739    0.0649579   0.329757  5.88649 	Dead: 0
6.6239    0.0642249   0.326036  5.88649 	Dead: 0
6.60908   0.0638636   0.324202  5.88649 	Dead: 0
6.58645   0.0629055   0.319338  5.88649 	Dead: 0
6.57067   0.0610775   0.310058  5.88649 	Dead: 0
6.55707   0.0621223   0.315362  5.88649 	Dead: 0
6.5908    0.0773526   0.392678  5.88649 	Dead: 0
6.51392   0.0626213   0.317895  5.88649 	Dead: 0
6.56223   0.0719924   0.365467  5.88649 	Dead: 0
6.57104   0.0674588   0.342452  5.7753  	Dead: 0
6.54095   0.0750604   0.381042  5.7753  	Dead: 0
6.55245   0.0781249   0.396598  5.7753  	Dead: 0
6.51189   0.0739327   0.375317  5.7753  	Dead: 0
6.53725   0.0759021   0.385314  5.7753  	Dead: 0
6.51748   0.0725711   0.368405  5.7753  	Dead: 0
6.49307   0.0697243   0.353953  5.7753  	Dead: 0
6.47669   0.0764607   0.38815   5.7753  	Dead: 0
6.46032   0.0651243   0.330601  5.7753  	Dead: 0
6.44153   0.069114    0.350855  5.7753  	Dead: 0
6.49352   0.0700758   0.355737  5.7753  	Dead: 0
6.50354   0.0777633   0.394763  5.7753  	Dead: 0
6.44751   0.0764935   0.388316  5.7753  	Dead: 0
6.42427   0.0705428   0.358108  5.7753  	Dead: 0
6.42425   0.0739505   0.375407  5.7753  	Dead: 0
6.19589   0.0680639   0.345524  5.60175 	Dead: 0
6.14172   0.0714486   0.362707  5.57785 	Dead: 0
6.06824   0.0700255   0.355482  5.56181 	Dead: 0
6.05057   0.0709908   0.360382  5.42356 	Dead: 0
6.09681   0.0789216   0.400643  5.42356 	Dead: 0
5.97222   0.0648926   0.329425  5.42356 	Dead: 0
6.00134   0.0710005   0.360432  5.31689 	Dead: 0
5.95271   0.074545    0.378425  5.31689 	Dead: 0
5.91397   0.0655341   0.332682  5.31689 	Dead: 0
5.93607   0.0728227   0.369682  5.31689 	Dead: 0
5.89152   0.0749452   0.380457  5.31689 	Dead: 0
5.90451   0.0750516   0.380997  5.31689 	Dead: 0
5.9443    0.0772452   0.392133  5.31689 	Dead: 0
5.8931    0.0695178   0.352905  5.31689 	Dead: 0
5.87572   0.0668983   0.339607  5.31689 	Dead: 0
5.91962   0.0765932   0.388823  5.31689 	Dead: 0
5.87856   0.0743471   0.377421  5.31689 	Dead: 0
5.927     0.0805168   0.408741  5.31689 	Dead: 0
5.88027   0.0783577   0.39778   5.27506 	Dead: 0
5.87273   0.0707967   0.359397  5.27506 	Dead: 0
5.8838    0.0746403   0.378909  5.27506 	Dead: 0
5.84863   0.0763866   0.387774  5.27506 	Dead: 0
5.83412   0.0764513   0.388103  5.27506 	Dead: 0
5.87945   0.0857492   0.435303  5.15431 	Dead: 0
5.86258   0.0770195   0.390987  5.15431 	Dead: 0
5.86134   0.074777    0.379603  5.15431 	Dead: 0
5.91964   0.0883806   0.448661  5.15431 	Dead: 0
5.87076   0.07877     0.399873  5.15431 	Dead: 0
5.83946   0.0758674   0.385138  5.11556 	Dead: 0
5.86704   0.0846953   0.429953  5.11556 	Dead: 0
5.81119   0.0713455   0.362183  5.11556 	Dead: 0
5.84339   0.0783969   0.397979  5.11556 	Dead: 0
5.8907    0.0863367   0.438285  5.11556 	Dead: 0
5.90955   0.0869749   0.441525  5.11556 	Dead: 0
5.86764   0.07883     0.400178  5.11556 	Dead: 0
5.86472   0.0759047   0.385328  5.11556 	Dead: 0
5.8153    0.075696    0.384268  5.11556 	Dead: 0
5.8352    0.0789878   0.400979  5.11556 	Dead: 0
5.86383   0.0844918   0.42892   5.05201 	Dead: 0
5.87434   0.0865748   0.439494  5.05201 	Dead: 0
5.81174   0.0723473   0.367268  5.05201 	Dead: 0
5.82467   0.0823828   0.418214  5.05201 	Dead: 0
5.82261   0.0812965   0.412699  5.05201 	Dead: 0
5.80409   0.0740611   0.375969  5.05201 	Dead: 0
5.82536   0.0798137   0.405172  5.05201 	Dead: 0
5.82054   0.0817637   0.415071  5.05201 	Dead: 0
5.79503   0.076371    0.387695  5.05201 	Dead: 0
5.80018   0.0759306   0.385459  5.05201 	Dead: 0
5.83837   0.082352    0.418057  5.05201 	Dead: 0
5.78343   0.0737474   0.374376  5.05201 	Dead: 0
5.80247   0.077058    0.391182  5.05201 	Dead: 0
5.83841   0.083897    0.4259    5.05201 	Dead: 0
5.78774   0.0800025   0.40613   5.05201 	Dead: 0
5.72876   0.0717599   0.364287  5.05201 	Dead: 0
5.73629   0.0703136   0.356945  5.05201 	Dead: 0
5.73959   0.074466    0.378024  5.05201 	Dead: 0
5.75687   0.0762922   0.387295  5.05201 	Dead: 0
5.75259   0.0772982   0.392402  5.05201 	Dead: 0
5.79013   0.0755818   0.383688  5.05201 	Dead: 0
5.76027   0.0705683   0.358238  5.05201 	Dead: 0
5.78949   0.0774148   0.392993  5.05201 	Dead: 0
5.75992   0.0746094   0.378752  5.05201 	Dead: 0
5.76722   0.0736152   0.373705  5.05201 	Dead: 0
5.76874   0.0819671   0.416103  5.05201 	Dead: 0
5.75376   0.0738493   0.374894  5.05102 	Dead: 0
5.71573   0.0744358   0.377871  5.05102 	Dead: 0
5.76789   0.0809944   0.411165  5.05102 	Dead: 0
