9.48538   0.0977493   0.496221  8.35681 	Dead: 0
7.57898   0.0529805   0.268953  6.96141 	Dead: 0
7.3515    0.0524521   0.266271  6.93331 	Dead: 0
7.29065   0.051766    0.262788  6.91559 	Dead: 0
7.23462   0.0603762   0.306498  6.69338 	Dead: 0
7.05772   0.0575482   0.292141  6.52474 	Dead: 0
6.90521   0.0505496   0.256613  6.45861 	Dead: 0
6.82112   0.0588169   0.298582  6.32484 	Dead: 0
6.67614   0.0576925   0.292874  6.16685 	Dead: 0
6.6165    0.0580401   0.294639  6.10793 	Dead: 0
6.59233   0.0636658   0.323198  6.10793 	Dead: 0
6.59619   0.0626913   0.31825   6.0702  	Dead: 0
6.59076   0.0789238   0.400654  5.95651 	Dead: 0
6.58258   0.0682706   0.346573  5.95651 	Dead: 0
6.54607   0.0657168   0.333609  5.95651 	Dead: 0
6.5231    0.0655011   0.332514  5.95651 	Dead: 0
6.52744   0.0673748   0.342026  5.91589 	Dead: 0
6.53093   0.069755    0.354109  5.88511 	Dead: 0
6.4739    0.0628914   0.319266  5.88511 	Dead: 0
6.46625   0.063706    0.323401  5.88071 	Dead: 0
6.46195   0.0695556   0.353096  5.88071 	Dead: 0
6.43602   0.0783723   0.397854  5.88071 	Dead: 0
6.45098   0.0618173   0.313813  5.88071 	Dead: 0
6.50046   0.0899027   0.456388  5.86117 	Dead: 0
6.48248   0.0772457   0.392135  5.86117 	Dead: 0
6.45288   0.0702043   0.35639   5.86117 	Dead: 0
6.43837   0.0714909   0.362921  5.86117 	Dead: 0
6.47999   0.0824527   0.418568  5.86117 	Dead: 0
6.46372   0.0748016   0.379728  5.86117 	Dead: 0
6.43727   0.0818842   0.415683  5.86117 	Dead: 0
6.40022   0.0763172   0.387422  5.86117 	Dead: 0
6.33089   0.0632725   0.321201  5.80096 	Dead: 0
6.28563   0.0627899   0.318751  5.80096 	Dead: 0
6.31444   0.092567    0.469913  5.71972 	Dead: 0
6.26527   0.0796348   0.404263  5.65334 	Dead: 0
6.22596   0.0641063   0.325434  5.65334 	Dead: 0
6.23721   0.06296     0.319614  5.65334 	Dead: 0
6.23155   0.0722842   0.366948  5.57486 	Dead: 0
6.23461   0.0814903   0.413683  5.57486 	Dead: 0
6.23358   0.0803552   0.407921  5.47107 	Dead: 0
6.17294   0.065006    0.330001  5.47107 	Dead: 0
6.18606   0.0672534   0.341409  5.47107 	Dead: 0
6.13094   0.0644278   0.327066  5.47107 	Dead: 0
6.15894   0.0742539   0.376947  5.47107 	Dead: 0
6.08969   0.0657655   0.333856  5.43463 	Dead: 0
6.06235   0.0778258   0.39508   5.43463 	Dead: 0
6.09398   0.0722959   0.367008  5.43463 	Dead: 0
6.07012   0.0630752   0.320199  5.43463 	Dead: 0
6.00832   0.0613177   0.311277  5.43463 	Dead: 0
6.07234   0.092574    0.469949  5.43463 	Dead: 0
6.06981   0.0736097   0.373677  5.43463 	Dead: 0
6.04053   0.0729367   0.370261  5.43463 	Dead: 0
6.0856    0.0717304   0.364137  5.43463 	Dead: 0
6.05661   0.0723809   0.367439  5.43463 	Dead: 0
6.09796   0.0867931   0.440602  5.43463 	Dead: 0
6.03248   0.0704494   0.357634  5.31764 	Dead: 0
6.05877   0.0740941   0.376136  5.31764 	Dead: 0
6.05739   0.072338    0.367222  5.31764 	Dead: 0
6.08242   0.088499    0.449262  5.31764 	Dead: 0
6.00979   0.0712783   0.361842  5.31764 	Dead: 0
5.97632   0.0663082   0.336611  5.31764 	Dead: 0
6.03675   0.0743873   0.377625  5.31764 	Dead: 0
5.99446   0.0755372   0.383462  5.31764 	Dead: 0
5.98633   0.0697737   0.354204  5.31764 	Dead: 0
5.98902   0.0760417   0.386023  5.31764 	Dead: 0
5.97214   0.0659128   0.334604  5.29877 	Dead: 0
6.02377   0.0788574   0.400317  5.29877 	Dead: 0
5.95853   0.0662895   0.336517  5.29877 	Dead: 0
6.02219   0.0745551   0.378477  5.29877 	Dead: 0
6.04732   0.0840112   0.42648   5.29877 	Dead: 0
5.98037   0.0735729   0.37349   5.29877 	Dead: 0
5.97102   0.0794827   0.403491  5.29877 	Dead: 0
5.97675   0.0743348   0.377358  5.29877 	Dead: 0
5.95925   0.0710467   0.360666  5.29877 	Dead: 0
5.9414    0.0778607   0.395257  5.10666 	Dead: 0
5.8794    0.0729996   0.37058   5.10666 	Dead: 0
5.85502   0.0764204   0.387945  5.10666 	Dead: 0
5.7547    0.0705449   0.358119  5.10666 	Dead: 0
5.7482    0.0741903   0.376625  5.10666 	Dead: 0
5.72371   0.0692651   0.351622  5.10666 	Dead: 0
5.70768   0.0904643   0.459239  5.05436 	Dead: 0
5.6419    0.0716926   0.363945  5.05436 	Dead: 0
5.56035   0.0641595   0.325704  5.05436 	Dead: 0
5.61001   0.0978214   0.496587  5.04124 	Dead: 0
5.57248   0.0625879   0.317725  4.92621 	Dead: 0
5.55749   0.0661097   0.335604  4.92621 	Dead: 0
5.53157   0.0639013   0.324393  4.92621 	Dead: 0
5.59737   0.0845757   0.429346  4.92621 	Dead: 0
5.52289   0.0731499   0.371343  4.92621 	Dead: 0
5.49429   0.068239    0.346413  4.92621 	Dead: 0
5.53078   0.0858065   0.435594  4.92621 	Dead: 0
5.5451    0.0783801   0.397894  4.92621 	Dead: 0
5.56307   0.091715    0.465588  4.92621 	Dead: 0
5.4982    0.0723633   0.36735   4.92621 	Dead: 0
5.49359   0.0829995   0.421344  4.83093 	Dead: 0
5.46917   0.0744719   0.378054  4.81557 	Dead: 0
5.46175   0.0649699   0.329817  4.81557 	Dead: 0
5.47808   0.0701725   0.356229  4.81557 	Dead: 0
5.49063   0.0770734   0.391261  4.81557 	Dead: 0
5.48464   0.0788753   0.400408  4.81557 	Dead: 0
5.41871   0.0696998   0.353828  4.81557 	Dead: 0
