15.221    0.050683    0.257291  14.6939 	Dead: 0
14.1218   0.0305464   0.155068  13.7949 	Dead: 0
13.8923   0.0328744   0.166886  13.5971 	Dead: 0
13.7429   0.0296959   0.15075   13.3821 	Dead: 0
13.7123   0.0349013   0.177175  13.3571 	Dead: 0
13.6658   0.0323392   0.164169  13.3571 	Dead: 0
13.6321   0.0320389   0.162644  13.3476 	Dead: 0
13.5472   0.0328859   0.166944  13.2419 	Dead: 0
13.4431   0.0301371   0.15299   13.085  	Dead: 0
13.399    0.0353316   0.17936   13.085  	Dead: 0
13.3964   0.0425507   0.216007  13.0201 	Dead: 0
13.3636   0.0403766   0.20497   13.0201 	Dead: 0
13.3212   0.0354702   0.180063  12.9893 	Dead: 0
13.3013   0.0384171   0.195023  12.9699 	Dead: 0
13.2729   0.0423587   0.215032  12.8891 	Dead: 0
13.2265   0.0387609   0.196769  12.8891 	Dead: 0
13.1769   0.0329652   0.167347  12.8096 	Dead: 0
13.1402   0.0337161   0.171159  12.8096 	Dead: 0
13.1526   0.0453596   0.230267  12.7214 	Dead: 0
13.1139   0.043438    0.220512  12.6859 	Dead: 0
13.0821   0.0410813   0.208548  12.638  	Dead: 0
13.0737   0.0464563   0.235834  12.638  	Dead: 0
13.0393   0.0416205   0.211285  12.638  	Dead: 0
12.994    0.0405523   0.205862  12.638  	Dead: 0
13.0184   0.0464391   0.235746  12.638  	Dead: 0
12.9511   0.0378246   0.192015  12.638  	Dead: 0
12.9566   0.0426039   0.216277  12.4598 	Dead: 0
12.9645   0.0442587   0.224678  12.4598 	Dead: 0
12.9536   0.0441805   0.224281  12.4598 	Dead: 0
12.9289   0.043783    0.222263  12.4598 	Dead: 0
12.8742   0.0385609   0.195753  12.4598 	Dead: 0
12.866    0.0383375   0.194619  12.4598 	Dead: 0
12.8657   0.0446147   0.226485  12.4598 	Dead: 0
12.8577   0.0422036   0.214245  12.4598 	Dead: 0
12.8451   0.0401054   0.203594  12.4598 	Dead: 0
12.8584   0.0434457   0.22055   12.4598 	Dead: 0
12.8151   0.035347    0.179438  12.4598 	Dead: 0
12.8475   0.0398912   0.202506  12.4598 	Dead: 0
12.8218   0.0354594   0.180008  12.4598 	Dead: 0
12.8252   0.0393482   0.19975   12.4598 	Dead: 0
12.8064   0.0385369   0.195631  12.4578 	Dead: 0
12.8045   0.0419732   0.213075  12.4406 	Dead: 0
12.7893   0.0474583   0.240921  12.4406 	Dead: 0
12.7629   0.0421614   0.214031  12.4026 	Dead: 0
12.7389   0.0438169   0.222435  12.4026 	Dead: 0
12.7208   0.0413964   0.210148  12.3823 	Dead: 0
12.7197   0.0391997   0.198996  12.3823 	Dead: 0
12.7327   0.0471405   0.239307  12.3455 	Dead: 0
12.6937   0.0441982   0.224371  12.3455 	Dead: 0
12.6711   0.0414239   0.210287  12.3455 	Dead: 0
12.6432   0.0387368   0.196646  12.3409 	Dead: 0
12.5998   0.039159    0.198789  12.2119 	Dead: 0
12.562    0.0411348   0.208819  12.2119 	Dead: 0
12.5519   0.0358439   0.18196   12.2119 	Dead: 0
12.5486   0.0391562   0.198775  12.2119 	Dead: 0
12.5158   0.037023    0.187946  12.2119 	Dead: 0
12.5208   0.0397342   0.201709  12.2119 	Dead: 0
12.4777   0.0408405   0.207325  12.1996 	Dead: 0
12.4407   0.0377908   0.191844  12.1026 	Dead: 0
12.429    0.0369831   0.187743  12.0943 	Dead: 0
12.4402   0.0403705   0.204939  12.0943 	Dead: 0
12.3932   0.0384016   0.194945  12.0943 	Dead: 0
12.3956   0.0470961   0.239082  12.0798 	Dead: 0
12.4007   0.0444373   0.225584  12.0512 	Dead: 0
12.3598   0.0473082   0.240159  12.0512 	Dead: 0
12.3327   0.0392024   0.19901   12.0028 	Dead: 0
12.3717   0.0468628   0.237897  11.9917 	Dead: 0
12.314    0.0406466   0.206341  11.9286 	Dead: 0
12.3054   0.0459134   0.233078  11.9286 	Dead: 0
12.3003   0.0456018   0.231496  11.9286 	Dead: 0
12.2719   0.042106    0.213749  11.9266 	Dead: 0
12.2515   0.0416574   0.211472  11.8947 	Dead: 0
12.2343   0.0431807   0.219205  11.893  	Dead: 0
12.2161   0.0400531   0.203328  11.8469 	Dead: 0
12.2004   0.0434744   0.220696  11.7976 	Dead: 0
12.2133   0.043536    0.221009  11.7976 	Dead: 0
12.2233   0.0495237   0.251406  11.7976 	Dead: 0
12.2189   0.0477458   0.24238   11.7953 	Dead: 0
12.1999   0.0450556   0.228723  11.7953 	Dead: 0
12.18     0.0446212   0.226518  11.7953 	Dead: 0
12.2026   0.0465069   0.236091  11.7953 	Dead: 0
12.2067   0.0511833   0.25983   11.7953 	Dead: 0
12.2006   0.0474485   0.240871  11.7953 	Dead: 0
12.1855   0.0436676   0.221677  11.7953 	Dead: 0
12.1982   0.04683     0.237731  11.7953 	Dead: 0
12.1782   0.0405651   0.205927  11.7953 	Dead: 0
12.1792   0.041147    0.208881  11.7953 	Dead: 0
12.1872   0.0453232   0.230082  11.7953 	Dead: 0
12.1781   0.0439255   0.222986  11.7953 	Dead: 0
12.1842   0.0488406   0.247938  11.7323 	Dead: 0
12.194    0.0492749   0.250143  11.7323 	Dead: 0
12.1708   0.0441595   0.224174  11.7323 	Dead: 0
12.1729   0.044103    0.223888  11.7323 	Dead: 0
12.1771   0.050315    0.255423  11.7323 	Dead: 0
12.1657   0.0474785   0.241023  11.7323 	Dead: 0
12.1749   0.0503379   0.255539  11.7323 	Dead: 0
12.1789   0.0504465   0.25609   11.7323 	Dead: 0
12.1871   0.0472545   0.239886  11.7323 	Dead: 0
12.1827   0.0477597   0.242451  11.7323 	Dead: 0
12.1543   0.0447891   0.22737   11.7323 	Dead: 0
12.174    0.0462742   0.234909  11.7323 	Dead: 0
