6.68374   0.0516573   0.262236  6.11405 	Dead: 0
5.8611    0.0474205   0.240729  5.32619 	Dead: 0
5.61238   0.0460619   0.233832  5.20763 	Dead: 0
5.54653   0.0471093   0.239149  5.13719 	Dead: 0
5.52881   0.0494005   0.25078   5.09063 	Dead: 0
5.53574   0.0576977   0.292901  5.09063 	Dead: 0
5.49181   0.0514729   0.2613    5.03942 	Dead: 0
5.4457    0.0515422   0.261652  4.91972 	Dead: 0
5.46913   0.0615563   0.312489  4.91972 	Dead: 0
5.48704   0.0632088   0.320877  4.91972 	Dead: 0
5.41376   0.0567326   0.288001  4.91572 	Dead: 0
5.39263   0.056961    0.289161  4.91572 	Dead: 0
5.30302   0.0484107   0.245755  4.91572 	Dead: 0
5.34046   0.0549759   0.279083  4.89955 	Dead: 0
5.35203   0.0611428   0.310389  4.89955 	Dead: 0
5.29335   0.0553163   0.280811  4.89955 	Dead: 0
5.27051   0.0508848   0.258315  4.74051 	Dead: 0
5.30032   0.0598466   0.303809  4.74051 	Dead: 0
5.33054   0.0592421   0.30074   4.74051 	Dead: 0
5.27586   0.0579185   0.294022  4.69469 	Dead: 0
5.32921   0.0653202   0.331596  4.69469 	Dead: 0
5.27863   0.0597733   0.303437  4.69469 	Dead: 0
5.2395    0.0536803   0.272506  4.69469 	Dead: 0
5.26568   0.062408    0.316812  4.69469 	Dead: 0
5.26738   0.0609544   0.309433  4.69469 	Dead: 0
5.21287   0.0545734   0.27704   4.69469 	Dead: 0
5.21081   0.0562127   0.285362  4.69469 	Dead: 0
5.19757   0.0649151   0.329539  4.69469 	Dead: 0
5.21854   0.0605507   0.307384  4.69469 	Dead: 0
5.25871   0.0684078   0.34727   4.69469 	Dead: 0
5.20441   0.0547798   0.278088  4.69469 	Dead: 0
5.22311   0.0586143   0.297554  4.69469 	Dead: 0
5.19259   0.0551794   0.280116  4.69469 	Dead: 0
5.20674   0.0597289   0.303212  4.69469 	Dead: 0
5.15703   0.0561349   0.284967  4.69469 	Dead: 0
5.18492   0.0612684   0.311027  4.69469 	Dead: 0
5.171     0.061404    0.311716  4.69469 	Dead: 0
5.17298   0.0596176   0.302647  4.69469 	Dead: 0
5.21109   0.0658714   0.334394  4.69469 	Dead: 0
5.21586   0.059399    0.301537  4.69469 	Dead: 0
5.17436   0.0568936   0.288819  4.69469 	Dead: 0
5.18696   0.0598847   0.304003  4.69469 	Dead: 0
5.15653   0.0536466   0.272335  4.69469 	Dead: 0
5.18601   0.0611453   0.310402  4.69469 	Dead: 0
5.19528   0.060596    0.307614  4.69469 	Dead: 0
5.18604   0.0613835   0.311611  4.68071 	Dead: 0
5.18883   0.0595921   0.302517  4.68071 	Dead: 0
5.18365   0.0607902   0.308599  4.68071 	Dead: 0
5.19453   0.0582046   0.295474  4.68071 	Dead: 0
5.18947   0.060135    0.305273  4.68071 	Dead: 0
5.20584   0.0649909   0.329924  4.68071 	Dead: 0
5.17737   0.0607794   0.308544  4.68071 	Dead: 0
5.20492   0.0619715   0.314596  4.68071 	Dead: 0
5.18371   0.0626037   0.317806  4.68071 	Dead: 0
5.18938   0.0597878   0.303511  4.68071 	Dead: 0
5.20203   0.0612495   0.310931  4.68071 	Dead: 0
5.19251   0.0602027   0.305617  4.68071 	Dead: 0
5.15666   0.0583187   0.296053  4.68071 	Dead: 0
5.17666   0.0629178   0.3194    4.60534 	Dead: 0
5.20569   0.0630925   0.320287  4.60534 	Dead: 0
5.17707   0.0615067   0.312237  4.60534 	Dead: 0
5.19419   0.0618002   0.313727  4.60534 	Dead: 0
5.16038   0.0615114   0.312261  4.60534 	Dead: 0
5.15402   0.0600695   0.304941  4.60534 	Dead: 0
5.16312   0.0610306   0.30982   4.60534 	Dead: 0
5.16094   0.060298    0.306101  4.60534 	Dead: 0
5.17755   0.0596253   0.302686  4.60534 	Dead: 0
5.15261   0.0606781   0.30803   4.60534 	Dead: 0
5.15416   0.0588202   0.298599  4.60534 	Dead: 0
5.17228   0.0631522   0.32059   4.60534 	Dead: 0
5.13478   0.0608671   0.30899   4.60534 	Dead: 0
5.15325   0.0589062   0.299035  4.60534 	Dead: 0
5.19476   0.0602298   0.305755  4.60534 	Dead: 0
5.17905   0.0639993   0.32489   4.60534 	Dead: 0
5.15651   0.0618938   0.314202  4.60534 	Dead: 0
5.15016   0.0592863   0.300965  4.60534 	Dead: 0
5.14671   0.0626188   0.317882  4.60534 	Dead: 0
5.15742   0.0605207   0.307231  4.60534 	Dead: 0
5.18655   0.0652093   0.331033  4.60534 	Dead: 0
5.16065   0.0605169   0.307212  4.60534 	Dead: 0
5.16338   0.0640542   0.325169  4.60534 	Dead: 0
5.17183   0.0639956   0.324872  4.60534 	Dead: 0
5.17751   0.06202     0.314843  4.60534 	Dead: 0
5.16589   0.0605377   0.307318  4.60534 	Dead: 0
5.17462   0.0565823   0.287238  4.60534 	Dead: 0
5.21365   0.063112    0.320386  4.60534 	Dead: 0
5.15775   0.0607056   0.30817   4.60534 	Dead: 0
5.18618   0.0627767   0.318684  4.60534 	Dead: 0
5.15921   0.0577696   0.293266  4.60534 	Dead: 0
5.14957   0.0558153   0.283345  4.60534 	Dead: 0
5.18419   0.0626375   0.317977  4.60534 	Dead: 0
5.1847    0.0634571   0.322138  4.60534 	Dead: 0
5.14111   0.0616223   0.312823  4.60534 	Dead: 0
5.15339   0.0626942   0.318265  4.60534 	Dead: 0
5.14773   0.0687452   0.348983  4.60534 	Dead: 0
5.13577   0.0599597   0.304384  4.60534 	Dead: 0
5.14758   0.0623165   0.316348  4.60534 	Dead: 0
5.12295   0.055389    0.281181  4.60534 	Dead: 0
5.14922   0.0609824   0.309575  4.60534 	Dead: 0
5.1515    0.0664291   0.337225  4.60534 	Dead: 0
5.10364   0.0609046   0.30918   4.60534 	Dead: 0
