6.72967   0.1087      0.551813  5.39941 	Dead: 0
5.52267   0.0651409   0.330686  4.94815 	Dead: 0
5.16484   0.0598608   0.303882  4.59773 	Dead: 0
5.01945   0.0575713   0.292259  4.59773 	Dead: 0
4.97327   0.064592    0.327899  4.37496 	Dead: 0
4.87611   0.0644837   0.32735   4.36463 	Dead: 0
4.82193   0.0644594   0.327226  4.26732 	Dead: 0
4.76669   0.0665099   0.337635  4.26732 	Dead: 0
4.7126    0.0626389   0.317985  4.25688 	Dead: 0
4.74215   0.0660837   0.335472  4.25688 	Dead: 0
4.707     0.0639394   0.324586  4.1653  	Dead: 0
4.68803   0.0603134   0.306179  4.1653  	Dead: 0
4.61281   0.0530542   0.269328  4.1653  	Dead: 0
4.58298   0.0578027   0.293433  4.1653  	Dead: 0
4.57677   0.0600929   0.30506   4.06579 	Dead: 0
4.55309   0.0580668   0.294774  4.06579 	Dead: 0
4.59303   0.066057    0.335336  4.06579 	Dead: 0
4.5487    0.0570369   0.289546  4.06579 	Dead: 0
4.53367   0.0600858   0.305023  4.06579 	Dead: 0
4.57362   0.0633232   0.321458  4.06579 	Dead: 0
4.56323   0.066386    0.337006  4.06579 	Dead: 0
4.50513   0.0509188   0.258488  4.06579 	Dead: 0
4.57251   0.068244    0.346438  4.06579 	Dead: 0
4.56622   0.0766517   0.38912   4.06579 	Dead: 0
4.52628   0.0589194   0.299103  4.01496 	Dead: 0
4.559     0.0640166   0.324978  4.01496 	Dead: 0
4.55475   0.0640985   0.325394  4.01496 	Dead: 0
4.50606   0.0559561   0.284059  4.01496 	Dead: 0
4.53736   0.0671032   0.340647  4.01496 	Dead: 0
4.51554   0.0610762   0.310051  4.01496 	Dead: 0
4.52604   0.0641266   0.325537  4.01496 	Dead: 0
4.56269   0.0706667   0.358737  4.01496 	Dead: 0
4.54233   0.0638586   0.324176  4.01496 	Dead: 0
4.51573   0.0585053   0.297     4.01496 	Dead: 0
4.54028   0.0673447   0.341873  4.01496 	Dead: 0
4.4983    0.055243    0.280439  4.01496 	Dead: 0
4.54033   0.0651113   0.330535  4.01496 	Dead: 0
4.56631   0.0766141   0.388929  4.01496 	Dead: 0
4.48803   0.0579139   0.293998  4.01496 	Dead: 0
4.51233   0.0639999   0.324894  4.01496 	Dead: 0
4.53961   0.0746701   0.37906   4.01496 	Dead: 0
4.53763   0.0706834   0.358822  4.01496 	Dead: 0
4.53443   0.0651737   0.330852  4.01496 	Dead: 0
4.54535   0.0655763   0.332896  4.01496 	Dead: 0
4.54061   0.0642163   0.325992  4.01496 	Dead: 0
4.51571   0.0673285   0.341791  4.01496 	Dead: 0
4.54495   0.0729576   0.370367  4.01496 	Dead: 0
4.50211   0.0636623   0.32318   4.01496 	Dead: 0
4.50226   0.0710989   0.360931  4.01496 	Dead: 0
4.50971   0.0660522   0.335312  4.01354 	Dead: 0
4.50025   0.0687421   0.348967  4.01354 	Dead: 0
4.48765   0.0622921   0.316224  4.01354 	Dead: 0
4.48643   0.0643348   0.326593  4.01354 	Dead: 0
4.5389    0.0735439   0.373343  4.01354 	Dead: 0
4.51493   0.0666156   0.338172  4.01354 	Dead: 0
4.496     0.0558029   0.283281  4.01354 	Dead: 0
4.47182   0.0573602   0.291187  4.01354 	Dead: 0
4.51246   0.0683125   0.346786  4.01354 	Dead: 0
4.48424   0.0615494   0.312453  3.98746 	Dead: 0
4.54441   0.0718585   0.364788  3.98746 	Dead: 0
4.53502   0.0669859   0.340052  3.98746 	Dead: 0
4.49984   0.0574662   0.291725  3.98746 	Dead: 0
4.50361   0.0618433   0.313945  3.98746 	Dead: 0
4.48823   0.0644008   0.326929  3.98746 	Dead: 0
4.48269   0.0587875   0.298433  3.98746 	Dead: 0
4.5059    0.0615079   0.312243  3.98746 	Dead: 0
4.4976    0.0648145   0.329029  3.98746 	Dead: 0
4.49598   0.0635097   0.322405  3.98746 	Dead: 0
4.48859   0.0635359   0.322538  3.98746 	Dead: 0
4.48785   0.070213    0.356434  3.98746 	Dead: 0
4.46506   0.0619272   0.314371  3.98746 	Dead: 0
4.47903   0.0668728   0.339477  3.98746 	Dead: 0
4.42469   0.054432    0.276322  3.98746 	Dead: 0
4.49759   0.0704578   0.357677  3.98746 	Dead: 0
4.52281   0.0704161   0.357465  3.94327 	Dead: 0
4.50425   0.0761821   0.386736  3.94327 	Dead: 0
4.45189   0.0635092   0.322402  3.94327 	Dead: 0
4.44901   0.0590177   0.299601  3.94327 	Dead: 0
4.46809   0.064743    0.328666  3.94327 	Dead: 0
4.46949   0.0650308   0.330127  3.94327 	Dead: 0
4.46883   0.0678566   0.344472  3.94327 	Dead: 0
4.44847   0.0638546   0.324156  3.94327 	Dead: 0
4.47464   0.0703011   0.356881  3.94327 	Dead: 0
4.48358   0.0690512   0.350536  3.94327 	Dead: 0
4.45669   0.0617971   0.313711  3.94327 	Dead: 0
4.44968   0.0675039   0.342681  3.94327 	Dead: 0
4.46255   0.066508    0.337626  3.94327 	Dead: 0
4.44824   0.0702692   0.356719  3.94327 	Dead: 0
4.40879   0.058258    0.295745  3.94327 	Dead: 0
4.45128   0.0659721   0.334905  3.94327 	Dead: 0
4.43003   0.0676433   0.343389  3.94327 	Dead: 0
4.36645   0.0565681   0.287166  3.88992 	Dead: 0
4.40905   0.0598352   0.303751  3.88992 	Dead: 0
4.37204   0.0616827   0.31313   3.88992 	Dead: 0
4.40938   0.0672703   0.341495  3.88992 	Dead: 0
4.3678    0.0584238   0.296587  3.88992 	Dead: 0
4.37013   0.0575407   0.292103  3.88992 	Dead: 0
4.39094   0.0637621   0.323686  3.88992 	Dead: 0
4.35243   0.0562231   0.285415  3.82274 	Dead: 0
4.41031   0.0619754   0.314616  3.82274 	Dead: 0
4.41965   0.0682774   0.346608  3.82274 	Dead: 0
