7.66832   0.118771    0.602937  6.41624 	Dead: 0
5.25843   0.0233347   0.118458  4.96631 	Dead: 0
4.91808   0.0343508   0.174381  4.58721 	Dead: 0
4.79151   0.040055    0.203338  4.18346 	Dead: 0
4.49382   0.0285744   0.145057  4.18331 	Dead: 0
4.41959   0.0339626   0.17241   4.17384 	Dead: 0
4.3289    0.03681     0.186865  4.02354 	Dead: 0
4.18157   0.0299515   0.152048  3.981   	Dead: 0
4.11432   0.0421365   0.213904  3.75028 	Dead: 0
4.04114   0.0362389   0.183965  3.75028 	Dead: 0
3.84808   0.0290833   0.147641  3.57513 	Dead: 0
3.83098   0.0379676   0.192741  3.50827 	Dead: 0
3.76286   0.0364845   0.185212  3.45089 	Dead: 0
3.72387   0.0415232   0.210791  3.41006 	Dead: 0
3.65992   0.0332966   0.169029  3.41006 	Dead: 0
3.66888   0.0355446   0.180441  3.37125 	Dead: 0
3.6808    0.0415504   0.210929  3.37125 	Dead: 0
3.61568   0.0372646   0.189172  3.31549 	Dead: 0
3.60718   0.038396    0.194916  3.31549 	Dead: 0
3.58059   0.0356794   0.181125  3.31549 	Dead: 0
3.55803   0.0328214   0.166617  3.26163 	Dead: 0
3.55053   0.0363552   0.184556  3.23345 	Dead: 0
3.54499   0.0355579   0.180509  3.23345 	Dead: 0
3.53491   0.0419847   0.213134  3.23345 	Dead: 0
3.52765   0.0375676   0.190711  3.23345 	Dead: 0
3.53229   0.0411793   0.209045  3.23345 	Dead: 0
3.50108   0.0389893   0.197928  3.23345 	Dead: 0
3.51139   0.03856     0.195749  3.23345 	Dead: 0
3.49096   0.0366121   0.18586   3.23345 	Dead: 0
3.51118   0.0438913   0.222813  3.23345 	Dead: 0
3.51832   0.0476775   0.242033  3.21715 	Dead: 0
3.49518   0.0421502   0.213974  3.21715 	Dead: 0
3.49775   0.0528387   0.268234  3.0721  	Dead: 0
3.4212    0.0382323   0.194085  3.0721  	Dead: 0
3.38209   0.0374824   0.190278  3.03257 	Dead: 0
3.42687   0.0471207   0.239207  3.03257 	Dead: 0
3.36892   0.0397036   0.201554  3.03257 	Dead: 0
3.37828   0.0396871   0.20147   3.03257 	Dead: 0
3.35921   0.0362605   0.184075  3.03257 	Dead: 0
3.37899   0.045484    0.230898  3.0148  	Dead: 0
3.39757   0.0462187   0.234627  3.0148  	Dead: 0
3.34395   0.0394591   0.200313  3.0148  	Dead: 0
3.34521   0.0392428   0.199215  3.0148  	Dead: 0
3.35685   0.0422289   0.214374  3.0148  	Dead: 0
3.33317   0.0410511   0.208394  2.8899  	Dead: 0
3.34295   0.0427085   0.216808  2.8899  	Dead: 0
3.32636   0.0382624   0.194238  2.8899  	Dead: 0
3.34354   0.0410523   0.208401  2.8899  	Dead: 0
3.3413    0.0404736   0.205463  2.8899  	Dead: 0
3.33173   0.0468687   0.237927  2.8899  	Dead: 0
3.33136   0.0456165   0.23157   2.8899  	Dead: 0
3.33043   0.043605    0.22136   2.8899  	Dead: 0
3.33279   0.0464402   0.235752  2.8899  	Dead: 0
3.33672   0.0468948   0.23806   2.8899  	Dead: 0
3.34146   0.0461559   0.234309  2.8899  	Dead: 0
3.29806   0.0387684   0.196806  2.8899  	Dead: 0
3.32667   0.0419401   0.212907  2.8899  	Dead: 0
3.31366   0.0433076   0.21985   2.8899  	Dead: 0
3.31699   0.0427877   0.217211  2.8899  	Dead: 0
3.35678   0.0482872   0.245128  2.8899  	Dead: 0
3.30789   0.0430266   0.218423  2.8899  	Dead: 0
3.29455   0.0407687   0.206961  2.8899  	Dead: 0
3.3052    0.0413282   0.209801  2.8899  	Dead: 0
3.30525   0.0460952   0.234001  2.8899  	Dead: 0
3.32502   0.0497932   0.252773  2.8899  	Dead: 0
3.33054   0.0460902   0.233975  2.8899  	Dead: 0
3.31826   0.0454795   0.230875  2.8899  	Dead: 0
3.33198   0.0459239   0.233131  2.8899  	Dead: 0
3.29072   0.0407451   0.206841  2.8899  	Dead: 0
3.31559   0.0440016   0.223373  2.8899  	Dead: 0
3.31566   0.0420431   0.213431  2.8899  	Dead: 0
3.31146   0.0436439   0.221557  2.8899  	Dead: 0
3.29769   0.045584    0.231406  2.8899  	Dead: 0
3.29786   0.0444508   0.225653  2.8899  	Dead: 0
3.30313   0.0445175   0.225991  2.8899  	Dead: 0
3.3059    0.042008    0.213252  2.8899  	Dead: 0
3.32221   0.0490457   0.248979  2.8899  	Dead: 0
3.31266   0.0460181   0.233609  2.8899  	Dead: 0
3.32081   0.0470424   0.238809  2.8899  	Dead: 0
3.31077   0.043307    0.219847  2.8899  	Dead: 0
3.30196   0.0421345   0.213894  2.8899  	Dead: 0
3.32162   0.0464165   0.235632  2.8899  	Dead: 0
3.28976   0.0427375   0.216956  2.8899  	Dead: 0
3.32179   0.043683    0.221755  2.8899  	Dead: 0
3.34202   0.0493571   0.25056   2.8899  	Dead: 0
3.30695   0.0446004   0.226413  2.8899  	Dead: 0
3.28847   0.0424139   0.215313  2.8899  	Dead: 0
3.30201   0.0487896   0.247679  2.8899  	Dead: 0
3.28775   0.0459777   0.233404  2.8899  	Dead: 0
3.28762   0.0442311   0.224538  2.8899  	Dead: 0
3.29406   0.0436506   0.221591  2.8899  	Dead: 0
3.27633   0.0403575   0.204873  2.8899  	Dead: 0
3.28073   0.0394024   0.200025  2.8899  	Dead: 0
3.28501   0.0492011   0.249768  2.8899  	Dead: 0
3.32503   0.0509061   0.258423  2.8899  	Dead: 0
3.31532   0.0455287   0.231125  2.8899  	Dead: 0
3.31686   0.0436941   0.221812  2.8899  	Dead: 0
3.30886   0.0470573   0.238885  2.8899  	Dead: 0
3.33184   0.049794    0.252778  2.8899  	Dead: 0
3.30476   0.0474889   0.241076  2.8899  	Dead: 0
3.27368   0.0410713   0.208497  2.8899  	Dead: 0
