9.02729   0.11265     0.571866  7.70875 	Dead: 0
7.32803   0.0855402   0.434242  6.51834 	Dead: 0
6.95521   0.0730698   0.370936  6.23549 	Dead: 0
6.69143   0.0727386   0.369255  6.07022 	Dead: 0
6.72964   0.0882035   0.447762  5.97567 	Dead: 0
6.68701   0.0868779   0.441033  5.95108 	Dead: 0
6.65527   0.0786999   0.399518  5.95108 	Dead: 0
6.67473   0.0908922   0.461411  5.95108 	Dead: 0
6.63409   0.0909685   0.461799  5.95108 	Dead: 0
6.63133   0.0848106   0.430538  5.95108 	Dead: 0
6.59279   0.0841683   0.427277  5.94425 	Dead: 0
6.66129   0.0911134   0.462534  5.87879 	Dead: 0
6.64357   0.0920441   0.467259  5.87879 	Dead: 0
6.60414   0.083078    0.421743  5.87879 	Dead: 0
6.64167   0.0897621   0.455674  5.87879 	Dead: 0
6.61815   0.0994392   0.5048    5.87879 	Dead: 0
6.5782    0.0852364   0.432699  5.87879 	Dead: 0
6.63399   0.0903065   0.458438  5.87879 	Dead: 0
6.59267   0.0876007   0.444702  5.87879 	Dead: 0
6.60573   0.0939315   0.47684   5.87859 	Dead: 0
6.62462   0.100955    0.512493  5.87859 	Dead: 0
6.58475   0.0991537   0.503351  5.87859 	Dead: 0
6.59074   0.096011    0.487397  5.87859 	Dead: 0
6.61194   0.0990526   0.502837  5.87859 	Dead: 0
6.62727   0.0935915   0.475114  5.87859 	Dead: 0
6.57416   0.0911563   0.462752  5.87859 	Dead: 0
6.50585   0.0811871   0.412143  5.87859 	Dead: 0
6.53464   0.0921453   0.467772  5.87859 	Dead: 0
6.50676   0.0928533   0.471366  5.83854 	Dead: 0
6.57369   0.0959459   0.487066  5.83854 	Dead: 0
6.54107   0.10199     0.51775   5.83095 	Dead: 0
6.56623   0.0980626   0.497812  5.83095 	Dead: 0
6.53773   0.0990008   0.502574  5.76987 	Dead: 0
6.55667   0.11908     0.604503  5.64441 	Dead: 0
6.51036   0.127347    0.646471  5.64441 	Dead: 0
6.34508   0.106343    0.539845  5.60322 	Dead: 0
6.21039   0.0922941   0.468528  5.44761 	Dead: 0
6.15613   0.0897309   0.455516  5.44761 	Dead: 0
6.08521   0.0852574   0.432806  5.44761 	Dead: 0
6.06431   0.0780818   0.39638   5.44761 	Dead: 0
6.03251   0.0775767   0.393815  5.44761 	Dead: 0
6.07483   0.0855542   0.434313  5.44761 	Dead: 0
6.06001   0.0884414   0.44897   5.44761 	Dead: 0
6.08688   0.0902638   0.458221  5.44761 	Dead: 0
6.06639   0.08475     0.43023   5.39025 	Dead: 0
6.02262   0.0880488   0.446977  5.39025 	Dead: 0
6.09215   0.0921469   0.467781  5.39025 	Dead: 0
6.10307   0.092818    0.471188  5.39025 	Dead: 0
6.12633   0.0992356   0.503766  5.39025 	Dead: 0
6.0624    0.106167    0.538954  5.26191 	Dead: 0
6.13716   0.101794    0.516752  5.26191 	Dead: 0
6.03122   0.0949056   0.481785  5.26191 	Dead: 0
6.05665   0.0994627   0.504919  5.26191 	Dead: 0
6.02961   0.0914288   0.464135  5.26191 	Dead: 0
6.02242   0.099791    0.506585  5.26191 	Dead: 0
5.98648   0.0946394   0.480434  5.12286 	Dead: 0
6.00026   0.0967501   0.491148  5.12286 	Dead: 0
5.9829    0.0909648   0.46178   5.12286 	Dead: 0
6.02445   0.0986973   0.501034  5.12286 	Dead: 0
6.00682   0.0952944   0.483759  5.12286 	Dead: 0
6.02938   0.0990457   0.502802  5.12286 	Dead: 0
6.00475   0.0986442   0.500764  5.12286 	Dead: 0
6.0266    0.102937    0.522555  5.12286 	Dead: 0
6.021     0.100925    0.512342  5.12286 	Dead: 0
6.00823   0.0972689   0.493782  5.12286 	Dead: 0
6.01053   0.0951156   0.482851  5.12286 	Dead: 0
5.97526   0.0861311   0.437242  5.12286 	Dead: 0
6.02103   0.0974733   0.49482   5.12286 	Dead: 0
5.89007   0.0942566   0.478491  5.11811 	Dead: 0
5.82173   0.0908313   0.461102  5.11811 	Dead: 0
5.79269   0.0975972   0.495449  5.11811 	Dead: 0
5.83312   0.0973901   0.494398  5.1107  	Dead: 0
5.71519   0.0810358   0.411376  5.1107  	Dead: 0
5.78696   0.103233    0.524061  5.1107  	Dead: 0
5.72502   0.0923406   0.468764  5.1107  	Dead: 0
5.72329   0.0850322   0.431663  5.08703 	Dead: 0
5.66529   0.0768396   0.390074  5.02846 	Dead: 0
5.74304   0.0963165   0.488948  5.00025 	Dead: 0
5.67096   0.104486    0.53042   5.00025 	Dead: 0
5.7693    0.105674    0.536448  5.00025 	Dead: 0
5.75398   0.118055    0.599304  5.00025 	Dead: 0
5.72439   0.108879    0.552722  5.00025 	Dead: 0
5.71294   0.0903429   0.458623  5.00025 	Dead: 0
5.69764   0.0968173   0.49149   5.00025 	Dead: 0
5.72035   0.0999605   0.507446  5.00025 	Dead: 0
5.69452   0.102484    0.520258  4.99714 	Dead: 0
5.67042   0.0978516   0.49674   4.99714 	Dead: 0
5.73008   0.116732    0.592588  4.99714 	Dead: 0
5.6721    0.0963534   0.489135  4.99714 	Dead: 0
5.71144   0.101341    0.514455  4.99714 	Dead: 0
5.73207   0.109046    0.553566  4.99714 	Dead: 0
5.66595   0.0978443   0.496703  4.99714 	Dead: 0
5.65011   0.0923122   0.46862   4.98223 	Dead: 0
5.67678   0.0914458   0.464222  4.98223 	Dead: 0
5.78647   0.122866    0.623723  4.98223 	Dead: 0
5.69244   0.0940393   0.477387  4.98223 	Dead: 0
5.65586   0.0857011   0.435059  4.98223 	Dead: 0
5.66798   0.094405    0.479244  4.98223 	Dead: 0
5.73612   0.112539    0.5713    4.98223 	Dead: 0
5.70671   0.100394    0.509645  4.98223 	Dead: 0
5.69313   0.0984734   0.499897  4.98223 	Dead: 0
