9.0358    0.133673    0.678586  7.38397 	Dead: 0
7.54285   0.066737    0.338788  6.92497 	Dead: 0
7.2049    0.0713786   0.362351  6.42764 	Dead: 0
7.14006   0.0771022   0.391407  6.42764 	Dead: 0
7.13756   0.0760877   0.386257  6.40293 	Dead: 0
7.0938    0.0815315   0.413892  6.40293 	Dead: 0
7.12847   0.0859543   0.436344  6.40293 	Dead: 0
7.1056    0.0792513   0.402317  6.40293 	Dead: 0
7.07037   0.0759133   0.385372  6.40293 	Dead: 0
7.07832   0.0867217   0.44024   6.40293 	Dead: 0
7.07882   0.0849998   0.431498  6.40293 	Dead: 0
7.00873   0.0810259   0.411325  6.40293 	Dead: 0
7.04558   0.0893315   0.453489  6.40293 	Dead: 0
7.00886   0.085527    0.434175  6.40293 	Dead: 0
7.01548   0.0828555   0.420613  6.40293 	Dead: 0
6.9804    0.0791792   0.40195   6.40293 	Dead: 0
6.98692   0.07768     0.39434   6.36043 	Dead: 0
6.97846   0.0791532   0.401818  6.36043 	Dead: 0
6.99839   0.07885     0.400279  6.26651 	Dead: 0
6.94388   0.0888076   0.450829  6.20326 	Dead: 0
6.90853   0.0831861   0.422292  6.20326 	Dead: 0
6.89723   0.0989882   0.50251   5.87917 	Dead: 0
6.79791   0.0812157   0.412289  5.87917 	Dead: 0
6.81208   0.0872964   0.443157  5.87917 	Dead: 0
6.80353   0.0848766   0.430873  5.87917 	Dead: 0
6.70971   0.0814235   0.413343  5.87917 	Dead: 0
6.70153   0.0794823   0.403489  5.87917 	Dead: 0
6.66936   0.0754576   0.383058  5.87917 	Dead: 0
6.61484   0.0809952   0.41117   5.82913 	Dead: 0
6.60145   0.0872774   0.443061  5.82913 	Dead: 0
6.49841   0.0857214   0.435162  5.7271  	Dead: 0
6.44227   0.0839255   0.426045  5.69616 	Dead: 0
6.4214    0.0933839   0.47406   5.69616 	Dead: 0
6.40211   0.0874006   0.443686  5.69616 	Dead: 0
6.33624   0.0859058   0.436098  5.69616 	Dead: 0
6.33867   0.08604     0.436779  5.62541 	Dead: 0
6.30284   0.083808    0.425449  5.51118 	Dead: 0
6.2935    0.0841359   0.427113  5.51118 	Dead: 0
6.27562   0.0786872   0.399453  5.51118 	Dead: 0
6.30472   0.0846922   0.429937  5.51118 	Dead: 0
6.25036   0.0818611   0.415565  5.51118 	Dead: 0
6.33826   0.104181    0.528873  5.51118 	Dead: 0
6.25062   0.0829798   0.421244  5.51118 	Dead: 0
6.28436   0.0879335   0.446391  5.51118 	Dead: 0
6.25397   0.082774    0.420199  5.51118 	Dead: 0
6.2989    0.0847998   0.430484  5.51118 	Dead: 0
6.2728    0.0847479   0.43022   5.51118 	Dead: 0
6.27586   0.0835668   0.424224  5.51118 	Dead: 0
6.27854   0.0867917   0.440595  5.51118 	Dead: 0
6.20657   0.0777917   0.394907  5.51118 	Dead: 0
6.31472   0.10761     0.546277  5.51118 	Dead: 0
6.29815   0.0878614   0.446026  5.51118 	Dead: 0
6.24292   0.076123    0.386436  5.51118 	Dead: 0
6.24335   0.0804359   0.40833   5.51118 	Dead: 0
6.27271   0.0860253   0.436704  5.51118 	Dead: 0
6.31296   0.0943872   0.479154  5.51118 	Dead: 0
6.258     0.0908231   0.461061  5.51118 	Dead: 0
6.23971   0.0821934   0.417252  5.51118 	Dead: 0
6.25211   0.0877389   0.445403  5.51118 	Dead: 0
6.27419   0.0930372   0.4723    5.51118 	Dead: 0
6.28726   0.0894215   0.453945  5.51118 	Dead: 0
6.2471    0.0863208   0.438205  5.51118 	Dead: 0
6.28994   0.0901128   0.457455  5.51118 	Dead: 0
6.26927   0.0887723   0.45065   5.51118 	Dead: 0
6.27176   0.0827706   0.420182  5.51118 	Dead: 0
6.25899   0.0855067   0.434072  5.51118 	Dead: 0
6.2736    0.0854318   0.433692  5.51118 	Dead: 0
6.23028   0.0793203   0.402667  5.51118 	Dead: 0
6.23701   0.0868634   0.440959  5.51118 	Dead: 0
6.2599    0.091504    0.464517  5.51118 	Dead: 0
6.28928   0.0869512   0.441405  5.51118 	Dead: 0
6.29998   0.0983633   0.499338  5.51118 	Dead: 0
6.25699   0.0902978   0.458394  5.51118 	Dead: 0
6.28044   0.0964029   0.489386  5.51118 	Dead: 0
6.23761   0.087679    0.4451    5.51118 	Dead: 0
6.27652   0.0914991   0.464492  5.51118 	Dead: 0
6.2303    0.0816213   0.414348  5.51118 	Dead: 0
6.29984   0.0898596   0.456169  5.51118 	Dead: 0
6.26298   0.0926456   0.470312  5.51118 	Dead: 0
6.22513   0.0861348   0.43726   5.51118 	Dead: 0
6.21277   0.0851012   0.432013  5.51118 	Dead: 0
6.2576    0.0983492   0.499266  5.51118 	Dead: 0
6.21976   0.0969474   0.49215   5.51118 	Dead: 0
6.22894   0.0903732   0.458777  5.51118 	Dead: 0
6.2285    0.0882673   0.448086  5.51118 	Dead: 0
6.27253   0.0983921   0.499484  5.51118 	Dead: 0
6.22316   0.0942294   0.478352  5.51118 	Dead: 0
6.22847   0.0880026   0.446742  5.51118 	Dead: 0
6.2249    0.0927713   0.47095   5.51118 	Dead: 0
6.24704   0.0892749   0.453201  5.51118 	Dead: 0
6.22844   0.089922    0.456486  5.51118 	Dead: 0
6.26285   0.0938188   0.476268  5.51118 	Dead: 0
6.23301   0.0887618   0.450597  5.51118 	Dead: 0
6.26036   0.0909961   0.461939  5.4385  	Dead: 0
6.25837   0.091177    0.462857  5.4385  	Dead: 0
6.27514   0.0942039   0.478223  5.4385  	Dead: 0
6.25613   0.0905958   0.459906  5.4385  	Dead: 0
6.24346   0.0944385   0.479414  5.4385  	Dead: 0
6.22978   0.0898525   0.456133  5.4385  	Dead: 0
6.23539   0.0900728   0.457251  5.4385  	Dead: 0
6.2776    0.0924823   0.469483  5.4385  	Dead: 0
