13.4088   0.0909997   0.461957  12.5552 	Dead: 0
11.8181   0.0502626   0.255157  11.2638 	Dead: 0
11.6077   0.0499278   0.253457  11.248  	Dead: 0
11.5497   0.0563066   0.285839  10.9858 	Dead: 0
11.3678   0.0557511   0.283019  10.831  	Dead: 0
10.8068   0.049512    0.251346  10.2338 	Dead: 0
10.6147   0.0666647   0.338421  9.86188 	Dead: 0
10.4997   0.0643706   0.326775  9.86188 	Dead: 0
10.4672   0.0705706   0.358249  9.86188 	Dead: 0
10.4422   0.0752292   0.381898  9.75263 	Dead: 0
10.3587   0.0674915   0.342618  9.69413 	Dead: 0
10.3926   0.0770863   0.391326  9.69413 	Dead: 0
10.3647   0.0727532   0.369329  9.69413 	Dead: 0
10.3711   0.0748359   0.379902  9.69413 	Dead: 0
10.3651   0.0733067   0.372139  9.69413 	Dead: 0
10.3391   0.0772418   0.392116  9.69413 	Dead: 0
10.3544   0.0802757   0.407517  9.69413 	Dead: 0
10.3291   0.0768061   0.389904  9.69413 	Dead: 0
10.216    0.0734375   0.372803  9.66668 	Dead: 0
9.93633   0.0715432   0.363187  9.26664 	Dead: 0
9.91626   0.0850762   0.431886  9.26664 	Dead: 0
9.80516   0.0679132   0.344759  9.26664 	Dead: 0
9.5138    0.075515    0.383349  8.65246 	Dead: 0
9.06283   0.0718711   0.364851  8.37943 	Dead: 0
8.99279   0.0685159   0.347819  8.37943 	Dead: 0
8.99469   0.0836952   0.424876  8.37943 	Dead: 0
9.02081   0.085051    0.431758  8.23182 	Dead: 0
8.98097   0.0819624   0.416079  8.23182 	Dead: 0
9.00339   0.0950399   0.482467  8.23182 	Dead: 0
8.98404   0.0915874   0.46494   8.23182 	Dead: 0
8.94448   0.089606    0.454882  8.23182 	Dead: 0
8.95176   0.0869626   0.441463  8.23182 	Dead: 0
8.96671   0.0901844   0.457818  8.23182 	Dead: 0
8.92402   0.0868787   0.441037  8.23182 	Dead: 0
8.90265   0.092143    0.467761  8.23182 	Dead: 0
9.00006   0.0954503   0.48455   8.23182 	Dead: 0
8.94709   0.0930604   0.472418  8.16843 	Dead: 0
8.84928   0.0727613   0.36937   8.16843 	Dead: 0
8.94204   0.0868196   0.440737  8.16843 	Dead: 0
9.03061   0.106895    0.54265   8.16843 	Dead: 0
8.19532   0.0400895   0.203513  7.67158 	Dead: 0
8.17217   0.0611665   0.31051   7.66512 	Dead: 0
8.13761   0.0716647   0.363804  7.59882 	Dead: 0
8.10204   0.0776628   0.394253  7.50047 	Dead: 0
8.05458   0.0695202   0.352917  7.50047 	Dead: 0
8.02636   0.0735674   0.373462  7.50047 	Dead: 0
8.03552   0.0778437   0.395171  7.50047 	Dead: 0
8.02313   0.0926904   0.470539  7.50047 	Dead: 0
7.98025   0.0852617   0.432828  7.50047 	Dead: 0
7.91583   0.0772705   0.392261  7.38275 	Dead: 0
7.9301    0.0837604   0.425207  7.31688 	Dead: 0
7.85419   0.0741881   0.376613  7.31688 	Dead: 0
7.84245   0.0667707   0.338959  7.31688 	Dead: 0
7.88565   0.0782244   0.397104  7.31688 	Dead: 0
7.90979   0.0793096   0.402613  7.31688 	Dead: 0
7.86081   0.0724312   0.367694  7.31688 	Dead: 0
7.86719   0.0783219   0.397599  7.29066 	Dead: 0
7.88011   0.0826417   0.419528  7.29066 	Dead: 0
7.8479    0.0825407   0.419015  7.29066 	Dead: 0
7.80179   0.0751592   0.381543  7.29066 	Dead: 0
7.78915   0.0766517   0.38912   7.25768 	Dead: 0
7.80311   0.0813031   0.412733  7.25768 	Dead: 0
7.86635   0.097987    0.497428  7.25768 	Dead: 0
7.80486   0.0786974   0.399505  7.25768 	Dead: 0
7.78533   0.0744114   0.377747  7.25768 	Dead: 0
7.72942   0.0634071   0.321884  7.20136 	Dead: 0
7.75823   0.0800339   0.406289  7.20136 	Dead: 0
7.81678   0.0926756   0.470464  7.20136 	Dead: 0
7.72065   0.0678583   0.34448   7.1642  	Dead: 0
7.73948   0.0714383   0.362654  7.14444 	Dead: 0
7.74221   0.080526    0.408787  7.14444 	Dead: 0
7.73918   0.0760037   0.38583   7.14444 	Dead: 0
7.79747   0.0805864   0.409094  7.14444 	Dead: 0
7.74747   0.0786305   0.399165  7.14444 	Dead: 0
7.76974   0.0887858   0.450718  7.14444 	Dead: 0
7.79584   0.0947439   0.480964  7.14444 	Dead: 0
7.77802   0.0982904   0.498968  7.14444 	Dead: 0
7.77249   0.0884442   0.448984  7.14444 	Dead: 0
7.76727   0.0797371   0.404783  7.14444 	Dead: 0
7.77382   0.0805383   0.40885   7.14444 	Dead: 0
7.79095   0.103363    0.524718  7.14444 	Dead: 0
7.78024   0.0932495   0.473378  7.14444 	Dead: 0
7.77696   0.0849483   0.431237  7.14444 	Dead: 0
7.71892   0.0719      0.364998  7.14444 	Dead: 0
7.77415   0.0812705   0.412567  7.14444 	Dead: 0
7.75578   0.077888    0.395396  7.14444 	Dead: 0
7.71209   0.0677898   0.344133  7.14444 	Dead: 0
7.74462   0.0682667   0.346554  7.14444 	Dead: 0
7.76542   0.0896778   0.455246  7.14444 	Dead: 0
7.71698   0.077228    0.392045  7.14444 	Dead: 0
7.761     0.0902145   0.457971  7.14444 	Dead: 0
7.77508   0.0905704   0.459778  7.11086 	Dead: 0
7.76383   0.0914484   0.464234  7.11086 	Dead: 0
7.72208   0.0798353   0.405281  7.11086 	Dead: 0
7.68938   0.072029    0.365653  7.11086 	Dead: 0
7.74608   0.10789     0.5477    7.11086 	Dead: 0
7.7334    0.0809807   0.411096  7.11086 	Dead: 0
7.72599   0.0819886   0.416212  7.11086 	Dead: 0
7.68973   0.0725997   0.36855   7.11086 	Dead: 0
7.72947   0.0786405   0.399216  7.11086 	Dead: 0
7.69673   0.0769016   0.390388  7.11086 	Dead: 0
