12.3119   0.0818519   0.415518  11.5153 	Dead: 0
11.2517   0.0441107   0.223927  10.7417 	Dead: 0
11.0348   0.0538123   0.273176  10.5305 	Dead: 0
11.0158   0.0793683   0.40291   10.4018 	Dead: 0
10.9431   0.0621846   0.315678  10.4018 	Dead: 0
10.8826   0.0609864   0.309595  10.4018 	Dead: 0
10.9123   0.068258    0.346509  10.3856 	Dead: 0
10.8933   0.0772935   0.392378  10.3856 	Dead: 0
10.8533   0.0654764   0.332389  10.3373 	Dead: 0
10.7744   0.060943    0.309375  10.3373 	Dead: 0
10.6991   0.0530174   0.269141  10.2697 	Dead: 0
10.6801   0.0610341   0.309837  10.2697 	Dead: 0
10.6829   0.0594141   0.301614  10.2686 	Dead: 0
10.654    0.0564305   0.286467  10.249  	Dead: 0
10.6946   0.0685144   0.347811  10.249  	Dead: 0
10.6979   0.0617925   0.313687  10.249  	Dead: 0
10.6571   0.0615705   0.31256   10.225  	Dead: 0
10.6545   0.0562457   0.285529  10.225  	Dead: 0
10.6173   0.0564368   0.286499  10.158  	Dead: 0
10.6578   0.0636185   0.322957  10.0611 	Dead: 0
10.6335   0.0612669   0.311019  9.96972 	Dead: 0
10.6008   0.0584216   0.296575  9.96972 	Dead: 0
10.575    0.055742    0.282972  9.96972 	Dead: 0
10.6189   0.0633045   0.321363  9.96972 	Dead: 0
10.6186   0.0627529   0.318563  9.96972 	Dead: 0
10.6221   0.0621633   0.31557   9.96972 	Dead: 0
10.6297   0.0626592   0.318087  9.96972 	Dead: 0
10.6734   0.0704339   0.357555  9.96972 	Dead: 0
10.6184   0.0606632   0.307955  9.96972 	Dead: 0
10.6196   0.0646958   0.328426  9.96972 	Dead: 0
10.627    0.0683203   0.346826  9.96972 	Dead: 0
10.6563   0.070721    0.359013  9.95793 	Dead: 0
10.6344   0.0685947   0.348219  9.95793 	Dead: 0
10.6354   0.0680537   0.345472  9.95793 	Dead: 0
10.6107   0.0664797   0.337482  9.95793 	Dead: 0
10.5975   0.0697695   0.354182  9.95793 	Dead: 0
10.5994   0.0668925   0.339577  9.95793 	Dead: 0
10.5987   0.0677492   0.343927  9.95793 	Dead: 0
10.6251   0.0706357   0.35858   9.95793 	Dead: 0
10.6464   0.0739524   0.375417  9.95793 	Dead: 0
10.6073   0.0741107   0.376221  9.95793 	Dead: 0
10.6317   0.0712915   0.361909  9.95793 	Dead: 0
10.6347   0.0779305   0.395612  9.95793 	Dead: 0
10.6062   0.0689196   0.349868  9.95793 	Dead: 0
10.6297   0.0732114   0.371655  9.95793 	Dead: 0
10.616    0.0648607   0.329263  9.95793 	Dead: 0
10.6155   0.0702625   0.356685  9.95793 	Dead: 0
10.6194   0.0701378   0.356052  9.95793 	Dead: 0
10.6171   0.0740398   0.375861  9.95793 	Dead: 0
10.5704   0.0650826   0.330389  9.95793 	Dead: 0
10.5839   0.0705482   0.358136  9.89397 	Dead: 0
10.5853   0.0646193   0.328038  9.89397 	Dead: 0
10.6285   0.0692396   0.351492  9.89397 	Dead: 0
10.6408   0.0727448   0.369287  9.89397 	Dead: 0
10.5958   0.0686194   0.348344  9.89397 	Dead: 0
10.5968   0.068106    0.345738  9.89397 	Dead: 0
10.5922   0.0697692   0.354181  9.89397 	Dead: 0
10.5846   0.0720893   0.365959  9.89397 	Dead: 0
10.5868   0.0688841   0.349688  9.89397 	Dead: 0
10.6081   0.0708788   0.359814  9.89397 	Dead: 0
10.591    0.0703214   0.356984  9.89397 	Dead: 0
10.5795   0.0683448   0.34695   9.89397 	Dead: 0
10.6054   0.0709931   0.360394  9.89397 	Dead: 0
10.6228   0.0731121   0.371151  9.89397 	Dead: 0
10.6045   0.0693048   0.351823  9.89397 	Dead: 0
10.561    0.0653671   0.331834  9.89397 	Dead: 0
10.599    0.0688187   0.349356  9.89397 	Dead: 0
10.5694   0.0675309   0.342819  9.89397 	Dead: 0
10.6047   0.0721039   0.366033  9.89397 	Dead: 0
10.6285   0.0708428   0.359631  9.89397 	Dead: 0
10.6053   0.0728455   0.369797  9.89397 	Dead: 0
10.6125   0.0683573   0.347013  9.89397 	Dead: 0
10.6105   0.0716815   0.363889  9.89397 	Dead: 0
10.652    0.0739741   0.375527  9.89397 	Dead: 0
10.5849   0.0675147   0.342736  9.89397 	Dead: 0
10.5961   0.0739011   0.375156  9.89397 	Dead: 0
10.5984   0.0740437   0.37588   9.89397 	Dead: 0
10.5712   0.0638103   0.323931  9.89397 	Dead: 0
10.603    0.0700936   0.355828  9.89397 	Dead: 0
10.6037   0.0706574   0.35869   9.89397 	Dead: 0
10.5501   0.0690906   0.350736  9.89397 	Dead: 0
10.6      0.0775638   0.39375   9.89397 	Dead: 0
10.562    0.0688065   0.349294  9.89397 	Dead: 0
10.5748   0.0696298   0.353473  9.89397 	Dead: 0
10.6288   0.0750649   0.381065  9.89397 	Dead: 0
10.5628   0.0662721   0.336428  9.89397 	Dead: 0
10.5969   0.068612    0.348306  9.89397 	Dead: 0
10.5706   0.0673201   0.341748  9.89397 	Dead: 0
10.5871   0.0697225   0.353944  9.89397 	Dead: 0
10.5641   0.0708426   0.35963   9.89397 	Dead: 0
10.6102   0.0699509   0.355103  9.89397 	Dead: 0
10.5849   0.0686134   0.348314  9.89397 	Dead: 0
10.5861   0.0702264   0.356502  9.89397 	Dead: 0
10.6235   0.0729428   0.370291  9.89397 	Dead: 0
10.5714   0.0741411   0.376375  9.89397 	Dead: 0
10.571    0.0706984   0.358898  9.89397 	Dead: 0
10.5907   0.0705874   0.358335  9.89397 	Dead: 0
10.5712   0.0693646   0.352127  9.89397 	Dead: 0
10.6034   0.071154    0.361211  9.89397 	Dead: 0
10.5702   0.067757    0.343966  9.89397 	Dead: 0
10.6108   0.070294    0.356845  9.89397 	Dead: 0
