6.46587   0.042326    0.214867  5.98026 	Dead: 0
5.91894   0.0373254   0.189481  5.57008 	Dead: 0
5.81532   0.0382308   0.194077  5.4497  	Dead: 0
5.7814    0.0421665   0.214057  5.32606 	Dead: 0
5.76033   0.0437289   0.221988  5.32606 	Dead: 0
5.75898   0.0431438   0.219018  5.32606 	Dead: 0
5.73436   0.0422807   0.214637  5.32606 	Dead: 0
5.70724   0.0426017   0.216266  5.32606 	Dead: 0
5.70154   0.0415847   0.211103  5.32606 	Dead: 0
5.68908   0.0435502   0.221081  5.31908 	Dead: 0
5.69867   0.046463    0.235868  5.31908 	Dead: 0
5.67996   0.0445201   0.226005  5.31908 	Dead: 0
5.69204   0.0478304   0.242809  5.31908 	Dead: 0
5.66992   0.0442917   0.224845  5.31908 	Dead: 0
5.6237    0.0406647   0.206433  5.31908 	Dead: 0
5.65995   0.044964    0.228258  5.27813 	Dead: 0
5.64023   0.0449065   0.227966  5.27813 	Dead: 0
5.6486    0.0446533   0.226681  5.27087 	Dead: 0
5.62342   0.0463437   0.235262  5.27087 	Dead: 0
5.62655   0.0447346   0.227094  5.27087 	Dead: 0
5.6191    0.0441546   0.224149  5.27087 	Dead: 0
5.62119   0.0426921   0.216725  5.27087 	Dead: 0
5.64906   0.0436803   0.221742  5.26645 	Dead: 0
5.62947   0.0479798   0.243568  5.26645 	Dead: 0
5.64499   0.0477654   0.242479  5.26645 	Dead: 0
5.6217    0.0471678   0.239446  5.24241 	Dead: 0
5.60879   0.0428762   0.21766   5.20391 	Dead: 0
5.56495   0.042066    0.213547  5.20391 	Dead: 0
5.61319   0.0478435   0.242876  5.13591 	Dead: 0
5.6065    0.0483161   0.245275  5.13591 	Dead: 0
5.60338   0.0486039   0.246736  5.13591 	Dead: 0
5.59825   0.0466022   0.236574  5.13591 	Dead: 0
5.59346   0.0481236   0.244298  5.13591 	Dead: 0
5.62319   0.0528638   0.268361  5.13591 	Dead: 0
5.58719   0.0436787   0.221733  5.13591 	Dead: 0
5.59064   0.0445062   0.225934  5.13591 	Dead: 0
5.5774    0.0437437   0.222064  5.13591 	Dead: 0
5.60364   0.0503788   0.255746  5.13591 	Dead: 0
5.6035    0.0526972   0.267516  5.13591 	Dead: 0
5.56774   0.0479734   0.243535  5.13591 	Dead: 0
5.59149   0.0496807   0.252203  5.13591 	Dead: 0
5.57029   0.0451126   0.229013  5.13591 	Dead: 0
5.5955    0.0454663   0.230808  5.13591 	Dead: 0
5.58185   0.0442806   0.224789  5.13591 	Dead: 0
5.60913   0.0464463   0.235783  5.13591 	Dead: 0
5.60389   0.047675    0.242021  5.13591 	Dead: 0
5.57483   0.0460499   0.233771  5.13591 	Dead: 0
5.59166   0.0459693   0.233361  5.13591 	Dead: 0
5.58067   0.0484627   0.246019  5.13591 	Dead: 0
5.55687   0.0437244   0.221965  5.13423 	Dead: 0
5.58521   0.0504308   0.25601   5.13423 	Dead: 0
5.60276   0.0505567   0.256649  5.13423 	Dead: 0
5.58094   0.0451316   0.229109  5.13423 	Dead: 0
5.56656   0.0447469   0.227156  5.13423 	Dead: 0
5.60109   0.0502512   0.255099  5.13423 	Dead: 0
5.58442   0.0491968   0.249746  5.13423 	Dead: 0
5.57723   0.0481306   0.244333  5.13423 	Dead: 0
5.56888   0.0438134   0.222417  5.13423 	Dead: 0
5.58581   0.0434385   0.220514  5.13423 	Dead: 0
5.60554   0.0502961   0.255326  5.13423 	Dead: 0
5.56552   0.0454857   0.230907  5.13423 	Dead: 0
5.56963   0.0462278   0.234674  5.13423 	Dead: 0
5.58304   0.0443782   0.225285  5.13423 	Dead: 0
5.55657   0.0432126   0.219368  5.13423 	Dead: 0
5.5916    0.0468208   0.237684  5.13423 	Dead: 0
5.56814   0.0464256   0.235678  5.13423 	Dead: 0
5.56372   0.0442402   0.224584  5.13423 	Dead: 0
5.5661    0.0429954   0.218265  5.13423 	Dead: 0
5.58059   0.0480046   0.243694  5.13423 	Dead: 0
5.59269   0.0506183   0.256962  5.13423 	Dead: 0
5.57182   0.0489457   0.248471  5.13423 	Dead: 0
5.55645   0.0444802   0.225802  5.13423 	Dead: 0
5.56229   0.0436267   0.221469  5.13423 	Dead: 0
5.5651    0.0455643   0.231306  5.13423 	Dead: 0
5.56079   0.0445173   0.225991  5.13423 	Dead: 0
5.56996   0.0455512   0.231239  5.13423 	Dead: 0
5.57743   0.0489634   0.248561  5.13423 	Dead: 0
5.57074   0.046596    0.236543  5.13423 	Dead: 0
5.53857   0.0448893   0.227879  5.13423 	Dead: 0
5.54741   0.0436306   0.221489  5.13423 	Dead: 0
5.55178   0.0429391   0.217979  5.13423 	Dead: 0
5.5489    0.0447704   0.227275  5.13423 	Dead: 0
5.54911   0.0448819   0.227842  5.13423 	Dead: 0
5.56253   0.0473414   0.240327  5.13423 	Dead: 0
5.54278   0.0446782   0.226808  5.13423 	Dead: 0
5.55842   0.0472862   0.240047  5.13423 	Dead: 0
5.57218   0.0496274   0.251932  5.13423 	Dead: 0
5.57523   0.0474797   0.241029  5.13423 	Dead: 0
5.57281   0.0463554   0.235322  5.13423 	Dead: 0
5.57461   0.050341    0.255554  5.13423 	Dead: 0
5.56813   0.0499143   0.253388  5.13423 	Dead: 0
5.55364   0.0449874   0.228377  5.13423 	Dead: 0
5.54329   0.0448932   0.227899  5.13423 	Dead: 0
5.56868   0.0492386   0.249958  5.13423 	Dead: 0
5.58437   0.0489217   0.24835   5.13423 	Dead: 0
5.55378   0.0508548   0.258163  5.13423 	Dead: 0
5.55517   0.0494608   0.251086  5.13423 	Dead: 0
5.55023   0.0488588   0.24803   5.13423 	Dead: 0
5.54145   0.0468911   0.238041  5.13423 	Dead: 0
5.55882   0.0491697   0.249608  5.13423 	Dead: 0
5.54774   0.0435725   0.221194  5.13423 	Dead: 0
