6.47494   0.0390122   0.198044  5.9396  	Dead: 0
5.99943   0.0399963   0.20304   5.66506 	Dead: 0
5.79202   0.0363797   0.18468   5.50019 	Dead: 0
5.7299    0.0361145   0.183334  5.4093  	Dead: 0
5.7657    0.0463657   0.235374  5.38174 	Dead: 0
5.69348   0.0428679   0.217617  5.25248 	Dead: 0
5.66112   0.0420505   0.213468  5.25248 	Dead: 0
5.692     0.0439412   0.223066  5.25248 	Dead: 0
5.68316   0.0479339   0.243335  5.25248 	Dead: 0
5.65524   0.0431532   0.219066  5.25248 	Dead: 0
5.6587    0.0431062   0.218827  5.25248 	Dead: 0
5.67572   0.0462126   0.234597  5.25248 	Dead: 0
5.63643   0.0404603   0.205395  5.25248 	Dead: 0
5.63867   0.0413995   0.210163  5.25248 	Dead: 0
5.62986   0.0461306   0.234181  5.25248 	Dead: 0
5.64886   0.0407996   0.207118  5.25248 	Dead: 0
5.62747   0.044736    0.227101  5.25248 	Dead: 0
5.65764   0.0476323   0.241804  5.25248 	Dead: 0
5.63861   0.0417117   0.211748  5.25248 	Dead: 0
5.63272   0.04292     0.217882  5.25248 	Dead: 0
5.62122   0.0436374   0.221524  5.25248 	Dead: 0
5.63394   0.0443943   0.225366  5.25248 	Dead: 0
5.64371   0.0478715   0.243018  5.25248 	Dead: 0
5.61904   0.0456495   0.231738  5.25248 	Dead: 0
5.64313   0.0471518   0.239365  5.25248 	Dead: 0
5.64595   0.0500216   0.253933  5.25248 	Dead: 0
5.6565    0.049978    0.253712  5.25248 	Dead: 0
5.58636   0.0398953   0.202527  5.25248 	Dead: 0
5.61646   0.0466292   0.236712  5.25248 	Dead: 0
5.62159   0.0470575   0.238886  5.25187 	Dead: 0
5.60916   0.0473994   0.240621  5.25187 	Dead: 0
5.61036   0.042294    0.214704  5.25187 	Dead: 0
5.6284    0.0469924   0.238555  5.25187 	Dead: 0
5.61217   0.0438573   0.22264   5.25187 	Dead: 0
5.62709   0.0482524   0.244952  5.25187 	Dead: 0
5.60888   0.0437381   0.222035  5.25187 	Dead: 0
5.60009   0.0483892   0.245646  5.25187 	Dead: 0
5.61103   0.0496366   0.251979  5.25187 	Dead: 0
5.60825   0.0467281   0.237214  5.23874 	Dead: 0
5.57738   0.0462018   0.234542  5.21141 	Dead: 0
5.61867   0.0458276   0.232642  5.21141 	Dead: 0
5.63552   0.0509311   0.25855   5.21141 	Dead: 0
5.64773   0.0525693   0.266866  5.21141 	Dead: 0
5.63358   0.0480343   0.243845  5.21141 	Dead: 0
5.61954   0.0471027   0.239115  5.21141 	Dead: 0
5.6473    0.0493021   0.25028   5.21141 	Dead: 0
5.6388    0.0499291   0.253463  5.21141 	Dead: 0
5.63141   0.051146    0.259641  5.21141 	Dead: 0
5.61009   0.046264    0.234858  5.21141 	Dead: 0
5.62603   0.0483083   0.245235  5.21141 	Dead: 0
5.61478   0.0462039   0.234552  5.21141 	Dead: 0
5.60742   0.0448227   0.227541  5.21141 	Dead: 0
5.61424   0.0466251   0.236691  5.21141 	Dead: 0
5.62569   0.0484112   0.245758  5.21141 	Dead: 0
5.6021    0.0485134   0.246277  5.21141 	Dead: 0
5.5973    0.0462967   0.235024  5.21141 	Dead: 0
5.60578   0.0441472   0.224112  5.21141 	Dead: 0
5.62297   0.0497945   0.25278   5.16679 	Dead: 0
5.59159   0.0440492   0.223614  5.16679 	Dead: 0
5.59633   0.0463437   0.235262  5.16679 	Dead: 0
5.59919   0.04555     0.231233  5.16679 	Dead: 0
5.61392   0.0495607   0.251593  5.16679 	Dead: 0
5.61977   0.0523592   0.2658    5.16679 	Dead: 0
5.58402   0.0465901   0.236513  5.16679 	Dead: 0
5.62287   0.0468378   0.23777   5.16679 	Dead: 0
5.61353   0.0489799   0.248645  5.16679 	Dead: 0
5.58401   0.0487907   0.247685  5.16679 	Dead: 0
5.58151   0.0451559   0.229232  5.16679 	Dead: 0
5.60283   0.0481512   0.244438  5.16679 	Dead: 0
5.59279   0.0470038   0.238613  5.16679 	Dead: 0
5.57777   0.0452681   0.229802  5.16679 	Dead: 0
5.57178   0.0450491   0.22869   5.16679 	Dead: 0
5.58672   0.0454381   0.230665  5.16679 	Dead: 0
5.61085   0.0452516   0.229718  5.16679 	Dead: 0
5.58944   0.045865    0.232832  5.16679 	Dead: 0
5.6321    0.0509799   0.258798  5.16679 	Dead: 0
5.62561   0.0475608   0.241441  5.16679 	Dead: 0
5.58331   0.0466705   0.236921  5.16679 	Dead: 0
5.56519   0.0485513   0.246469  5.16679 	Dead: 0
5.58394   0.0450196   0.22854   5.16679 	Dead: 0
5.58368   0.0467003   0.237072  5.16679 	Dead: 0
5.58044   0.0474832   0.241047  5.16679 	Dead: 0
5.62719   0.0518517   0.263224  5.16679 	Dead: 0
5.58281   0.047207    0.239645  5.09792 	Dead: 0
5.58002   0.050258    0.255133  5.09792 	Dead: 0
5.58978   0.0462446   0.234759  5.09792 	Dead: 0
5.58183   0.0495474   0.251526  5.09792 	Dead: 0
5.5692    0.0450852   0.228874  5.09792 	Dead: 0
5.56789   0.0440704   0.223722  5.09792 	Dead: 0
5.55856   0.0474327   0.240791  5.09792 	Dead: 0
5.55916   0.0459439   0.233233  5.09792 	Dead: 0
5.55871   0.0483189   0.245289  5.09792 	Dead: 0
5.55507   0.0462521   0.234797  5.09792 	Dead: 0
5.57289   0.0519712   0.26383   5.09792 	Dead: 0
5.54403   0.0510955   0.259385  5.09792 	Dead: 0
5.55038   0.0479843   0.243591  5.09792 	Dead: 0
5.58629   0.0510252   0.259028  5.09792 	Dead: 0
5.54084   0.0469565   0.238373  5.09792 	Dead: 0
5.51562   0.0424432   0.215462  5.09792 	Dead: 0
5.51215   0.0432726   0.219672  5.09792 	Dead: 0
5.53845   0.049105    0.24928   5.09792 	Dead: 0
