0   12.758    0.0785941   0.39898   11.6529 	Dead: 0
1   9.51881   0.124497    0.632007  8.16884 	Dead: 0
2   9.26768   0.13506     0.685628  7.40952 	Dead: 0
3   9.21066   0.169193    0.858905  7.40952 	Dead: 0
4   9.03796   0.166194    0.843679  7.40952 	Dead: 0
5   8.94189   0.204742    1.03937   6.95776 	Dead: 0
6   8.45939   0.229621    1.16566   6.59948 	Dead: 0
7   8.47275   0.248993    1.264     6.51002 	Dead: 0
8   8.38179   0.25569     1.298     6.51002 	Dead: 0
9   8.48223   0.257768    1.30855   6.51002 	Dead: 0
10  8.46598   0.25034     1.27084   6.51002 	Dead: 0
11  8.52061   0.287521    1.45959   6.28085 	Dead: 0
12  8.33998   0.28623     1.45304   6.19434 	Dead: 0
13  8.33123   0.274881    1.39542   6.19434 	Dead: 0
14  8.34687   0.283136    1.43733   6.02001 	Dead: 0
15  8.40437   0.321022    1.62966   6.02001 	Dead: 0
16  8.05313   0.307377    1.56039   5.98831 	Dead: 0
17  8.2954    0.317945    1.61403   5.98831 	Dead: 0
18  8.46681   0.343552    1.74403   5.82061 	Dead: 0
19  8.22578   0.311971    1.58371   5.82061 	Dead: 0
20  8.30688   0.312954    1.5887    5.82061 	Dead: 0
21  8.22913   0.313585    1.5919    5.82061 	Dead: 0
22  8.18195   0.327919    1.66467   5.82061 	Dead: 0
23  8.24688   0.340864    1.73038   5.82061 	Dead: 0
24  8.17839   0.340743    1.72977   5.82061 	Dead: 0
25  8.16566   0.343274    1.74262   5.82061 	Dead: 0
26  8.30672   0.329323    1.6718    5.82061 	Dead: 0
27  7.99672   0.312913    1.58849   5.82061 	Dead: 0
28  8.18708   0.327889    1.66452   5.77574 	Dead: 0
29  8.27857   0.366121    1.8586    5.7066  	Dead: 0
30  8.07797   0.340301    1.72753   5.7066  	Dead: 0
31  8.00632   0.342961    1.74103   5.57187 	Dead: 0
32  8.12613   0.353768    1.79589   5.57187 	Dead: 0
33  7.9918    0.348342    1.76834   5.57187 	Dead: 0
34  8.02768   0.337037    1.71096   5.57187 	Dead: 0
35  7.95913   0.354626    1.80025   5.41187 	Dead: 0
36  8.12903   0.346826    1.76065   5.41187 	Dead: 0
37  8.07008   0.355364    1.80399   5.41187 	Dead: 0
38  7.94156   0.354959    1.80194   5.41187 	Dead: 0
39  8.05398   0.346935    1.76121   5.41187 	Dead: 0
40  7.91775   0.354708    1.80067   5.41187 	Dead: 0
41  8.28625   0.363221    1.84388   5.41187 	Dead: 0
42  8.12441   0.345213    1.75246   5.41187 	Dead: 0
43  8.09967   0.354271    1.79844   5.41187 	Dead: 0
44  8.11026   0.369237    1.87442   5.41187 	Dead: 0
45  8.13671   0.363948    1.84757   5.41187 	Dead: 0
46  7.94144   0.356726    1.81091   5.41187 	Dead: 0
47  8.38396   0.372274    1.88983   5.41187 	Dead: 0
48  8.00226   0.338843    1.72013   5.41187 	Dead: 0
49  8.08965   0.354983    1.80206   5.41187 	Dead: 0
50  8.05438   0.377991    1.91886   5.41187 	Dead: 0
51  7.83817   0.360636    1.83076   5.41187 	Dead: 0
52  8.00457   0.366084    1.85842   5.41187 	Dead: 0
53  8.1116    0.362166    1.83853   5.41187 	Dead: 0
54  8.00741   0.38289     1.94373   5.41187 	Dead: 0
55  8.04134   0.364033    1.848     5.41187 	Dead: 0
56  8.13668   0.354209    1.79813   5.41187 	Dead: 0
57  8.00895   0.358988    1.82239   5.41187 	Dead: 0
58  8.22532   0.376079    1.90915   5.39686 	Dead: 0
59  7.91659   0.344417    1.74842   5.39686 	Dead: 0
60  7.94218   0.375289    1.90514   5.39686 	Dead: 0
61  7.7654    0.365919    1.85758   5.39686 	Dead: 0
62  7.71052   0.350198    1.77777   5.39686 	Dead: 0
63  7.89032   0.357447    1.81457   5.39686 	Dead: 0
64  8.1535    0.367034    1.86324   5.32559 	Dead: 0
65  7.91424   0.349896    1.77623   5.10516 	Dead: 0
66  8.09812   0.372353    1.89024   5.10516 	Dead: 0
67  8.02522   0.372033    1.88861   5.10516 	Dead: 0
68  8.01723   0.36541     1.85499   5.10516 	Dead: 0
69  8.05923   0.364176    1.84873   5.10516 	Dead: 0
70  7.99538   0.361627    1.83579   5.10516 	Dead: 0
71  7.90704   0.382619    1.94235   5.10516 	Dead: 0
72  7.939     0.380158    1.92986   5.10516 	Dead: 0
73  8.10548   0.36619     1.85895   5.10516 	Dead: 0
74  8.00703   0.372548    1.89123   5.10516 	Dead: 0
75  7.8891    0.369441    1.87546   5.10516 	Dead: 0
76  7.93974   0.374989    1.90362   5.10516 	Dead: 0
77  7.95873   0.35788     1.81677   5.10516 	Dead: 0
78  8.1601    0.375781    1.90764   5.10516 	Dead: 0
79  7.9084    0.363905    1.84735   5.10516 	Dead: 0
80  8.02683   0.369907    1.87782   5.10516 	Dead: 0
81  8.06212   0.359035    1.82263   5.10516 	Dead: 0
82  7.99146   0.361959    1.83747   5.10516 	Dead: 0
83  8.07188   0.359099    1.82296   5.10516 	Dead: 0
84  8.26583   0.364646    1.85112   5.10516 	Dead: 0
85  7.99134   0.365977    1.85787   5.10516 	Dead: 0
86  8.07663   0.363924    1.84745   5.10516 	Dead: 0
87  8.00404   0.393744    1.99883   5.10516 	Dead: 0
88  8.25706   0.388986    1.97468   5.10516 	Dead: 0
89  7.86121   0.354176    1.79796   5.10516 	Dead: 0
90  8.0248    0.369004    1.87324   5.10516 	Dead: 0
91  7.94381   0.358111    1.81794   5.10516 	Dead: 0
92  7.9081    0.354277    1.79848   5.10516 	Dead: 0
93  8.11607   0.380659    1.9324    5.10516 	Dead: 0
94  7.99664   0.369648    1.87651   5.10516 	Dead: 0
95  7.99428   0.364417    1.84995   5.10516 	Dead: 0
96  7.96464   0.373027    1.89366   5.10516 	Dead: 0
97  7.97995   0.381033    1.9343    5.10516 	Dead: 0
98  7.73573   0.358559    1.82021   5.10516 	Dead: 0
99  7.91034   0.388476    1.97208   5.10516 	Dead: 0
100 7.95108   0.368318    1.86975   5.10516 	Dead: 0
