12.7125   0.112925    0.573259  11.2117 	Dead: 0
10.6486   0.043103    0.218811  10.1568 	Dead: 0
10.3463   0.0393092   0.199552  9.88446 	Dead: 0
10.2738   0.0401797   0.203971  9.88446 	Dead: 0
10.1903   0.0404631   0.20541   9.84385 	Dead: 0
10.1494   0.0461343   0.234199  9.78679 	Dead: 0
10.1355   0.0484903   0.246159  9.62136 	Dead: 0
10.0697   0.0478833   0.243078  9.62136 	Dead: 0
10.0487   0.0497138   0.25237   9.62136 	Dead: 0
10.0077   0.0579488   0.294175  9.43424 	Dead: 0
9.98667   0.0554255   0.281366  9.43424 	Dead: 0
9.95276   0.0562346   0.285473  9.43424 	Dead: 0
9.93303   0.0596772   0.302949  9.43424 	Dead: 0
9.91601   0.0631981   0.320823  9.43424 	Dead: 0
9.84448   0.0569369   0.289038  9.43424 	Dead: 0
9.86791   0.061355    0.311467  9.43424 	Dead: 0
9.90572   0.0700672   0.355694  9.40446 	Dead: 0
9.8148    0.0681234   0.345826  9.3739  	Dead: 0
9.85512   0.0670458   0.340356  9.3739  	Dead: 0
9.83473   0.0633476   0.321582  9.3739  	Dead: 0
9.81846   0.0697779   0.354225  9.27357 	Dead: 0
9.80238   0.0648889   0.329407  9.27357 	Dead: 0
9.79755   0.0858623   0.435877  9.21574 	Dead: 0
9.78256   0.0668266   0.339243  9.21574 	Dead: 0
9.73205   0.0686971   0.348738  9.11438 	Dead: 0
9.72361   0.0704735   0.357756  9.11438 	Dead: 0
9.74345   0.0708563   0.3597    9.11438 	Dead: 0
9.6842    0.0656642   0.333342  9.11438 	Dead: 0
9.64728   0.068349    0.346972  9.11438 	Dead: 0
9.66492   0.0636267   0.322999  9.11438 	Dead: 0
9.64325   0.0624542   0.317047  9.11438 	Dead: 0
9.61688   0.0626632   0.318108  9.11438 	Dead: 0
9.64776   0.0651949   0.33096   9.11438 	Dead: 0
9.62775   0.0629605   0.319617  9.11438 	Dead: 0
9.62561   0.0681804   0.346115  9.11438 	Dead: 0
9.6314    0.073396    0.372592  9.11438 	Dead: 0
9.62643   0.0724326   0.367702  9.03645 	Dead: 0
9.62058   0.0738475   0.374884  9.03645 	Dead: 0
9.62657   0.077468    0.393264  9.03645 	Dead: 0
9.59425   0.063791    0.323833  9.03645 	Dead: 0
9.58862   0.0783895   0.397942  9.03645 	Dead: 0
9.59746   0.0771512   0.391656  8.90001 	Dead: 0
9.55299   0.0808164   0.410262  8.90001 	Dead: 0
9.53594   0.0652573   0.331277  8.90001 	Dead: 0
9.56007   0.0813914   0.413181  8.90001 	Dead: 0
9.52526   0.0739718   0.375516  8.90001 	Dead: 0
9.54427   0.0766817   0.389272  8.90001 	Dead: 0
9.51744   0.0734765   0.373001  8.90001 	Dead: 0
9.32778   0.0811847   0.412131  8.69996 	Dead: 0
9.30986   0.0857345   0.435228  8.69996 	Dead: 0
9.2237    0.0763783   0.387732  8.69996 	Dead: 0
9.2219    0.0808209   0.410285  8.60268 	Dead: 0
9.19654   0.0833007   0.422873  8.60268 	Dead: 0
9.27498   0.0982126   0.498573  8.60268 	Dead: 0
9.11451   0.075155    0.381522  8.60268 	Dead: 0
9.22685   0.0984536   0.499796  8.59872 	Dead: 0
9.15577   0.0920127   0.467099  8.59872 	Dead: 0
9.14781   0.0908553   0.461224  8.59872 	Dead: 0
9.15106   0.0958284   0.48647   8.59872 	Dead: 0
9.12549   0.0832077   0.422401  8.59872 	Dead: 0
9.15302   0.0885411   0.449476  8.59872 	Dead: 0
9.16396   0.0939272   0.476818  8.59872 	Dead: 0
9.13435   0.0899173   0.456462  8.58384 	Dead: 0
9.23094   0.101858    0.517078  8.58384 	Dead: 0
9.16998   0.0905391   0.459619  8.43766 	Dead: 0
9.13281   0.0851992   0.432511  8.43766 	Dead: 0
9.19262   0.0933846   0.474064  8.43766 	Dead: 0
9.13877   0.0928125   0.471159  8.43766 	Dead: 0
9.20962   0.103934    0.527615  8.43766 	Dead: 0
9.05821   0.0726059   0.368581  8.43766 	Dead: 0
9.06013   0.0757405   0.384494  8.43766 	Dead: 0
9.17684   0.104824    0.532135  8.4264  	Dead: 0
9.15211   0.089358    0.453623  8.4264  	Dead: 0
9.11133   0.0877392   0.445405  8.4264  	Dead: 0
9.10084   0.0940416   0.477399  8.4264  	Dead: 0
9.2106    0.10499     0.53298   8.4264  	Dead: 0
9.12244   0.100777    0.511589  8.4264  	Dead: 0
9.03324   0.0870376   0.441843  8.4264  	Dead: 0
9.10855   0.0901462   0.457624  8.4264  	Dead: 0
9.11139   0.0974837   0.494873  8.4264  	Dead: 0
9.12755   0.0989813   0.502475  8.4264  	Dead: 0
9.15159   0.0965545   0.490156  8.4264  	Dead: 0
9.10345   0.0915617   0.46481   8.4264  	Dead: 0
9.10015   0.0925632   0.469894  8.4264  	Dead: 0
9.09365   0.0889455   0.451529  8.4264  	Dead: 0
9.13272   0.0931512   0.472879  8.4264  	Dead: 0
9.10882   0.0982008   0.498513  8.4264  	Dead: 0
9.14917   0.10559     0.536023  8.4264  	Dead: 0
9.20963   0.108719    0.551909  8.4264  	Dead: 0
9.18446   0.107056    0.543466  8.4264  	Dead: 0
8.95124   0.103044    0.523101  8.30577 	Dead: 0
8.77275   0.107546    0.545954  8.18317 	Dead: 0
8.64324   0.0943315   0.47887   8.17698 	Dead: 0
8.72714   0.124185    0.630422  8.13013 	Dead: 0
8.5631    0.0876266   0.444833  8.0536  	Dead: 0
8.62157   0.108076    0.548645  8.0536  	Dead: 0
8.57117   0.10401     0.528006  7.97825 	Dead: 0
8.57485   0.10454     0.530694  7.97825 	Dead: 0
8.52193   0.107337    0.54489   7.97825 	Dead: 0
8.51259   0.106837    0.542354  7.97825 	Dead: 0
8.55573   0.110282    0.559845  7.96605 	Dead: 0
