6.11588   0.0510082   0.258942  5.35849 	Dead: 0
5.27446   0.0475343   0.241306  4.653   	Dead: 0
5.0895    0.0563908   0.286266  4.50842 	Dead: 0
4.92584   0.0530175   0.269142  4.29412 	Dead: 0
4.82756   0.0513211   0.26053   4.29412 	Dead: 0
4.8262    0.0527308   0.267686  4.29412 	Dead: 0
4.82349   0.0555854   0.282177  4.29412 	Dead: 0
4.82415   0.0566494   0.287579  4.29412 	Dead: 0
4.82342   0.0606831   0.308056  4.29412 	Dead: 0
4.78602   0.0535718   0.271955  4.29412 	Dead: 0
4.72953   0.0530836   0.269477  4.19846 	Dead: 0
4.76106   0.0548308   0.278347  4.19846 	Dead: 0
4.7248    0.0494552   0.251058  4.19846 	Dead: 0
4.70362   0.0556779   0.282647  4.19846 	Dead: 0
4.67627   0.0492819   0.250178  4.19846 	Dead: 0
4.71128   0.052311    0.265555  4.19846 	Dead: 0
4.67299   0.0494839   0.251203  4.19846 	Dead: 0
4.69944   0.0562764   0.285685  4.19846 	Dead: 0
4.70267   0.0538905   0.273573  4.19846 	Dead: 0
4.7102    0.0585076   0.297012  4.19846 	Dead: 0
4.70954   0.0584744   0.296843  4.19846 	Dead: 0
4.70689   0.0554757   0.281621  4.19846 	Dead: 0
4.69478   0.0578195   0.293519  4.11603 	Dead: 0
4.69063   0.0579417   0.294139  4.11603 	Dead: 0
4.65772   0.0532441   0.270292  4.11603 	Dead: 0
4.67283   0.0570975   0.289853  4.11603 	Dead: 0
4.66211   0.055386    0.281165  4.11603 	Dead: 0
4.65501   0.0583001   0.295959  4.11603 	Dead: 0
4.69458   0.0664495   0.337329  4.11603 	Dead: 0
4.67738   0.0580886   0.294885  4.11603 	Dead: 0
4.64248   0.0521043   0.264506  4.11603 	Dead: 0
4.6591    0.0579641   0.294253  4.11603 	Dead: 0
4.65658   0.058168    0.295288  4.11603 	Dead: 0
4.62072   0.0565026   0.286834  4.11603 	Dead: 0
4.61826   0.0613671   0.311528  4.11603 	Dead: 0
4.63467   0.0620461   0.314975  4.11603 	Dead: 0
4.66305   0.0646453   0.32817   4.11603 	Dead: 0
4.58643   0.0530013   0.269059  4.11603 	Dead: 0
4.58606   0.0535759   0.271976  4.11603 	Dead: 0
4.57038   0.0531929   0.270032  4.11603 	Dead: 0
4.54001   0.0504028   0.255868  4.11603 	Dead: 0
4.52281   0.0494696   0.251131  4.11603 	Dead: 0
4.56269   0.0583553   0.296239  4.11044 	Dead: 0
4.50352   0.0520732   0.264348  4.11044 	Dead: 0
4.51502   0.0525775   0.266908  4.10262 	Dead: 0
4.52339   0.0572457   0.290606  4.10262 	Dead: 0
4.51779   0.0537704   0.272964  4.10262 	Dead: 0
4.49252   0.0513895   0.260877  4.10262 	Dead: 0
4.54096   0.0638418   0.324091  4.10262 	Dead: 0
4.53714   0.0586184   0.297574  4.10262 	Dead: 0
4.49533   0.052251    0.265251  4.10262 	Dead: 0
4.54156   0.0564386   0.286509  4.10262 	Dead: 0
4.54006   0.057265    0.290704  4.03639 	Dead: 0
4.47654   0.0560515   0.284544  3.99375 	Dead: 0
4.5402    0.0613636   0.31151   3.99375 	Dead: 0
4.5027    0.055638    0.282444  3.9607  	Dead: 0
4.48445   0.0585234   0.297092  3.9607  	Dead: 0
4.52353   0.0607692   0.308493  3.9607  	Dead: 0
4.48725   0.052018    0.264068  3.9607  	Dead: 0
4.49407   0.059982    0.304497  3.9607  	Dead: 0
4.50879   0.0581387   0.295139  3.9607  	Dead: 0
4.5012    0.0610599   0.309969  3.9607  	Dead: 0
4.50061   0.0600843   0.305016  3.9607  	Dead: 0
4.47509   0.0526257   0.267153  3.9607  	Dead: 0
4.51348   0.0590846   0.299941  3.9607  	Dead: 0
4.51035   0.060214    0.305674  3.9607  	Dead: 0
4.44449   0.0499061   0.253347  3.9607  	Dead: 0
4.50345   0.0593138   0.301104  3.9607  	Dead: 0
4.45475   0.0480421   0.243884  3.9607  	Dead: 0
4.50318   0.0617737   0.313592  3.9607  	Dead: 0
4.46222   0.05084     0.258087  3.9607  	Dead: 0
4.47269   0.0579242   0.29405   3.9607  	Dead: 0
4.51917   0.0633744   0.321718  3.9607  	Dead: 0
4.46877   0.0556549   0.28253   3.9607  	Dead: 0
4.47298   0.0583858   0.296394  3.9607  	Dead: 0
4.47445   0.0586653   0.297813  3.9607  	Dead: 0
4.48003   0.0568917   0.288809  3.9607  	Dead: 0
4.44463   0.0574118   0.291449  3.9607  	Dead: 0
4.44601   0.0576819   0.29282   3.9607  	Dead: 0
4.43467   0.0570552   0.289639  3.91823 	Dead: 0
4.48595   0.0622746   0.316135  3.91823 	Dead: 0
4.48102   0.0584649   0.296795  3.91823 	Dead: 0
4.46423   0.0616894   0.313164  3.91823 	Dead: 0
4.44631   0.0531256   0.269691  3.91823 	Dead: 0
4.46716   0.0588821   0.298913  3.91823 	Dead: 0
4.42627   0.0520455   0.264207  3.91823 	Dead: 0
4.45475   0.0571775   0.29026   3.91823 	Dead: 0
4.45306   0.0544619   0.276474  3.91823 	Dead: 0
4.46151   0.0591905   0.300479  3.91823 	Dead: 0
4.42678   0.0526761   0.267408  3.91823 	Dead: 0
4.48088   0.0630861   0.320254  3.91823 	Dead: 0
4.4414    0.0582566   0.295738  3.91823 	Dead: 0
4.44229   0.060095    0.30507   3.91823 	Dead: 0
4.44931   0.0584297   0.296617  3.91823 	Dead: 0
4.46582   0.0596948   0.303039  3.91823 	Dead: 0
4.41129   0.0517162   0.262535  3.91823 	Dead: 0
4.45339   0.0567311   0.287993  3.91823 	Dead: 0
4.41671   0.0526458   0.267255  3.91823 	Dead: 0
4.44147   0.0558476   0.283508  3.91823 	Dead: 0
4.43693   0.0603793   0.306513  3.91823 	Dead: 0
4.43651   0.058914    0.299075  3.91823 	Dead: 0
