7.36031   0.0534904   0.271542  6.87647 	Dead: 0
6.94456   0.0339699   0.172447  6.64975 	Dead: 0
6.91629   0.038734    0.196632  6.64975 	Dead: 0
6.90329   0.0330603   0.167829  6.64975 	Dead: 0
6.86846   0.0330421   0.167737  6.64284 	Dead: 0
6.84774   0.0329042   0.167037  6.59078 	Dead: 0
6.82009   0.0294684   0.149596  6.59078 	Dead: 0
6.81673   0.0311724   0.158246  6.59078 	Dead: 0
6.78251   0.0276952   0.140594  6.5622  	Dead: 0
6.77227   0.0243776   0.123752  6.54248 	Dead: 0
6.76824   0.0275873   0.140046  6.54248 	Dead: 0
6.74834   0.0263417   0.133723  6.41804 	Dead: 0
6.74974   0.0280497   0.142394  6.41804 	Dead: 0
6.75475   0.0314979   0.159898  6.41804 	Dead: 0
6.74486   0.0345014   0.175145  6.41804 	Dead: 0
6.73657   0.0321105   0.163008  6.41804 	Dead: 0
6.73684   0.0303076   0.153856  6.41804 	Dead: 0
6.73913   0.0334386   0.16975   6.41804 	Dead: 0
6.71728   0.0325342   0.165159  6.41804 	Dead: 0
6.71485   0.0332812   0.168951  6.41804 	Dead: 0
6.70317   0.034943    0.177387  6.41804 	Dead: 0
6.68521   0.031951    0.162198  6.41804 	Dead: 0
6.69686   0.0354465   0.179943  6.37263 	Dead: 0
6.6706    0.0343904   0.174582  6.37263 	Dead: 0
6.66542   0.0326882   0.165941  6.37263 	Dead: 0
6.69513   0.0369348   0.187498  6.37263 	Dead: 0
6.66594   0.030464    0.154649  6.37263 	Dead: 0
6.66492   0.0327055   0.166028  6.37263 	Dead: 0
6.65252   0.0340764   0.172988  6.37263 	Dead: 0
6.68226   0.0377099   0.191433  6.37263 	Dead: 0
6.64339   0.0312062   0.158417  6.37263 	Dead: 0
6.65912   0.0324622   0.164793  6.34603 	Dead: 0
6.6565    0.0301807   0.153212  6.34603 	Dead: 0
6.65296   0.0312112   0.158442  6.34603 	Dead: 0
6.66071   0.0332122   0.1686    6.34603 	Dead: 0
6.65432   0.0333364   0.169231  6.34422 	Dead: 0
6.66765   0.0366264   0.185933  6.34422 	Dead: 0
6.6456    0.0307673   0.156189  6.31094 	Dead: 0
6.65052   0.0320714   0.16281   6.31094 	Dead: 0
6.66593   0.034626    0.175778  6.31094 	Dead: 0
6.65352   0.0344554   0.174912  6.31094 	Dead: 0
6.66876   0.0366303   0.185953  6.31094 	Dead: 0
6.6563    0.0324771   0.164869  6.31094 	Dead: 0
6.67801   0.040019    0.203155  6.31094 	Dead: 0
6.65315   0.0326329   0.16566   6.31094 	Dead: 0
6.64512   0.0328306   0.166664  6.31094 	Dead: 0
6.66018   0.0349924   0.177638  6.31094 	Dead: 0
6.67411   0.0369815   0.187735  6.31094 	Dead: 0
6.65062   0.0348447   0.176888  6.31094 	Dead: 0
6.66319   0.0388154   0.197045  6.31094 	Dead: 0
6.64573   0.0349886   0.177618  6.31094 	Dead: 0
6.65759   0.0399542   0.202826  6.31094 	Dead: 0
6.65564   0.0377828   0.191803  6.31094 	Dead: 0
6.65      0.0330344   0.167698  6.31094 	Dead: 0
6.6383    0.0337945   0.171557  6.31094 	Dead: 0
6.65352   0.0350964   0.178166  6.31094 	Dead: 0
6.64972   0.0377891   0.191835  6.31094 	Dead: 0
6.65424   0.0346688   0.175995  6.31094 	Dead: 0
6.65525   0.0376084   0.190918  6.31094 	Dead: 0
6.64705   0.0370997   0.188335  6.31094 	Dead: 0
6.64353   0.0357462   0.181465  6.31094 	Dead: 0
6.66284   0.0354681   0.180053  6.31094 	Dead: 0
6.65358   0.0369354   0.187501  6.31094 	Dead: 0
6.63649   0.03526     0.178996  6.31094 	Dead: 0
6.63208   0.0352994   0.179196  6.31094 	Dead: 0
6.61347   0.0378725   0.192259  6.28402 	Dead: 0
6.63642   0.0353737   0.179573  6.28402 	Dead: 0
6.65159   0.0405541   0.205871  6.28402 	Dead: 0
6.62942   0.0356108   0.180777  6.28402 	Dead: 0
6.63892   0.0397231   0.201653  6.28402 	Dead: 0
6.60713   0.0331274   0.16817   6.28402 	Dead: 0
6.63441   0.0382359   0.194103  6.27361 	Dead: 0
6.63198   0.0399911   0.203013  6.27361 	Dead: 0
6.61934   0.0367076   0.186345  6.27361 	Dead: 0
6.61908   0.0377761   0.191769  6.27361 	Dead: 0
6.63232   0.0398562   0.202329  6.27361 	Dead: 0
6.61918   0.0361672   0.183602  6.27361 	Dead: 0
6.62166   0.0360487   0.183     6.27361 	Dead: 0
6.63614   0.0419621   0.213019  6.27361 	Dead: 0
6.63868   0.0411737   0.209017  6.27361 	Dead: 0
6.61128   0.0330814   0.167937  6.27361 	Dead: 0
6.62317   0.0379447   0.192625  6.27361 	Dead: 0
6.61515   0.0378716   0.192254  6.27361 	Dead: 0
6.61282   0.0367745   0.186684  6.27361 	Dead: 0
6.61514   0.0370638   0.188153  6.27361 	Dead: 0
6.61299   0.037273    0.189215  6.27361 	Dead: 0
6.62586   0.0395853   0.200954  6.27361 	Dead: 0
6.59711   0.0343192   0.17422   6.27361 	Dead: 0
6.60995   0.0370835   0.188253  6.27361 	Dead: 0
6.60756   0.0372699   0.189199  6.27361 	Dead: 0
6.624     0.0376012   0.190881  6.27361 	Dead: 0
6.62988   0.0372671   0.189185  6.27361 	Dead: 0
6.6041    0.0367961   0.186794  6.27361 	Dead: 0
6.64801   0.0429031   0.217796  6.27361 	Dead: 0
6.59917   0.0335244   0.170186  6.27361 	Dead: 0
6.61399   0.0370778   0.188224  6.27361 	Dead: 0
6.61985   0.0382349   0.194098  6.27361 	Dead: 0
6.61294   0.0350675   0.178019  6.27361 	Dead: 0
6.61735   0.0365339   0.185463  6.27361 	Dead: 0
6.60823   0.0366051   0.185825  6.27361 	Dead: 0
6.61451   0.0370021   0.18784   6.27361 	Dead: 0
