13.2775   0.0799371   0.405798  12.302  	Dead: 0
11.8321   0.0515247   0.261564  11.2588 	Dead: 0
11.5346   0.0523863   0.265937  11.0741 	Dead: 0
11.4068   0.0581397   0.295144  10.8523 	Dead: 0
11.2904   0.0583533   0.296228  10.8408 	Dead: 0
11.235    0.0526799   0.267428  10.7269 	Dead: 0
11.1487   0.0610656   0.309997  10.6452 	Dead: 0
11.1054   0.0635274   0.322495  10.5071 	Dead: 0
11.0807   0.0643395   0.326617  10.5071 	Dead: 0
11.0895   0.0622381   0.315949  10.5071 	Dead: 0
11.0947   0.0661574   0.335846  10.5071 	Dead: 0
11.0398   0.0687912   0.349216  10.5071 	Dead: 0
10.9935   0.062224    0.315878  10.5071 	Dead: 0
10.9913   0.0588837   0.298921  10.5071 	Dead: 0
11.0161   0.0688379   0.349453  10.3698 	Dead: 0
10.975    0.0641357   0.325583  10.3698 	Dead: 0
10.9349   0.0696202   0.353425  10.2453 	Dead: 0
10.9303   0.06619     0.336011  10.2453 	Dead: 0
10.8822   0.0663994   0.337074  10.2374 	Dead: 0
10.8717   0.0676685   0.343517  10.2374 	Dead: 0
10.8171   0.0678525   0.344451  10.1684 	Dead: 0
10.8009   0.0677257   0.343807  10.1684 	Dead: 0
10.7784   0.0656823   0.333434  10.1684 	Dead: 0
10.7341   0.0613179   0.311278  10.0887 	Dead: 0
10.7267   0.0643821   0.326834  10.0887 	Dead: 0
10.7792   0.0733521   0.372369  10.0887 	Dead: 0
10.7257   0.0663422   0.336784  10.0887 	Dead: 0
10.7569   0.0740631   0.375979  10.0887 	Dead: 0
10.749    0.0739714   0.375513  10.0887 	Dead: 0
10.7446   0.074179    0.376567  10.0887 	Dead: 0
10.7563   0.0759961   0.385792  10.0887 	Dead: 0
10.7358   0.0754957   0.383251  10.0887 	Dead: 0
10.786    0.0797501   0.404849  10.0887 	Dead: 0
10.7588   0.0689826   0.350188  10.0689 	Dead: 0
10.7073   0.0730706   0.37094   10.0689 	Dead: 0
10.7548   0.0748627   0.380038  10.0689 	Dead: 0
10.7659   0.0748293   0.379868  10.0689 	Dead: 0
10.6856   0.0623395   0.316465  10.0689 	Dead: 0
10.6995   0.0692332   0.35146   10.0689 	Dead: 0
10.6702   0.079266    0.402391  9.69767 	Dead: 0
10.5809   0.0693391   0.351998  9.69767 	Dead: 0
10.5578   0.0626149   0.317863  9.69767 	Dead: 0
10.5462   0.0648571   0.329245  9.69767 	Dead: 0
10.5465   0.071271    0.361805  9.69767 	Dead: 0
10.5321   0.0722769   0.366911  9.69767 	Dead: 0
10.5315   0.0712939   0.361921  9.69767 	Dead: 0
10.5136   0.0703484   0.357121  9.69767 	Dead: 0
10.5112   0.0817434   0.414968  9.69767 	Dead: 0
10.4574   0.0681792   0.34611   9.69767 	Dead: 0
10.4672   0.0648725   0.329323  9.69767 	Dead: 0
10.5012   0.0724747   0.367916  9.69767 	Dead: 0
10.5095   0.0752751   0.382131  9.69767 	Dead: 0
10.4388   0.0702746   0.356747  9.69767 	Dead: 0
10.3973   0.0748387   0.379916  9.69767 	Dead: 0
10.2449   0.0682365   0.3464    9.62902 	Dead: 0
10.1409   0.069006    0.350306  9.62902 	Dead: 0
10.1336   0.079645    0.404315  9.34537 	Dead: 0
9.84163   0.0682554   0.346496  9.24123 	Dead: 0
9.69751   0.0733564   0.372391  9.12265 	Dead: 0
9.65094   0.082177    0.417169  8.85596 	Dead: 0
9.67294   0.0870164   0.441736  8.85596 	Dead: 0
9.58835   0.0789623   0.40085   8.85596 	Dead: 0
9.58385   0.0775689   0.393776  8.85596 	Dead: 0
9.58099   0.0857528   0.435321  8.85596 	Dead: 0
9.53102   0.0781163   0.396555  8.85596 	Dead: 0
9.55937   0.0815169   0.413818  8.85081 	Dead: 0
9.60216   0.0872255   0.442797  8.85081 	Dead: 0
9.57786   0.0853512   0.433283  8.85081 	Dead: 0
9.61826   0.0894405   0.454042  8.85081 	Dead: 0
9.56058   0.0863654   0.438431  8.85081 	Dead: 0
9.56708   0.0834778   0.423772  8.85081 	Dead: 0
9.57891   0.0886458   0.450008  8.85081 	Dead: 0
9.55142   0.0858828   0.435981  8.85081 	Dead: 0
9.53021   0.0796677   0.40443   8.85081 	Dead: 0
9.5301    0.0792712   0.402418  8.85081 	Dead: 0
9.52427   0.0854653   0.433862  8.85081 	Dead: 0
9.54566   0.0889522   0.451563  8.85081 	Dead: 0
9.51949   0.0798317   0.405263  8.85081 	Dead: 0
9.50529   0.0840414   0.426633  8.77776 	Dead: 0
9.53611   0.0904648   0.459241  8.77776 	Dead: 0
9.50406   0.0888712   0.451151  8.77776 	Dead: 0
9.46096   0.0851086   0.432051  8.77776 	Dead: 0
9.5035    0.0921509   0.467801  8.77776 	Dead: 0
9.45398   0.0842262   0.427572  8.77776 	Dead: 0
9.50647   0.0947812   0.481154  8.77776 	Dead: 0
9.48005   0.0860985   0.437076  8.77776 	Dead: 0
9.50861   0.0984928   0.499995  8.77776 	Dead: 0
9.35489   0.0719868   0.365438  8.77776 	Dead: 0
9.46356   0.0892894   0.453275  8.77776 	Dead: 0
9.45244   0.0889004   0.4513    8.45935 	Dead: 0
9.41757   0.0926642   0.470407  8.45935 	Dead: 0
9.45206   0.0914103   0.464041  8.45935 	Dead: 0
9.40945   0.091058    0.462253  8.45935 	Dead: 0
9.37084   0.0894175   0.453925  8.45935 	Dead: 0
9.34959   0.0812663   0.412545  8.45935 	Dead: 0
9.37695   0.0904919   0.459379  8.45935 	Dead: 0
9.28102   0.0808517   0.410441  8.45935 	Dead: 0
9.2416    0.0860945   0.437056  8.45935 	Dead: 0
9.30394   0.104288    0.529412  8.45935 	Dead: 0
9.20047   0.0885968   0.449759  8.23679 	Dead: 0
9.27691   0.103971    0.527805  8.23679 	Dead: 0
