6.83742   0.0604956   0.307104  6.29993 	Dead: 0
6.37333   0.0364745   0.185161  5.99013 	Dead: 0
6.25003   0.0414965   0.210655  5.915   	Dead: 0
6.23257   0.0437403   0.222046  5.81827 	Dead: 0
6.21816   0.0441496   0.224124  5.81827 	Dead: 0
6.18425   0.0436464   0.22157   5.81827 	Dead: 0
6.18066   0.0442405   0.224585  5.81827 	Dead: 0
6.16531   0.0445394   0.226103  5.81827 	Dead: 0
6.12526   0.0382409   0.194129  5.78561 	Dead: 0
6.13853   0.04286     0.217577  5.76484 	Dead: 0
6.11941   0.041431    0.210323  5.76484 	Dead: 0
6.1365    0.042914    0.217851  5.76484 	Dead: 0
6.12049   0.0477697   0.242501  5.76484 	Dead: 0
6.1191    0.0493597   0.250573  5.76484 	Dead: 0
6.1248    0.0463197   0.235141  5.76484 	Dead: 0
6.12212   0.0458819   0.232918  5.76484 	Dead: 0
6.1322    0.0465983   0.236555  5.76484 	Dead: 0
6.14641   0.0490164   0.24883   5.76484 	Dead: 0
6.1195    0.0459173   0.233098  5.70685 	Dead: 0
6.1293    0.0482463   0.244921  5.70685 	Dead: 0
6.14974   0.0492039   0.249782  5.70685 	Dead: 0
6.104     0.0449534   0.228204  5.70685 	Dead: 0
6.09654   0.0445843   0.226331  5.70685 	Dead: 0
6.12706   0.0504155   0.255933  5.70685 	Dead: 0
6.10616   0.0457082   0.232036  5.70685 	Dead: 0
6.09064   0.0424427   0.215459  5.68766 	Dead: 0
6.10882   0.050358    0.255641  5.68766 	Dead: 0
6.1152    0.0454027   0.230485  5.68766 	Dead: 0
6.08827   0.0470128   0.238659  5.68766 	Dead: 0
6.12254   0.0502139   0.254909  5.68766 	Dead: 0
6.12066   0.0499275   0.253455  5.68766 	Dead: 0
6.12196   0.0517168   0.262539  5.68766 	Dead: 0
6.09053   0.0488975   0.248227  5.68766 	Dead: 0
6.08722   0.0454966   0.230962  5.68766 	Dead: 0
6.09371   0.0458187   0.232597  5.68766 	Dead: 0
6.07623   0.0459824   0.233428  5.68766 	Dead: 0
6.11057   0.0510251   0.259027  5.68766 	Dead: 0
6.07783   0.044244    0.224603  5.68766 	Dead: 0
6.08086   0.0463054   0.235068  5.68766 	Dead: 0
6.08449   0.0474952   0.241108  5.68766 	Dead: 0
6.1031    0.0469124   0.238149  5.68766 	Dead: 0
6.07333   0.0494862   0.251215  5.68766 	Dead: 0
6.08358   0.0503206   0.255451  5.63373 	Dead: 0
6.06422   0.0491233   0.249373  5.63373 	Dead: 0
6.07634   0.0503064   0.255379  5.63373 	Dead: 0
6.08456   0.0515403   0.261642  5.63373 	Dead: 0
6.06962   0.0487418   0.247436  5.63373 	Dead: 0
6.02562   0.0481734   0.244551  5.63373 	Dead: 0
6.0378    0.0463704   0.235398  5.63373 	Dead: 0
6.06266   0.0487445   0.24745   5.63373 	Dead: 0
6.07638   0.0461403   0.23423   5.63373 	Dead: 0
6.06134   0.0448364   0.22761   5.63373 	Dead: 0
6.02822   0.0459116   0.233069  5.63373 	Dead: 0
6.05342   0.0489432   0.248458  5.63373 	Dead: 0
6.05464   0.0474904   0.241083  5.63373 	Dead: 0
6.04734   0.0486191   0.246813  5.63373 	Dead: 0
6.0381    0.0486822   0.247133  5.60598 	Dead: 0
6.05696   0.0512736   0.260289  5.60598 	Dead: 0
6.03321   0.0484582   0.245996  5.60598 	Dead: 0
6.06009   0.0504727   0.256223  5.60598 	Dead: 0
6.05154   0.0511096   0.259456  5.60598 	Dead: 0
6.06362   0.0528219   0.268149  5.60598 	Dead: 0
6.06739   0.0478735   0.243028  5.60598 	Dead: 0
6.02362   0.0429606   0.218088  5.60598 	Dead: 0
6.06086   0.052721    0.267636  5.60598 	Dead: 0
6.06438   0.0532363   0.270252  5.60598 	Dead: 0
6.06874   0.0491827   0.249674  5.60598 	Dead: 0
6.05029   0.0474243   0.240748  5.60598 	Dead: 0
6.072     0.0498638   0.253132  5.60598 	Dead: 0
6.06559   0.0466034   0.236581  5.60598 	Dead: 0
6.05796   0.0465025   0.236069  5.60598 	Dead: 0
6.04218   0.045751    0.232253  5.60598 	Dead: 0
6.03511   0.0480426   0.243887  5.60598 	Dead: 0
6.06151   0.0473981   0.240615  5.60598 	Dead: 0
6.04029   0.0458835   0.232926  5.60598 	Dead: 0
6.01852   0.0464317   0.235709  5.60598 	Dead: 0
6.05109   0.048802    0.247742  5.60598 	Dead: 0
6.05851   0.0513516   0.260685  5.60598 	Dead: 0
6.03753   0.046918    0.238178  5.60598 	Dead: 0
6.04065   0.0463366   0.235226  5.60598 	Dead: 0
6.05399   0.0484951   0.246184  5.60598 	Dead: 0
6.02772   0.0508898   0.25834   5.60598 	Dead: 0
6.04917   0.0496513   0.252053  5.60598 	Dead: 0
6.02436   0.0450235   0.22856   5.60598 	Dead: 0
6.00968   0.0451079   0.228989  5.60598 	Dead: 0
6.04159   0.0501199   0.254432  5.60598 	Dead: 0
6.03081   0.0486857   0.247151  5.60598 	Dead: 0
6.01942   0.049768    0.252646  5.60598 	Dead: 0
6.01894   0.0463437   0.235262  5.60598 	Dead: 0
6.02567   0.0529789   0.268945  5.60598 	Dead: 0
6.02269   0.0474506   0.240882  5.60598 	Dead: 0
5.98582   0.0424113   0.2153    5.55594 	Dead: 0
6.02001   0.0496618   0.252106  5.55594 	Dead: 0
6.02813   0.0506406   0.257075  5.55594 	Dead: 0
6.00843   0.0468663   0.237915  5.55594 	Dead: 0
6.00772   0.0456691   0.231837  5.55594 	Dead: 0
5.99122   0.0447638   0.227242  5.55594 	Dead: 0
6.01415   0.0458687   0.232851  5.55594 	Dead: 0
5.96121   0.0428076   0.217312  5.55594 	Dead: 0
5.97853   0.0419847   0.213134  5.55594 	Dead: 0
5.99661   0.0473181   0.240209  5.55594 	Dead: 0
