10.2356   0.0822501   0.41754   9.29378 	Dead: 0
9.05687   0.0622986   0.316257  8.32791 	Dead: 0
8.82673   0.0767054   0.389392  8.29934 	Dead: 0
8.75096   0.0887482   0.450527  8.17501 	Dead: 0
8.62122   0.0817247   0.414872  8.03689 	Dead: 0
8.42479   0.0848159   0.430565  7.7783  	Dead: 0
8.4541    0.100696    0.51118   7.7783  	Dead: 0
8.38904   0.0961626   0.488166  7.7783  	Dead: 0
8.34674   0.0884883   0.449208  7.7783  	Dead: 0
8.30808   0.0779936   0.395932  7.7783  	Dead: 0
8.25065   0.0819399   0.415965  7.69247 	Dead: 0
8.31494   0.100618    0.510783  7.69247 	Dead: 0
8.19508   0.0752229   0.381867  7.69247 	Dead: 0
8.1888    0.0799997   0.406116  7.52176 	Dead: 0
8.22166   0.0875462   0.444425  7.52176 	Dead: 0
8.28387   0.0986891   0.500992  7.52176 	Dead: 0
8.18328   0.0883537   0.448524  7.52176 	Dead: 0
8.16939   0.0906296   0.460078  7.52176 	Dead: 0
8.26848   0.114847    0.583016  7.52176 	Dead: 0
8.25505   0.107257    0.544486  7.52176 	Dead: 0
8.21977   0.103421    0.525011  7.52176 	Dead: 0
8.18758   0.0933559   0.473918  7.51626 	Dead: 0
8.15011   0.0961665   0.488186  7.51626 	Dead: 0
8.21991   0.1033      0.524401  7.51626 	Dead: 0
8.18988   0.102822    0.521972  7.51626 	Dead: 0
8.2311    0.11236     0.570394  7.51478 	Dead: 0
8.09012   0.0927748   0.470968  7.51478 	Dead: 0
8.06728   0.0884929   0.449231  7.51478 	Dead: 0
8.10229   0.0887184   0.450376  7.51478 	Dead: 0
8.11236   0.1021      0.51831   7.4457  	Dead: 0
8.08688   0.0996216   0.505726  7.4457  	Dead: 0
8.10273   0.0994068   0.504635  7.4457  	Dead: 0
8.14658   0.10184     0.516989  7.4457  	Dead: 0
8.12802   0.0963036   0.488882  7.4457  	Dead: 0
8.14437   0.100203    0.508676  7.4457  	Dead: 0
8.12184   0.099201    0.50359   7.4457  	Dead: 0
8.08349   0.0906405   0.460134  7.4457  	Dead: 0
8.07732   0.0898283   0.45601   7.4457  	Dead: 0
8.11951   0.0955829   0.485224  7.4457  	Dead: 0
8.12741   0.103898    0.527436  7.4457  	Dead: 0
8.07994   0.0897908   0.45582   7.4457  	Dead: 0
8.04522   0.087753    0.445475  7.4457  	Dead: 0
8.08076   0.0997058   0.506153  7.4457  	Dead: 0
8.04777   0.0843096   0.427995  7.4457  	Dead: 0
8.08627   0.0911373   0.462655  7.3914  	Dead: 0
8.14111   0.106445    0.540365  7.3914  	Dead: 0
8.02798   0.0829707   0.421198  7.3914  	Dead: 0
8.0315    0.0902583   0.458193  7.3914  	Dead: 0
8.10029   0.0998183   0.506724  7.3914  	Dead: 0
8.06883   0.0909933   0.461925  7.3914  	Dead: 0
7.9894    0.0812598   0.412513  7.3914  	Dead: 0
8.11184   0.110591    0.561411  7.3914  	Dead: 0
8.10048   0.0967923   0.491363  7.3914  	Dead: 0
8.10614   0.105556    0.535849  7.3914  	Dead: 0
8.07875   0.0912552   0.463254  7.3914  	Dead: 0
8.14689   0.107208    0.544238  7.3914  	Dead: 0
8.04701   0.0851987   0.432508  7.3914  	Dead: 0
8.09689   0.0943078   0.47875   7.3914  	Dead: 0
8.03794   0.0841851   0.427363  7.3914  	Dead: 0
8.0389    0.0915231   0.464614  7.3914  	Dead: 0
8.13661   0.102932    0.52253   7.3914  	Dead: 0
8.15448   0.110624    0.561577  7.3914  	Dead: 0
8.13398   0.0986908   0.501001  7.3914  	Dead: 0
8.18093   0.108219    0.54937   7.3914  	Dead: 0
8.07534   0.0917537   0.465785  7.3914  	Dead: 0
8.09671   0.096364    0.489189  7.3914  	Dead: 0
8.16575   0.107289    0.544651  7.3914  	Dead: 0
8.08318   0.103539    0.52561   7.28144 	Dead: 0
8.0702    0.0942397   0.478405  7.28144 	Dead: 0
8.09214   0.0971991   0.493428  7.28144 	Dead: 0
8.11863   0.11483     0.58293   7.28144 	Dead: 0
8.10049   0.0983998   0.499523  7.28144 	Dead: 0
8.06061   0.0907438   0.460658  7.28144 	Dead: 0
8.10145   0.086448    0.43885   7.28144 	Dead: 0
8.07878   0.106756    0.541943  7.28144 	Dead: 0
8.1499    0.105815    0.537166  7.28144 	Dead: 0
8.11901   0.106585    0.541075  7.28144 	Dead: 0
8.03115   0.0857391   0.435252  7.28144 	Dead: 0
8.05384   0.0913674   0.463824  7.28144 	Dead: 0
8.07166   0.096988    0.492356  7.28144 	Dead: 0
8.12892   0.106805    0.54219   7.28144 	Dead: 0
8.09025   0.102231    0.518972  7.28144 	Dead: 0
8.11009   0.101037    0.512909  7.28144 	Dead: 0
8.11479   0.102678    0.52124   7.28144 	Dead: 0
8.05026   0.0907823   0.460853  7.28144 	Dead: 0
8.07078   0.0968266   0.491537  7.28144 	Dead: 0
8.07992   0.0970891   0.49287   7.28144 	Dead: 0
8.12984   0.1161      0.589379  7.28144 	Dead: 0
8.07143   0.0890985   0.452305  7.28144 	Dead: 0
8.19679   0.112643    0.571829  7.28144 	Dead: 0
8.0553    0.0931293   0.472768  7.28144 	Dead: 0
7.98672   0.0716583   0.363771  7.28144 	Dead: 0
8.14091   0.113705    0.57722   7.28144 	Dead: 0
8.1444    0.11341     0.57572   7.28144 	Dead: 0
8.2441    0.125859    0.63892   7.28144 	Dead: 0
8.12816   0.103405    0.52493   7.28144 	Dead: 0
8.11171   0.105616    0.536157  7.28144 	Dead: 0
8.20054   0.12074     0.612931  7.28144 	Dead: 0
8.10776   0.109112    0.553904  7.28144 	Dead: 0
8.07723   0.0939942   0.477158  7.28144 	Dead: 0
8.04969   0.0921532   0.467812  7.28144 	Dead: 0
