8.76352   0.0646816   0.328354  8.14079 	Dead: 0
8.13749   0.0345781   0.175535  7.77742 	Dead: 0
7.95855   0.0356734   0.181095  7.65793 	Dead: 0
7.89247   0.0404704   0.205447  7.59633 	Dead: 0
7.87617   0.0396251   0.201156  7.58831 	Dead: 0
7.87628   0.0435023   0.220838  7.58749 	Dead: 0
7.84877   0.0395971   0.201013  7.54416 	Dead: 0
7.83918   0.0402407   0.204281  7.54416 	Dead: 0
7.8369    0.0410321   0.208298  7.46313 	Dead: 0
7.81738   0.0415785   0.211072  7.41725 	Dead: 0
7.80031   0.0425343   0.215924  7.27951 	Dead: 0
7.8032    0.0455087   0.231023  7.27951 	Dead: 0
7.80624   0.0461835   0.234449  7.27951 	Dead: 0
7.79715   0.0479949   0.243645  7.27951 	Dead: 0
7.793     0.0491255   0.249384  7.27951 	Dead: 0
7.76394   0.0431069   0.218831  7.27951 	Dead: 0
7.76524   0.0454222   0.230584  7.27951 	Dead: 0
7.75157   0.0438614   0.222661  7.27951 	Dead: 0
7.76333   0.0502533   0.255109  7.27951 	Dead: 0
7.7485    0.0464708   0.235908  7.27951 	Dead: 0
7.77894   0.0471405   0.239307  7.27951 	Dead: 0
7.73031   0.0450613   0.228752  7.27951 	Dead: 0
7.76943   0.0468102   0.23763   7.27951 	Dead: 0
7.77265   0.0468923   0.238047  7.27951 	Dead: 0
7.72524   0.0456844   0.231916  7.27951 	Dead: 0
7.76773   0.0455857   0.231414  7.27951 	Dead: 0
7.7196    0.0427652   0.217096  7.27951 	Dead: 0
7.77545   0.0493071   0.250306  7.27951 	Dead: 0
7.76724   0.0466657   0.236897  7.27951 	Dead: 0
7.72615   0.0436573   0.221625  7.27951 	Dead: 0
7.75168   0.0489836   0.248664  7.27951 	Dead: 0
7.73788   0.0468026   0.237592  7.27951 	Dead: 0
7.70261   0.047157    0.239391  7.27951 	Dead: 0
7.62753   0.0432272   0.219441  7.247   	Dead: 0
7.61445   0.0438753   0.222732  7.247   	Dead: 0
7.62441   0.0468157   0.237659  7.247   	Dead: 0
7.57359   0.0434974   0.220813  7.247   	Dead: 0
7.60475   0.0461898   0.234481  7.12534 	Dead: 0
7.59232   0.0450375   0.228631  7.12534 	Dead: 0
7.59074   0.0451054   0.228976  7.12534 	Dead: 0
7.57527   0.0454793   0.230874  7.12534 	Dead: 0
7.56678   0.0410054   0.208162  7.12534 	Dead: 0
7.44726   0.0440663   0.223701  7.12534 	Dead: 0
7.38441   0.0385263   0.195578  7.09893 	Dead: 0
7.36817   0.0397377   0.201727  7.05929 	Dead: 0
7.36128   0.0418178   0.212286  7.0236  	Dead: 0
7.32975   0.0399266   0.202686  6.98959 	Dead: 0
7.358     0.0463453   0.23527   6.98959 	Dead: 0
7.34437   0.0446701   0.226766  6.98959 	Dead: 0
7.34956   0.0435669   0.221166  6.98959 	Dead: 0
7.32517   0.0406851   0.206536  6.96604 	Dead: 0
7.31902   0.04283     0.217425  6.96604 	Dead: 0
7.28838   0.0403765   0.20497   6.96604 	Dead: 0
7.31593   0.041916    0.212785  6.96604 	Dead: 0
7.29676   0.0443049   0.224912  6.86912 	Dead: 0
7.30483   0.0443858   0.225323  6.86912 	Dead: 0
7.29999   0.0445907   0.226363  6.86912 	Dead: 0
7.28491   0.0426878   0.216703  6.86912 	Dead: 0
7.30221   0.0480314   0.24383   6.86912 	Dead: 0
7.29312   0.0385259   0.195575  6.86912 	Dead: 0
7.29705   0.0458857   0.232937  6.86912 	Dead: 0
7.29688   0.0447304   0.227072  6.86912 	Dead: 0
7.30079   0.0456077   0.231526  6.86912 	Dead: 0
7.2958    0.043147    0.219034  6.86912 	Dead: 0
7.29482   0.0431355   0.218976  6.86912 	Dead: 0
7.28452   0.0404777   0.205484  6.86912 	Dead: 0
7.26963   0.0399595   0.202853  6.86912 	Dead: 0
7.29818   0.0458394   0.232702  6.86912 	Dead: 0
7.29473   0.0525956   0.267     6.86912 	Dead: 0
7.27574   0.043334    0.219984  6.86912 	Dead: 0
7.30043   0.047377    0.240508  6.86912 	Dead: 0
7.28337   0.0430646   0.218616  6.86912 	Dead: 0
7.24984   0.044812    0.227486  6.85328 	Dead: 0
7.28988   0.0503781   0.255743  6.85328 	Dead: 0
7.27707   0.045144    0.229172  6.85328 	Dead: 0
7.28405   0.0486152   0.246793  6.85328 	Dead: 0
7.26404   0.041445    0.210394  6.85328 	Dead: 0
7.27113   0.0448759   0.227811  6.85328 	Dead: 0
7.27299   0.0459006   0.233013  6.85328 	Dead: 0
7.27317   0.0445532   0.226173  6.79252 	Dead: 0
7.27763   0.0452987   0.229957  6.79252 	Dead: 0
7.25641   0.0451312   0.229107  6.79252 	Dead: 0
7.29      0.0485441   0.246432  6.79252 	Dead: 0
7.24295   0.0431133   0.218863  6.79252 	Dead: 0
7.29517   0.0500505   0.25408   6.79252 	Dead: 0
7.29161   0.0456973   0.231981  6.79252 	Dead: 0
7.2775    0.0500035   0.253841  6.79252 	Dead: 0
7.25908   0.0449958   0.228419  6.79252 	Dead: 0
7.25628   0.0494115   0.250836  6.79252 	Dead: 0
7.26579   0.0477253   0.242276  6.79252 	Dead: 0
7.26345   0.0444155   0.225474  6.79252 	Dead: 0
7.27069   0.0465722   0.236422  6.79252 	Dead: 0
7.28143   0.0474441   0.240848  6.79252 	Dead: 0
7.25324   0.0428261   0.217405  6.79252 	Dead: 0
7.28499   0.0533767   0.270965  6.79252 	Dead: 0
7.27396   0.0468649   0.237908  6.79252 	Dead: 0
7.29719   0.0496697   0.252147  6.79252 	Dead: 0
7.26975   0.0504271   0.255991  6.79252 	Dead: 0
7.27553   0.0538436   0.273335  6.79252 	Dead: 0
7.25176   0.0433044   0.219833  6.79252 	Dead: 0
7.29164   0.0513173   0.26051   6.79252 	Dead: 0
