8.70831   0.0609198   0.309258  8.19405 	Dead: 0
8.04553   0.0365233   0.185409  7.75224 	Dead: 0
7.9881    0.0345223   0.175251  7.70028 	Dead: 0
7.95837   0.0387235   0.196579  7.6506  	Dead: 0
7.95255   0.0426894   0.216711  7.5253  	Dead: 0
7.88906   0.0392839   0.199424  7.5253  	Dead: 0
7.84176   0.0426256   0.216387  7.49547 	Dead: 0
7.77057   0.0435942   0.221305  7.35003 	Dead: 0
7.66966   0.0378729   0.192261  7.35003 	Dead: 0
7.64695   0.0380115   0.192964  7.35003 	Dead: 0
7.67014   0.0471854   0.239535  7.2899  	Dead: 0
7.60992   0.0428383   0.217467  7.15598 	Dead: 0
7.57265   0.0390419   0.198195  7.15598 	Dead: 0
7.58207   0.0449799   0.228339  7.15598 	Dead: 0
7.5686    0.0412795   0.209554  7.15598 	Dead: 0
7.5752    0.043299    0.219806  7.15598 	Dead: 0
7.56138   0.0420694   0.213564  7.15598 	Dead: 0
7.56381   0.0461973   0.234519  7.15598 	Dead: 0
7.54656   0.0437772   0.222233  7.15598 	Dead: 0
7.55935   0.046408    0.235589  7.15598 	Dead: 0
7.57656   0.0482447   0.244912  7.15598 	Dead: 0
7.53373   0.0427087   0.216809  7.15598 	Dead: 0
7.53314   0.0421953   0.214203  7.15598 	Dead: 0
7.5279    0.0433735   0.220184  7.15598 	Dead: 0
7.51021   0.042088    0.213658  7.15598 	Dead: 0
7.54536   0.0470633   0.238915  7.15598 	Dead: 0
7.55017   0.0484274   0.24584   7.10846 	Dead: 0
7.53007   0.0461715   0.234388  7.10846 	Dead: 0
7.54521   0.048125    0.244305  7.10846 	Dead: 0
7.52111   0.0488517   0.247994  7.10846 	Dead: 0
7.52731   0.0480723   0.244037  7.10846 	Dead: 0
7.53017   0.0477362   0.242331  7.10846 	Dead: 0
7.51349   0.0455018   0.230988  7.10846 	Dead: 0
7.49831   0.0454792   0.230874  7.10846 	Dead: 0
7.56504   0.0533003   0.270577  7.10846 	Dead: 0
7.52467   0.0485538   0.246482  7.10846 	Dead: 0
7.53724   0.0519176   0.263558  7.10846 	Dead: 0
7.49487   0.0395132   0.200587  7.10846 	Dead: 0
7.53492   0.0453749   0.230344  7.10846 	Dead: 0
7.50511   0.0416687   0.21153   7.10846 	Dead: 0
7.49747   0.0460525   0.233784  7.10846 	Dead: 0
7.52984   0.0482357   0.244867  7.10846 	Dead: 0
7.54231   0.0499341   0.253489  7.10846 	Dead: 0
7.50652   0.0472665   0.239947  7.10846 	Dead: 0
7.52248   0.0475363   0.241317  7.10846 	Dead: 0
7.51331   0.0444229   0.225511  7.10846 	Dead: 0
7.50029   0.0453576   0.230256  7.10846 	Dead: 0
7.50796   0.0475806   0.241541  7.10846 	Dead: 0
7.51302   0.0512462   0.260149  7.10846 	Dead: 0
7.53362   0.0488479   0.247975  7.10846 	Dead: 0
7.51752   0.0460993   0.234022  7.10846 	Dead: 0
7.51362   0.045206    0.229487  7.10846 	Dead: 0
7.50712   0.0467994   0.237575  7.10846 	Dead: 0
7.51476   0.0450093   0.228488  7.10846 	Dead: 0
7.50599   0.0491145   0.249328  7.05882 	Dead: 0
7.49797   0.0492664   0.250099  7.05882 	Dead: 0
7.47326   0.0441681   0.224218  7.05882 	Dead: 0
7.50007   0.0480834   0.244094  7.05882 	Dead: 0
7.45885   0.0436696   0.221687  7.05882 	Dead: 0
7.48223   0.0448479   0.227669  7.05882 	Dead: 0
7.46907   0.0493614   0.250581  7.05882 	Dead: 0
7.48488   0.0479077   0.243202  7.05882 	Dead: 0
7.48075   0.0472254   0.239738  7.05882 	Dead: 0
7.47004   0.0486937   0.247192  7.05882 	Dead: 0
7.46532   0.0470553   0.238875  7.05882 	Dead: 0
7.45324   0.0409952   0.208111  7.05882 	Dead: 0
7.41977   0.0475124   0.241195  7.05882 	Dead: 0
7.38542   0.0478925   0.243125  6.94674 	Dead: 0
7.36378   0.0510688   0.259249  6.94674 	Dead: 0
7.32464   0.0443677   0.225231  6.9377  	Dead: 0
7.28053   0.0441011   0.223878  6.88409 	Dead: 0
7.27473   0.0470234   0.238713  6.88409 	Dead: 0
7.26092   0.0501021   0.254342  6.81573 	Dead: 0
7.28547   0.056689    0.28778   6.81573 	Dead: 0
7.20856   0.0450379   0.228634  6.81573 	Dead: 0
7.21093   0.0422911   0.21469   6.81573 	Dead: 0
7.24508   0.0491784   0.249652  6.81573 	Dead: 0
7.26382   0.0529901   0.269002  6.81573 	Dead: 0
7.2309    0.0461737   0.234399  6.81573 	Dead: 0
7.23675   0.0546278   0.277316  6.81573 	Dead: 0
7.24922   0.0490737   0.249121  6.81573 	Dead: 0
7.20013   0.0443524   0.225153  6.81573 	Dead: 0
7.23724   0.0488758   0.248116  6.81573 	Dead: 0
7.22949   0.045946    0.233243  6.81573 	Dead: 0
7.21095   0.0501844   0.254759  6.81573 	Dead: 0
7.20753   0.0513363   0.260607  6.81573 	Dead: 0
7.20602   0.0472584   0.239906  6.81573 	Dead: 0
7.20784   0.0497661   0.252636  6.81573 	Dead: 0
7.20324   0.0470257   0.238725  6.81573 	Dead: 0
7.23664   0.053374    0.270952  6.81573 	Dead: 0
7.20872   0.0464097   0.235597  6.81573 	Dead: 0
7.23508   0.0506076   0.256908  6.81573 	Dead: 0
7.2103    0.0479901   0.24362   6.81573 	Dead: 0
7.20517   0.0488792   0.248134  6.81573 	Dead: 0
7.1964    0.0504675   0.256197  6.81573 	Dead: 0
7.21648   0.0573881   0.291329  6.81573 	Dead: 0
7.2242    0.0514857   0.261365  6.77826 	Dead: 0
7.1748    0.0445762   0.22629   6.77826 	Dead: 0
7.21716   0.0504239   0.255975  6.77826 	Dead: 0
7.20925   0.0496462   0.252027  6.77826 	Dead: 0
7.21183   0.0485623   0.246525  6.77826 	Dead: 0
