8.79203   0.074359    0.377481  8.22504 	Dead: 0
8.21109   0.0437625   0.222159  7.78175 	Dead: 0
8.00548   0.0357705   0.181588  7.67018 	Dead: 0
7.92835   0.0435082   0.220868  7.5641  	Dead: 0
7.83609   0.0367661   0.186642  7.56091 	Dead: 0
7.83421   0.0475667   0.241471  7.4347  	Dead: 0
7.82229   0.0543806   0.276061  7.39768 	Dead: 0
7.81086   0.0522539   0.265265  7.32022 	Dead: 0
7.79106   0.0579962   0.294416  7.32022 	Dead: 0
7.79159   0.052011    0.264032  7.32022 	Dead: 0
7.76708   0.0496254   0.251922  7.32022 	Dead: 0
7.76983   0.0534796   0.271487  7.32022 	Dead: 0
7.78086   0.0478655   0.242988  7.32022 	Dead: 0
7.77807   0.0489168   0.248324  7.32022 	Dead: 0
7.75708   0.0486793   0.247119  7.32022 	Dead: 0
7.75515   0.0546958   0.277662  7.32022 	Dead: 0
7.75283   0.0476326   0.241805  7.32022 	Dead: 0
7.74664   0.0467007   0.237075  7.32022 	Dead: 0
7.76996   0.048582    0.246625  7.32022 	Dead: 0
7.74965   0.0525931   0.266987  7.32022 	Dead: 0
7.72325   0.0438576   0.222641  7.32022 	Dead: 0
7.70926   0.0458371   0.232691  7.32022 	Dead: 0
7.76479   0.0560975   0.284777  7.32022 	Dead: 0
7.73917   0.0463403   0.235245  7.32022 	Dead: 0
7.72791   0.0447975   0.227413  7.32022 	Dead: 0
7.72485   0.0465517   0.236318  7.32022 	Dead: 0
7.71891   0.0456838   0.231912  7.32022 	Dead: 0
7.71411   0.0455217   0.231089  7.32022 	Dead: 0
7.74254   0.0528677   0.268381  7.32022 	Dead: 0
7.70939   0.0445964   0.226392  7.32022 	Dead: 0
7.68825   0.0411463   0.208878  7.32022 	Dead: 0
7.74603   0.0500146   0.253897  7.32022 	Dead: 0
7.72071   0.0458677   0.232846  7.32022 	Dead: 0
7.73067   0.0529856   0.26898   7.32022 	Dead: 0
7.70954   0.0511173   0.259495  7.21434 	Dead: 0
7.71173   0.0431887   0.219246  7.21434 	Dead: 0
7.72364   0.049174    0.24963   7.21434 	Dead: 0
7.70591   0.0444717   0.225759  7.21434 	Dead: 0
7.71234   0.0508742   0.258261  7.21434 	Dead: 0
7.69973   0.0461433   0.234245  7.21434 	Dead: 0
7.69407   0.0454826   0.230891  7.21434 	Dead: 0
7.71614   0.0480747   0.24405   7.21434 	Dead: 0
7.71232   0.0461405   0.234231  7.21434 	Dead: 0
7.68124   0.0424552   0.215523  7.21434 	Dead: 0
7.72897   0.0479216   0.243272  7.21434 	Dead: 0
7.69447   0.0477145   0.242221  7.21434 	Dead: 0
7.69492   0.0431129   0.218861  7.21434 	Dead: 0
7.7108    0.0477241   0.24227   7.21434 	Dead: 0
7.71044   0.0573813   0.291294  7.21434 	Dead: 0
7.73162   0.0574041   0.29141   7.21434 	Dead: 0
7.69305   0.0527228   0.267645  7.21434 	Dead: 0
7.65621   0.0532994   0.270573  7.21434 	Dead: 0
7.61135   0.0475576   0.241424  7.21434 	Dead: 0
7.58002   0.0419142   0.212776  7.21434 	Dead: 0
7.57989   0.0424313   0.215401  7.21434 	Dead: 0
7.5846    0.0486298   0.246867  7.21041 	Dead: 0
7.55379   0.0459639   0.233334  7.21041 	Dead: 0
7.55297   0.0507768   0.257767  7.21041 	Dead: 0
7.53776   0.0422669   0.214566  7.21041 	Dead: 0
7.52061   0.0413833   0.210081  7.21041 	Dead: 0
7.54613   0.0487529   0.247492  7.19785 	Dead: 0
7.50745   0.0456234   0.231606  7.15361 	Dead: 0
7.50273   0.0405226   0.205712  7.15361 	Dead: 0
7.54773   0.0534193   0.271181  7.15361 	Dead: 0
7.54663   0.0661742   0.335931  7.10964 	Dead: 0
7.5093    0.0462878   0.234978  7.10964 	Dead: 0
7.49263   0.0455933   0.231453  7.10964 	Dead: 0
7.48936   0.0501156   0.25441   7.10964 	Dead: 0
7.46859   0.0427308   0.216921  7.10964 	Dead: 0
7.4805    0.0474607   0.240933  7.10964 	Dead: 0
7.51801   0.0531268   0.269696  7.07185 	Dead: 0
7.47834   0.0495736   0.251659  7.07185 	Dead: 0
7.46191   0.0496568   0.252081  7.07185 	Dead: 0
7.44677   0.045088    0.228888  7.07185 	Dead: 0
7.46128   0.0476933   0.242114  7.07185 	Dead: 0
7.43804   0.0456205   0.231591  7.02036 	Dead: 0
7.44808   0.044958    0.228228  7.02036 	Dead: 0
7.43444   0.0453195   0.230063  7.02036 	Dead: 0
7.44415   0.0437966   0.222332  7.02036 	Dead: 0
7.42013   0.0496904   0.252252  7.02036 	Dead: 0
7.42574   0.0447365   0.227104  7.02036 	Dead: 0
7.42626   0.0427349   0.216942  7.02036 	Dead: 0
7.41334   0.0459482   0.233254  7.02036 	Dead: 0
7.42676   0.0469348   0.238263  7.02036 	Dead: 0
7.4239    0.0474803   0.241032  7.02036 	Dead: 0
7.41712   0.0488887   0.248182  7.02036 	Dead: 0
7.41019   0.0471923   0.23957   7.02036 	Dead: 0
7.44095   0.0517248   0.262579  7.02036 	Dead: 0
7.40884   0.0443592   0.225188  7.02036 	Dead: 0
7.42392   0.0510746   0.259278  6.95543 	Dead: 0
7.44266   0.0520888   0.264427  6.95543 	Dead: 0
7.39707   0.04627     0.234888  6.95543 	Dead: 0
7.3983    0.0466638   0.236887  6.95543 	Dead: 0
7.4069    0.0526935   0.267497  6.95543 	Dead: 0
7.42897   0.0481351   0.244356  6.95543 	Dead: 0
7.39882   0.050143    0.254549  6.95543 	Dead: 0
7.40735   0.0476194   0.241738  6.95543 	Dead: 0
7.42093   0.0524179   0.266098  6.95543 	Dead: 0
7.3774    0.0464535   0.23582   6.95543 	Dead: 0
7.39232   0.0453936   0.230439  6.95543 	Dead: 0
7.41531   0.0483196   0.245293  6.95543 	Dead: 0
