8.08592   0.0895755   0.454727  6.99058 	Dead: 0
6.80253   0.0511781   0.259804  6.28329 	Dead: 0
6.62883   0.0601305   0.30525   5.9754  	Dead: 0
6.48955   0.0783542   0.397763  5.9754  	Dead: 0
6.35275   0.0682157   0.346295  5.9059  	Dead: 0
6.36591   0.0725361   0.368227  5.7757  	Dead: 0
6.31188   0.0627147   0.318369  5.7757  	Dead: 0
6.27585   0.0758464   0.385032  5.75202 	Dead: 0
6.25036   0.0669885   0.340065  5.75202 	Dead: 0
6.28694   0.0816982   0.414738  5.56379 	Dead: 0
6.19347   0.0828359   0.420514  5.56379 	Dead: 0
6.12383   0.0779967   0.395948  5.55201 	Dead: 0
6.11949   0.078693    0.399482  5.49479 	Dead: 0
6.04946   0.0803872   0.408083  5.38494 	Dead: 0
6.01403   0.071288    0.361891  5.38494 	Dead: 0
6.02754   0.0841462   0.427165  5.38494 	Dead: 0
5.9799    0.0771654   0.391728  5.38494 	Dead: 0
6.01635   0.0794693   0.403423  5.38494 	Dead: 0
5.95413   0.0736904   0.374087  5.31471 	Dead: 0
6.01385   0.0884088   0.448804  5.31471 	Dead: 0
5.95283   0.0798935   0.405577  5.31471 	Dead: 0
5.93692   0.0746627   0.379023  5.31471 	Dead: 0
5.92537   0.0817436   0.414969  5.31471 	Dead: 0
5.91985   0.0826633   0.419638  5.31471 	Dead: 0
5.95675   0.087524    0.444313  5.31471 	Dead: 0
5.90037   0.0780593   0.396266  5.2474  	Dead: 0
5.89703   0.0790971   0.401534  5.2474  	Dead: 0
5.86344   0.0762849   0.387258  5.2474  	Dead: 0
5.91594   0.0853749   0.433403  5.21882 	Dead: 0
5.85968   0.0859109   0.436124  5.15324 	Dead: 0
5.88029   0.0860838   0.437002  5.05844 	Dead: 0
5.83605   0.0846072   0.429506  5.05844 	Dead: 0
5.84646   0.075072    0.3811    5.05844 	Dead: 0
5.83841   0.0875057   0.44422   5.05844 	Dead: 0
5.82675   0.082686    0.419753  5.05844 	Dead: 0
5.86705   0.0886305   0.44993   5.05844 	Dead: 0
5.83683   0.0885762   0.449654  5.05844 	Dead: 0
5.79535   0.0834827   0.423797  5.05844 	Dead: 0
5.86923   0.0898686   0.456215  5.05844 	Dead: 0
5.87201   0.0842914   0.427902  5.05844 	Dead: 0
5.87841   0.0904353   0.459092  5.05844 	Dead: 0
5.86928   0.0908336   0.461114  5.05844 	Dead: 0
5.84636   0.0838414   0.425618  5.05844 	Dead: 0
5.81204   0.0850328   0.431666  5.05844 	Dead: 0
5.77363   0.0761833   0.386742  5.05844 	Dead: 0
5.79247   0.0798881   0.405549  5.05844 	Dead: 0
5.80858   0.0779925   0.395926  5.05844 	Dead: 0
5.85888   0.0838405   0.425614  5.05844 	Dead: 0
5.79664   0.078785    0.399949  5.05844 	Dead: 0
5.82857   0.0842912   0.427901  5.05844 	Dead: 0
5.79906   0.0829961   0.421327  5.05844 	Dead: 0
5.81584   0.0870107   0.441707  5.05844 	Dead: 0
5.85404   0.0886966   0.450265  5.05844 	Dead: 0
5.78458   0.0851953   0.432491  5.05844 	Dead: 0
5.78855   0.0813739   0.413092  5.05844 	Dead: 0
5.76773   0.0798587   0.4054    5.05844 	Dead: 0
5.80801   0.0889686   0.451646  5.05844 	Dead: 0
5.7944    0.0826988   0.419818  5.05844 	Dead: 0
5.74951   0.0883663   0.448589  5.05844 	Dead: 0
5.79122   0.0797403   0.404799  5.05844 	Dead: 0
5.79174   0.0895238   0.454465  5.05844 	Dead: 0
5.76801   0.0813183   0.41281   5.05844 	Dead: 0
5.73763   0.0740119   0.375719  5.05844 	Dead: 0
5.74813   0.0770103   0.39094   5.05844 	Dead: 0
5.79981   0.0950549   0.482543  5.05844 	Dead: 0
5.77313   0.0851192   0.432105  5.05844 	Dead: 0
5.82929   0.10323     0.524042  5.05844 	Dead: 0
5.7733    0.0799893   0.406063  5.05844 	Dead: 0
5.74736   0.0810263   0.411327  5.05844 	Dead: 0
5.8072    0.0955495   0.485054  5.05844 	Dead: 0
5.71999   0.0821053   0.416805  5.05844 	Dead: 0
5.76576   0.085321    0.433129  5.05844 	Dead: 0
5.78849   0.084338    0.428139  5.05844 	Dead: 0
5.70392   0.0764284   0.387986  5.05844 	Dead: 0
5.74993   0.0860967   0.437067  5.04424 	Dead: 0
5.75153   0.0880205   0.446833  5.04424 	Dead: 0
5.77129   0.0926364   0.470266  5.04424 	Dead: 0
5.81055   0.0973932   0.494413  5.04424 	Dead: 0
5.75553   0.0937877   0.47611   5.04424 	Dead: 0
5.76419   0.0860254   0.436705  5.04424 	Dead: 0
5.74823   0.0847789   0.430377  5.04424 	Dead: 0
5.7298    0.0835224   0.423999  5.03036 	Dead: 0
5.78014   0.0911287   0.462612  5.03036 	Dead: 0
5.75529   0.0892253   0.452949  5.03036 	Dead: 0
5.74874   0.0926943   0.470559  5.03036 	Dead: 0
5.6701    0.0847943   0.430456  5.03036 	Dead: 0
5.69658   0.0834842   0.423805  5.03036 	Dead: 0
5.77045   0.0932289   0.473273  5.03036 	Dead: 0
5.70081   0.0863061   0.43813   5.03036 	Dead: 0
5.70798   0.0929583   0.4719    5.03036 	Dead: 0
5.74117   0.0956495   0.485562  5.03036 	Dead: 0
5.75134   0.100066    0.507983  5.00993 	Dead: 0
5.70356   0.0905859   0.459856  5.00993 	Dead: 0
5.68657   0.0798748   0.405482  5.00993 	Dead: 0
5.72413   0.0914365   0.464174  5.00993 	Dead: 0
5.68384   0.0853001   0.433023  5.00993 	Dead: 0
5.70899   0.0844907   0.428914  4.90268 	Dead: 0
5.7409    0.0851122   0.432069  4.90268 	Dead: 0
5.71952   0.0858743   0.435938  4.90268 	Dead: 0
5.69453   0.0874494   0.443934  4.90268 	Dead: 0
5.68572   0.0916773   0.465397  4.90268 	Dead: 0
