8.46284   0.119956    0.608954  7.36131 	Dead: 0
5.99807   0.0377805   0.191792  5.48145 	Dead: 0
4.51004   0.0511187   0.259502  3.92074 	Dead: 0
3.53321   0.0552337   0.280392  3.19469 	Dead: 0
3.12706   0.0388857   0.197402  2.79338 	Dead: 0
2.95811   0.0361821   0.183677  2.70863 	Dead: 0
2.80034   0.0403224   0.204695  2.59244 	Dead: 0
2.71925   0.0375329   0.190534  2.47965 	Dead: 0
2.55149   0.03667     0.186154  2.31255 	Dead: 0
2.49544   0.0327171   0.166087  2.31128 	Dead: 0
2.52219   0.0461417   0.234237  2.26245 	Dead: 0
2.45748   0.0360632   0.183073  2.25685 	Dead: 0
2.44349   0.0349171   0.177255  2.25685 	Dead: 0
2.44684   0.0418123   0.212259  2.23842 	Dead: 0
2.41938   0.0348476   0.176903  2.20911 	Dead: 0
2.43484   0.042635    0.216435  2.20911 	Dead: 0
2.42171   0.0468283   0.237723  2.20911 	Dead: 0
2.45084   0.0518089   0.263006  2.18376 	Dead: 0
2.40319   0.0450554   0.228722  2.17346 	Dead: 0
2.37433   0.0408247   0.207245  2.17346 	Dead: 0
2.33056   0.0337529   0.171346  2.15413 	Dead: 0
2.36046   0.0513117   0.260482  2.08248 	Dead: 0
2.20494   0.0328216   0.166618  1.96595 	Dead: 0
2.1756    0.0509369   0.25858   1.85613 	Dead: 0
2.14037   0.0425435   0.215971  1.85613 	Dead: 0
2.13635   0.0462838   0.234958  1.85613 	Dead: 0
2.12862   0.0433316   0.219971  1.85613 	Dead: 0
2.12772   0.0634268   0.321984  1.85613 	Dead: 0
2.1227    0.0510622   0.259215  1.84146 	Dead: 0
2.08895   0.0548689   0.27854   1.82448 	Dead: 0
2.08776   0.0513465   0.260659  1.82448 	Dead: 0
2.06145   0.0417294   0.211838  1.82448 	Dead: 0
2.07512   0.0502358   0.25502   1.82448 	Dead: 0
2.06394   0.042878    0.217669  1.82448 	Dead: 0
2.09385   0.055242    0.280434  1.82448 	Dead: 0
2.07347   0.0506015   0.256877  1.82448 	Dead: 0
2.07762   0.0478279   0.242797  1.82448 	Dead: 0
2.0191    0.0303573   0.154108  1.81549 	Dead: 0
2.0599    0.0511432   0.259627  1.81549 	Dead: 0
2.03437   0.0498124   0.252871  1.81549 	Dead: 0
2.04312   0.0445515   0.226164  1.81549 	Dead: 0
2.05318   0.0533649   0.270905  1.77952 	Dead: 0
2.01676   0.0439998   0.223364  1.77952 	Dead: 0
1.98871   0.0390007   0.197986  1.77952 	Dead: 0
2.03507   0.0539595   0.273924  1.77952 	Dead: 0
2.02674   0.0516902   0.262403  1.77952 	Dead: 0
1.98909   0.0342764   0.174003  1.77952 	Dead: 0
1.99875   0.0497421   0.252514  1.77952 	Dead: 0
2.00882   0.0520529   0.264245  1.77952 	Dead: 0
2.05504   0.0646829   0.328361  1.77952 	Dead: 0
1.97801   0.0417726   0.212057  1.77952 	Dead: 0
2.00369   0.0482701   0.245042  1.77952 	Dead: 0
1.99948   0.0498809   0.253219  1.77952 	Dead: 0
2.00933   0.0539415   0.273832  1.77952 	Dead: 0
2.00142   0.0509195   0.258491  1.77952 	Dead: 0
1.97228   0.0464628   0.235867  1.77952 	Dead: 0
1.95363   0.0384923   0.195405  1.77952 	Dead: 0
1.9881    0.04921     0.249813  1.77296 	Dead: 0
1.98232   0.0521975   0.264979  1.76444 	Dead: 0
2.0132    0.0564779   0.286708  1.76265 	Dead: 0
2.00455   0.0530379   0.269245  1.75816 	Dead: 0
1.93989   0.0364667   0.185122  1.75816 	Dead: 0
1.98345   0.0476269   0.241776  1.75816 	Dead: 0
1.94479   0.0358987   0.182238  1.75816 	Dead: 0
1.97199   0.0465807   0.236465  1.75816 	Dead: 0
1.9993    0.0562439   0.28552   1.75816 	Dead: 0
1.97308   0.0454477   0.230714  1.75428 	Dead: 0
1.96658   0.0457164   0.232078  1.75428 	Dead: 0
1.97818   0.0568111   0.288399  1.75428 	Dead: 0
1.96371   0.0443947   0.225368  1.73297 	Dead: 0
1.97576   0.05225     0.265245  1.73297 	Dead: 0
1.9774    0.0554234   0.281355  1.73297 	Dead: 0
1.89978   0.0347881   0.176601  1.73297 	Dead: 0
1.94857   0.0495518   0.251548  1.72918 	Dead: 0
1.94335   0.0498227   0.252923  1.72918 	Dead: 0
1.94281   0.0504357   0.256035  1.71506 	Dead: 0
1.94001   0.0543426   0.275868  1.71506 	Dead: 0
1.95281   0.0514732   0.261302  1.71506 	Dead: 0
1.94741   0.0514949   0.261412  1.6881  	Dead: 0
1.9502    0.0543715   0.276015  1.6881  	Dead: 0
1.91577   0.053772    0.272972  1.6881  	Dead: 0
1.91082   0.0435321   0.220989  1.6881  	Dead: 0
1.9305    0.0524801   0.266414  1.65483 	Dead: 0
1.97873   0.0562948   0.285779  1.65483 	Dead: 0
1.92589   0.0520428   0.264194  1.65483 	Dead: 0
1.92138   0.0522988   0.265493  1.65483 	Dead: 0
1.89761   0.047181    0.239513  1.65483 	Dead: 0
1.90835   0.0481293   0.244327  1.65483 	Dead: 0
1.95558   0.0648611   0.329265  1.65483 	Dead: 0
1.86051   0.0397425   0.201752  1.65483 	Dead: 0
1.8573    0.0417375   0.211879  1.59067 	Dead: 0
1.8881    0.0538288   0.27326   1.59067 	Dead: 0
1.86807   0.0473964   0.240606  1.59067 	Dead: 0
1.84234   0.0417823   0.212106  1.59067 	Dead: 0
1.84673   0.0430447   0.218515  1.59067 	Dead: 0
1.85269   0.048724    0.247346  1.59067 	Dead: 0
1.84998   0.0586412   0.29769   1.59067 	Dead: 0
1.82075   0.0406322   0.206268  1.59067 	Dead: 0
1.8571    0.0566609   0.287637  1.5811  	Dead: 0
1.78884   0.0434096   0.220367  1.5811  	Dead: 0
1.8353    0.0497976   0.252796  1.58086 	Dead: 0
