6.27549   0.0492105   0.249816  5.75482 	Dead: 0
5.77194   0.0512652   0.260246  5.44225 	Dead: 0
5.6296    0.0389078   0.197514  5.32398 	Dead: 0
5.638     0.0566736   0.287701  5.2356  	Dead: 0
5.56588   0.0431456   0.219027  5.2356  	Dead: 0
5.56204   0.0458384   0.232697  5.18258 	Dead: 0
5.52338   0.0458392   0.232701  5.18258 	Dead: 0
5.56218   0.0549857   0.279133  5.18258 	Dead: 0
5.5779    0.0533644   0.270902  5.18258 	Dead: 0
5.55649   0.0439973   0.223351  5.18258 	Dead: 0
5.55615   0.0512686   0.260263  5.18258 	Dead: 0
5.5388    0.0518326   0.263126  5.06289 	Dead: 0
5.53267   0.0545891   0.27712   5.06289 	Dead: 0
5.53517   0.059806    0.303603  5.06289 	Dead: 0
5.56738   0.0643033   0.326434  5.06289 	Dead: 0
5.50164   0.0547497   0.277935  5.06289 	Dead: 0
5.48077   0.0606453   0.307864  5.06289 	Dead: 0
5.46597   0.051639    0.262144  5.06289 	Dead: 0
5.4779    0.0518153   0.263038  5.05601 	Dead: 0
5.43425   0.0492926   0.250232  5.05601 	Dead: 0
5.42388   0.0512944   0.260394  5.00394 	Dead: 0
5.43405   0.0515335   0.261608  5.00394 	Dead: 0
5.44207   0.0542      0.275145  5.00394 	Dead: 0
5.42492   0.0526252   0.26715   5.00394 	Dead: 0
5.47376   0.0582086   0.295494  5.00394 	Dead: 0
5.46657   0.062079    0.315142  5.00394 	Dead: 0
5.42844   0.0600151   0.304665  5.00394 	Dead: 0
5.41982   0.0516304   0.2621    5.00394 	Dead: 0
5.48126   0.0614125   0.311759  5.00394 	Dead: 0
5.40483   0.0517843   0.262881  4.99809 	Dead: 0
5.42108   0.0539687   0.27397   4.99809 	Dead: 0
5.39579   0.0535685   0.271939  4.99809 	Dead: 0
5.41422   0.0543002   0.275653  4.99809 	Dead: 0
5.48356   0.0716398   0.363677  4.99809 	Dead: 0
5.40854   0.0567686   0.288184  4.99809 	Dead: 0
5.3876    0.0537819   0.273022  4.99809 	Dead: 0
5.44099   0.0600159   0.304669  4.99809 	Dead: 0
5.4026    0.058387    0.2964    4.99809 	Dead: 0
5.45231   0.0675047   0.342686  4.99809 	Dead: 0
5.36821   0.0532727   0.270437  4.99809 	Dead: 0
5.38354   0.0588175   0.298585  4.98502 	Dead: 0
5.42667   0.0672048   0.341163  4.98502 	Dead: 0
5.42622   0.0581768   0.295333  4.98502 	Dead: 0
5.38016   0.0552109   0.280276  4.98502 	Dead: 0
5.36587   0.0499214   0.253425  4.98502 	Dead: 0
5.4046    0.0583246   0.296083  4.98502 	Dead: 0
5.37409   0.0575038   0.291916  4.98502 	Dead: 0
5.36783   0.0568953   0.288827  4.98502 	Dead: 0
5.38563   0.059863    0.303893  4.98502 	Dead: 0
5.39059   0.0584375   0.296656  4.98502 	Dead: 0
5.37113   0.0602511   0.305863  4.98502 	Dead: 0
5.40366   0.059733    0.303232  4.98502 	Dead: 0
5.38398   0.0533727   0.270945  4.98502 	Dead: 0
5.38769   0.0623229   0.31638   4.98502 	Dead: 0
5.36179   0.0552104   0.280274  4.98502 	Dead: 0
5.40541   0.064811    0.329011  4.98502 	Dead: 0
5.39017   0.063075    0.320198  4.98502 	Dead: 0
5.38905   0.0645716   0.327796  4.98502 	Dead: 0
5.36188   0.0584355   0.296646  4.98502 	Dead: 0
5.3865    0.0593014   0.301042  4.98502 	Dead: 0
5.37215   0.059416    0.301623  4.98502 	Dead: 0
5.41762   0.0619883   0.314682  4.98502 	Dead: 0
5.38072   0.0554692   0.281588  4.98502 	Dead: 0
5.37654   0.0536301   0.272252  4.98502 	Dead: 0
5.35603   0.0500314   0.253983  4.98502 	Dead: 0
5.38858   0.0573402   0.291086  4.98502 	Dead: 0
5.37355   0.0594769   0.301932  4.98502 	Dead: 0
5.38728   0.0540894   0.274583  4.98502 	Dead: 0
5.3908    0.0615456   0.312434  4.98502 	Dead: 0
5.38741   0.0608225   0.308764  4.98502 	Dead: 0
5.389     0.0581421   0.295156  4.98502 	Dead: 0
5.3665    0.0565122   0.286883  4.97481 	Dead: 0
5.36805   0.0552667   0.280559  4.97481 	Dead: 0
5.38993   0.0606667   0.307972  4.97481 	Dead: 0
5.39835   0.0675477   0.342904  4.97116 	Dead: 0
5.30841   0.0510977   0.259396  4.97116 	Dead: 0
5.34876   0.0613362   0.311371  4.97116 	Dead: 0
5.34311   0.0584882   0.296914  4.83413 	Dead: 0
5.36199   0.0588828   0.298917  4.83413 	Dead: 0
5.38785   0.0676633   0.34349   4.83413 	Dead: 0
5.36357   0.0652271   0.331123  4.83413 	Dead: 0
5.34871   0.066654    0.338367  4.83413 	Dead: 0
5.37128   0.0689944   0.350248  4.83413 	Dead: 0
5.35793   0.0642903   0.326368  4.83413 	Dead: 0
5.33956   0.0591936   0.300494  4.83413 	Dead: 0
5.32703   0.0610781   0.310061  4.83413 	Dead: 0
5.32405   0.0629202   0.319412  4.83413 	Dead: 0
5.33018   0.0681519   0.345971  4.83413 	Dead: 0
5.34921   0.0633164   0.321423  4.83413 	Dead: 0
5.2869    0.0529929   0.269017  4.83413 	Dead: 0
5.33113   0.0636757   0.323247  4.83413 	Dead: 0
5.29841   0.0565259   0.286952  4.83413 	Dead: 0
5.3207    0.0641734   0.325774  4.83413 	Dead: 0
5.34808   0.0624866   0.317211  4.83413 	Dead: 0
5.26385   0.0513146   0.260497  4.83413 	Dead: 0
5.32653   0.0601474   0.305336  4.83413 	Dead: 0
5.32834   0.0656655   0.333348  4.83413 	Dead: 0
5.35447   0.0637813   0.323783  4.83413 	Dead: 0
5.29967   0.0618855   0.31416   4.83413 	Dead: 0
5.30697   0.0657343   0.333698  4.83413 	Dead: 0
5.30671   0.0638349   0.324056  4.83413 	Dead: 0
