7.31494   0.127879    0.649176  5.44451 	Dead: 0
4.52291   0.0358007   0.181741  4.20344 	Dead: 0
4.31711   0.0287623   0.146011  4.07107 	Dead: 0
4.15656   0.0340955   0.173084  3.89642 	Dead: 0
4.07381   0.0312956   0.158871  3.71917 	Dead: 0
3.97716   0.0327293   0.166149  3.69706 	Dead: 0
3.93129   0.0420561   0.213496  3.65989 	Dead: 0
3.84406   0.0357638   0.181553  3.59057 	Dead: 0
3.85846   0.0434742   0.220696  3.50324 	Dead: 0
3.82135   0.0381004   0.193416  3.50324 	Dead: 0
3.7809    0.0348237   0.176781  3.42499 	Dead: 0
3.75692   0.0389892   0.197927  3.42499 	Dead: 0
3.72481   0.0358314   0.181897  3.37009 	Dead: 0
3.71133   0.0405371   0.205785  3.37009 	Dead: 0
3.70143   0.0434082   0.22036   3.37009 	Dead: 0
3.69618   0.0381583   0.193709  3.35343 	Dead: 0
3.67949   0.0398016   0.202052  3.35343 	Dead: 0
3.66162   0.0366165   0.185883  3.26748 	Dead: 0
3.68046   0.0415965   0.211163  3.26748 	Dead: 0
3.64454   0.0394877   0.200458  3.26748 	Dead: 0
3.64212   0.0415695   0.211026  3.26748 	Dead: 0
3.65759   0.0451497   0.229201  3.26748 	Dead: 0
3.6585    0.0466054   0.236591  3.26748 	Dead: 0
3.65893   0.0546602   0.277481  3.26748 	Dead: 0
3.6897    0.052595    0.266997  3.26748 	Dead: 0
3.64159   0.0457804   0.232403  3.26748 	Dead: 0
3.65135   0.0438045   0.222372  3.26748 	Dead: 0
3.66301   0.0453908   0.230425  3.26748 	Dead: 0
3.63461   0.0428605   0.21758   3.26748 	Dead: 0
3.67936   0.052965    0.268875  3.26748 	Dead: 0
3.64885   0.0437274   0.221981  3.26748 	Dead: 0
3.64336   0.0468635   0.237901  3.26748 	Dead: 0
3.66305   0.048619    0.246813  3.26748 	Dead: 0
3.63211   0.0464068   0.235582  3.26748 	Dead: 0
3.6187    0.0415959   0.21116   3.26748 	Dead: 0
3.65519   0.0469638   0.23841   3.26748 	Dead: 0
3.6546    0.0456839   0.231913  3.26748 	Dead: 0
3.64142   0.0465106   0.23611   3.26748 	Dead: 0
3.61454   0.0447933   0.227392  3.26748 	Dead: 0
3.62741   0.044045    0.223593  3.26748 	Dead: 0
3.65111   0.0521195   0.264583  3.26748 	Dead: 0
3.64172   0.0480966   0.244161  3.26748 	Dead: 0
3.64227   0.0445172   0.22599   3.26748 	Dead: 0
3.62076   0.044346    0.225121  3.26748 	Dead: 0
3.61737   0.0414818   0.210581  3.26748 	Dead: 0
3.6355    0.04754     0.241335  3.26748 	Dead: 0
3.63829   0.0459764   0.233398  3.26748 	Dead: 0
3.63742   0.0433242   0.219934  3.26748 	Dead: 0
3.64984   0.0501161   0.254413  3.26748 	Dead: 0
3.61812   0.0470212   0.238702  3.21743 	Dead: 0
3.59937   0.0424477   0.215484  3.21743 	Dead: 0
3.58751   0.0390171   0.198069  3.21743 	Dead: 0
3.61858   0.0487826   0.247643  3.21743 	Dead: 0
3.59359   0.0450208   0.228546  3.21743 	Dead: 0
3.60373   0.0448485   0.227672  3.21743 	Dead: 0
3.61681   0.0507847   0.257807  3.21743 	Dead: 0
3.58042   0.0433584   0.220107  3.21743 	Dead: 0
3.60458   0.0553658   0.281063  3.21743 	Dead: 0
3.57668   0.0463721   0.235407  3.21743 	Dead: 0
3.60018   0.046683    0.236985  3.21743 	Dead: 0
3.60687   0.0538196   0.273213  3.21743 	Dead: 0
3.58455   0.0502918   0.255305  3.21743 	Dead: 0
3.57036   0.0468235   0.237698  3.21743 	Dead: 0
3.57977   0.0501119   0.254391  3.21743 	Dead: 0
3.56272   0.042492    0.215709  3.21743 	Dead: 0
3.57456   0.0473988   0.240619  3.21743 	Dead: 0
3.56468   0.0499029   0.25333   3.21743 	Dead: 0
3.57674   0.0446537   0.226683  3.21743 	Dead: 0
3.57865   0.0470588   0.238892  3.21743 	Dead: 0
3.55244   0.0391208   0.198596  3.21743 	Dead: 0
3.58264   0.0513726   0.260791  3.21743 	Dead: 0
3.58118   0.0484126   0.245765  3.21743 	Dead: 0
3.54956   0.0443475   0.225129  3.21743 	Dead: 0
3.56837   0.0463723   0.235408  3.21743 	Dead: 0
3.57531   0.0510246   0.259025  3.21743 	Dead: 0
3.54866   0.03879     0.196916  3.21743 	Dead: 0
3.55936   0.0411566   0.20893   3.21743 	Dead: 0
3.56211   0.0436055   0.221362  3.21743 	Dead: 0
3.57239   0.0513446   0.260649  3.21743 	Dead: 0
3.56652   0.0465132   0.236123  3.21743 	Dead: 0
3.57056   0.0452445   0.229682  3.21743 	Dead: 0
3.53757   0.0378362   0.192074  3.21743 	Dead: 0
3.58894   0.0475883   0.24158   3.21743 	Dead: 0
3.58286   0.0463547   0.235318  3.20235 	Dead: 0
3.54727   0.0433852   0.220244  3.20235 	Dead: 0
3.54176   0.0457      0.231995  3.20235 	Dead: 0
3.56008   0.0503885   0.255795  3.20235 	Dead: 0
3.56631   0.0493826   0.250689  3.20235 	Dead: 0
3.5538    0.0469632   0.238407  3.20235 	Dead: 0
3.5713    0.044228    0.224522  3.20235 	Dead: 0
3.58218   0.0480582   0.243966  3.20235 	Dead: 0
3.558     0.049007    0.248782  3.20235 	Dead: 0
3.53784   0.0442047   0.224404  3.20235 	Dead: 0
3.52604   0.0433324   0.219976  3.20235 	Dead: 0
3.54506   0.0454928   0.230943  3.18335 	Dead: 0
3.54391   0.0485748   0.246588  3.18335 	Dead: 0
3.54303   0.0492705   0.25012   3.18335 	Dead: 0
3.5721    0.0507926   0.257847  3.18335 	Dead: 0
3.52606   0.0481096   0.244227  3.18335 	Dead: 0
3.52369   0.0449676   0.228276  3.18335 	Dead: 0
3.52029   0.0483612   0.245504  3.18335 	Dead: 0
