11.6919   0.119026    0.60423   10.4827 	Dead: 0
10.3869   0.0614007   0.311699  9.72477 	Dead: 0
10.2982   0.0743677   0.377525  9.72477 	Dead: 0
10.1151   0.0630809   0.320228  9.51122 	Dead: 0
10.035    0.0539644   0.273948  9.51122 	Dead: 0
10.0129   0.0532851   0.2705    9.46514 	Dead: 0
9.9799    0.0579376   0.294118  9.46174 	Dead: 0
9.93212   0.0565298   0.286972  9.4285  	Dead: 0
10.0118   0.0677141   0.343748  9.39998 	Dead: 0
9.94373   0.0646448   0.328167  9.39998 	Dead: 0
9.9085    0.0606115   0.307692  9.39998 	Dead: 0
9.91761   0.0579435   0.294148  9.39998 	Dead: 0
9.86778   0.0568375   0.288534  9.39998 	Dead: 0
9.87946   0.0638533   0.324149  9.39998 	Dead: 0
9.91284   0.0621725   0.315617  9.39998 	Dead: 0
9.89823   0.065461    0.33231   9.32294 	Dead: 0
9.87594   0.0639019   0.324396  9.32294 	Dead: 0
9.86137   0.0605715   0.307489  9.32294 	Dead: 0
9.86388   0.0637963   0.32386   9.32294 	Dead: 0
9.86208   0.057848    0.293664  9.32294 	Dead: 0
9.80539   0.0553666   0.281067  9.32294 	Dead: 0
9.86422   0.0667575   0.338892  9.32294 	Dead: 0
9.82044   0.065447    0.33224   9.32294 	Dead: 0
9.85881   0.0668477   0.33935   9.31455 	Dead: 0
9.83133   0.0611689   0.310522  9.21616 	Dead: 0
9.82847   0.0688881   0.349708  9.21616 	Dead: 0
9.77465   0.0689579   0.350063  9.21379 	Dead: 0
9.7301    0.0761332   0.386488  9.14885 	Dead: 0
9.64538   0.0685276   0.347878  9.02932 	Dead: 0
9.71651   0.0830873   0.42179   9.02932 	Dead: 0
9.71055   0.0858688   0.43591   9.02932 	Dead: 0
9.64999   0.0874343   0.443857  9.02932 	Dead: 0
9.62191   0.0765233   0.388468  9.02932 	Dead: 0
9.65591   0.0916867   0.465445  8.58909 	Dead: 0
9.67892   0.0904702   0.459269  8.58909 	Dead: 0
9.61985   0.0849437   0.431214  8.58909 	Dead: 0
9.63897   0.0885967   0.449758  8.58909 	Dead: 0
9.62292   0.0830353   0.421526  8.58909 	Dead: 0
9.62246   0.0858637   0.435884  8.58909 	Dead: 0
9.63801   0.0883204   0.448356  8.58909 	Dead: 0
9.60654   0.0879961   0.446709  8.58909 	Dead: 0
9.68075   0.0883448   0.448479  8.58909 	Dead: 0
9.64235   0.0881894   0.44769   8.58909 	Dead: 0
9.64683   0.0891561   0.452598  8.58909 	Dead: 0
9.62493   0.0957009   0.485822  8.58909 	Dead: 0
9.64482   0.0937174   0.475753  8.58909 	Dead: 0
9.65819   0.100713    0.511269  8.58909 	Dead: 0
9.64706   0.0937778   0.47606   8.58909 	Dead: 0
9.61767   0.0900216   0.456992  8.58909 	Dead: 0
9.65023   0.100641    0.5109    8.58909 	Dead: 0
9.62329   0.0898782   0.456264  8.58909 	Dead: 0
9.574     0.0894497   0.454089  8.58909 	Dead: 0
9.64025   0.103062    0.52319   8.58909 	Dead: 0
9.57803   0.0881544   0.447513  8.58909 	Dead: 0
9.61212   0.0969955   0.492394  8.58909 	Dead: 0
9.63061   0.09859     0.500489  8.58909 	Dead: 0
9.58327   0.0907981   0.460934  8.58909 	Dead: 0
9.56161   0.0883667   0.448591  8.58909 	Dead: 0
9.58322   0.0884352   0.448938  8.58909 	Dead: 0
9.6114    0.0931034   0.472636  8.58909 	Dead: 0
9.61059   0.0955309   0.484959  8.58909 	Dead: 0
9.66866   0.105829    0.537239  8.58909 	Dead: 0
9.57134   0.0913909   0.463943  8.58909 	Dead: 0
9.65427   0.0998387   0.506828  8.58909 	Dead: 0
9.5899    0.106221    0.539229  8.58909 	Dead: 0
9.58951   0.0984127   0.499589  8.58909 	Dead: 0
9.63401   0.104055    0.528232  8.58909 	Dead: 0
9.63943   0.0938319   0.476335  8.58909 	Dead: 0
9.60625   0.0939509   0.476938  8.58909 	Dead: 0
9.59627   0.0968993   0.491906  8.58909 	Dead: 0
9.56697   0.093054    0.472385  8.58909 	Dead: 0
9.59411   0.0949042   0.481778  8.58909 	Dead: 0
9.63854   0.1016      0.515768  8.58909 	Dead: 0
9.60049   0.0894901   0.454293  8.58909 	Dead: 0
9.60685   0.0925973   0.470067  8.58909 	Dead: 0
9.59945   0.100797    0.511691  8.58909 	Dead: 0
9.55584   0.0889274   0.451437  8.58909 	Dead: 0
9.58783   0.0886938   0.450251  8.58909 	Dead: 0
9.64866   0.0948766   0.481638  8.58909 	Dead: 0
9.60934   0.092729    0.470736  8.58909 	Dead: 0
9.59595   0.0930358   0.472293  8.58909 	Dead: 0
9.66422   0.106048    0.53835   8.58909 	Dead: 0
9.56816   0.0894348   0.454013  8.58909 	Dead: 0
9.6116    0.0958081   0.486366  8.58909 	Dead: 0
9.64658   0.106241    0.539329  8.58909 	Dead: 0
9.6034    0.0918147   0.466094  8.58909 	Dead: 0
9.59224   0.0991768   0.503468  8.58909 	Dead: 0
9.62777   0.0996657   0.50595   8.58909 	Dead: 0
9.57119   0.0968701   0.491758  8.58909 	Dead: 0
9.58591   0.0929399   0.471806  8.58909 	Dead: 0
9.61117   0.0999223   0.507252  8.58909 	Dead: 0
9.60858   0.100565    0.510513  8.58909 	Dead: 0
9.60981   0.0971601   0.49323   8.58909 	Dead: 0
9.6352    0.0960546   0.487618  8.58909 	Dead: 0
9.57209   0.0912242   0.463097  8.58909 	Dead: 0
9.58466   0.0889367   0.451484  8.58909 	Dead: 0
9.59783   0.104759    0.531805  8.58909 	Dead: 0
9.56764   0.091376    0.463867  8.58909 	Dead: 0
9.57497   0.0887064   0.450315  8.58909 	Dead: 0
9.528     0.0847758   0.430362  8.58909 	Dead: 0
9.52238   0.0918283   0.466163  8.58909 	Dead: 0
