17.8579   0.0705526   0.358158  17.1045 	Dead: 0
16.1166   0.029659    0.150563  15.8152 	Dead: 0
15.9995   0.0328559   0.166792  15.7032 	Dead: 0
15.8355   0.0334492   0.169804  15.5274 	Dead: 0
15.7502   0.0541534   0.274908  15.3862 	Dead: 0
15.6371   0.0275555   0.139884  15.3862 	Dead: 0
15.5843   0.0327761   0.166387  15.3474 	Dead: 0
15.5254   0.0294413   0.149458  15.3015 	Dead: 0
15.4509   0.0270689   0.137415  15.217  	Dead: 0
15.4258   0.0252063   0.127959  15.217  	Dead: 0
15.4348   0.0292091   0.148279  15.217  	Dead: 0
15.3901   0.0251892   0.127872  15.1773 	Dead: 0
15.3694   0.0257318   0.130627  15.1773 	Dead: 0
15.3801   0.0350025   0.177689  15.1018 	Dead: 0
15.358    0.0309456   0.157094  15.0412 	Dead: 0
15.327    0.0281776   0.143042  15.0231 	Dead: 0
15.3184   0.0328983   0.167007  15.0231 	Dead: 0
15.3068   0.02944     0.149451  15.0231 	Dead: 0
15.3192   0.0330618   0.167837  15.0231 	Dead: 0
15.2814   0.0318695   0.161784  15.0231 	Dead: 0
15.281    0.0366323   0.185963  15.0231 	Dead: 0
15.278    0.0314744   0.159779  15.0231 	Dead: 0
15.2675   0.0300508   0.152552  15.0231 	Dead: 0
15.2594   0.0312559   0.15867   15.0231 	Dead: 0
15.2348   0.0309933   0.157337  15.0231 	Dead: 0
15.2402   0.0285529   0.144948  15.0231 	Dead: 0
15.2268   0.0316989   0.160919  14.9245 	Dead: 0
15.1991   0.0300853   0.152727  14.9245 	Dead: 0
15.2184   0.0341154   0.173186  14.9245 	Dead: 0
15.1985   0.0279983   0.142133  14.9245 	Dead: 0
15.1832   0.0317862   0.161362  14.8821 	Dead: 0
15.1684   0.0281998   0.143155  14.8821 	Dead: 0
15.1677   0.0309304   0.157017  14.8821 	Dead: 0
15.1636   0.0299377   0.151978  14.8821 	Dead: 0
15.1558   0.0290251   0.147345  14.8757 	Dead: 0
15.134    0.029718    0.150863  14.8757 	Dead: 0
15.1403   0.0354666   0.180045  14.8172 	Dead: 0
15.0929   0.0256987   0.130458  14.8172 	Dead: 0
15.078    0.0307845   0.156277  14.8172 	Dead: 0
15.0637   0.0288801   0.146609  14.8172 	Dead: 0
15.0688   0.0318913   0.161895  14.8172 	Dead: 0
15.0639   0.0346851   0.176078  14.6825 	Dead: 0
15.0342   0.029615    0.15034   14.6825 	Dead: 0
15.0374   0.0364272   0.184922  14.6825 	Dead: 0
15.0179   0.0417976   0.212184  14.6825 	Dead: 0
14.9605   0.0308529   0.156624  14.6825 	Dead: 0
14.9721   0.0362146   0.183842  14.6825 	Dead: 0
14.9531   0.0334185   0.169648  14.6825 	Dead: 0
14.9593   0.0381291   0.193561  14.6571 	Dead: 0
14.9607   0.0331253   0.168159  14.6571 	Dead: 0
14.9528   0.0331049   0.168056  14.6571 	Dead: 0
14.9572   0.0344859   0.175067  14.6571 	Dead: 0
14.9585   0.0360066   0.182786  14.6571 	Dead: 0
14.972    0.0350285   0.177821  14.6571 	Dead: 0
14.9511   0.0351054   0.178211  14.6571 	Dead: 0
14.9675   0.0373793   0.189755  14.6571 	Dead: 0
14.9393   0.0334404   0.169759  14.6524 	Dead: 0
14.9476   0.0332337   0.16871   14.6524 	Dead: 0
14.948    0.0376756   0.191259  14.6524 	Dead: 0
14.948    0.0363084   0.184318  14.6524 	Dead: 0
14.9517   0.0359301   0.182398  14.6524 	Dead: 0
14.9522   0.0356421   0.180936  14.6524 	Dead: 0
14.9654   0.0385856   0.195878  14.6524 	Dead: 0
14.9205   0.0331245   0.168156  14.6524 	Dead: 0
14.9557   0.0412781   0.209547  14.6524 	Dead: 0
14.9454   0.0380272   0.193044  14.6524 	Dead: 0
14.9409   0.0378787   0.19229   14.5692 	Dead: 0
14.9391   0.0358877   0.182182  14.5692 	Dead: 0
14.951    0.0378534   0.192161  14.5692 	Dead: 0
14.9227   0.0357728   0.1816    14.5692 	Dead: 0
14.9499   0.0373877   0.189798  14.5692 	Dead: 0
14.9246   0.0392203   0.199101  14.5692 	Dead: 0
14.919    0.0375689   0.190717  14.5692 	Dead: 0
14.9005   0.036902    0.187332  14.5692 	Dead: 0
14.8976   0.0430378   0.21848   14.5692 	Dead: 0
14.8937   0.0352222   0.178804  14.5692 	Dead: 0
14.8977   0.0341238   0.173228  14.5692 	Dead: 0
14.891    0.0360425   0.182969  14.5692 	Dead: 0
14.8784   0.0341717   0.173471  14.5692 	Dead: 0
14.8852   0.0382772   0.194313  14.5692 	Dead: 0
14.8867   0.0352083   0.178734  14.5656 	Dead: 0
14.8714   0.0392924   0.199466  14.5656 	Dead: 0
14.8836   0.0359026   0.182258  14.5656 	Dead: 0
14.8688   0.0365554   0.185573  14.5656 	Dead: 0
14.874    0.0348268   0.176797  14.5656 	Dead: 0
14.8581   0.0361481   0.183504  14.514  	Dead: 0
14.8628   0.0368509   0.187072  14.514  	Dead: 0
14.8644   0.0365855   0.185725  14.514  	Dead: 0
14.8763   0.0392188   0.199093  14.514  	Dead: 0
14.8675   0.0378515   0.192152  14.514  	Dead: 0
14.8375   0.0322314   0.163622  14.514  	Dead: 0
14.8425   0.0355658   0.180548  14.514  	Dead: 0
14.8787   0.0430328   0.218455  14.514  	Dead: 0
14.8707   0.0376856   0.19131   14.514  	Dead: 0
14.8517   0.0398613   0.202354  14.514  	Dead: 0
14.8418   0.037706    0.191413  14.514  	Dead: 0
14.8516   0.0373212   0.18946   14.514  	Dead: 0
14.8381   0.0355415   0.180425  14.514  	Dead: 0
14.8281   0.0328637   0.166831  14.514  	Dead: 0
14.8414   0.036071    0.183113  14.514  	Dead: 0
14.8485   0.0338323   0.171749  14.514  	Dead: 0
