17.7721   0.0596159   0.302638  16.814  	Dead: 0
16.1304   0.026323    0.133628  15.7794 	Dead: 0
15.6572   0.0264443   0.134243  15.4447 	Dead: 0
15.5405   0.029133    0.147893  15.1583 	Dead: 0
15.3526   0.0309841   0.15729   15.0357 	Dead: 0
15.3257   0.0564365   0.286498  15.006  	Dead: 0
15.2529   0.0491138   0.249324  14.9208 	Dead: 0
15.2717   0.0642335   0.326079  14.9208 	Dead: 0
15.2302   0.0525026   0.266528  14.9208 	Dead: 0
15.1624   0.0310519   0.157634  14.9208 	Dead: 0
15.1773   0.0515439   0.261661  14.8359 	Dead: 0
15.1956   0.0576126   0.292469  14.8359 	Dead: 0
15.1291   0.0385498   0.195697  14.8359 	Dead: 0
15.14     0.0505667   0.2567    14.8359 	Dead: 0
15.1198   0.0430396   0.218489  14.7957 	Dead: 0
15.1053   0.0416157   0.211261  14.7957 	Dead: 0
15.0583   0.0327289   0.166147  14.6358 	Dead: 0
15.0818   0.0454034   0.230489  14.6358 	Dead: 0
15.0558   0.0381521   0.193678  14.6358 	Dead: 0
15.0227   0.0427366   0.216951  14.6358 	Dead: 0
14.9724   0.0359153   0.182323  14.6358 	Dead: 0
14.9802   0.039159    0.198789  14.6358 	Dead: 0
15.0256   0.0611099   0.310223  14.6358 	Dead: 0
14.9821   0.0548313   0.278349  14.6358 	Dead: 0
14.9794   0.0556191   0.282348  14.6358 	Dead: 0
14.9522   0.0465777   0.23645   14.6358 	Dead: 0
14.9462   0.0440295   0.223514  14.6358 	Dead: 0
14.9088   0.0341242   0.17323   14.6358 	Dead: 0
14.9511   0.0570513   0.289619  14.6358 	Dead: 0
14.9307   0.0459042   0.233031  14.6358 	Dead: 0
14.8957   0.0392994   0.199502  14.6079 	Dead: 0
14.8874   0.0460668   0.233857  14.5983 	Dead: 0
14.8659   0.0377499   0.191636  14.5983 	Dead: 0
14.8709   0.0385721   0.19581   14.5983 	Dead: 0
14.8708   0.0447482   0.227163  14.5983 	Dead: 0
14.8336   0.0414946   0.210646  14.5052 	Dead: 0
14.8125   0.0426843   0.216686  14.5052 	Dead: 0
14.8119   0.04254     0.215953  14.5052 	Dead: 0
14.8336   0.051425    0.261057  14.5052 	Dead: 0
14.8339   0.0607448   0.308369  14.5052 	Dead: 0
14.8076   0.0535083   0.271633  14.4352 	Dead: 0
14.8836   0.0799987   0.406111  14.4352 	Dead: 0
14.83     0.0599713   0.304442  14.4318 	Dead: 0
14.7856   0.0417508   0.211946  14.4318 	Dead: 0
14.7984   0.0573527   0.291149  14.4318 	Dead: 0
14.7792   0.0493321   0.250433  14.4318 	Dead: 0
14.7952   0.056106    0.28482   14.4318 	Dead: 0
14.7763   0.0578723   0.293787  14.4318 	Dead: 0
14.7686   0.04819     0.244635  14.4318 	Dead: 0
14.775    0.0494429   0.250995  14.4318 	Dead: 0
14.771    0.0488993   0.248236  14.4318 	Dead: 0
14.7948   0.0596286   0.302702  14.4318 	Dead: 0
14.784    0.0570938   0.289835  14.4318 	Dead: 0
14.7638   0.0509002   0.258393  14.4318 	Dead: 0
14.7522   0.0473614   0.240429  14.4295 	Dead: 0
14.7274   0.0386152   0.196029  14.4295 	Dead: 0
14.7367   0.0444576   0.225687  14.4295 	Dead: 0
14.7681   0.0574141   0.291461  14.4295 	Dead: 0
14.7763   0.057945    0.294156  14.4295 	Dead: 0
14.7648   0.048256    0.24497   14.4295 	Dead: 0
14.8004   0.0614683   0.312042  14.4295 	Dead: 0
14.7822   0.0619084   0.314276  14.4295 	Dead: 0
14.7787   0.0581463   0.295178  14.4295 	Dead: 0
14.7397   0.0516853   0.262379  14.4295 	Dead: 0
14.7452   0.0393323   0.199669  14.4295 	Dead: 0
14.7307   0.0457491   0.232244  14.4295 	Dead: 0
14.7658   0.0546981   0.277673  14.4295 	Dead: 0
14.7268   0.0386515   0.196213  14.4295 	Dead: 0
14.7711   0.0621654   0.315581  14.4295 	Dead: 0
14.7379   0.0447579   0.227212  14.4295 	Dead: 0
14.7555   0.0477199   0.242249  14.4295 	Dead: 0
14.7119   0.0405178   0.205687  14.397  	Dead: 0
14.7339   0.0538457   0.273346  14.397  	Dead: 0
14.7183   0.0454921   0.230939  14.397  	Dead: 0
14.7544   0.0539524   0.273887  14.397  	Dead: 0
14.7223   0.0447642   0.227244  14.397  	Dead: 0
14.7655   0.0592725   0.300895  14.397  	Dead: 0
14.7246   0.0419862   0.213142  14.397  	Dead: 0
14.7335   0.0476498   0.241893  14.397  	Dead: 0
14.7335   0.049023    0.248864  14.397  	Dead: 0
14.7511   0.0517761   0.26284   14.397  	Dead: 0
14.7727   0.0611819   0.310588  14.397  	Dead: 0
14.7493   0.0410162   0.208217  14.397  	Dead: 0
14.7446   0.0493566   0.250557  14.397  	Dead: 0
14.734    0.0531664   0.269897  14.397  	Dead: 0
14.7212   0.03589     0.182195  14.397  	Dead: 0
14.7452   0.0534995   0.271589  14.397  	Dead: 0
14.7305   0.048718    0.247315  14.397  	Dead: 0
14.7095   0.0355516   0.180476  14.397  	Dead: 0
14.725    0.0490797   0.249151  14.397  	Dead: 0
14.7298   0.0542761   0.275531  14.397  	Dead: 0
14.7481   0.0525641   0.26684   14.397  	Dead: 0
14.7      0.0383339   0.194601  14.397  	Dead: 0
14.7601   0.0606272   0.307772  14.397  	Dead: 0
14.7444   0.0604515   0.30688   14.397  	Dead: 0
14.7629   0.0584144   0.296539  14.397  	Dead: 0
14.7543   0.0529377   0.268737  14.397  	Dead: 0
14.7536   0.056854    0.288617  14.397  	Dead: 0
14.7359   0.0490493   0.248997  14.397  	Dead: 0
14.7384   0.0481283   0.244322  14.397  	Dead: 0
14.7557   0.0558387   0.283463  14.397  	Dead: 0
