7.78629   0.0725184   0.368137  6.95631 	Dead: 0
6.38206   0.0320181   0.162539  5.94881 	Dead: 0
6.03872   0.0417135   0.211757  5.56921 	Dead: 0
5.75949   0.0415622   0.210989  5.30837 	Dead: 0
5.61947   0.0440795   0.223768  5.26178 	Dead: 0
5.45241   0.0452376   0.229647  5.10665 	Dead: 0
5.33816   0.0367617   0.18662   5.01734 	Dead: 0
5.20142   0.0400118   0.203118  4.80169 	Dead: 0
5.10389   0.042761    0.217075  4.73157 	Dead: 0
5.06417   0.0406682   0.206451  4.73157 	Dead: 0
5.07111   0.0410715   0.208498  4.73157 	Dead: 0
5.00884   0.0411958   0.209129  4.63698 	Dead: 0
4.99673   0.0432049   0.219328  4.63052 	Dead: 0
4.90664   0.0397407   0.201742  4.58319 	Dead: 0
4.89283   0.0417532   0.211958  4.53017 	Dead: 0
4.88564   0.0442008   0.224384  4.53017 	Dead: 0
4.90331   0.0457218   0.232105  4.53017 	Dead: 0
4.88375   0.0463576   0.235333  4.47866 	Dead: 0
4.85302   0.0440797   0.223769  4.47866 	Dead: 0
4.83937   0.0453886   0.230414  4.46131 	Dead: 0
4.87744   0.0493517   0.250532  4.46131 	Dead: 0
4.79891   0.0456282   0.23163   4.41894 	Dead: 0
4.70566   0.0402609   0.204383  4.31278 	Dead: 0
4.66478   0.0475862   0.24157   4.28597 	Dead: 0
4.59499   0.0456421   0.231701  4.21978 	Dead: 0
4.5858    0.0485768   0.246598  4.21978 	Dead: 0
4.57896   0.0511193   0.259506  4.20891 	Dead: 0
4.56962   0.0447173   0.227006  4.20891 	Dead: 0
4.57347   0.0476716   0.242003  4.20891 	Dead: 0
4.56955   0.0499094   0.253363  4.20891 	Dead: 0
4.58786   0.0508331   0.258052  4.17542 	Dead: 0
4.57305   0.0502766   0.255228  4.17017 	Dead: 0
4.55619   0.0444115   0.225454  4.14664 	Dead: 0
4.53119   0.0483347   0.24537   4.14664 	Dead: 0
4.52645   0.0493377   0.250461  4.14664 	Dead: 0
4.50487   0.046692    0.23703   4.14664 	Dead: 0
4.49929   0.0466719   0.236928  4.14664 	Dead: 0
4.52636   0.0523512   0.265759  4.14664 	Dead: 0
4.5419    0.0506969   0.257361  4.14664 	Dead: 0
4.5341    0.0531955   0.270045  4.14664 	Dead: 0
4.50012   0.0464287   0.235694  4.14664 	Dead: 0
4.50856   0.0500544   0.254099  4.12719 	Dead: 0
4.50678   0.0524367   0.266193  4.12719 	Dead: 0
4.53066   0.0518958   0.263447  4.12719 	Dead: 0
4.50582   0.053406    0.271114  4.12719 	Dead: 0
4.47397   0.0478384   0.24285   4.08015 	Dead: 0
4.4884    0.047144    0.239325  4.08015 	Dead: 0
4.49492   0.0544975   0.276655  4.08015 	Dead: 0
4.47917   0.0568121   0.288405  4.08015 	Dead: 0
4.45624   0.0528083   0.268079  4.08015 	Dead: 0
4.47001   0.0522019   0.265001  4.08015 	Dead: 0
4.49783   0.0568051   0.288369  4.08015 	Dead: 0
4.45676   0.0515209   0.261544  4.0422  	Dead: 0
4.41625   0.0489045   0.248262  4.02195 	Dead: 0
4.42576   0.0616018   0.31272   4.02195 	Dead: 0
4.41123   0.05247     0.266362  4.02195 	Dead: 0
4.43974   0.0585902   0.297431  4.02195 	Dead: 0
4.40273   0.0506109   0.256924  3.96591 	Dead: 0
4.42804   0.0599326   0.304246  3.96591 	Dead: 0
4.41027   0.0598511   0.303832  3.96591 	Dead: 0
4.40494   0.0566512   0.287588  3.96591 	Dead: 0
4.38075   0.0588639   0.298821  3.92411 	Dead: 0
4.41638   0.0599882   0.304528  3.92411 	Dead: 0
4.39022   0.0533802   0.270983  3.92411 	Dead: 0
4.40814   0.061542    0.312416  3.92411 	Dead: 0
4.36897   0.0538102   0.273166  3.92411 	Dead: 0
4.37932   0.0634507   0.322105  3.92411 	Dead: 0
4.3599    0.0577206   0.293016  3.88464 	Dead: 0
4.36622   0.0588643   0.298822  3.88464 	Dead: 0
4.31178   0.050536    0.256544  3.88464 	Dead: 0
4.31545   0.0503724   0.255714  3.88464 	Dead: 0
4.34902   0.0560193   0.28438   3.88464 	Dead: 0
4.37639   0.0613267   0.311323  3.88464 	Dead: 0
4.36866   0.0599545   0.304357  3.88464 	Dead: 0
4.38213   0.0610897   0.31012   3.88464 	Dead: 0
4.37335   0.0604434   0.306839  3.88464 	Dead: 0
4.36693   0.057838    0.293613  3.88464 	Dead: 0
4.33951   0.0641678   0.325746  3.88464 	Dead: 0
4.40308   0.0700107   0.355407  3.88464 	Dead: 0
4.38418   0.0638398   0.324081  3.88464 	Dead: 0
4.37612   0.0644495   0.327176  3.88464 	Dead: 0
4.40398   0.0709377   0.360113  3.88464 	Dead: 0
4.35956   0.0605686   0.307474  3.88365 	Dead: 0
4.32741   0.0535396   0.271792  3.88365 	Dead: 0
4.33984   0.0576488   0.292652  3.88365 	Dead: 0
4.32082   0.0574856   0.291824  3.88365 	Dead: 0
4.34437   0.0623255   0.316393  3.88365 	Dead: 0
4.31238   0.0598802   0.30398   3.87435 	Dead: 0
4.30043   0.0570827   0.289778  3.87435 	Dead: 0
4.30109   0.0553462   0.280963  3.87435 	Dead: 0
4.33091   0.0635568   0.322644  3.78723 	Dead: 0
4.34024   0.0682194   0.346313  3.74611 	Dead: 0
4.3125    0.0585086   0.297017  3.74611 	Dead: 0
4.30098   0.0577198   0.293013  3.74611 	Dead: 0
4.30362   0.0595967   0.302541  3.74611 	Dead: 0
4.34371   0.0678112   0.344241  3.74611 	Dead: 0
4.30846   0.0641367   0.325588  3.74611 	Dead: 0
4.2976    0.0589384   0.299199  3.74611 	Dead: 0
4.27933   0.0599326   0.304246  3.74611 	Dead: 0
4.30268   0.0643224   0.32653   3.74611 	Dead: 0
4.30461   0.0698042   0.354359  3.74611 	Dead: 0
