7.81108   0.0650541   0.330245  6.98468 	Dead: 0
6.07653   0.0443312   0.225046  5.63777 	Dead: 0
5.62989   0.0423211   0.214842  5.24734 	Dead: 0
5.52782   0.0482154   0.244764  5.04541 	Dead: 0
5.44638   0.0452644   0.229783  5.04541 	Dead: 0
5.42461   0.046018    0.233609  5.01128 	Dead: 0
5.34878   0.0440085   0.223408  4.82936 	Dead: 0
5.30679   0.0438309   0.222506  4.82936 	Dead: 0
5.217     0.0431792   0.219198  4.82936 	Dead: 0
5.19728   0.0435418   0.221039  4.82936 	Dead: 0
5.16996   0.0438674   0.222691  4.82606 	Dead: 0
5.12931   0.0407409   0.20682   4.8158  	Dead: 0
5.08663   0.0444003   0.225397  4.75052 	Dead: 0
5.08901   0.0425587   0.216048  4.75052 	Dead: 0
5.07615   0.0428142   0.217345  4.6839  	Dead: 0
5.04742   0.0435964   0.221315  4.6839  	Dead: 0
5.04128   0.0468535   0.23785   4.66899 	Dead: 0
5.01399   0.0514621   0.261246  4.64155 	Dead: 0
4.98706   0.0468675   0.237921  4.63871 	Dead: 0
4.94809   0.0416349   0.211358  4.63871 	Dead: 0
4.99266   0.0452369   0.229644  4.63871 	Dead: 0
4.93435   0.0399279   0.202692  4.59938 	Dead: 0
4.93221   0.0460535   0.233789  4.45511 	Dead: 0
4.89747   0.0414564   0.210452  4.45511 	Dead: 0
4.8877    0.0432184   0.219397  4.45511 	Dead: 0
4.87026   0.0477413   0.242357  4.45511 	Dead: 0
4.84334   0.0392816   0.199412  4.45511 	Dead: 0
4.8255    0.0425726   0.216119  4.45511 	Dead: 0
4.84132   0.0484455   0.245932  4.45511 	Dead: 0
4.82164   0.0499986   0.253816  4.41762 	Dead: 0
4.79747   0.0435204   0.22093   4.41762 	Dead: 0
4.7511    0.0404632   0.20541   4.38958 	Dead: 0
4.71434   0.039399    0.200008  4.38362 	Dead: 0
4.72982   0.0476171   0.241727  4.33945 	Dead: 0
4.71086   0.0476863   0.242078  4.33945 	Dead: 0
4.66744   0.0463169   0.235126  4.3329  	Dead: 0
4.63068   0.0387611   0.196769  4.31511 	Dead: 0
4.6339    0.0485927   0.246679  4.27174 	Dead: 0
4.60964   0.0507854   0.257811  4.21552 	Dead: 0
4.60085   0.050335    0.255524  4.13492 	Dead: 0
4.53132   0.0436184   0.221427  4.13492 	Dead: 0
4.57544   0.0505829   0.256782  4.13492 	Dead: 0
4.50094   0.0405687   0.205946  4.13492 	Dead: 0
4.53662   0.0519423   0.263683  4.13492 	Dead: 0
4.54603   0.0596668   0.302896  4.13492 	Dead: 0
4.50644   0.051382    0.260839  4.09538 	Dead: 0
4.46774   0.0422181   0.214319  4.09538 	Dead: 0
4.49669   0.0487106   0.247278  4.02589 	Dead: 0
4.50267   0.057239    0.290572  4.02589 	Dead: 0
4.4721    0.0557986   0.28326   4.02589 	Dead: 0
4.45537   0.0513772   0.260815  4.02589 	Dead: 0
4.45598   0.0568805   0.288752  4.02589 	Dead: 0
4.46429   0.0591074   0.300057  4.02589 	Dead: 0
4.37972   0.0506181   0.256961  4.02589 	Dead: 0
4.38387   0.0545142   0.276739  4.02589 	Dead: 0
4.35817   0.049121    0.249361  4.02589 	Dead: 0
4.37143   0.0622956   0.316241  3.98057 	Dead: 0
4.37211   0.0567061   0.287866  3.98057 	Dead: 0
4.35956   0.0511143   0.25948   3.98057 	Dead: 0
4.36646   0.051139    0.259606  3.98057 	Dead: 0
4.3424    0.0501186   0.254426  3.98057 	Dead: 0
4.35018   0.0508915   0.258349  3.91614 	Dead: 0
4.34665   0.0560887   0.284733  3.91614 	Dead: 0
4.33665   0.0572623   0.29069   3.91594 	Dead: 0
4.34998   0.0589505   0.29926   3.90018 	Dead: 0
4.27616   0.0492635   0.250084  3.90018 	Dead: 0
4.33793   0.0676295   0.343319  3.90018 	Dead: 0
4.29897   0.0577859   0.293348  3.90018 	Dead: 0
4.2916    0.0580416   0.294646  3.88097 	Dead: 0
4.28877   0.0583588   0.296257  3.88097 	Dead: 0
4.30681   0.0579977   0.294423  3.88097 	Dead: 0
4.25711   0.0502961   0.255327  3.88097 	Dead: 0
4.29723   0.0577174   0.293001  3.88097 	Dead: 0
4.32639   0.0713081   0.361993  3.83534 	Dead: 0
4.30542   0.0682455   0.346446  3.83534 	Dead: 0
4.31415   0.070315    0.356952  3.83534 	Dead: 0
4.28439   0.0533054   0.270603  3.83534 	Dead: 0
4.29244   0.0560857   0.284717  3.83534 	Dead: 0
4.33947   0.0703532   0.357145  3.83534 	Dead: 0
4.27191   0.0634517   0.32211   3.83532 	Dead: 0
4.27202   0.0573986   0.291382  3.83532 	Dead: 0
4.26581   0.0564844   0.286741  3.83532 	Dead: 0
4.25962   0.0582543   0.295726  3.83532 	Dead: 0
4.2783    0.0600631   0.304908  3.83532 	Dead: 0
4.25825   0.0540347   0.274305  3.82054 	Dead: 0
4.29023   0.0637433   0.323591  3.82054 	Dead: 0
4.26952   0.0623001   0.316264  3.82054 	Dead: 0
4.27302   0.0547704   0.27804   3.82054 	Dead: 0
4.28337   0.0666606   0.3384    3.82054 	Dead: 0
4.28668   0.0607961   0.308629  3.82054 	Dead: 0
4.22906   0.0548646   0.278518  3.82054 	Dead: 0
4.26221   0.0569227   0.288966  3.82054 	Dead: 0
4.22616   0.0544275   0.2763    3.82054 	Dead: 0
4.24759   0.0586785   0.297879  3.82054 	Dead: 0
4.28526   0.0687083   0.348795  3.77265 	Dead: 0
4.23518   0.0535521   0.271855  3.77265 	Dead: 0
4.25896   0.0652846   0.331415  3.77265 	Dead: 0
4.27258   0.066306    0.3366    3.75368 	Dead: 0
4.24994   0.0628334   0.318972  3.75368 	Dead: 0
4.29241   0.0726155   0.36863   3.75368 	Dead: 0
4.28572   0.0755377   0.383465  3.75368 	Dead: 0
