0   11.2899   0.161238    0.818522  8.99238 	Dead: 0
1   8.15858   0.0773228   0.392527  7.51443 	Dead: 0
2   7.5827    0.0895027   0.454357  6.64488 	Dead: 0
3   7.25741   0.090583    0.459842  6.21403 	Dead: 0
4   7.0806    0.113098    0.574137  6.11548 	Dead: 0
5   6.90081   0.118398    0.601045  6.10802 	Dead: 0
6   6.87858   0.111063    0.563808  6.03243 	Dead: 0
7   6.87125   0.121835    0.618489  5.86751 	Dead: 0
8   6.75061   0.120262    0.610504  5.78465 	Dead: 0
9   6.7178    0.12681     0.643745  5.54679 	Dead: 0
10  6.66624   0.136958    0.695262  5.54679 	Dead: 0
11  6.57009   0.138152    0.701325  5.37143 	Dead: 0
12  6.44161   0.141026    0.715914  5.26778 	Dead: 0
13  6.29076   0.154586    0.784749  5.1703  	Dead: 0
14  6.43584   0.176844    0.897743  5.1703  	Dead: 0
15  6.28134   0.159997    0.812218  4.98611 	Dead: 0
16  6.25733   0.165827    0.841813  4.98611 	Dead: 0
17  6.08454   0.162774    0.826318  4.71701 	Dead: 0
18  6.05475   0.181995    0.923893  4.71701 	Dead: 0
19  6.06855   0.185382    0.941085  4.64611 	Dead: 0
20  5.94881   0.190709    0.968128  4.64611 	Dead: 0
21  5.88162   0.190185    0.965469  4.64611 	Dead: 0
22  5.91685   0.197422    1.00221   4.57933 	Dead: 0
23  5.9324    0.196307    0.996546  4.57933 	Dead: 0
24  6.03703   0.204121    1.03622   4.55025 	Dead: 0
25  5.85081   0.19978     1.01418   4.55025 	Dead: 0
26  5.90506   0.206149    1.04651   4.55025 	Dead: 0
27  5.80818   0.206141    1.04647   4.55025 	Dead: 0
28  5.78995   0.19926     1.01154   4.39231 	Dead: 0
29  5.77988   0.200868    1.0197    4.39231 	Dead: 0
30  5.84292   0.203488    1.033     4.39231 	Dead: 0
31  5.76951   0.20141     1.02245   4.39231 	Dead: 0
32  5.90254   0.199447    1.01248   4.39231 	Dead: 0
33  5.8497    0.229246    1.16376   4.39231 	Dead: 0
34  5.93695   0.207513    1.05343   4.39231 	Dead: 0
35  5.87972   0.226799    1.15134   4.39231 	Dead: 0
36  5.7464    0.205461    1.04302   4.39231 	Dead: 0
37  5.81219   0.213347    1.08305   4.35635 	Dead: 0
38  5.8284    0.224662    1.14049   4.35635 	Dead: 0
39  5.7746    0.225002    1.14222   4.35635 	Dead: 0
40  5.80598   0.221683    1.12537   4.33775 	Dead: 0
41  5.73044   0.221705    1.12548   4.33775 	Dead: 0
42  5.67007   0.230276    1.16899   4.33775 	Dead: 0
43  5.61811   0.228383    1.15938   4.33608 	Dead: 0
44  5.60466   0.225175    1.14309   4.33608 	Dead: 0
45  5.75587   0.235161    1.19379   4.26688 	Dead: 0
46  5.66845   0.227813    1.15649   4.26688 	Dead: 0
47  5.70019   0.230693    1.17111   4.17172 	Dead: 0
48  5.53401   0.220781    1.12079   4.17172 	Dead: 0
49  5.70391   0.234158    1.1887    4.17172 	Dead: 0
50  5.65783   0.21824     1.10789   4.17172 	Dead: 0
51  5.68449   0.236671    1.20145   4.0233  	Dead: 0
52  5.54482   0.238445    1.21046   4.0233  	Dead: 0
53  5.58266   0.242199    1.22951   4.0233  	Dead: 0
54  5.68242   0.23399     1.18784   4.0233  	Dead: 0
55  5.59517   0.233872    1.18724   4.0233  	Dead: 0
56  5.66614   0.236384    1.2       3.96586 	Dead: 0
57  5.36488   0.21303     1.08144   3.96586 	Dead: 0
58  5.35919   0.229461    1.16485   3.84208 	Dead: 0
59  5.30027   0.24147     1.22582   3.53022 	Dead: 0
60  5.26382   0.239299    1.21479   3.53022 	Dead: 0
61  5.37666   0.283398    1.43866   3.53022 	Dead: 0
62  5.56931   0.268095    1.36097   3.53022 	Dead: 0
63  5.42078   0.283372    1.43853   3.53022 	Dead: 0
64  5.33958   0.253238    1.28555   3.51596 	Dead: 0
65  5.3449    0.250129    1.26977   3.51596 	Dead: 0
66  5.29717   0.291512    1.47985   3.51596 	Dead: 0
67  5.40257   0.288315    1.46362   3.51596 	Dead: 0
68  5.13291   0.276707    1.40469   3.51596 	Dead: 0
69  5.15829   0.28468     1.44517   3.51596 	Dead: 0
70  5.25091   0.257452    1.30695   3.51596 	Dead: 0
71  5.37136   0.281124    1.42712   3.51596 	Dead: 0
72  5.41039   0.267422    1.35756   3.4954  	Dead: 0
73  5.21992   0.261571    1.32785   3.47925 	Dead: 0
74  5.23055   0.250885    1.27361   3.47925 	Dead: 0
75  5.29336   0.273619    1.38902   3.47925 	Dead: 0
76  5.17152   0.271732    1.37944   3.47925 	Dead: 0
77  5.17206   0.272793    1.38482   3.47925 	Dead: 0
78  5.35173   0.281582    1.42944   3.47925 	Dead: 0
79  5.3773    0.284493    1.44422   3.47925 	Dead: 0
80  5.40812   0.280693    1.42493   3.47925 	Dead: 0
81  5.18228   0.287212    1.45802   3.47925 	Dead: 0
82  5.36795   0.290904    1.47677   3.47925 	Dead: 0
83  5.28119   0.286026    1.452     3.47925 	Dead: 0
84  5.29278   0.272748    1.3846    3.47925 	Dead: 0
85  5.46429   0.302177    1.53399   3.47925 	Dead: 0
86  5.40744   0.28057     1.42431   3.47925 	Dead: 0
87  5.25325   0.279582    1.41929   3.46555 	Dead: 0
88  5.29072   0.281117    1.42708   3.46555 	Dead: 0
89  5.29327   0.295629    1.50075   3.46555 	Dead: 0
90  5.21168   0.29775     1.51152   3.46555 	Dead: 0
91  5.23528   0.286385    1.45382   3.46555 	Dead: 0
92  4.93778   0.256311    1.30115   3.46555 	Dead: 0
93  5.21491   0.299439    1.52009   3.44417 	Dead: 0
94  5.02654   0.283128    1.43729   3.44417 	Dead: 0
95  5.28073   0.297835    1.51195   3.44417 	Dead: 0
96  5.22324   0.284105    1.44225   3.44417 	Dead: 0
97  5.15907   0.284938    1.44648   3.44417 	Dead: 0
98  5.37246   0.289089    1.46755   3.44417 	Dead: 0
99  5.34401   0.296926    1.50734   3.44417 	Dead: 0
100 5.46272   0.295804    1.50164   3.44417 	Dead: 0
