12.9991   0.0558014   0.283274  12.1634 	Dead: 0
11.5289   0.0746384   0.378899  10.9032 	Dead: 0
9.25649   0.107837    0.547431  9.14588 	Dead: 0
9.23622   0.102854    0.522134  9.14588 	Dead: 0
9.26224   0.112998    0.573629  9.14588 	Dead: 0
9.17607   0.0591838   0.300445  9.14588 	Dead: 0
9.3227    0.138853    0.70488   9.14588 	Dead: 0
9.33847   0.138959    0.705422  9.14588 	Dead: 0
9.23791   0.10361     0.525971  9.14588 	Dead: 0
9.3319    0.145505    0.738652  9.14588 	Dead: 0
9.34233   0.155528    0.789532  9.14588 	Dead: 0
9.27012   0.119981    0.609081  9.14588 	Dead: 0
9.28381   0.119203    0.605131  9.14588 	Dead: 0
9.31304   0.144       0.731014  9.14588 	Dead: 0
9.21169   0.0908221   0.461055  9.14588 	Dead: 0
9.2725    0.123521    0.627048  9.14588 	Dead: 0
9.29915   0.13267     0.673495  9.14588 	Dead: 0
9.29894   0.132368    0.67196   9.14588 	Dead: 0
9.34271   0.155298    0.788366  9.14588 	Dead: 0
9.32491   0.153937    0.781458  9.14588 	Dead: 0
9.25723   0.124741    0.633241  9.14588 	Dead: 0
9.36908   0.163531    0.830161  9.14588 	Dead: 0
9.18367   0.0740757   0.376043  9.14588 	Dead: 0
9.25338   0.120755    0.613011  9.14588 	Dead: 0
9.28318   0.132823    0.674272  9.14588 	Dead: 0
9.21931   0.101304    0.514265  9.14588 	Dead: 0
9.20923   0.0873566   0.443463  9.14588 	Dead: 0
9.21396   0.0942068   0.478238  9.14588 	Dead: 0
9.40399   0.18715     0.950059  9.14588 	Dead: 0
9.44507   0.20013     1.01595   9.14588 	Dead: 0
9.19621   0.0747037   0.379231  9.14588 	Dead: 0
9.29455   0.143569    0.728822  9.14588 	Dead: 0
9.28919   0.139067    0.705968  9.14588 	Dead: 0
9.2152    0.0957936   0.486293  9.14588 	Dead: 0
9.26049   0.128609    0.65288   9.14588 	Dead: 0
9.25123   0.11937     0.605977  9.14588 	Dead: 0
9.25293   0.120463    0.611528  9.14588 	Dead: 0
9.39246   0.178651    0.906917  9.14588 	Dead: 0
9.39498   0.1799      0.913255  9.14588 	Dead: 0
9.28053   0.131711    0.668627  9.14588 	Dead: 0
9.26143   0.129563    0.65772   9.14588 	Dead: 0
9.29413   0.143243    0.727169  9.14588 	Dead: 0
9.26463   0.133099    0.675674  9.14588 	Dead: 0
9.33199   0.161669    0.820708  9.14588 	Dead: 0
9.33718   0.164526    0.835213  9.14588 	Dead: 0
9.42229   0.198897    1.00969   9.14588 	Dead: 0
9.29671   0.145657    0.739424  9.14588 	Dead: 0
9.27238   0.142242    0.722086  9.14588 	Dead: 0
9.29925   0.148428    0.75349   9.14588 	Dead: 0
9.26131   0.129515    0.657479  9.14588 	Dead: 0
9.3616    0.168587    0.855825  9.14588 	Dead: 0
9.36505   0.17117     0.868939  9.14588 	Dead: 0
9.29462   0.143613    0.729045  9.14588 	Dead: 0
9.32868   0.157206    0.798051  9.14588 	Dead: 0
9.39381   0.178592    0.906616  9.14588 	Dead: 0
9.33323   0.161274    0.8187    9.14588 	Dead: 0
9.28509   0.135714    0.688947  9.14588 	Dead: 0
9.338     0.164989    0.837559  9.14588 	Dead: 0
9.18394   0.0746079   0.378745  9.14588 	Dead: 0
9.33199   0.160322    0.813868  9.14588 	Dead: 0
9.33555   0.163352    0.829253  9.14588 	Dead: 0
9.36298   0.169602    0.860977  9.14588 	Dead: 0
9.36721   0.173233    0.87941   9.14588 	Dead: 0
9.3214    0.150938    0.76623   9.14588 	Dead: 0
9.34857   0.159877    0.811611  9.14588 	Dead: 0
9.30717   0.140795    0.714739  9.14588 	Dead: 0
9.33767   0.154618    0.784914  9.14588 	Dead: 0
9.21817   0.0999811   0.507551  9.14588 	Dead: 0
9.26048   0.128421    0.651924  9.14588 	Dead: 0
9.27501   0.125517    0.637183  9.14588 	Dead: 0
9.31922   0.149359    0.758216  9.14588 	Dead: 0
9.2607    0.129203    0.655894  9.14588 	Dead: 0
9.17938   0.0656635   0.333338  9.14588 	Dead: 0
9.39816   0.181777    0.922785  9.14588 	Dead: 0
9.4254    0.187441    0.951536  9.14588 	Dead: 0
9.39404   0.17861     0.906705  9.14588 	Dead: 0
9.25046   0.117549    0.596736  9.14588 	Dead: 0
9.25489   0.122465    0.621692  9.14588 	Dead: 0
9.28297   0.132844    0.674379  9.14588 	Dead: 0
9.28023   0.130478    0.662368  9.14588 	Dead: 0
9.24859   0.115464    0.58615   9.14588 	Dead: 0
9.31866   0.148446    0.753581  9.14588 	Dead: 0
9.31277   0.143908    0.730546  9.14588 	Dead: 0
9.24016   0.105722    0.536695  9.14588 	Dead: 0
9.24766   0.114113    0.579289  9.14588 	Dead: 0
9.33761   0.150204    0.762508  9.14588 	Dead: 0
9.21077   0.089747    0.455598  9.14588 	Dead: 0
9.33194   0.145593    0.7391    9.14588 	Dead: 0
9.24104   0.107545    0.545948  9.14588 	Dead: 0
9.23951   0.105931    0.537757  9.14588 	Dead: 0
9.28244   0.132186    0.671039  9.14588 	Dead: 0
9.34933   0.159929    0.811874  9.14588 	Dead: 0
9.30828   0.139511    0.708223  9.14588 	Dead: 0
9.27555   0.125905    0.63915   9.14588 	Dead: 0
9.23741   0.107022    0.543292  9.14588 	Dead: 0
9.31336   0.144604    0.734077  9.14588 	Dead: 0
9.26581   0.116015    0.588947  9.14588 	Dead: 0
9.29382   0.127221    0.645834  9.14588 	Dead: 0
9.25502   0.109107    0.553878  9.14588 	Dead: 0
9.26318   0.114597    0.581748  9.14588 	Dead: 0
9.24362   0.109821    0.557505  9.14588 	Dead: 0
