6.95779   0.105491    0.535524  5.7541  	Dead: 0
5.40187   0.0756932   0.384254  4.75304 	Dead: 0
5.20575   0.0640161   0.324975  4.75304 	Dead: 0
5.11974   0.0611699   0.310527  4.45503 	Dead: 0
5.05975   0.059083    0.299933  4.45503 	Dead: 0
5.04511   0.06915     0.351038  4.45503 	Dead: 0
5.01485   0.0649739   0.329838  4.45503 	Dead: 0
4.97461   0.0701461   0.356094  4.42135 	Dead: 0
4.7876    0.0684651   0.347561  4.32576 	Dead: 0
4.71134   0.0639434   0.324606  4.21223 	Dead: 0
4.69374   0.0593896   0.301489  4.21223 	Dead: 0
4.65424   0.0609872   0.3096    4.06829 	Dead: 0
4.60718   0.0679933   0.345166  4.06668 	Dead: 0
4.48979   0.0718096   0.364539  3.98943 	Dead: 0
4.51848   0.0840621   0.426739  3.88776 	Dead: 0
4.40642   0.0724314   0.367695  3.88415 	Dead: 0
4.3958    0.0761001   0.38632   3.88415 	Dead: 0
4.40758   0.0949116   0.481816  3.81795 	Dead: 0
4.35656   0.079095    0.401523  3.81795 	Dead: 0
4.3481    0.0704791   0.357785  3.74285 	Dead: 0
4.38098   0.0829272   0.420977  3.73629 	Dead: 0
4.3135    0.0733411   0.372314  3.73629 	Dead: 0
4.27823   0.0759207   0.385409  3.73629 	Dead: 0
4.33231   0.073633    0.373796  3.73629 	Dead: 0
4.31233   0.0867263   0.440263  3.73629 	Dead: 0
4.2887    0.0901744   0.457768  3.73629 	Dead: 0
4.30998   0.0849723   0.431359  3.73629 	Dead: 0
4.26834   0.0774479   0.393162  3.73629 	Dead: 0
4.22121   0.0764035   0.38786   3.73629 	Dead: 0
4.25506   0.0876697   0.445053  3.57162 	Dead: 0
4.20922   0.0775858   0.393862  3.57162 	Dead: 0
4.20569   0.0774228   0.393034  3.57162 	Dead: 0
4.195     0.0716176   0.363564  3.57162 	Dead: 0
4.19286   0.0736546   0.373905  3.57162 	Dead: 0
4.20668   0.0821858   0.417214  3.57162 	Dead: 0
4.22303   0.0834109   0.423433  3.57162 	Dead: 0
4.19437   0.0907796   0.46084   3.57162 	Dead: 0
4.1739    0.078753    0.399787  3.57162 	Dead: 0
4.14516   0.0675089   0.342707  3.57162 	Dead: 0
4.12199   0.067247    0.341377  3.57162 	Dead: 0
4.13076   0.0709433   0.360141  3.57162 	Dead: 0
4.10245   0.0671028   0.340645  3.57162 	Dead: 0
4.12323   0.0729004   0.370076  3.57162 	Dead: 0
4.10206   0.0714584   0.362756  3.57162 	Dead: 0
4.1573    0.0902965   0.458387  3.57162 	Dead: 0
4.17206   0.0795565   0.403866  3.57162 	Dead: 0
4.11969   0.0813837   0.413141  3.57162 	Dead: 0
4.1136    0.0726069   0.368586  3.57162 	Dead: 0
4.16249   0.0868102   0.440689  3.57162 	Dead: 0
4.13248   0.0832112   0.422419  3.57162 	Dead: 0
4.11358   0.0724614   0.367848  3.57162 	Dead: 0
4.10724   0.0689707   0.350127  3.57162 	Dead: 0
4.14195   0.0824286   0.418446  3.57162 	Dead: 0
4.0798    0.0693605   0.352106  3.57162 	Dead: 0
4.09445   0.0774278   0.39306   3.57162 	Dead: 0
4.04668   0.0724789   0.367936  3.57162 	Dead: 0
4.0547    0.070728    0.359048  3.57162 	Dead: 0
4.05235   0.076524    0.388471  3.55202 	Dead: 0
4.03232   0.0704161   0.357465  3.55202 	Dead: 0
4.05032   0.0790459   0.401274  3.54971 	Dead: 0
4.05155   0.0725857   0.368479  3.52063 	Dead: 0
4.00114   0.0735906   0.37358   3.52063 	Dead: 0
4.026     0.0764394   0.388042  3.52063 	Dead: 0
4.01249   0.0870751   0.442034  3.51527 	Dead: 0
4.07504   0.0903729   0.458775  3.51527 	Dead: 0
3.97712   0.0693375   0.35199   3.51527 	Dead: 0
4.02456   0.0864345   0.438782  3.51527 	Dead: 0
4.01917   0.08063     0.409316  3.51527 	Dead: 0
4.02463   0.0819531   0.416032  3.51527 	Dead: 0
4.02328   0.0866748   0.440002  3.51527 	Dead: 0
4.02358   0.0823891   0.418246  3.48652 	Dead: 0
4.03207   0.0861308   0.43724   3.48652 	Dead: 0
3.9792    0.0772841   0.39233   3.48652 	Dead: 0
3.97501   0.0970396   0.492618  3.31344 	Dead: 0
3.99081   0.0874119   0.443744  3.31344 	Dead: 0
3.98838   0.0906832   0.46035   3.31344 	Dead: 0
3.95071   0.0744864   0.378128  3.31344 	Dead: 0
4.00517   0.0813386   0.412913  3.31344 	Dead: 0
3.98256   0.0865903   0.439573  3.31344 	Dead: 0
3.96608   0.0762026   0.38684   3.31344 	Dead: 0
4.00683   0.0884932   0.449233  3.31344 	Dead: 0
3.97436   0.0779159   0.395537  3.31344 	Dead: 0
3.99686   0.0974995   0.494953  3.31344 	Dead: 0
3.96368   0.069102    0.350794  3.31344 	Dead: 0
3.9313    0.0672059   0.341169  3.31344 	Dead: 0
4.01093   0.0904556   0.459195  3.31344 	Dead: 0
3.95073   0.0768322   0.390036  3.31344 	Dead: 0
3.96907   0.0686194   0.348344  3.31344 	Dead: 0
3.97025   0.0673195   0.341745  3.31344 	Dead: 0
4.02908   0.096772    0.49126   3.31344 	Dead: 0
3.97094   0.0827555   0.420106  3.31344 	Dead: 0
4.01966   0.0841981   0.427429  3.31344 	Dead: 0
3.95746   0.0722097   0.36657   3.31344 	Dead: 0
3.97286   0.0848096   0.430533  3.31344 	Dead: 0
4.00068   0.0801578   0.406918  3.31344 	Dead: 0
3.92155   0.0792605   0.402363  3.31344 	Dead: 0
3.97077   0.0803219   0.407751  3.31344 	Dead: 0
3.96956   0.074213    0.37674   3.31344 	Dead: 0
3.97943   0.0754736   0.383139  3.31344 	Dead: 0
3.93876   0.0674905   0.342613  3.31344 	Dead: 0
3.91713   0.0685872   0.348181  3.31344 	Dead: 0
