6.86874   0.100884    0.512135  5.80829 	Dead: 0
4.92958   0.0954501   0.484549  4.09024 	Dead: 0
4.72463   0.1092      0.554349  4.04164 	Dead: 0
4.64778   0.105168    0.533882  4.01522 	Dead: 0
4.64295   0.110463    0.56076   3.92838 	Dead: 0
4.59595   0.108451    0.550545  3.88001 	Dead: 0
4.63961   0.11687     0.593287  3.88001 	Dead: 0
4.68179   0.133956    0.680021  3.88001 	Dead: 0
4.57956   0.116039    0.589069  3.86902 	Dead: 0
4.53327   0.119793    0.608126  3.86902 	Dead: 0
4.5051    0.108481    0.550701  3.86262 	Dead: 0
4.54617   0.109153    0.554111  3.86262 	Dead: 0
4.55007   0.123064    0.624732  3.86262 	Dead: 0
4.57503   0.134895    0.68479   3.7562  	Dead: 0
4.4931    0.110332    0.560099  3.7562  	Dead: 0
4.49402   0.12335     0.62618   3.7562  	Dead: 0
4.52815   0.119779    0.608056  3.7562  	Dead: 0
4.47544   0.102335    0.5195    3.7562  	Dead: 0
4.45204   0.11643     0.591053  3.7562  	Dead: 0
4.37405   0.105961    0.537909  3.7562  	Dead: 0
4.49869   0.137964    0.700371  3.74256 	Dead: 0
4.36786   0.106894    0.542641  3.74256 	Dead: 0
4.3851    0.117718    0.597589  3.64545 	Dead: 0
4.34037   0.116605    0.591942  3.64545 	Dead: 0
4.33164   0.116603    0.591933  3.64545 	Dead: 0
4.26418   0.111047    0.563724  3.64545 	Dead: 0
4.25616   0.109518    0.555963  3.61576 	Dead: 0
4.31462   0.121908    0.618861  3.61576 	Dead: 0
4.22736   0.108689    0.551755  3.61576 	Dead: 0
4.29558   0.115347    0.585555  3.61576 	Dead: 0
4.25097   0.111541    0.566236  3.61576 	Dead: 0
4.20941   0.103382    0.524813  3.61576 	Dead: 0
4.25801   0.114813    0.582847  3.61576 	Dead: 0
4.2491    0.10022     0.508763  3.61576 	Dead: 0
4.25923   0.123973    0.629347  3.60246 	Dead: 0
4.23341   0.112727    0.572254  3.60246 	Dead: 0
4.26579   0.130849    0.664249  3.60246 	Dead: 0
4.16721   0.0927613   0.4709    3.60246 	Dead: 0
4.19406   0.105529    0.535717  3.54014 	Dead: 0
4.20179   0.0983232   0.499134  3.54014 	Dead: 0
4.13653   0.0763724   0.387702  3.54014 	Dead: 0
4.20071   0.114769    0.582622  3.54014 	Dead: 0
4.18573   0.107898    0.547739  3.54014 	Dead: 0
4.17891   0.108376    0.550169  3.54014 	Dead: 0
4.20838   0.0998668   0.50697   3.54014 	Dead: 0
4.17019   0.113409    0.575717  3.54014 	Dead: 0
4.21353   0.110051    0.55867   3.54014 	Dead: 0
4.19788   0.118129    0.599679  3.54014 	Dead: 0
4.11884   0.0948384   0.481444  3.54014 	Dead: 0
4.1186    0.101313    0.514314  3.54014 	Dead: 0
4.24373   0.117847    0.598248  3.54014 	Dead: 0
4.27773   0.112742    0.572329  3.54014 	Dead: 0
4.20732   0.108637    0.551491  3.54014 	Dead: 0
4.17092   0.0984825   0.499943  3.54014 	Dead: 0
4.17132   0.109737    0.557078  3.54014 	Dead: 0
4.13872   0.0975963   0.495444  3.54014 	Dead: 0
4.15396   0.0958468   0.486563  3.54014 	Dead: 0
4.17968   0.104525    0.530616  3.54014 	Dead: 0
4.07881   0.0963193   0.488962  3.54014 	Dead: 0
4.08973   0.0894062   0.453868  3.54014 	Dead: 0
4.15375   0.100695    0.511177  3.54014 	Dead: 0
4.15543   0.105222    0.534155  3.54014 	Dead: 0
4.10833   0.0959159   0.486914  3.54014 	Dead: 0
4.19733   0.117603    0.59701   3.54014 	Dead: 0
4.13658   0.104456    0.530267  3.54014 	Dead: 0
4.18188   0.122944    0.624123  3.54014 	Dead: 0
4.08817   0.0981304   0.498156  3.54014 	Dead: 0
4.07584   0.0903145   0.458478  3.54014 	Dead: 0
4.04556   0.10606     0.538408  3.45363 	Dead: 0
3.98968   0.092578    0.469969  3.4028  	Dead: 0
3.96295   0.0879378   0.446414  3.4028  	Dead: 0
4.09927   0.117529    0.596633  3.4028  	Dead: 0
4.07319   0.119317    0.605709  3.4028  	Dead: 0
3.97892   0.0960291   0.487489  3.32491 	Dead: 0
3.98766   0.0965074   0.489917  3.32491 	Dead: 0
3.92519   0.08705     0.441906  3.32491 	Dead: 0
4.02702   0.109216    0.554431  3.32491 	Dead: 0
3.90155   0.0751468   0.38148   3.32491 	Dead: 0
3.91733   0.0859799   0.436474  3.32491 	Dead: 0
3.92227   0.0829592   0.42114   3.32491 	Dead: 0
3.99924   0.103525    0.525541  3.32491 	Dead: 0
3.89938   0.0754086   0.382809  3.32491 	Dead: 0
3.96061   0.0950784   0.482662  3.32491 	Dead: 0
3.91365   0.0816664   0.414577  3.32491 	Dead: 0
4.02053   0.104731    0.531664  3.32491 	Dead: 0
3.95704   0.0932624   0.473443  3.32491 	Dead: 0
3.99171   0.106366    0.539965  3.32491 	Dead: 0
3.99616   0.107621    0.546333  3.32491 	Dead: 0
3.92783   0.0849783   0.431389  3.32491 	Dead: 0
4.00289   0.103021    0.522982  3.32491 	Dead: 0
3.95558   0.0938903   0.476631  3.32491 	Dead: 0
3.95283   0.0843938   0.428422  3.32491 	Dead: 0
3.97468   0.0933361   0.473818  3.32491 	Dead: 0
3.92601   0.0855556   0.43432   3.32491 	Dead: 0
3.93718   0.0932928   0.473598  3.32491 	Dead: 0
3.93513   0.0968748   0.491782  3.32491 	Dead: 0
3.87805   0.0901722   0.457756  3.32491 	Dead: 0
3.87256   0.0799315   0.40577   3.32491 	Dead: 0
3.92034   0.100822    0.511822  3.32491 	Dead: 0
3.92603   0.100891    0.512169  3.32491 	Dead: 0
3.89012   0.0841958   0.427417  3.32491 	Dead: 0
