6.85633   0.104113    0.528526  5.28608 	Dead: 0
5.57205   0.0640676   0.325237  4.95507 	Dead: 0
5.16939   0.0537096   0.272655  4.77564 	Dead: 0
4.99006   0.053043    0.269271  4.55216 	Dead: 0
4.94109   0.0649322   0.329626  4.40195 	Dead: 0
4.91736   0.0639767   0.324775  4.40195 	Dead: 0
4.90224   0.068423    0.347347  4.34412 	Dead: 0
4.87361   0.0686635   0.348568  4.34412 	Dead: 0
4.76498   0.0513917   0.260888  4.27519 	Dead: 0
4.795     0.0659703   0.334896  4.27519 	Dead: 0
4.73204   0.0611231   0.310289  4.24167 	Dead: 0
4.7237    0.0674576   0.342446  4.15572 	Dead: 0
4.68669   0.0578593   0.293721  4.15572 	Dead: 0
4.70121   0.0675167   0.342746  4.13837 	Dead: 0
4.70499   0.0680738   0.345574  4.13837 	Dead: 0
4.71613   0.0775911   0.393889  4.13837 	Dead: 0
4.68706   0.0676944   0.343648  4.13837 	Dead: 0
4.65926   0.0581872   0.295386  4.13837 	Dead: 0
4.68192   0.0731588   0.371388  4.13837 	Dead: 0
4.69142   0.0664687   0.337426  4.13061 	Dead: 0
4.71283   0.0736327   0.373794  4.10035 	Dead: 0
4.67738   0.0704783   0.357781  4.10035 	Dead: 0
4.69856   0.0804088   0.408193  4.10035 	Dead: 0
4.67839   0.0759834   0.385727  4.09837 	Dead: 0
4.71919   0.0797364   0.404779  4.09837 	Dead: 0
4.66136   0.0743741   0.377557  4.00674 	Dead: 0
4.65274   0.0765502   0.388605  4.00674 	Dead: 0
4.65433   0.080051    0.406376  4.00674 	Dead: 0
4.65683   0.0812646   0.412537  4.00674 	Dead: 0
4.59988   0.0806477   0.409405  4.00674 	Dead: 0
4.59898   0.0813217   0.412827  4.00674 	Dead: 0
4.55529   0.0777703   0.394798  4.00674 	Dead: 0
4.57876   0.075447    0.383004  4.00674 	Dead: 0
4.60793   0.0812804   0.412617  3.90925 	Dead: 0
4.55999   0.0749372   0.380416  3.90807 	Dead: 0
4.64264   0.0828702   0.420688  3.90807 	Dead: 0
4.59475   0.0795845   0.404008  3.90807 	Dead: 0
4.65127   0.0997027   0.506137  3.90807 	Dead: 0
4.54994   0.0829509   0.421097  3.90807 	Dead: 0
4.60455   0.0861303   0.437237  3.90807 	Dead: 0
4.62688   0.0870176   0.441742  3.90807 	Dead: 0
4.5945    0.0882239   0.447866  3.90807 	Dead: 0
4.55538   0.0862837   0.438016  3.90807 	Dead: 0
4.58873   0.0911668   0.462805  3.90807 	Dead: 0
4.58315   0.0953141   0.483859  3.90807 	Dead: 0
4.61564   0.0918218   0.46613   3.90807 	Dead: 0
4.57733   0.0872717   0.443032  3.90807 	Dead: 0
4.56955   0.0920539   0.467308  3.90807 	Dead: 0
4.56638   0.0851417   0.432219  3.90807 	Dead: 0
4.57392   0.0886251   0.449902  3.90807 	Dead: 0
4.57954   0.0839068   0.42595   3.90807 	Dead: 0
4.57548   0.087497    0.444175  3.89245 	Dead: 0
4.60313   0.0871189   0.442256  3.89245 	Dead: 0
4.5604    0.0870806   0.442062  3.89245 	Dead: 0
4.53138   0.0737124   0.374198  3.89245 	Dead: 0
4.59273   0.0895266   0.454479  3.89245 	Dead: 0
4.58406   0.0904527   0.45918   3.81167 	Dead: 0
4.61707   0.100371    0.509528  3.81167 	Dead: 0
4.56827   0.0903621   0.45872   3.8042  	Dead: 0
4.53809   0.090113    0.457455  3.7532  	Dead: 0
4.55819   0.097316    0.494021  3.7532  	Dead: 0
4.5116    0.0963262   0.488997  3.7532  	Dead: 0
4.44534   0.0869599   0.441449  3.7532  	Dead: 0
4.5169    0.0958048   0.48635   3.7532  	Dead: 0
4.48477   0.100632    0.510854  3.7532  	Dead: 0
4.48898   0.0964001   0.489372  3.7532  	Dead: 0
4.43032   0.0988095   0.501603  3.7485  	Dead: 0
4.42453   0.0937899   0.476121  3.67325 	Dead: 0
4.44234   0.0953696   0.484141  3.67325 	Dead: 0
4.43935   0.0888372   0.450979  3.67325 	Dead: 0
4.47085   0.104759    0.531804  3.67325 	Dead: 0
4.40868   0.100369    0.509519  3.67325 	Dead: 0
4.48583   0.107706    0.546766  3.67325 	Dead: 0
4.44751   0.102882    0.522275  3.67325 	Dead: 0
4.39479   0.0960774   0.487734  3.67325 	Dead: 0
4.40074   0.098473    0.499895  3.67325 	Dead: 0
4.37998   0.0886515   0.450036  3.67325 	Dead: 0
4.41664   0.0968968   0.491893  3.67325 	Dead: 0
4.39514   0.102101    0.518312  3.67325 	Dead: 0
4.40131   0.0991318   0.503239  3.65914 	Dead: 0
4.41637   0.0999783   0.507536  3.65914 	Dead: 0
4.42477   0.103862    0.527252  3.65914 	Dead: 0
4.41603   0.105589    0.536018  3.65914 	Dead: 0
4.45507   0.10674     0.541862  3.65914 	Dead: 0
4.44261   0.101402    0.514765  3.65914 	Dead: 0
4.4728    0.105219    0.534139  3.65914 	Dead: 0
4.3579    0.0914468   0.464227  3.65914 	Dead: 0
4.36534   0.0961546   0.488125  3.65914 	Dead: 0
4.37552   0.0946393   0.480433  3.65914 	Dead: 0
4.39431   0.103132    0.523544  3.65914 	Dead: 0
4.45351   0.105571    0.535928  3.65914 	Dead: 0
4.42489   0.094546    0.47996   3.65914 	Dead: 0
4.43114   0.101313    0.51431   3.65914 	Dead: 0
4.46592   0.105635    0.536254  3.65914 	Dead: 0
4.41622   0.0997645   0.506451  3.65914 	Dead: 0
4.35546   0.0936103   0.475209  3.65914 	Dead: 0
4.38319   0.0987592   0.501348  3.65914 	Dead: 0
4.36948   0.100666    0.511029  3.65914 	Dead: 0
4.37226   0.0937859   0.476101  3.65914 	Dead: 0
4.38831   0.0949122   0.481819  3.65914 	Dead: 0
4.43437   0.109779    0.557289  3.52    	Dead: 0
