6.78705   0.105835    0.53727   5.32576 	Dead: 0
5.56343   0.109469    0.555718  4.80635 	Dead: 0
5.05362   0.0711898   0.361393  4.31434 	Dead: 0
4.84687   0.0680277   0.34534   4.22007 	Dead: 0
4.891     0.0869354   0.441325  4.22007 	Dead: 0
4.78158   0.0730815   0.370996  4.22007 	Dead: 0
4.73747   0.0687937   0.349229  4.22007 	Dead: 0
4.69273   0.0738349   0.37482   4.15024 	Dead: 0
4.6668    0.0702214   0.356477  4.15024 	Dead: 0
4.63855   0.0697956   0.354315  3.95715 	Dead: 0
4.60942   0.067331    0.341803  3.95715 	Dead: 0
4.67098   0.0797471   0.404834  3.95715 	Dead: 0
4.60599   0.063286    0.321269  3.95715 	Dead: 0
4.65081   0.0909274   0.46159   3.95715 	Dead: 0
4.57232   0.0722568   0.366809  3.95715 	Dead: 0
4.58985   0.0822666   0.417623  3.95715 	Dead: 0
4.61402   0.0801264   0.406759  3.95715 	Dead: 0
4.59447   0.0889553   0.451579  3.95715 	Dead: 0
4.62186   0.0872805   0.443076  3.95715 	Dead: 0
4.51728   0.0670629   0.340443  3.95715 	Dead: 0
4.51407   0.0770472   0.391127  3.95715 	Dead: 0
4.5216    0.0791516   0.40181   3.95715 	Dead: 0
4.47442   0.0661665   0.335892  3.87157 	Dead: 0
4.48641   0.0771026   0.391409  3.87157 	Dead: 0
4.44817   0.0691411   0.350992  3.87157 	Dead: 0
4.41651   0.0786967   0.399501  3.87157 	Dead: 0
4.3521    0.0654859   0.332437  3.87157 	Dead: 0
4.37843   0.0689093   0.349816  3.87157 	Dead: 0
4.44148   0.0839175   0.426005  3.86811 	Dead: 0
4.38173   0.0827759   0.420209  3.81954 	Dead: 0
4.32935   0.0662889   0.336514  3.81954 	Dead: 0
4.37515   0.0743654   0.377513  3.81954 	Dead: 0
4.31881   0.0655382   0.332702  3.81954 	Dead: 0
4.33796   0.075553    0.383542  3.7815  	Dead: 0
4.36996   0.0738116   0.374702  3.7815  	Dead: 0
4.371     0.0711568   0.361225  3.7815  	Dead: 0
4.38919   0.0808204   0.410282  3.71381 	Dead: 0
4.29693   0.0766627   0.389176  3.71381 	Dead: 0
4.26839   0.070211    0.356424  3.71381 	Dead: 0
4.28222   0.0823343   0.417967  3.71381 	Dead: 0
4.23235   0.0742973   0.377168  3.71381 	Dead: 0
4.22884   0.0735878   0.373566  3.71381 	Dead: 0
4.1955    0.0806489   0.409411  3.54901 	Dead: 0
4.18795   0.0704398   0.357585  3.54901 	Dead: 0
4.21778   0.0852027   0.432529  3.52441 	Dead: 0
4.1381    0.0711555   0.361218  3.52441 	Dead: 0
4.03888   0.0717666   0.364321  3.52441 	Dead: 0
4.05026   0.066077    0.335438  3.52441 	Dead: 0
4.05527   0.0675967   0.343152  3.52441 	Dead: 0
3.99435   0.0548443   0.278415  3.52441 	Dead: 0
4.051     0.0829122   0.420901  3.52441 	Dead: 0
3.96472   0.0598981   0.304071  3.52441 	Dead: 0
3.985     0.0679743   0.345069  3.52441 	Dead: 0
4.02763   0.0733773   0.372497  3.52441 	Dead: 0
3.99523   0.0704067   0.357418  3.52441 	Dead: 0
4.06291   0.0801712   0.406986  3.52441 	Dead: 0
3.97137   0.063055    0.320097  3.48703 	Dead: 0
4.00225   0.0737375   0.374326  3.48703 	Dead: 0
3.99913   0.0706978   0.358895  3.38671 	Dead: 0
3.90939   0.0602736   0.305977  3.38671 	Dead: 0
3.92696   0.0606316   0.307794  3.38671 	Dead: 0
3.96078   0.0744887   0.378139  3.38671 	Dead: 0
4.04862   0.0946482   0.480478  3.38671 	Dead: 0
3.9443    0.0705201   0.357993  3.38671 	Dead: 0
3.94738   0.0676959   0.343656  3.38671 	Dead: 0
4.02922   0.0777274   0.39458   3.38671 	Dead: 0
3.95836   0.081358    0.413011  3.38671 	Dead: 0
3.99258   0.0820985   0.41677   3.38671 	Dead: 0
4.00045   0.0790039   0.401061  3.38671 	Dead: 0
3.9628    0.0751559   0.381526  3.38671 	Dead: 0
3.95788   0.075301    0.382263  3.38671 	Dead: 0
3.98503   0.0749383   0.380422  3.38671 	Dead: 0
3.92921   0.0677182   0.343769  3.38671 	Dead: 0
3.93375   0.0713147   0.362027  3.38671 	Dead: 0
3.99925   0.085076    0.431886  3.38671 	Dead: 0
3.91712   0.0689622   0.350084  3.38671 	Dead: 0
4.00979   0.0962934   0.48883   3.38671 	Dead: 0
3.99882   0.0881572   0.447527  3.38671 	Dead: 0
3.91781   0.066802    0.339118  3.38671 	Dead: 0
3.91352   0.0706309   0.358555  3.38671 	Dead: 0
3.86492   0.0572572   0.290665  3.38671 	Dead: 0
3.92712   0.0710499   0.360682  3.38671 	Dead: 0
3.90936   0.0733134   0.372173  3.38671 	Dead: 0
3.94022   0.078286    0.397416  3.38671 	Dead: 0
3.92023   0.0856071   0.434581  3.38671 	Dead: 0
3.9472    0.0864404   0.438812  3.38671 	Dead: 0
3.94058   0.0891746   0.452692  3.33652 	Dead: 0
3.86549   0.0669227   0.339731  3.33652 	Dead: 0
3.89976   0.0904495   0.459164  3.31738 	Dead: 0
3.8704    0.0789056   0.400562  3.31738 	Dead: 0
3.85954   0.0793617   0.402877  3.31738 	Dead: 0
3.88709   0.0894897   0.454291  3.31738 	Dead: 0
3.8747    0.0839595   0.426218  3.31738 	Dead: 0
3.90908   0.0828276   0.420471  3.31738 	Dead: 0
3.8737    0.0946922   0.480702  3.31738 	Dead: 0
3.88461   0.0770025   0.3909    3.31738 	Dead: 0
3.85577   0.0701975   0.356355  3.31738 	Dead: 0
3.81997   0.0721974   0.366508  3.31738 	Dead: 0
3.87183   0.0803787   0.40804   3.31738 	Dead: 0
3.82581   0.0779228   0.395572  3.31738 	Dead: 0
3.78873   0.0625497   0.317531  3.31738 	Dead: 0
