0   8.47329   0.155668    0.790243  6.55417 	Dead: 0
1   5.49904   0.112776    0.572501  4.45972 	Dead: 0
2   4.9969    0.14939     0.758375  3.88189 	Dead: 0
3   4.98544   0.158796    0.80612   3.55986 	Dead: 0
4   4.79938   0.158126    0.802723  3.55986 	Dead: 0
5   4.84478   0.185372    0.941036  3.55986 	Dead: 0
6   4.76195   0.183043    0.929213  3.55986 	Dead: 0
7   5.03712   0.221612    1.12501   3.55986 	Dead: 0
8   4.79717   0.188515    0.956988  3.34949 	Dead: 0
9   5.00091   0.215257    1.09275   3.34949 	Dead: 0
10  4.92449   0.193313    0.981346  3.34949 	Dead: 0
11  4.85499   0.203967    1.03543   3.34949 	Dead: 0
12  4.82576   0.204822    1.03977   3.34949 	Dead: 0
13  4.91203   0.222961    1.13185   3.34949 	Dead: 0
14  4.85981   0.223294    1.13354   3.34949 	Dead: 0
15  4.82341   0.21558     1.09439   3.34949 	Dead: 0
16  4.70285   0.189924    0.964144  3.2338  	Dead: 0
17  4.63591   0.202154    1.02623   3.2338  	Dead: 0
18  4.68782   0.221248    1.12316   3.2338  	Dead: 0
19  4.65592   0.210684    1.06953   3.2338  	Dead: 0
20  4.71266   0.219544    1.11451   3.2338  	Dead: 0
21  4.54063   0.193008    0.979798  3.2338  	Dead: 0
22  4.7812    0.236299    1.19957   3.2338  	Dead: 0
23  4.80487   0.232016    1.17782   3.22488 	Dead: 0
24  4.61268   0.219176    1.11264   3.22488 	Dead: 0
25  4.76708   0.235398    1.19499   3.22488 	Dead: 0
26  4.65229   0.201087    1.02081   3.22488 	Dead: 0
27  4.49277   0.208467    1.05828   3.22488 	Dead: 0
28  4.52939   0.207012    1.05089   3.22488 	Dead: 0
29  4.42335   0.185193    0.940128  3.02496 	Dead: 0
30  4.50816   0.191985    0.974607  3.02496 	Dead: 0
31  4.585     0.23131     1.17424   3.02496 	Dead: 0
32  4.47142   0.203731    1.03423   3.02496 	Dead: 0
33  4.45382   0.199965    1.01512   3.02496 	Dead: 0
34  4.42011   0.203377    1.03244   3.02496 	Dead: 0
35  4.41729   0.189272    0.960833  3.02496 	Dead: 0
36  4.50449   0.208057    1.05619   3.02496 	Dead: 0
37  4.45619   0.212297    1.07772   3.02496 	Dead: 0
38  4.45498   0.204845    1.03989   3.02496 	Dead: 0
39  4.38192   0.20732     1.05246   3.02496 	Dead: 0
40  4.49794   0.193861    0.98413   3.02496 	Dead: 0
41  4.49042   0.213076    1.08167   3.02496 	Dead: 0
42  4.45896   0.222083    1.1274    3.02496 	Dead: 0
43  4.61767   0.237697    1.20666   3.02496 	Dead: 0
44  4.64231   0.21758     1.10454   3.02496 	Dead: 0
45  4.3648    0.206082    1.04617   3.02496 	Dead: 0
46  4.30156   0.207777    1.05477   3.02496 	Dead: 0
47  4.47953   0.237285    1.20457   2.83846 	Dead: 0
48  4.63799   0.243709    1.23718   2.83846 	Dead: 0
49  4.3547    0.198863    1.00952   2.83846 	Dead: 0
50  4.40293   0.219931    1.11647   2.83846 	Dead: 0
51  4.33642   0.227426    1.15452   2.83846 	Dead: 0
52  4.48441   0.229263    1.16384   2.83846 	Dead: 0
53  4.58749   0.243062    1.23389   2.83846 	Dead: 0
54  4.37197   0.213776    1.08523   2.83846 	Dead: 0
55  4.53952   0.245785    1.24772   2.83846 	Dead: 0
56  4.5747    0.246314    1.2504    2.83846 	Dead: 0
57  4.57514   0.255378    1.29642   2.83846 	Dead: 0
58  4.48455   0.247505    1.25645   2.8104  	Dead: 0
59  4.48869   0.246816    1.25295   2.8104  	Dead: 0
60  4.64911   0.273551    1.38867   2.79434 	Dead: 0
61  4.50229   0.259053    1.31508   2.79434 	Dead: 0
62  4.40447   0.230032    1.16775   2.79434 	Dead: 0
63  4.36929   0.245877    1.24819   2.79434 	Dead: 0
64  4.6166    0.272968    1.38572   2.77627 	Dead: 0
65  4.49657   0.283487    1.43911   2.77627 	Dead: 0
66  4.55097   0.292786    1.48632   2.77627 	Dead: 0
67  4.42844   0.269421    1.3677    2.77627 	Dead: 0
68  4.43803   0.260947    1.32469   2.77627 	Dead: 0
69  4.57129   0.285892    1.45132   2.77627 	Dead: 0
70  4.53688   0.252547    1.28205   2.77627 	Dead: 0
71  4.35181   0.254829    1.29363   2.77627 	Dead: 0
72  4.49773   0.273113    1.38645   2.72936 	Dead: 0
73  4.44256   0.268522    1.36314   2.72936 	Dead: 0
74  4.54221   0.274517    1.39358   2.72936 	Dead: 0
75  4.59554   0.270219    1.37176   2.72936 	Dead: 0
76  4.46962   0.256991    1.3046    2.72936 	Dead: 0
77  4.46087   0.267874    1.35986   2.72936 	Dead: 0
78  4.53486   0.284451    1.44401   2.72936 	Dead: 0
79  4.60471   0.291299    1.47877   2.68072 	Dead: 0
80  4.4633    0.281351    1.42827   2.68072 	Dead: 0
81  4.39117   0.24776     1.25775   2.68072 	Dead: 0
82  4.39787   0.277504    1.40874   2.68072 	Dead: 0
83  4.2737    0.250709    1.27271   2.68072 	Dead: 0
84  4.44643   0.278034    1.41143   2.65782 	Dead: 0
85  4.4561    0.260585    1.32285   2.65782 	Dead: 0
86  4.55772   0.288398    1.46404   2.65782 	Dead: 0
87  4.53892   0.281245    1.42773   2.65782 	Dead: 0
88  4.44809   0.266981    1.35532   2.65782 	Dead: 0
89  4.40613   0.270379    1.37257   2.65782 	Dead: 0
90  4.56931   0.265622    1.34842   2.65782 	Dead: 0
91  4.36767   0.26561     1.34836   2.65782 	Dead: 0
92  4.48875   0.265374    1.34716   2.65782 	Dead: 0
93  4.4033    0.259445    1.31707   2.65782 	Dead: 0
94  4.37849   0.260553    1.32269   2.65782 	Dead: 0
95  4.27891   0.268784    1.36448   2.65782 	Dead: 0
96  4.559     0.283982    1.44163   2.65782 	Dead: 0
97  4.39269   0.280031    1.42157   2.65782 	Dead: 0
98  4.28589   0.257096    1.30514   2.65782 	Dead: 0
99  4.49019   0.275457    1.39835   2.65782 	Dead: 0
100 4.50885   0.289078    1.4675    2.65782 	Dead: 0
