12.2931   0.0660318   0.335208  11.4253 	Dead: 0
10.855    0.0573389   0.291079  10.3826 	Dead: 0
10.3806   0.053204    0.270088  9.78567 	Dead: 0
9.97496   0.054919    0.278794  9.39255 	Dead: 0
9.44885   0.0553553   0.281009  8.78657 	Dead: 0
8.75615   0.0526735   0.267395  8.2486  	Dead: 0
8.53951   0.0659052   0.334566  7.92926 	Dead: 0
8.38001   0.0708635   0.359736  7.8326  	Dead: 0
8.38005   0.0688065   0.349294  7.8326  	Dead: 0
8.36154   0.0776939   0.39441   7.8326  	Dead: 0
8.33064   0.0793713   0.402926  7.82571 	Dead: 0
8.31054   0.0745257   0.378327  7.81643 	Dead: 0
8.22922   0.0701094   0.355908  7.72291 	Dead: 0
8.19127   0.0680234   0.345318  7.56059 	Dead: 0
8.14192   0.0726075   0.36859   7.56058 	Dead: 0
8.00792   0.068532    0.3479    7.35872 	Dead: 0
8.03951   0.0789627   0.400851  7.35872 	Dead: 0
7.95715   0.0757771   0.38468   7.35872 	Dead: 0
7.92969   0.0789209   0.400639  7.15318 	Dead: 0
7.88043   0.0797883   0.405043  7.15318 	Dead: 0
7.86799   0.0853147   0.433097  7.15318 	Dead: 0
7.78958   0.0839067   0.425949  7.00277 	Dead: 0
7.74769   0.100404    0.509696  6.90661 	Dead: 0
7.7269    0.0987399   0.50125   6.90661 	Dead: 0
7.61706   0.079012    0.401102  6.90661 	Dead: 0
7.60993   0.0971156   0.493004  6.7014  	Dead: 0
7.48922   0.0905088   0.459465  6.7014  	Dead: 0
7.52807   0.0947238   0.480862  6.7014  	Dead: 0
7.49096   0.0857315   0.435213  6.7014  	Dead: 0
7.51564   0.108073    0.548627  6.7014  	Dead: 0
7.45083   0.089869    0.456217  6.7014  	Dead: 0
7.51572   0.114834    0.582952  6.7014  	Dead: 0
7.44575   0.107883    0.547666  6.68831 	Dead: 0
7.43522   0.103822    0.527049  6.63065 	Dead: 0
7.35986   0.0945467   0.479963  6.63065 	Dead: 0
7.33098   0.0847803   0.430384  6.63065 	Dead: 0
7.33883   0.08889     0.451247  6.63065 	Dead: 0
7.34579   0.0827949   0.420306  6.55293 	Dead: 0
7.37101   0.0937751   0.476046  6.55293 	Dead: 0
7.43388   0.100844    0.511931  6.55293 	Dead: 0
7.33138   0.0822155   0.417364  6.55293 	Dead: 0
7.37283   0.098582    0.500448  6.43843 	Dead: 0
7.36468   0.0989879   0.502509  6.43843 	Dead: 0
7.36801   0.10129     0.514193  6.43843 	Dead: 0
7.36163   0.0987977   0.501543  6.43843 	Dead: 0
7.37931   0.0955165   0.484886  6.43843 	Dead: 0
7.38657   0.0918817   0.466435  6.43843 	Dead: 0
7.42238   0.120736    0.612911  6.43843 	Dead: 0
7.3989    0.102219    0.51891   6.43843 	Dead: 0
7.32569   0.0901089   0.457435  6.43843 	Dead: 0
7.35863   0.0963923   0.489332  6.43843 	Dead: 0
7.35662   0.102354    0.519597  6.43843 	Dead: 0
7.36766   0.101182    0.513649  6.43843 	Dead: 0
7.30595   0.0857461   0.435287  6.43843 	Dead: 0
7.29693   0.0982474   0.49875   6.43843 	Dead: 0
7.41306   0.118186    0.599966  6.43843 	Dead: 0
7.33627   0.10378     0.526835  6.43843 	Dead: 0
7.30649   0.0983305   0.499171  6.43843 	Dead: 0
7.27574   0.108274    0.549652  6.43843 	Dead: 0
7.20586   0.0855663   0.434375  6.43843 	Dead: 0
7.24551   0.0904427   0.459129  6.43843 	Dead: 0
7.24575   0.10478     0.531911  6.43843 	Dead: 0
7.27137   0.116178    0.589772  6.43843 	Dead: 0
7.20173   0.101557    0.515552  6.43843 	Dead: 0
7.12923   0.093288    0.473573  6.43843 	Dead: 0
7.13976   0.104596    0.530978  6.40605 	Dead: 0
7.13615   0.0934365   0.474327  6.40605 	Dead: 0
7.11709   0.0998009   0.506636  6.40605 	Dead: 0
7.14653   0.100654    0.510967  6.38154 	Dead: 0
7.08806   0.106662    0.541465  6.38154 	Dead: 0
7.04987   0.0997553   0.506404  6.18532 	Dead: 0
7.04183   0.109706    0.556921  6.18532 	Dead: 0
7.01104   0.097203    0.493448  6.18532 	Dead: 0
6.9865    0.0966386   0.490583  6.18532 	Dead: 0
7.02208   0.0955818   0.485218  6.18532 	Dead: 0
7.02134   0.0979327   0.497152  6.18532 	Dead: 0
7.01672   0.103633    0.526091  6.18532 	Dead: 0
6.96673   0.101425    0.514878  6.04103 	Dead: 0
7.0001    0.105984    0.538023  6.04103 	Dead: 0
7.0521    0.110589    0.561401  6.04103 	Dead: 0
6.99305   0.105735    0.536762  6.04103 	Dead: 0
6.98383   0.107019    0.543277  6.04103 	Dead: 0
6.98919   0.11095     0.563231  6.04103 	Dead: 0
6.94613   0.0994882   0.505048  6.04103 	Dead: 0
6.92909   0.100455    0.509955  6.02076 	Dead: 0
6.98433   0.11038     0.560342  6.02076 	Dead: 0
6.93808   0.111062    0.563805  6.02076 	Dead: 0
6.92991   0.104601    0.531001  6.02076 	Dead: 0
6.90028   0.0997288   0.50627   6.02076 	Dead: 0
6.87004   0.105511    0.535624  5.87969 	Dead: 0
6.85898   0.104835    0.532192  5.87969 	Dead: 0
6.85244   0.105221    0.534151  5.87969 	Dead: 0
6.82515   0.0919085   0.46657   5.87969 	Dead: 0
6.90728   0.111714    0.56711   5.87969 	Dead: 0
6.8809    0.103943    0.527663  5.87969 	Dead: 0
6.85834   0.100919    0.512309  5.87969 	Dead: 0
6.89584   0.119417    0.606215  5.87969 	Dead: 0
6.86914   0.108204    0.549294  5.87969 	Dead: 0
6.88895   0.116031    0.58903   5.87969 	Dead: 0
6.83891   0.108703    0.551825  5.87969 	Dead: 0
6.91741   0.103221    0.524     5.87969 	Dead: 0
