12.3393   0.0690302   0.35043   11.3704 	Dead: 0
11.0247   0.0470126   0.238658  10.4746 	Dead: 0
9.22519   0.0685376   0.347929  9.14588 	Dead: 0
9.22066   0.0770746   0.391267  9.14588 	Dead: 0
9.20809   0.0702846   0.356798  9.14588 	Dead: 0
9.14588   1.40896e-07 7.15256e-079.14588 	Dead: 0
9.24299   0.084058    0.426718  9.14588 	Dead: 0
9.18828   0.0598442   0.303797  9.14588 	Dead: 0
9.18571   0.0551075   0.279752  9.14588 	Dead: 0
9.19537   0.0563932   0.286278  9.14588 	Dead: 0
9.20798   0.0716482   0.363719  9.14588 	Dead: 0
9.25951   0.0999526   0.507406  9.14588 	Dead: 0
9.20742   0.0704447   0.35761   9.14588 	Dead: 0
9.24083   0.092013    0.467101  9.14588 	Dead: 0
9.16578   0.0390095   0.19803   9.14588 	Dead: 0
9.18676   0.0566666   0.287666  9.14588 	Dead: 0
9.21824   0.0816025   0.414252  9.14588 	Dead: 0
9.19784   0.0589693   0.299356  9.14588 	Dead: 0
9.22234   0.0870781   0.442049  9.14588 	Dead: 0
9.21476   0.077842    0.395162  9.14588 	Dead: 0
9.23537   0.0875919   0.444657  9.14588 	Dead: 0
9.20447   0.0818199   0.415356  9.14588 	Dead: 0
9.19348   0.0671241   0.340753  9.14588 	Dead: 0
9.2124    0.0746775   0.379098  9.14588 	Dead: 0
9.23754   0.0905123   0.459483  9.14588 	Dead: 0
9.23999   0.0918257   0.46615   9.14588 	Dead: 0
9.20999   0.0723454   0.367259  9.14588 	Dead: 0
9.1653    0.0380632   0.193227  9.14588 	Dead: 0
9.25101   0.102415    0.519908  9.14588 	Dead: 0
9.14588   1.40896e-07 7.15256e-079.14588 	Dead: 0
9.17237   0.0519237   0.263589  9.14588 	Dead: 0
9.18517   0.0651642   0.330804  9.14588 	Dead: 0
9.14588   1.40896e-07 7.15256e-079.14588 	Dead: 0
9.21115   0.0741736   0.37654   9.14588 	Dead: 0
9.19264   0.0649704   0.32982   9.14588 	Dead: 0
9.16822   0.0437872   0.222284  9.14588 	Dead: 0
9.18991   0.0607204   0.308245  9.14588 	Dead: 0
9.20075   0.0632049   0.320857  9.14588 	Dead: 0
9.16913   0.0455743   0.231357  9.14588 	Dead: 0
9.15827   0.0242888   0.123301  9.14588 	Dead: 0
9.21115   0.0664599   0.337382  9.14588 	Dead: 0
9.1975    0.060958    0.309451  9.14588 	Dead: 0
9.14588   1.40896e-07 7.15256e-079.14588 	Dead: 0
9.17011   0.0474993   0.241129  9.14588 	Dead: 0
9.18823   0.0628085   0.318845  9.14588 	Dead: 0
9.20045   0.0756998   0.384288  9.14588 	Dead: 0
9.1783    0.0635554   0.322637  9.14588 	Dead: 0
9.14588   1.40896e-07 7.15256e-079.14588 	Dead: 0
9.14588   1.40896e-07 7.15256e-079.14588 	Dead: 0
9.16667   0.0407558   0.206896  9.14588 	Dead: 0
9.25517   0.0883902   0.44871   9.14588 	Dead: 0
9.21316   0.0757715   0.384651  9.14588 	Dead: 0
9.34575   0.126519    0.642269  9.14588 	Dead: 0
9.20953   0.0720116   0.365565  9.14588 	Dead: 0
9.14588   1.40896e-07 7.15256e-079.14588 	Dead: 0
9.2023    0.0795675   0.403922  9.14588 	Dead: 0
9.14588   1.40896e-07 7.15256e-079.14588 	Dead: 0
9.17019   0.0476632   0.241961  9.14588 	Dead: 0
9.1973    0.0710316   0.360589  9.14588 	Dead: 0
9.20846   0.0865249   0.439241  9.14588 	Dead: 0
9.21532   0.0802908   0.407593  9.14588 	Dead: 0
9.28411   0.118892    0.603553  9.14588 	Dead: 0
9.16735   0.0420827   0.213631  9.14588 	Dead: 0
9.24293   0.0966854   0.49082   9.14588 	Dead: 0
9.19065   0.061804    0.313746  9.14588 	Dead: 0
9.23958   0.0911191   0.462563  9.14588 	Dead: 0
9.17326   0.0536704   0.272456  9.14588 	Dead: 0
9.26782   0.110067    0.558753  9.14588 	Dead: 0
9.18996   0.0608786   0.309048  9.14588 	Dead: 0
9.18947   0.060247    0.305842  9.14588 	Dead: 0
9.19528   0.0682678   0.346559  9.14588 	Dead: 0
9.17285   0.0528627   0.268356  9.14588 	Dead: 0
9.17018   0.0476278   0.241781  9.14588 	Dead: 0
9.14588   1.40896e-07 7.15256e-079.14588 	Dead: 0
9.16517   0.0378106   0.191944  9.14588 	Dead: 0
9.14588   1.40896e-07 7.15256e-079.14588 	Dead: 0
9.33676   0.129546    0.657637  9.14588 	Dead: 0
9.14588   1.40896e-07 7.15256e-079.14588 	Dead: 0
9.29989   0.121373    0.616146  9.14588 	Dead: 0
9.27822   0.114979    0.583685  9.14588 	Dead: 0
9.19568   0.0689918   0.350235  9.14066 	Dead: 0
9.19176   0.0503295   0.255496  9.13989 	Dead: 0
9.22977   0.0732307   0.371753  9.13989 	Dead: 0
9.23841   0.0888061   0.450821  9.13796 	Dead: 0
9.1938    0.0573287   0.291027  9.13777 	Dead: 0
9.26168   0.0944872   0.479661  9.13758 	Dead: 0
9.18467   0.0667972   0.339094  9.13758 	Dead: 0
9.21206   0.0754617   0.383079  9.13758 	Dead: 0
9.18815   0.0569954   0.289335  9.13758 	Dead: 0
9.24999   0.0908602   0.461249  9.13758 	Dead: 0
9.2692    0.107035    0.543361  9.13758 	Dead: 0
9.22789   0.0886199   0.449876  9.13758 	Dead: 0
9.17604   0.0518379   0.263154  9.13758 	Dead: 0
9.21708   0.0767761   0.389751  9.13758 	Dead: 0
9.26706   0.0981287   0.498147  9.13738 	Dead: 0
9.23241   0.0846641   0.429794  9.13738 	Dead: 0
9.28494   0.112768    0.572463  9.13738 	Dead: 0
9.24975   0.0900155   0.456961  9.13738 	Dead: 0
9.1769    0.0561035   0.284808  9.13738 	Dead: 0
9.19224   0.054666    0.27751   9.13738 	Dead: 0
9.25503   0.105462    0.535376  9.13738 	Dead: 0
