7.84178   0.0848758   0.430869  6.8273  	Dead: 0
6.33371   0.0499068   0.25335   5.84914 	Dead: 0
5.80053   0.0402942   0.204552  5.28444 	Dead: 0
5.57354   0.0486338   0.246888  5.21109 	Dead: 0
5.42829   0.0388812   0.197379  4.83956 	Dead: 0
5.3383    0.0373809   0.189763  4.83956 	Dead: 0
5.2761    0.0469034   0.238104  4.8203  	Dead: 0
5.19612   0.0477627   0.242466  4.77648 	Dead: 0
5.06915   0.0436465   0.22157   4.71164 	Dead: 0
5.02654   0.0427659   0.2171    4.6816  	Dead: 0
4.95564   0.0420507   0.213469  4.63083 	Dead: 0
4.94688   0.0499829   0.253737  4.56642 	Dead: 0
4.90316   0.0418144   0.21227   4.56352 	Dead: 0
4.91391   0.0481341   0.244351  4.56352 	Dead: 0
4.86068   0.0474362   0.240808  4.47904 	Dead: 0
4.86428   0.0486441   0.24694   4.47904 	Dead: 0
4.80518   0.0420591   0.213512  4.43833 	Dead: 0
4.75616   0.0465212   0.236163  4.38994 	Dead: 0
4.69639   0.0446851   0.226842  4.27998 	Dead: 0
4.65233   0.0412964   0.20964   4.27317 	Dead: 0
4.64794   0.0431427   0.219013  4.27317 	Dead: 0
4.59825   0.0512181   0.260007  4.17162 	Dead: 0
4.58533   0.0459718   0.233374  4.17162 	Dead: 0
4.53241   0.0483121   0.245255  4.122   	Dead: 0
4.44267   0.0442032   0.224396  4.0383  	Dead: 0
4.42602   0.0449966   0.228424  4.0383  	Dead: 0
4.36765   0.0472684   0.239957  4.02769 	Dead: 0
4.33593   0.0431108   0.21885   3.97343 	Dead: 0
4.35909   0.0489971   0.248732  3.94314 	Dead: 0
4.30416   0.0484519   0.245964  3.8663  	Dead: 0
4.3291    0.05555     0.281997  3.8663  	Dead: 0
4.31496   0.0484458   0.245934  3.8663  	Dead: 0
4.24555   0.0413197   0.209758  3.8663  	Dead: 0
4.30293   0.0511951   0.25989   3.8663  	Dead: 0
4.33428   0.0599994   0.304585  3.8663  	Dead: 0
4.28954   0.0505762   0.256748  3.8663  	Dead: 0
4.3014    0.0571813   0.290279  3.8663  	Dead: 0
4.25741   0.0496035   0.251811  3.8663  	Dead: 0
4.26119   0.0490907   0.249207  3.8663  	Dead: 0
4.25016   0.0531435   0.269781  3.8663  	Dead: 0
4.23375   0.052724    0.267652  3.7843  	Dead: 0
4.18111   0.0408769   0.20751   3.7843  	Dead: 0
4.23912   0.0532774   0.270461  3.7843  	Dead: 0
4.18445   0.0518242   0.263084  3.71864 	Dead: 0
4.19025   0.0474606   0.240932  3.68594 	Dead: 0
4.18875   0.0520803   0.264384  3.68594 	Dead: 0
4.16664   0.0498649   0.253138  3.68594 	Dead: 0
4.19294   0.0491868   0.249695  3.68594 	Dead: 0
4.16969   0.0478764   0.243043  3.68594 	Dead: 0
4.23189   0.0589454   0.299234  3.68594 	Dead: 0
4.17791   0.0521814   0.264897  3.68594 	Dead: 0
4.19677   0.0505005   0.256364  3.68594 	Dead: 0
4.19806   0.0553623   0.281045  3.68594 	Dead: 0
4.1917    0.0558754   0.28365   3.68594 	Dead: 0
4.17468   0.0547763   0.27807   3.68594 	Dead: 0
4.17649   0.0559715   0.284137  3.68594 	Dead: 0
4.16185   0.0527337   0.267701  3.68594 	Dead: 0
4.15257   0.0506178   0.25696   3.68594 	Dead: 0
4.11618   0.053372    0.270941  3.68594 	Dead: 0
4.12304   0.0522174   0.26508   3.68594 	Dead: 0
4.10037   0.0467767   0.23746   3.68326 	Dead: 0
4.04347   0.0499842   0.253743  3.68112 	Dead: 0
4.01846   0.0485511   0.246468  3.68112 	Dead: 0
3.97845   0.0476474   0.241881  3.66572 	Dead: 0
3.95976   0.0452189   0.229552  3.6464  	Dead: 0
3.91097   0.0443699   0.225242  3.59821 	Dead: 0
3.93162   0.0486645   0.247044  3.59821 	Dead: 0
3.89298   0.0455561   0.231264  3.59821 	Dead: 0
3.8646    0.0497351   0.252479  3.5749  	Dead: 0
3.83375   0.0375724   0.190735  3.55643 	Dead: 0
3.87319   0.0434003   0.22032   3.55643 	Dead: 0
3.84938   0.0403166   0.204666  3.54966 	Dead: 0
3.84305   0.0458904   0.232961  3.52341 	Dead: 0
3.76581   0.0408733   0.207492  3.45342 	Dead: 0
3.70355   0.0488209   0.247837  3.40851 	Dead: 0
3.66388   0.0581207   0.295048  3.34819 	Dead: 0
3.63232   0.0432822   0.219721  3.30392 	Dead: 0
3.64737   0.0490835   0.249171  3.30392 	Dead: 0
3.63629   0.0562998   0.285804  3.30392 	Dead: 0
3.61746   0.0490454   0.248977  3.30392 	Dead: 0
3.63499   0.048734    0.247396  3.30392 	Dead: 0
3.60715   0.0462836   0.234957  3.30392 	Dead: 0
3.57273   0.0375048   0.190392  3.30392 	Dead: 0
3.58708   0.0404966   0.205579  3.30392 	Dead: 0
3.61015   0.0486473   0.246956  3.26495 	Dead: 0
3.64277   0.0495775   0.251679  3.25603 	Dead: 0
3.60594   0.0489597   0.248542  3.25603 	Dead: 0
3.56784   0.0470627   0.238912  3.21754 	Dead: 0
3.54132   0.0376085   0.190918  3.21754 	Dead: 0
3.57661   0.0498418   0.25302   3.21754 	Dead: 0
3.56484   0.0528691   0.268388  3.17107 	Dead: 0
3.57055   0.0554167   0.281321  3.17107 	Dead: 0
3.54933   0.0529475   0.268786  3.17107 	Dead: 0
3.53674   0.0486868   0.247157  3.17107 	Dead: 0
3.52242   0.0457322   0.232158  3.17107 	Dead: 0
3.5319    0.0475142   0.241204  3.17107 	Dead: 0
3.55041   0.0551211   0.279821  3.17107 	Dead: 0
3.55068   0.0559083   0.283817  3.17107 	Dead: 0
3.51444   0.0437239   0.221963  3.17107 	Dead: 0
3.54682   0.0531808   0.269971  3.17107 	Dead: 0
3.52865   0.0502436   0.25506   3.17107 	Dead: 0
