13.7069   0.118087    0.599463  12.7791 	Dead: 0
12.0383   0.04598     0.233416  11.508  	Dead: 0
11.822    0.0524075   0.266045  11.2865 	Dead: 0
11.8187   0.0558768   0.283657  11.2865 	Dead: 0
11.7224   0.0528957   0.268523  11.2865 	Dead: 0
11.7369   0.0582199   0.295551  11.2373 	Dead: 0
11.761    0.0628638   0.319126  11.2373 	Dead: 0
11.7375   0.0607409   0.308349  11.2373 	Dead: 0
11.7494   0.0726393   0.368751  11.2373 	Dead: 0
11.7387   0.0614707   0.312054  11.2373 	Dead: 0
11.7145   0.068807    0.349297  11.2373 	Dead: 0
11.6631   0.0604353   0.306798  11.1482 	Dead: 0
11.6918   0.0613178   0.311278  11.1482 	Dead: 0
11.6983   0.0664981   0.337575  11.1457 	Dead: 0
11.6741   0.0578585   0.293717  11.1457 	Dead: 0
11.7098   0.0663084   0.336612  11.1457 	Dead: 0
11.6992   0.0643127   0.326481  11.1457 	Dead: 0
11.6751   0.0706191   0.358495  11.1457 	Dead: 0
11.6888   0.0658794   0.334435  11.1457 	Dead: 0
11.652    0.0606608   0.307942  11.1457 	Dead: 0
11.6912   0.0652642   0.331312  11.1457 	Dead: 0
11.7037   0.0762751   0.387208  11.1457 	Dead: 0
11.6802   0.0606251   0.307762  11.1457 	Dead: 0
11.6462   0.0619688   0.314582  11.1457 	Dead: 0
11.6474   0.0615479   0.312446  11.0815 	Dead: 0
11.6334   0.0583853   0.296391  11.0815 	Dead: 0
11.6421   0.0638834   0.324302  11.0815 	Dead: 0
11.6526   0.0576652   0.292735  11.0815 	Dead: 0
11.6842   0.0651512   0.330738  11.0815 	Dead: 0
11.6505   0.0630485   0.320064  11.0815 	Dead: 0
11.6728   0.0705256   0.358021  11.0228 	Dead: 0
11.6312   0.0619842   0.314661  11.0228 	Dead: 0
11.6118   0.0651873   0.330921  11.0228 	Dead: 0
11.6189   0.0633035   0.321358  11.0228 	Dead: 0
11.647    0.067801    0.344189  11.0228 	Dead: 0
11.6391   0.0672791   0.34154   11.0228 	Dead: 0
11.6065   0.0628267   0.318938  11.0228 	Dead: 0
11.6184   0.0748686   0.380068  11.0228 	Dead: 0
11.5748   0.0590106   0.299565  11.0228 	Dead: 0
11.6164   0.078878    0.400421  11.0228 	Dead: 0
11.5494   0.06595     0.334793  11.0228 	Dead: 0
11.5855   0.0705277   0.358031  11.0228 	Dead: 0
11.5841   0.088124    0.447359  10.83   	Dead: 0
11.5868   0.0742023   0.376685  10.83   	Dead: 0
11.5911   0.0757841   0.384716  10.83   	Dead: 0
11.5688   0.0660528   0.335315  10.83   	Dead: 0
11.5749   0.0751975   0.381738  10.83   	Dead: 0
11.5272   0.0629432   0.319529  10.83   	Dead: 0
11.5633   0.075951    0.385563  10.83   	Dead: 0
11.5577   0.0672179   0.34123   10.83   	Dead: 0
11.5728   0.0951699   0.483127  10.83   	Dead: 0
11.5046   0.0673334   0.341816  10.83   	Dead: 0
11.4764   0.0596056   0.302586  10.83   	Dead: 0
11.4742   0.0777854   0.394875  10.83   	Dead: 0
11.4494   0.0621671   0.315589  10.83   	Dead: 0
11.483    0.0867903   0.440588  10.83   	Dead: 0
11.4634   0.0824852   0.418733  10.83   	Dead: 0
11.4124   0.067517    0.342748  10.83   	Dead: 0
11.4165   0.077473    0.393289  10.83   	Dead: 0
11.4142   0.0812212   0.412317  10.8281 	Dead: 0
11.3857   0.0725452   0.368273  10.8281 	Dead: 0
11.3803   0.0679246   0.344817  10.8281 	Dead: 0
11.4392   0.0807372   0.40986   10.8281 	Dead: 0
11.406    0.0793898   0.403019  10.8281 	Dead: 0
11.3714   0.0842426   0.427655  10.8281 	Dead: 0
11.415    0.0979116   0.497045  10.8281 	Dead: 0
11.3941   0.084778    0.430373  10.8281 	Dead: 0
11.3866   0.0856821   0.434962  10.7931 	Dead: 0
11.4098   0.0799299   0.405761  10.7931 	Dead: 0
11.3141   0.0712574   0.361736  10.7931 	Dead: 0
11.2464   0.0639015   0.324394  10.7931 	Dead: 0
11.2435   0.0989832   0.502485  10.5608 	Dead: 0
11.1673   0.0777289   0.394588  10.4786 	Dead: 0
11.1306   0.0777838   0.394867  10.4786 	Dead: 0
11.1367   0.0834428   0.423595  10.4786 	Dead: 0
11.092    0.0663785   0.336968  10.4786 	Dead: 0
11.0869   0.0727458   0.369292  10.4524 	Dead: 0
11.0805   0.0892247   0.452946  10.4524 	Dead: 0
11.0284   0.0688252   0.349389  10.4524 	Dead: 0
11.0261   0.0765578   0.388643  10.4524 	Dead: 0
10.9913   0.0780851   0.396397  10.4107 	Dead: 0
11.0011   0.068558    0.348032  10.4107 	Dead: 0
11.0401   0.0769222   0.390493  10.4107 	Dead: 0
11.0356   0.071046    0.360663  10.4107 	Dead: 0
11.0691   0.0747231   0.379329  10.4107 	Dead: 0
11.0051   0.0798569   0.405391  10.2931 	Dead: 0
10.7739   0.0721188   0.366109  10.0338 	Dead: 0
10.738    0.0799153   0.405687  10.0338 	Dead: 0
10.7049   0.0763978   0.387831  10.0338 	Dead: 0
10.6888   0.0814762   0.413611  10.0338 	Dead: 0
10.69     0.0947964   0.481231  10.0338 	Dead: 0
10.6288   0.0717274   0.364122  10.0338 	Dead: 0
10.7077   0.0827232   0.419941  10.0338 	Dead: 0
10.6671   0.0883446   0.448478  10.0082 	Dead: 0
10.6725   0.0866924   0.440091  10.0082 	Dead: 0
10.7095   0.095174    0.483147  10.0082 	Dead: 0
10.6533   0.082896    0.420819  9.93563 	Dead: 0
10.6609   0.0810979   0.411691  9.93563 	Dead: 0
10.6605   0.102818    0.521953  9.93563 	Dead: 0
10.6663   0.103913    0.527509  9.93563 	Dead: 0
10.6765   0.0783124   0.39755   9.93563 	Dead: 0
