5.61518   0.0998828   0.507051  4.74199 	Dead: 0
4.64596   0.0612719   0.311045  3.90188 	Dead: 0
4.34092   0.0857232   0.435171  3.71991 	Dead: 0
4.23615   0.089172    0.452679  3.62726 	Dead: 0
4.07224   0.0865068   0.439149  3.39405 	Dead: 0
4.07389   0.0991003   0.503079  3.37505 	Dead: 0
3.97775   0.0950021   0.482275  3.31001 	Dead: 0
3.95939   0.109156    0.554126  3.31001 	Dead: 0
3.85181   0.0925881   0.470021  3.31001 	Dead: 0
3.88806   0.0981824   0.498419  3.1976  	Dead: 0
3.86823   0.0992804   0.503993  3.1976  	Dead: 0
3.93998   0.10526     0.53435   3.1976  	Dead: 0
3.89708   0.105307    0.534585  3.1976  	Dead: 0
3.7794    0.0860711   0.436937  3.1976  	Dead: 0
3.85463   0.103013    0.522941  3.1976  	Dead: 0
3.90632   0.110139    0.559116  3.1976  	Dead: 0
3.94263   0.114613    0.581827  3.1976  	Dead: 0
3.94404   0.107584    0.546145  3.1976  	Dead: 0
3.86703   0.10162     0.515869  3.1976  	Dead: 0
3.91466   0.112364    0.570413  3.1976  	Dead: 0
3.93228   0.119808    0.6082    3.1976  	Dead: 0
3.8787    0.105077    0.53342   3.1976  	Dead: 0
3.84021   0.104088    0.5284    3.1976  	Dead: 0
3.93464   0.11455     0.58151   3.1976  	Dead: 0
3.91234   0.107219    0.544295  3.1976  	Dead: 0
3.82498   0.0921734   0.467915  3.1976  	Dead: 0
3.87214   0.106305    0.539656  3.1976  	Dead: 0
3.85444   0.109788    0.557336  3.1976  	Dead: 0
3.85277   0.106514    0.540715  3.1976  	Dead: 0
3.79079   0.099607    0.505651  3.1976  	Dead: 0
3.85334   0.104818    0.532106  3.1976  	Dead: 0
3.9299    0.122995    0.624381  3.1976  	Dead: 0
3.83663   0.0964374   0.489561  3.1976  	Dead: 0
3.88429   0.109223    0.554467  3.1976  	Dead: 0
3.88554   0.114493    0.581217  3.1976  	Dead: 0
3.83457   0.101172    0.513598  3.1976  	Dead: 0
3.83665   0.0960724   0.487708  3.1976  	Dead: 0
3.86537   0.104333    0.529641  3.1976  	Dead: 0
3.89991   0.116354    0.590668  3.1976  	Dead: 0
3.83695   0.102383    0.519742  3.1976  	Dead: 0
3.83267   0.104468    0.530327  3.1976  	Dead: 0
3.86659   0.112901    0.573137  3.1976  	Dead: 0
3.83562   0.101322    0.514356  3.1976  	Dead: 0
3.81831   0.0989574   0.502354  3.1976  	Dead: 0
3.90292   0.113886    0.578139  3.1976  	Dead: 0
3.92597   0.121187    0.615203  3.1976  	Dead: 0
3.84056   0.100578    0.510579  3.1976  	Dead: 0
3.83867   0.101356    0.514529  3.1976  	Dead: 0
3.89472   0.110943    0.5632    3.1976  	Dead: 0
3.90413   0.115468    0.586167  3.1976  	Dead: 0
3.90031   0.116532    0.591573  3.1976  	Dead: 0
3.8483    0.111349    0.565258  3.1976  	Dead: 0
3.84125   0.114433    0.580917  3.1976  	Dead: 0
3.90051   0.115067    0.584134  3.1976  	Dead: 0
3.87621   0.11826     0.600344  3.18241 	Dead: 0
3.9202    0.120649    0.612469  3.18241 	Dead: 0
3.9012    0.116001    0.588877  3.18241 	Dead: 0
3.8721    0.11475     0.582526  3.17184 	Dead: 0
3.89815   0.114238    0.579926  3.17184 	Dead: 0
3.8421    0.116972    0.593807  3.17184 	Dead: 0
3.9256    0.122654    0.622648  3.17184 	Dead: 0
3.93893   0.116982    0.593856  3.17184 	Dead: 0
3.84792   0.113588    0.576626  3.17184 	Dead: 0
3.85052   0.112783    0.572541  3.16699 	Dead: 0
3.85222   0.103585    0.525846  3.16699 	Dead: 0
3.8498    0.11416     0.579528  3.16699 	Dead: 0
3.78148   0.0996454   0.505847  3.16699 	Dead: 0
3.87483   0.113203    0.57467   3.16699 	Dead: 0
3.79998   0.101159    0.513532  3.16699 	Dead: 0
3.83831   0.106243    0.539339  3.16699 	Dead: 0
3.86433   0.107509    0.545766  3.16699 	Dead: 0
3.94225   0.122526    0.622001  3.16699 	Dead: 0
3.82867   0.116515    0.591482  3.16699 	Dead: 0
3.85684   0.109454    0.55564   3.16699 	Dead: 0
3.84985   0.099815    0.506708  3.16699 	Dead: 0
3.91198   0.114427    0.580887  3.16699 	Dead: 0
3.8962    0.113247    0.574893  3.16699 	Dead: 0
3.8466    0.111939    0.568257  3.16699 	Dead: 0
3.8988    0.11531     0.585368  3.16475 	Dead: 0
3.92652   0.120795    0.613212  3.16475 	Dead: 0
3.88983   0.115865    0.588183  3.16475 	Dead: 0
3.85156   0.111637    0.566723  3.16475 	Dead: 0
3.81209   0.115305    0.585341  3.16475 	Dead: 0
3.84165   0.1088      0.55232   3.16475 	Dead: 0
3.86617   0.114079    0.579117  3.16475 	Dead: 0
3.86379   0.113787    0.577635  3.16475 	Dead: 0
3.81031   0.102544    0.520559  3.16475 	Dead: 0
3.7513    0.0990878   0.503016  3.09296 	Dead: 0
3.75133   0.101642    0.515984  3.09296 	Dead: 0
3.84452   0.113413    0.57574   3.09296 	Dead: 0
3.91578   0.130378    0.661861  3.08476 	Dead: 0
3.84315   0.103136    0.523566  3.08476 	Dead: 0
3.80162   0.1039      0.527444  3.08476 	Dead: 0
3.75905   0.103197    0.523875  3.08476 	Dead: 0
3.85844   0.116841    0.593142  3.08476 	Dead: 0
3.81848   0.120364    0.611026  3.08476 	Dead: 0
3.74394   0.112411    0.570648  3.08476 	Dead: 0
3.76957   0.111141    0.564204  3.08476 	Dead: 0
3.8461    0.123147    0.625153  3.08476 	Dead: 0
3.87512   0.131764    0.668897  3.08476 	Dead: 0
3.74436   0.105994    0.538074  3.08476 	Dead: 0
