0   8.86586   0.16396     0.83234   6.71778 	Dead: 0
1   5.91598   0.0693054   0.351826  5.36348 	Dead: 0
2   5.45736   0.0824852   0.418734  4.80406 	Dead: 0
3   5.2212    0.0989961   0.50255   4.46174 	Dead: 0
4   4.9621    0.110205    0.559454  4.29809 	Dead: 0
5   4.89358   0.130266    0.661294  4.17956 	Dead: 0
6   4.7653    0.105293    0.534516  4.13557 	Dead: 0
7   4.83241   0.11955     0.606891  4.10554 	Dead: 0
8   4.79645   0.120142    0.609898  4.05863 	Dead: 0
9   4.78411   0.116737    0.592609  4.05863 	Dead: 0
10  4.8209    0.11962     0.607248  4.05863 	Dead: 0
11  4.76348   0.114661    0.582072  3.90685 	Dead: 0
12  4.83781   0.132452    0.672389  3.90685 	Dead: 0
13  4.74665   0.117028    0.59409   3.90685 	Dead: 0
14  4.72115   0.124145    0.630217  3.90685 	Dead: 0
15  4.76903   0.129635    0.658089  3.90685 	Dead: 0
16  4.75869   0.144395    0.733017  3.90685 	Dead: 0
17  4.68187   0.133566    0.678042  3.82304 	Dead: 0
18  4.70836   0.138853    0.704882  3.76489 	Dead: 0
19  4.78254   0.149674    0.759817  3.76489 	Dead: 0
20  4.76181   0.14496     0.735887  3.76489 	Dead: 0
21  4.66296   0.134563    0.683104  3.76489 	Dead: 0
22  4.69245   0.143766    0.729825  3.76489 	Dead: 0
23  4.68792   0.136956    0.695251  3.76489 	Dead: 0
24  4.67889   0.133536    0.67789   3.76489 	Dead: 0
25  4.58747   0.123677    0.627841  3.76489 	Dead: 0
26  4.57046   0.136298    0.691915  3.76489 	Dead: 0
27  4.54044   0.126226    0.640784  3.76489 	Dead: 0
28  4.6162    0.132071    0.670454  3.76489 	Dead: 0
29  4.6386    0.138348    0.702319  3.76489 	Dead: 0
30  4.62135   0.138149    0.701311  3.66339 	Dead: 0
31  4.61489   0.137333    0.697168  3.66339 	Dead: 0
32  4.52742   0.120936    0.613927  3.66339 	Dead: 0
33  4.59098   0.1327      0.673646  3.66339 	Dead: 0
34  4.60253   0.153184    0.777633  3.66339 	Dead: 0
35  4.65506   0.136062    0.690712  3.66339 	Dead: 0
36  4.55896   0.123913    0.629039  3.66339 	Dead: 0
37  4.53573   0.133516    0.677788  3.66339 	Dead: 0
38  4.60716   0.142281    0.722285  3.62183 	Dead: 0
39  4.58536   0.126924    0.644327  3.62183 	Dead: 0
40  4.55965   0.130783    0.663915  3.62183 	Dead: 0
41  4.61249   0.130525    0.662606  3.62183 	Dead: 0
42  4.46435   0.12725     0.645982  3.62183 	Dead: 0
43  4.54019   0.12666     0.642984  3.62183 	Dead: 0
44  4.60876   0.143489    0.728416  3.62183 	Dead: 0
45  4.5456    0.137275    0.696873  3.62183 	Dead: 0
46  4.51448   0.132499    0.672627  3.62183 	Dead: 0
47  4.57521   0.14003     0.710859  3.62183 	Dead: 0
48  4.69109   0.161982    0.822298  3.62183 	Dead: 0
49  4.53443   0.140408    0.712778  3.62183 	Dead: 0
50  4.5202    0.14873     0.755023  3.62183 	Dead: 0
51  4.48259   0.123515    0.627022  3.62183 	Dead: 0
52  4.65624   0.144816    0.735155  3.62183 	Dead: 0
53  4.59126   0.159692    0.810671  3.62183 	Dead: 0
54  4.5407    0.141435    0.717988  3.62183 	Dead: 0
55  4.6582    0.150763    0.765344  3.62183 	Dead: 0
56  4.50982   0.130742    0.663706  3.62183 	Dead: 0
57  4.50186   0.13319     0.676135  3.62183 	Dead: 0
58  4.4746    0.13301     0.67522   3.62183 	Dead: 0
59  4.53802   0.13738     0.697406  3.62183 	Dead: 0
60  4.58023   0.140721    0.714364  3.62183 	Dead: 0
61  4.65177   0.155027    0.78699   3.62183 	Dead: 0
62  4.49078   0.128803    0.653866  3.62183 	Dead: 0
63  4.51171   0.140365    0.712556  3.62183 	Dead: 0
64  4.49178   0.14083     0.71492   3.60412 	Dead: 0
65  4.44457   0.125486    0.637027  3.60412 	Dead: 0
66  4.48514   0.1348      0.684308  3.60412 	Dead: 0
67  4.49369   0.141136    0.716474  3.60412 	Dead: 0
68  4.49667   0.131804    0.6691    3.60412 	Dead: 0
69  4.4757    0.135536    0.688046  3.47649 	Dead: 0
70  4.53816   0.155951    0.791678  3.47649 	Dead: 0
71  4.52579   0.148838    0.75557   3.47649 	Dead: 0
72  4.52089   0.145897    0.74064   3.47649 	Dead: 0
73  4.48807   0.140033    0.710873  3.47649 	Dead: 0
74  4.42323   0.129542    0.657617  3.47649 	Dead: 0
75  4.514     0.143792    0.729954  3.47649 	Dead: 0
76  4.41951   0.138075    0.700935  3.41048 	Dead: 0
77  4.42439   0.147552    0.749045  3.41048 	Dead: 0
78  4.43869   0.148035    0.751495  3.41048 	Dead: 0
79  4.50026   0.161726    0.820999  3.41048 	Dead: 0
80  4.41879   0.148393    0.753311  3.41048 	Dead: 0
81  4.49652   0.152482    0.774071  3.41048 	Dead: 0
82  4.37147   0.13116     0.665828  3.41048 	Dead: 0
83  4.49111   0.147819    0.7504    3.41048 	Dead: 0
84  4.4866    0.147263    0.747575  3.41048 	Dead: 0
85  4.46246   0.154286    0.783227  3.41048 	Dead: 0
86  4.37288   0.141094    0.716258  3.41048 	Dead: 0
87  4.5499    0.162226    0.823533  3.41048 	Dead: 0
88  4.2837    0.1207      0.612728  3.41048 	Dead: 0
89  4.49559   0.161299    0.818829  3.41048 	Dead: 0
90  4.52603   0.164793    0.836567  3.41048 	Dead: 0
91  4.51503   0.153931    0.781424  3.41048 	Dead: 0
92  4.43363   0.141062    0.716096  3.41048 	Dead: 0
93  4.35308   0.145742    0.739852  3.41048 	Dead: 0
94  4.34467   0.140016    0.710785  3.41048 	Dead: 0
95  4.45467   0.153479    0.77913   3.41048 	Dead: 0
96  4.44294   0.155868    0.791258  3.41048 	Dead: 0
97  4.42794   0.139562    0.708482  3.38946 	Dead: 0
98  4.33715   0.148206    0.752361  3.38946 	Dead: 0
99  4.3232    0.136593    0.693407  3.38946 	Dead: 0
100 4.46842   0.155084    0.787277  3.38946 	Dead: 0
