0   9.12838   0.145725    0.739766  7.43719 	Dead: 0
1   5.56478   0.0835059   0.423915  4.86487 	Dead: 0
2   5.05577   0.0755265   0.383408  4.42429 	Dead: 0
3   4.89852   0.078818    0.400117  4.24093 	Dead: 0
4   4.92523   0.0910037   0.461977  4.24093 	Dead: 0
5   4.778     0.0764345   0.388017  4.18754 	Dead: 0
6   4.81023   0.096086    0.487777  4.18754 	Dead: 0
7   4.80922   0.110574    0.561325  4.13005 	Dead: 0
8   4.81563   0.100159    0.508452  4.13005 	Dead: 0
9   4.80381   0.0999698   0.507493  4.13005 	Dead: 0
10  4.71655   0.0947878   0.481187  4.045   	Dead: 0
11  4.78986   0.0979004   0.496988  4.045   	Dead: 0
12  4.74955   0.100076    0.508031  4.045   	Dead: 0
13  4.65228   0.078163    0.396792  3.9142  	Dead: 0
14  4.64723   0.090223    0.458014  3.9142  	Dead: 0
15  4.65711   0.0923335   0.468728  3.9142  	Dead: 0
16  4.62757   0.0921385   0.467738  3.9142  	Dead: 0
17  4.63432   0.0926776   0.470475  3.9142  	Dead: 0
18  4.62119   0.0997955   0.506609  3.9142  	Dead: 0
19  4.66142   0.101451    0.515013  3.9142  	Dead: 0
20  4.54941   0.0904085   0.458956  3.86875 	Dead: 0
21  4.20153   0.101126    0.513361  3.62759 	Dead: 0
22  4.18635   0.110082    0.558826  3.50309 	Dead: 0
23  4.18463   0.129234    0.656055  3.35655 	Dead: 0
24  4.10822   0.109525    0.556002  3.35655 	Dead: 0
25  4.10428   0.112635    0.571787  3.35655 	Dead: 0
26  4.11157   0.106315    0.539705  3.35655 	Dead: 0
27  4.08012   0.106473    0.540508  3.35655 	Dead: 0
28  4.14483   0.120012    0.609236  3.35655 	Dead: 0
29  4.14136   0.122885    0.62382   3.35655 	Dead: 0
30  4.11969   0.102553    0.520605  3.35655 	Dead: 0
31  4.14276   0.121945    0.61905   3.35655 	Dead: 0
32  4.0837    0.105335    0.534728  3.35655 	Dead: 0
33  4.15734   0.126314    0.641227  3.35655 	Dead: 0
34  4.10988   0.115818    0.587947  3.35655 	Dead: 0
35  4.11188   0.112726    0.572248  3.35655 	Dead: 0
36  4.00586   0.10775     0.546987  3.35655 	Dead: 0
37  4.06363   0.117956    0.598801  3.2797  	Dead: 0
38  4.08052   0.120352    0.610964  3.2797  	Dead: 0
39  4.02629   0.119134    0.604782  3.2797  	Dead: 0
40  4.00219   0.114858    0.583075  3.2797  	Dead: 0
41  4.07897   0.117978    0.598913  3.2797  	Dead: 0
42  4.06321   0.126785    0.643621  3.2797  	Dead: 0
43  3.97124   0.100171    0.508516  3.2797  	Dead: 0
44  4.05109   0.127566    0.647585  3.2797  	Dead: 0
45  4.00336   0.116732    0.592586  3.2797  	Dead: 0
46  4.04932   0.12655     0.642428  3.2797  	Dead: 0
47  3.93192   0.116731    0.592579  3.2797  	Dead: 0
48  4.00407   0.119991    0.609133  3.2797  	Dead: 0
49  4.00684   0.124158    0.630282  3.2797  	Dead: 0
50  4.00188   0.116926    0.593572  3.2797  	Dead: 0
51  3.87222   0.101785    0.516706  3.2797  	Dead: 0
52  3.93912   0.119202    0.605127  3.2797  	Dead: 0
53  3.91097   0.121997    0.619314  3.2797  	Dead: 0
54  3.96971   0.115697    0.587332  3.22537 	Dead: 0
55  3.93275   0.117687    0.597435  3.22537 	Dead: 0
56  4.11271   0.143361    0.727768  3.22537 	Dead: 0
57  3.9926    0.136141    0.691115  3.22537 	Dead: 0
58  3.96376   0.124254    0.630772  3.22537 	Dead: 0
59  3.93445   0.114157    0.579513  3.16855 	Dead: 0
60  3.88294   0.112702    0.572127  3.16855 	Dead: 0
61  3.98893   0.125609    0.637648  3.16855 	Dead: 0
62  3.95476   0.128285    0.651236  3.16855 	Dead: 0
63  3.88626   0.105333    0.534718  3.16855 	Dead: 0
64  3.91096   0.127668    0.6481    3.16855 	Dead: 0
65  3.8827    0.112015    0.568639  3.16855 	Dead: 0
66  3.92759   0.120916    0.613828  3.16855 	Dead: 0
67  3.90069   0.118713    0.602642  3.16855 	Dead: 0
68  3.89824   0.116346    0.590627  3.16855 	Dead: 0
69  3.9757    0.138408    0.702624  3.16855 	Dead: 0
70  3.86376   0.113142    0.574364  3.16855 	Dead: 0
71  3.88699   0.119076    0.604486  3.16855 	Dead: 0
72  4.00076   0.143647    0.729217  3.16855 	Dead: 0
73  3.88174   0.11043     0.560592  3.16855 	Dead: 0
74  3.83267   0.10918     0.554248  3.1149  	Dead: 0
75  3.80907   0.0989714   0.502425  3.1149  	Dead: 0
76  3.91431   0.127205    0.64575   3.1149  	Dead: 0
77  3.92499   0.127464    0.647065  3.1149  	Dead: 0
78  3.86494   0.122016    0.619411  3.1149  	Dead: 0
79  3.89803   0.127401    0.646747  3.1149  	Dead: 0
80  3.92939   0.12429     0.630954  3.1149  	Dead: 0
81  3.9482    0.127305    0.646258  3.1149  	Dead: 0
82  3.87035   0.121504    0.61681   3.1149  	Dead: 0
83  3.78042   0.105292    0.534512  3.1149  	Dead: 0
84  3.72334   0.0985835   0.500456  3.1149  	Dead: 0
85  3.77974   0.102112    0.518368  3.1149  	Dead: 0
86  3.85712   0.133769    0.679073  3.1149  	Dead: 0
87  3.85259   0.122641    0.622584  3.1149  	Dead: 0
88  3.78564   0.108863    0.552642  3.1149  	Dead: 0
89  3.75241   0.11526     0.585115  3.1149  	Dead: 0
90  3.84916   0.135324    0.686969  3.1149  	Dead: 0
91  3.87376   0.128218    0.650893  3.1149  	Dead: 0
92  3.7168    0.1063      0.539628  3.1149  	Dead: 0
93  3.92364   0.173227    0.879381  3.1149  	Dead: 0
94  3.7944    0.123106    0.624944  3.07602 	Dead: 0
95  3.8259    0.120644    0.612446  3.07602 	Dead: 0
96  3.75392   0.121966    0.619157  3.07602 	Dead: 0
97  3.74487   0.116802    0.59294   3.07602 	Dead: 0
98  3.75544   0.115882    0.58827   3.00665 	Dead: 0
99  3.69222   0.108605    0.551327  3.00665 	Dead: 0
100 3.7003    0.103005    0.522901  3.00665 	Dead: 0
