5.63129   0.0610838   0.31009   4.75968 	Dead: 0
5.09296   0.0514982   0.261429  4.55891 	Dead: 0
4.81592   0.0588484   0.298742  4.31142 	Dead: 0
4.78982   0.0650434   0.330191  4.31142 	Dead: 0
4.77121   0.0660132   0.335114  4.25007 	Dead: 0
4.84539   0.07403     0.375811  4.25007 	Dead: 0
4.71076   0.057653    0.292674  4.25007 	Dead: 0
4.67959   0.0593424   0.30125   4.25007 	Dead: 0
4.69999   0.062607    0.317823  4.22652 	Dead: 0
4.68625   0.0653129   0.331559  4.22652 	Dead: 0
4.63739   0.0712531   0.361714  4.03412 	Dead: 0
4.67657   0.0648005   0.328957  4.03412 	Dead: 0
4.61095   0.0660459   0.33528   4.03412 	Dead: 0
4.58758   0.0646087   0.327984  4.03412 	Dead: 0
4.61774   0.0684716   0.347594  4.03412 	Dead: 0
4.58602   0.0718413   0.3647    4.03412 	Dead: 0
4.53802   0.0663559   0.336854  4.03412 	Dead: 0
4.51589   0.067004    0.340143  3.99134 	Dead: 0
4.56756   0.0746818   0.37912   3.99134 	Dead: 0
4.52253   0.0651154   0.330556  3.95352 	Dead: 0
4.53381   0.0726696   0.368905  3.95352 	Dead: 0
4.49003   0.0680139   0.34527   3.92597 	Dead: 0
4.47523   0.0645464   0.327667  3.92597 	Dead: 0
4.46639   0.0647206   0.328552  3.77284 	Dead: 0
4.46769   0.0734068   0.372647  3.77284 	Dead: 0
4.48899   0.0743754   0.377564  3.77284 	Dead: 0
4.48409   0.0683752   0.347104  3.77284 	Dead: 0
4.53136   0.088703    0.450298  3.77284 	Dead: 0
4.43927   0.070556    0.358175  3.77284 	Dead: 0
4.43801   0.0689955   0.350253  3.77284 	Dead: 0
4.51275   0.0843886   0.428396  3.77284 	Dead: 0
4.43342   0.0719645   0.365325  3.77284 	Dead: 0
4.48067   0.0698194   0.354436  3.77284 	Dead: 0
4.39775   0.0642395   0.326109  3.77284 	Dead: 0
4.43474   0.0648733   0.329327  3.77284 	Dead: 0
4.49072   0.0800867   0.406557  3.77284 	Dead: 0
4.45365   0.0680456   0.345431  3.77284 	Dead: 0
4.4235    0.0658499   0.334285  3.77284 	Dead: 0
4.45418   0.0684825   0.347649  3.77284 	Dead: 0
4.44393   0.0766432   0.389077  3.77284 	Dead: 0
4.41127   0.072058    0.3658    3.77284 	Dead: 0
4.39426   0.0644124   0.326987  3.77284 	Dead: 0
4.41905   0.0657422   0.333738  3.77284 	Dead: 0
4.41337   0.0698548   0.354615  3.77284 	Dead: 0
4.4171    0.0672242   0.341261  3.77284 	Dead: 0
4.36964   0.0660503   0.335302  3.77284 	Dead: 0
4.43092   0.0687696   0.349107  3.77284 	Dead: 0
4.39738   0.0703216   0.356985  3.77284 	Dead: 0
4.43154   0.0711294   0.361086  3.77284 	Dead: 0
4.42368   0.0682537   0.346488  3.77284 	Dead: 0
4.47257   0.0832503   0.422617  3.77284 	Dead: 0
4.43341   0.0817228   0.414863  3.77284 	Dead: 0
4.44012   0.0739886   0.3756    3.77284 	Dead: 0
4.45453   0.088658    0.450069  3.77284 	Dead: 0
4.4014    0.0658786   0.33443   3.77284 	Dead: 0
4.40883   0.0736453   0.373858  3.77284 	Dead: 0
4.3984    0.0738492   0.374893  3.77284 	Dead: 0
4.38569   0.0726583   0.368847  3.77284 	Dead: 0
4.43037   0.0803519   0.407904  3.77284 	Dead: 0
4.35329   0.0640443   0.325119  3.77284 	Dead: 0
4.41353   0.0736274   0.373767  3.77284 	Dead: 0
4.37039   0.0678598   0.344488  3.77284 	Dead: 0
4.43253   0.0843276   0.428086  3.77284 	Dead: 0
4.37894   0.0664676   0.337421  3.77284 	Dead: 0
4.38765   0.0730679   0.370927  3.77284 	Dead: 0
4.41595   0.0700564   0.355639  3.77284 	Dead: 0
4.33429   0.0609456   0.309388  3.77284 	Dead: 0
4.40719   0.0718234   0.364609  3.77284 	Dead: 0
4.4129    0.0726541   0.368826  3.77284 	Dead: 0
4.34565   0.0631474   0.320566  3.77284 	Dead: 0
4.39286   0.0670933   0.340597  3.77284 	Dead: 0
4.378     0.0675581   0.342956  3.77284 	Dead: 0
4.42279   0.08532     0.433124  3.77284 	Dead: 0
4.374     0.0659276   0.334679  3.77284 	Dead: 0
4.3812    0.0713273   0.362091  3.77284 	Dead: 0
4.3788    0.069492    0.352774  3.77284 	Dead: 0
4.38489   0.072463    0.367856  3.77284 	Dead: 0
4.39159   0.0700335   0.355523  3.77284 	Dead: 0
4.37998   0.071556    0.363252  3.77284 	Dead: 0
4.3612    0.0767499   0.389618  3.64226 	Dead: 0
4.35767   0.0651899   0.330934  3.64226 	Dead: 0
4.35046   0.0725463   0.368279  3.64226 	Dead: 0
4.3584    0.0718828   0.36491   3.64226 	Dead: 0
4.40394   0.0751907   0.381703  3.64226 	Dead: 0
4.36929   0.0681072   0.345744  3.64226 	Dead: 0
4.34546   0.0711087   0.360981  3.64226 	Dead: 0
4.4132    0.0741084   0.376209  3.64226 	Dead: 0
4.35065   0.0716822   0.363892  3.64226 	Dead: 0
4.37462   0.0682031   0.346231  3.64226 	Dead: 0
4.37698   0.0698804   0.354746  3.64226 	Dead: 0
4.39827   0.0804109   0.408203  3.64226 	Dead: 0
4.37148   0.0799727   0.405979  3.64226 	Dead: 0
4.30964   0.0650534   0.330241  3.64226 	Dead: 0
4.35787   0.0705491   0.35814   3.64226 	Dead: 0
4.27657   0.0620241   0.314863  3.64226 	Dead: 0
4.34331   0.0782462   0.397214  3.64226 	Dead: 0
4.32913   0.0715732   0.363339  3.64226 	Dead: 0
4.35775   0.0749379   0.38042   3.64226 	Dead: 0
4.35312   0.0692364   0.351476  3.64226 	Dead: 0
4.30933   0.0664343   0.337252  3.64226 	Dead: 0
4.36197   0.0758523   0.385062  3.64226 	Dead: 0
