5.65738   0.0622666   0.316095  5.08882 	Dead: 0
5.02468   0.0591302   0.300172  4.55751 	Dead: 0
4.82683   0.048398    0.245691  4.42377 	Dead: 0
4.72679   0.0581433   0.295163  4.15098 	Dead: 0
4.64672   0.0578477   0.293662  4.10123 	Dead: 0
4.61397   0.0573256   0.291012  4.03169 	Dead: 0
4.63096   0.0681397   0.345909  4.03169 	Dead: 0
4.5181    0.0547996   0.278188  3.93963 	Dead: 0
4.49431   0.0603126   0.306175  3.93963 	Dead: 0
4.4601    0.0562493   0.285548  3.93963 	Dead: 0
4.46139   0.0612404   0.310885  3.90084 	Dead: 0
4.48037   0.0592938   0.301003  3.90084 	Dead: 0
4.48773   0.0654431   0.33222   3.90084 	Dead: 0
4.49354   0.0647044   0.32847   3.90084 	Dead: 0
4.4477    0.0641871   0.325844  3.90084 	Dead: 0
4.51873   0.0719193   0.365096  3.90084 	Dead: 0
4.51071   0.0711802   0.361344  3.90084 	Dead: 0
4.45019   0.0650737   0.330344  3.90084 	Dead: 0
4.42868   0.0566984   0.287827  3.90084 	Dead: 0
4.45334   0.0670163   0.340206  3.90084 	Dead: 0
4.44182   0.0703258   0.357006  3.90084 	Dead: 0
4.41833   0.0617902   0.313676  3.90084 	Dead: 0
4.40641   0.0668254   0.339237  3.90084 	Dead: 0
4.45474   0.0699743   0.355222  3.90084 	Dead: 0
4.41686   0.0620934   0.315215  3.90084 	Dead: 0
4.45088   0.0658636   0.334355  3.90084 	Dead: 0
4.43296   0.0635883   0.322804  3.90084 	Dead: 0
4.44967   0.067952    0.344956  3.79217 	Dead: 0
4.449     0.0666987   0.338594  3.79217 	Dead: 0
4.43491   0.0699041   0.354866  3.79217 	Dead: 0
4.40421   0.0617518   0.313481  3.79217 	Dead: 0
4.42019   0.067236    0.341321  3.79217 	Dead: 0
4.44654   0.0665668   0.337924  3.79217 	Dead: 0
4.42286   0.0674953   0.342638  3.79217 	Dead: 0
4.4321    0.0616639   0.313035  3.79217 	Dead: 0
4.44826   0.0689631   0.350089  3.79217 	Dead: 0
4.40359   0.0651319   0.33064   3.79217 	Dead: 0
4.41595   0.0612553   0.310961  3.79217 	Dead: 0
4.4605    0.07297     0.37043   3.79217 	Dead: 0
4.45214   0.0677189   0.343773  3.79217 	Dead: 0
4.43912   0.0677506   0.343934  3.79217 	Dead: 0
4.42392   0.068148    0.345951  3.79217 	Dead: 0
4.41843   0.0639242   0.324509  3.79217 	Dead: 0
4.3795    0.0670935   0.340598  3.79217 	Dead: 0
4.38256   0.0646603   0.328246  3.79217 	Dead: 0
4.46682   0.0718407   0.364697  3.79217 	Dead: 0
4.39026   0.0621763   0.315636  3.79217 	Dead: 0
4.43204   0.0710362   0.360613  3.79217 	Dead: 0
4.38114   0.0639885   0.324835  3.79217 	Dead: 0
4.38705   0.0676934   0.343643  3.79217 	Dead: 0
4.40755   0.0738406   0.374849  3.79217 	Dead: 0
4.40408   0.0705291   0.358039  3.79217 	Dead: 0
4.39089   0.065062    0.330285  3.79217 	Dead: 0
4.40769   0.0687088   0.348798  3.79217 	Dead: 0
4.42052   0.0639103   0.324439  3.79217 	Dead: 0
4.45883   0.0679852   0.345124  3.79217 	Dead: 0
4.40958   0.06808     0.345606  3.79217 	Dead: 0
4.42023   0.064088    0.325341  3.79217 	Dead: 0
4.41613   0.0662394   0.336262  3.79217 	Dead: 0
4.3786    0.0623271   0.316401  3.79217 	Dead: 0
4.40512   0.0667255   0.33873   3.79217 	Dead: 0
4.42751   0.0640914   0.325358  3.79217 	Dead: 0
4.40103   0.0644703   0.327281  3.79217 	Dead: 0
4.41451   0.0736135   0.373696  3.79217 	Dead: 0
4.39679   0.0678193   0.344282  3.79217 	Dead: 0
4.37621   0.0637311   0.323529  3.79217 	Dead: 0
4.42865   0.0679624   0.345009  3.79217 	Dead: 0
4.38478   0.0616027   0.312724  3.79217 	Dead: 0
4.41072   0.0675734   0.343034  3.79217 	Dead: 0
4.41105   0.0698974   0.354832  3.79217 	Dead: 0
4.39801   0.0685467   0.347975  3.79217 	Dead: 0
4.39591   0.0721991   0.366516  3.79217 	Dead: 0
4.39449   0.0684611   0.347541  3.79217 	Dead: 0
4.35713   0.0732805   0.372006  3.79217 	Dead: 0
4.38648   0.0716174   0.363563  3.79217 	Dead: 0
4.32332   0.0629479   0.319553  3.79217 	Dead: 0
4.36884   0.0670524   0.340389  3.79217 	Dead: 0
4.36624   0.0712406   0.36165   3.79217 	Dead: 0
4.36849   0.0637503   0.323626  3.79217 	Dead: 0
4.36043   0.0655056   0.332537  3.79217 	Dead: 0
4.35174   0.0714283   0.362603  3.66516 	Dead: 0
4.33664   0.0703092   0.356922  3.66516 	Dead: 0
4.35138   0.0717898   0.364439  3.66516 	Dead: 0
4.32975   0.0652733   0.331358  3.66516 	Dead: 0
4.36512   0.0700698   0.355707  3.66516 	Dead: 0
4.34286   0.0625972   0.317772  3.66516 	Dead: 0
4.34199   0.0698192   0.354435  3.66516 	Dead: 0
4.34071   0.0630265   0.319952  3.66516 	Dead: 0
4.35294   0.0646046   0.327963  3.66516 	Dead: 0
4.32213   0.0636877   0.323308  3.66516 	Dead: 0
4.33333   0.0698301   0.35449   3.66516 	Dead: 0
4.3639    0.0670821   0.34054   3.66516 	Dead: 0
4.37033   0.0715008   0.362971  3.66516 	Dead: 0
4.31778   0.0621981   0.315747  3.66516 	Dead: 0
4.3554    0.068383    0.347144  3.66516 	Dead: 0
4.37964   0.0676336   0.34334   3.66516 	Dead: 0
4.30774   0.0621639   0.315573  3.66516 	Dead: 0
4.35423   0.0708024   0.359426  3.66516 	Dead: 0
4.36442   0.0699428   0.355062  3.66516 	Dead: 0
4.32898   0.064448    0.327168  3.66516 	Dead: 0
4.31429   0.0680378   0.345392  3.66516 	Dead: 0
