6.78715   0.0877972   0.445699  5.33501 	Dead: 0
3.7418    0.0522981   0.26549   3.28103 	Dead: 0
3.39272   0.0387065   0.196492  3.07945 	Dead: 0
3.31416   0.0326014   0.1655    3.02267 	Dead: 0
3.31018   0.0396952   0.201512  3.00649 	Dead: 0
3.29804   0.0428394   0.217473  2.99297 	Dead: 0
3.27451   0.041315    0.209734  2.9194  	Dead: 0
3.28506   0.0487674   0.247566  2.9194  	Dead: 0
3.26611   0.0444758   0.22578   2.9194  	Dead: 0
3.26928   0.0461095   0.234073  2.9194  	Dead: 0
3.24828   0.0428246   0.217398  2.9194  	Dead: 0
3.25529   0.0425093   0.215797  2.9194  	Dead: 0
3.26274   0.0476522   0.241905  2.9194  	Dead: 0
3.24246   0.0467134   0.237139  2.9194  	Dead: 0
3.23769   0.0419175   0.212793  2.9194  	Dead: 0
3.23362   0.0424996   0.215748  2.9194  	Dead: 0
3.23272   0.0469262   0.238219  2.9194  	Dead: 0
3.2688    0.0494741   0.251154  2.9194  	Dead: 0
3.23984   0.0521703   0.264841  2.84299 	Dead: 0
3.18919   0.0413985   0.210158  2.84299 	Dead: 0
3.20208   0.0404021   0.2051    2.84299 	Dead: 0
3.18273   0.0424925   0.215712  2.80143 	Dead: 0
3.21149   0.047865    0.242985  2.80143 	Dead: 0
3.17149   0.0455476   0.231221  2.80143 	Dead: 0
3.17241   0.0418026   0.212209  2.80143 	Dead: 0
3.18768   0.0477458   0.24238   2.80143 	Dead: 0
3.18762   0.046064    0.233842  2.80143 	Dead: 0
3.18922   0.0459644   0.233337  2.80143 	Dead: 0
3.16544   0.0410297   0.208286  2.80143 	Dead: 0
3.2189    0.051197    0.2599    2.80143 	Dead: 0
3.12355   0.043213    0.219369  2.80143 	Dead: 0
3.14417   0.0419242   0.212827  2.80143 	Dead: 0
3.15033   0.0454845   0.230901  2.80143 	Dead: 0
3.16372   0.0490562   0.249032  2.80143 	Dead: 0
3.16215   0.0495358   0.251467  2.80143 	Dead: 0
3.14502   0.043729    0.221989  2.80143 	Dead: 0
3.1573    0.0489538   0.248512  2.80143 	Dead: 0
3.15742   0.0446693   0.226762  2.80143 	Dead: 0
3.19858   0.0514974   0.261425  2.80143 	Dead: 0
3.17076   0.0477112   0.242204  2.80143 	Dead: 0
3.1657    0.0472479   0.239852  2.80143 	Dead: 0
3.16977   0.0447599   0.227222  2.80143 	Dead: 0
3.14513   0.0483365   0.245379  2.80143 	Dead: 0
3.14801   0.0484958   0.246187  2.80143 	Dead: 0
3.14225   0.0427749   0.217145  2.80143 	Dead: 0
3.12676   0.0429079   0.217821  2.80143 	Dead: 0
3.12752   0.0427847   0.217195  2.80143 	Dead: 0
3.13434   0.0444907   0.225856  2.77905 	Dead: 0
3.13273   0.0440518   0.223627  2.77905 	Dead: 0
3.14043   0.0465764   0.236444  2.77905 	Dead: 0
3.1148    0.0433464   0.220047  2.77905 	Dead: 0
3.12776   0.0434653   0.22065   2.75996 	Dead: 0
3.12673   0.0473132   0.240184  2.75996 	Dead: 0
3.15273   0.0471      0.239102  2.75996 	Dead: 0
3.10928   0.0433229   0.219927  2.75996 	Dead: 0
3.12911   0.0479098   0.243212  2.75996 	Dead: 0
3.11114   0.042762    0.21708   2.75996 	Dead: 0
3.13588   0.0500376   0.254014  2.7291  	Dead: 0
3.09571   0.0424381   0.215435  2.7291  	Dead: 0
3.16166   0.0561808   0.2852    2.7291  	Dead: 0
3.1168    0.0485089   0.246254  2.70832 	Dead: 0
3.10652   0.046457    0.235837  2.70832 	Dead: 0
3.11154   0.0456051   0.231513  2.70832 	Dead: 0
3.13222   0.049848    0.253052  2.70832 	Dead: 0
3.10882   0.0435616   0.221139  2.70832 	Dead: 0
3.10671   0.0449042   0.227954  2.70832 	Dead: 0
3.1281    0.0492389   0.24996   2.70832 	Dead: 0
3.11235   0.0492822   0.250179  2.70832 	Dead: 0
3.09098   0.0413569   0.209947  2.70832 	Dead: 0
3.12511   0.0487486   0.24747   2.70832 	Dead: 0
3.09168   0.0445831   0.226325  2.70832 	Dead: 0
3.09914   0.0494407   0.250984  2.70832 	Dead: 0
3.09227   0.0487485   0.24747   2.70832 	Dead: 0
3.10583   0.0501679   0.254676  2.70832 	Dead: 0
3.08653   0.046962    0.238401  2.70832 	Dead: 0
3.12458   0.0576803   0.292812  2.70832 	Dead: 0
3.10553   0.0496764   0.252181  2.70832 	Dead: 0
3.08911   0.0461442   0.234249  2.70832 	Dead: 0
3.10565   0.0489193   0.248337  2.70832 	Dead: 0
3.09123   0.0478594   0.242957  2.70832 	Dead: 0
3.08951   0.0444425   0.225611  2.70832 	Dead: 0
3.09208   0.0476888   0.242091  2.70832 	Dead: 0
3.08814   0.0470408   0.238801  2.70832 	Dead: 0
3.1041    0.0527348   0.267707  2.70832 	Dead: 0
3.10007   0.0538913   0.273577  2.70832 	Dead: 0
3.08183   0.048127    0.244315  2.70832 	Dead: 0
3.09851   0.0528935   0.268512  2.70832 	Dead: 0
3.10116   0.0468064   0.237611  2.70832 	Dead: 0
3.10632   0.0538618   0.273427  2.70832 	Dead: 0
3.09174   0.044172    0.224238  2.70832 	Dead: 0
3.07875   0.0458461   0.232736  2.70832 	Dead: 0
3.09838   0.0536303   0.272252  2.70832 	Dead: 0
3.09581   0.0516995   0.262451  2.70832 	Dead: 0
3.11528   0.0521718   0.264848  2.70832 	Dead: 0
3.06585   0.0484981   0.246199  2.70832 	Dead: 0
3.09106   0.0446593   0.226712  2.70832 	Dead: 0
3.06328   0.0424084   0.215285  2.70832 	Dead: 0
3.0599    0.0451702   0.229305  2.70832 	Dead: 0
3.0729    0.0452918   0.229922  2.70832 	Dead: 0
3.07014   0.0470666   0.238932  2.70832 	Dead: 0
3.06517   0.0481426   0.244394  2.70832 	Dead: 0
