6.80852   0.103026    0.52301   5.38602 	Dead: 0
3.49083   0.0400819   0.203474  3.10355 	Dead: 0
3.23035   0.0409818   0.208043  2.9134  	Dead: 0
3.11652   0.0418267   0.212332  2.80705 	Dead: 0
3.10071   0.044394    0.225365  2.74299 	Dead: 0
3.06354   0.0422331   0.214395  2.70756 	Dead: 0
3.06408   0.0490924   0.249216  2.70756 	Dead: 0
3.03129   0.0412121   0.209212  2.70756 	Dead: 0
3.04484   0.0458521   0.232767  2.70756 	Dead: 0
3.03224   0.0463347   0.235217  2.70756 	Dead: 0
3.00226   0.04677     0.237427  2.65047 	Dead: 0
3.01637   0.0456717   0.231851  2.65047 	Dead: 0
2.96597   0.037721    0.19149   2.65047 	Dead: 0
3.0054    0.0421564   0.214005  2.65047 	Dead: 0
2.99447   0.0468828   0.237999  2.65047 	Dead: 0
3.01331   0.0492298   0.249913  2.6459  	Dead: 0
3.01208   0.0489749   0.248619  2.6459  	Dead: 0
2.992     0.0431646   0.219124  2.6459  	Dead: 0
2.98261   0.048248    0.244929  2.6459  	Dead: 0
2.96133   0.0405606   0.205905  2.62098 	Dead: 0
3.00563   0.0459455   0.233241  2.62098 	Dead: 0
2.97922   0.0459405   0.233215  2.62098 	Dead: 0
2.94199   0.0420158   0.213292  2.62098 	Dead: 0
2.96708   0.0470306   0.238749  2.58656 	Dead: 0
2.96057   0.0445412   0.226112  2.58656 	Dead: 0
2.96755   0.0474573   0.240915  2.58656 	Dead: 0
2.92178   0.0427635   0.217087  2.58656 	Dead: 0
2.94323   0.0466089   0.236608  2.57985 	Dead: 0
2.92189   0.0433047   0.219835  2.57985 	Dead: 0
2.90613   0.0450706   0.2288    2.53308 	Dead: 0
2.89177   0.0452429   0.229674  2.50812 	Dead: 0
2.88679   0.0426765   0.216646  2.50812 	Dead: 0
2.89691   0.045221    0.229563  2.50812 	Dead: 0
2.92973   0.0475504   0.241388  2.50812 	Dead: 0
2.86407   0.0403152   0.204659  2.50812 	Dead: 0
2.89308   0.0433685   0.220159  2.50812 	Dead: 0
2.88719   0.0459811   0.233422  2.50812 	Dead: 0
2.87996   0.0447545   0.227195  2.50812 	Dead: 0
2.87279   0.0431278   0.218937  2.50812 	Dead: 0
2.84958   0.041835    0.212374  2.50812 	Dead: 0
2.86967   0.0433239   0.219932  2.50812 	Dead: 0
2.88775   0.0466816   0.236978  2.50812 	Dead: 0
2.8641    0.0434571   0.220608  2.50812 	Dead: 0
2.86342   0.0452902   0.229914  2.50812 	Dead: 0
2.85379   0.0424439   0.215465  2.50812 	Dead: 0
2.86678   0.045762    0.23231   2.50812 	Dead: 0
2.86061   0.0432665   0.219641  2.50812 	Dead: 0
2.85187   0.0393406   0.199711  2.50812 	Dead: 0
2.87618   0.0433971   0.220304  2.50812 	Dead: 0
2.89547   0.0490409   0.248954  2.47118 	Dead: 0
2.8637    0.0430755   0.218671  2.47118 	Dead: 0
2.86186   0.041362    0.209973  2.47118 	Dead: 0
2.86538   0.0476645   0.241967  2.47118 	Dead: 0
2.86714   0.042134    0.213892  2.47118 	Dead: 0
2.86616   0.0443156   0.224967  2.47118 	Dead: 0
2.87366   0.0463198   0.235141  2.47118 	Dead: 0
2.88068   0.049858    0.253103  2.47118 	Dead: 0
2.82912   0.0392097   0.199047  2.47118 	Dead: 0
2.85511   0.0471562   0.239387  2.47118 	Dead: 0
2.83181   0.0416383   0.211375  2.47118 	Dead: 0
2.84245   0.0430873   0.218731  2.47118 	Dead: 0
2.84113   0.0414593   0.210466  2.47118 	Dead: 0
2.85871   0.0457405   0.2322    2.47118 	Dead: 0
2.83709   0.0432366   0.219489  2.47097 	Dead: 0
2.83352   0.0421914   0.214183  2.47097 	Dead: 0
2.85168   0.0424934   0.215716  2.47097 	Dead: 0
2.84176   0.0444332   0.225564  2.47097 	Dead: 0
2.83029   0.0403592   0.204882  2.47097 	Dead: 0
2.84056   0.044561    0.226212  2.47097 	Dead: 0
2.80867   0.0399583   0.202847  2.47097 	Dead: 0
2.84194   0.0445985   0.226403  2.47097 	Dead: 0
2.82948   0.0414928   0.210637  2.47097 	Dead: 0
2.81306   0.0410632   0.208456  2.47097 	Dead: 0
2.85113   0.0479576   0.243455  2.47097 	Dead: 0
2.83318   0.0439179   0.222948  2.47097 	Dead: 0
2.84188   0.0429259   0.217912  2.47097 	Dead: 0
2.82625   0.0414354   0.210346  2.47097 	Dead: 0
2.81054   0.0389675   0.197817  2.47097 	Dead: 0
2.83048   0.0397045   0.201559  2.47097 	Dead: 0
2.82894   0.0429238   0.217901  2.47097 	Dead: 0
2.83845   0.0461415   0.234236  2.47097 	Dead: 0
2.82128   0.0449595   0.228235  2.47097 	Dead: 0
2.80999   0.0432614   0.219615  2.47097 	Dead: 0
2.82618   0.0437529   0.22211   2.47097 	Dead: 0
2.8246    0.0426515   0.216519  2.47097 	Dead: 0
2.8072    0.0392467   0.199235  2.47097 	Dead: 0
2.80741   0.0411219   0.208754  2.47097 	Dead: 0
2.83228   0.0478043   0.242677  2.47097 	Dead: 0
2.80337   0.0376751   0.191257  2.47097 	Dead: 0
2.81258   0.0446909   0.226872  2.47097 	Dead: 0
2.82046   0.0459351   0.233188  2.47097 	Dead: 0
2.81671   0.0437156   0.221921  2.47097 	Dead: 0
2.84062   0.0448258   0.227557  2.47097 	Dead: 0
2.80676   0.0432557   0.219586  2.47097 	Dead: 0
2.83815   0.0437682   0.222188  2.47097 	Dead: 0
2.84002   0.0467727   0.23744   2.47097 	Dead: 0
2.84143   0.0422668   0.214566  2.47097 	Dead: 0
2.83145   0.0449604   0.22824   2.47097 	Dead: 0
2.82331   0.0465643   0.236382  2.47097 	Dead: 0
2.79936   0.0355206   0.180319  2.47097 	Dead: 0
2.81218   0.0421341   0.213892  2.47097 	Dead: 0
