7.74174   0.108801    0.552325  6.22404 	Dead: 0
4.79655   0.0590185   0.299605  4.13342 	Dead: 0
4.43581   0.0619922   0.314701  3.7729  	Dead: 0
4.19636   0.0503474   0.255587  3.76598 	Dead: 0
4.10695   0.0596484   0.302803  3.67692 	Dead: 0
4.05951   0.0638612   0.324189  3.49515 	Dead: 0
3.98236   0.0561968   0.285281  3.49515 	Dead: 0
4.00333   0.0682894   0.346669  3.49515 	Dead: 0
3.93667   0.0614853   0.312128  3.49515 	Dead: 0
3.93674   0.0624356   0.316952  3.49515 	Dead: 0
3.87739   0.0598253   0.303701  3.37261 	Dead: 0
3.83608   0.0562556   0.28558   3.37261 	Dead: 0
3.82249   0.0592209   0.300633  3.33586 	Dead: 0
3.81703   0.0616872   0.313153  3.33586 	Dead: 0
3.79036   0.0616779   0.313106  3.33586 	Dead: 0
3.79297   0.0653679   0.331838  3.32281 	Dead: 0
3.79645   0.060369    0.306461  3.32281 	Dead: 0
3.7658    0.0561359   0.284972  3.32281 	Dead: 0
3.74593   0.0488053   0.247758  3.32281 	Dead: 0
3.75183   0.0579739   0.294303  3.32281 	Dead: 0
3.74935   0.0584829   0.296887  3.32281 	Dead: 0
3.72863   0.0588991   0.298999  3.29327 	Dead: 0
3.72133   0.0600367   0.304774  3.25821 	Dead: 0
3.73284   0.0570281   0.289501  3.25821 	Dead: 0
3.70018   0.0525654   0.266846  3.25821 	Dead: 0
3.74424   0.0629155   0.319388  3.25821 	Dead: 0
3.73055   0.0564878   0.286759  3.25821 	Dead: 0
3.69109   0.057076    0.289744  3.25821 	Dead: 0
3.67937   0.0528386   0.268233  3.25821 	Dead: 0
3.72172   0.0607337   0.308313  3.25821 	Dead: 0
3.70345   0.0567225   0.28795   3.25821 	Dead: 0
3.73364   0.0648251   0.329082  3.25821 	Dead: 0
3.68866   0.0579622   0.294243  3.20898 	Dead: 0
3.72606   0.0652268   0.331121  3.20898 	Dead: 0
3.69287   0.0549534   0.278969  3.20898 	Dead: 0
3.70715   0.0610122   0.309727  3.20898 	Dead: 0
3.66788   0.0567338   0.288007  3.20898 	Dead: 0
3.67564   0.0590074   0.299549  3.20898 	Dead: 0
3.67537   0.06169     0.313167  3.20898 	Dead: 0
3.6711    0.0581625   0.29526   3.20898 	Dead: 0
3.66344   0.0543385   0.275847  3.20898 	Dead: 0
3.68189   0.0599017   0.304089  3.20898 	Dead: 0
3.65254   0.05378     0.273013  3.20898 	Dead: 0
3.67573   0.0633465   0.321577  3.20898 	Dead: 0
3.6484    0.0623086   0.316307  3.20898 	Dead: 0
3.63938   0.0514838   0.261356  3.20898 	Dead: 0
3.66085   0.0603553   0.306392  3.20898 	Dead: 0
3.62443   0.0561127   0.284854  3.20898 	Dead: 0
3.63688   0.0559327   0.28394   3.20898 	Dead: 0
3.63549   0.0528676   0.268381  3.20898 	Dead: 0
3.63739   0.056278    0.285694  3.20898 	Dead: 0
3.64076   0.0530779   0.269448  3.20898 	Dead: 0
3.66476   0.0587867   0.298429  3.20898 	Dead: 0
3.63945   0.0527281   0.267673  3.20898 	Dead: 0
3.64805   0.0574366   0.291575  3.20898 	Dead: 0
3.64923   0.0576525   0.292671  3.20898 	Dead: 0
3.63068   0.0556162   0.282334  3.20898 	Dead: 0
3.65803   0.0612767   0.311069  3.20898 	Dead: 0
3.66538   0.0563284   0.285949  3.20898 	Dead: 0
3.62699   0.0538316   0.273275  3.204   	Dead: 0
3.61709   0.0533295   0.270725  3.204   	Dead: 0
3.6252    0.0523381   0.265692  3.204   	Dead: 0
3.6432    0.0589103   0.299056  3.204   	Dead: 0
3.6362    0.0552527   0.280488  3.204   	Dead: 0
3.66594   0.0588097   0.298546  3.204   	Dead: 0
3.71746   0.0695606   0.353122  3.18687 	Dead: 0
3.6475    0.055059    0.279505  3.18687 	Dead: 0
3.67282   0.0559247   0.2839    3.18687 	Dead: 0
3.63305   0.057165    0.290196  3.17618 	Dead: 0
3.60846   0.0548225   0.278305  3.17618 	Dead: 0
3.64442   0.0606888   0.308085  3.17618 	Dead: 0
3.67268   0.0588896   0.298951  3.17618 	Dead: 0
3.57678   0.0493929   0.250742  3.17618 	Dead: 0
3.61398   0.0579546   0.294204  3.17618 	Dead: 0
3.6234    0.0522833   0.265414  3.17618 	Dead: 0
3.60058   0.0519002   0.26347   3.17618 	Dead: 0
3.57486   0.0475631   0.241453  3.17618 	Dead: 0
3.6205    0.05301     0.269103  3.17618 	Dead: 0
3.59176   0.0546451   0.277404  3.17618 	Dead: 0
3.5857    0.0504581   0.256149  3.17618 	Dead: 0
3.59247   0.0521659   0.264819  3.17618 	Dead: 0
3.58283   0.0515248   0.261564  3.17618 	Dead: 0
3.58437   0.0529299   0.268697  3.17618 	Dead: 0
3.59237   0.0546362   0.277359  3.17618 	Dead: 0
3.58183   0.0486477   0.246958  3.17618 	Dead: 0
3.61559   0.0528832   0.26846   3.17618 	Dead: 0
3.60488   0.0592271   0.300664  3.17618 	Dead: 0
3.58542   0.0546522   0.27744   3.17618 	Dead: 0
3.61171   0.0564074   0.28635   3.17618 	Dead: 0
3.59977   0.0577861   0.293349  3.17618 	Dead: 0
3.61516   0.0560572   0.284572  3.17618 	Dead: 0
3.58807   0.0542164   0.275228  3.17618 	Dead: 0
3.58488   0.0469227   0.238202  3.17618 	Dead: 0
3.56406   0.0468186   0.237673  3.17618 	Dead: 0
3.60479   0.0517422   0.262667  3.17618 	Dead: 0
3.58802   0.0516065   0.261979  3.17618 	Dead: 0
3.59617   0.0540022   0.27414   3.17618 	Dead: 0
3.60139   0.0547838   0.278108  3.17618 	Dead: 0
3.58041   0.0545942   0.277145  3.17618 	Dead: 0
3.56745   0.0498062   0.252839  3.17618 	Dead: 0
3.57643   0.0550298   0.279357  3.17618 	Dead: 0
