7.56177   0.119594    0.607115  6.00254 	Dead: 0
4.72988   0.0601091   0.305142  4.18376 	Dead: 0
4.25372   0.0517729   0.262823  3.67091 	Dead: 0
4.08972   0.0515342   0.261612  3.60973 	Dead: 0
3.98019   0.0550072   0.279242  3.60973 	Dead: 0
3.92257   0.0641076   0.32544   3.47232 	Dead: 0
3.89529   0.0556373   0.282441  3.47232 	Dead: 0
3.88543   0.0637688   0.32372   3.47232 	Dead: 0
3.819     0.0523843   0.265927  3.44825 	Dead: 0
3.8031    0.0589139   0.299074  3.44825 	Dead: 0
3.7507    0.0478299   0.242807  3.42261 	Dead: 0
3.79802   0.0654696   0.332354  3.36171 	Dead: 0
3.71772   0.0458144   0.232575  3.36171 	Dead: 0
3.7511    0.0522104   0.265044  3.36171 	Dead: 0
3.78737   0.0605966   0.307617  3.36171 	Dead: 0
3.7786    0.0567879   0.288282  3.36171 	Dead: 0
3.75076   0.0600952   0.305071  3.36171 	Dead: 0
3.74428   0.0566255   0.287457  3.35167 	Dead: 0
3.70462   0.0489695   0.248592  3.31837 	Dead: 0
3.70955   0.0533834   0.270999  3.31837 	Dead: 0
3.73029   0.0558884   0.283716  3.31837 	Dead: 0
3.71819   0.0591262   0.300152  3.31837 	Dead: 0
3.72459   0.0634478   0.322091  3.31837 	Dead: 0
3.67119   0.0456317   0.231648  3.25335 	Dead: 0
3.686     0.0488462   0.247966  3.25335 	Dead: 0
3.68044   0.0548069   0.278225  3.24314 	Dead: 0
3.7269    0.0562548   0.285575  3.24314 	Dead: 0
3.70514   0.0541621   0.274952  3.24314 	Dead: 0
3.7221    0.0602951   0.306086  3.24314 	Dead: 0
3.72229   0.062228    0.315899  3.24314 	Dead: 0
3.70628   0.0577781   0.293309  3.24314 	Dead: 0
3.71105   0.055709    0.282805  3.24314 	Dead: 0
3.68837   0.0534724   0.271451  3.24314 	Dead: 0
3.68671   0.061094    0.310142  3.24314 	Dead: 0
3.73286   0.0618726   0.314094  3.24314 	Dead: 0
3.66685   0.0542545   0.275421  3.24314 	Dead: 0
3.68548   0.0566922   0.287796  3.24314 	Dead: 0
3.64282   0.0519569   0.263758  3.24314 	Dead: 0
3.66471   0.057783    0.293334  3.24314 	Dead: 0
3.66397   0.055436    0.281419  3.24314 	Dead: 0
3.7018    0.0644546   0.327201  3.24314 	Dead: 0
3.66591   0.056801    0.288348  3.24314 	Dead: 0
3.66135   0.0622075   0.315794  3.24314 	Dead: 0
3.66758   0.0640417   0.325106  3.24314 	Dead: 0
3.63119   0.0474632   0.240945  3.24314 	Dead: 0
3.70344   0.0661416   0.335766  3.24314 	Dead: 0
3.66598   0.0611011   0.310178  3.24314 	Dead: 0
3.68936   0.0599331   0.304249  3.24314 	Dead: 0
3.66454   0.0594493   0.301792  3.24314 	Dead: 0
3.70479   0.0614738   0.31207   3.24314 	Dead: 0
3.61883   0.0495206   0.25139   3.24314 	Dead: 0
3.62554   0.0554274   0.281375  3.0894  	Dead: 0
3.64506   0.0543306   0.275808  3.0894  	Dead: 0
3.64183   0.0627198   0.318395  3.0894  	Dead: 0
3.67812   0.0588882   0.298944  3.0894  	Dead: 0
3.67592   0.0636708   0.323223  3.0894  	Dead: 0
3.62406   0.0541721   0.275003  3.0894  	Dead: 0
3.64327   0.0595087   0.302094  3.0894  	Dead: 0
3.59849   0.051207    0.259951  3.0894  	Dead: 0
3.64436   0.0592044   0.300549  3.0894  	Dead: 0
3.6254    0.0553993   0.281233  3.0894  	Dead: 0
3.61245   0.0527959   0.268017  3.0894  	Dead: 0
3.62723   0.0591823   0.300437  3.0894  	Dead: 0
3.6245    0.0594477   0.301784  3.0894  	Dead: 0
3.65474   0.0631019   0.320335  3.0894  	Dead: 0
3.63596   0.0590496   0.299763  3.0894  	Dead: 0
3.61667   0.0570211   0.289466  3.0894  	Dead: 0
3.63376   0.055909    0.28382   3.0894  	Dead: 0
3.59901   0.0533262   0.270708  3.0894  	Dead: 0
3.63516   0.0589121   0.299065  3.0894  	Dead: 0
3.63458   0.0611398   0.310374  3.0894  	Dead: 0
3.61917   0.0604057   0.306647  3.0894  	Dead: 0
3.60011   0.0576955   0.292889  3.0894  	Dead: 0
3.58681   0.0514193   0.261028  3.0894  	Dead: 0
3.65717   0.0695621   0.35313   3.0894  	Dead: 0
3.61587   0.060693    0.308106  3.0894  	Dead: 0
3.62508   0.0630826   0.320236  3.0894  	Dead: 0
3.62126   0.0581298   0.295094  3.0894  	Dead: 0
3.61214   0.053297    0.270561  3.0894  	Dead: 0
3.64506   0.0639423   0.324601  3.0894  	Dead: 0
3.59516   0.0571828   0.290287  3.0894  	Dead: 0
3.61272   0.0567711   0.288196  3.0894  	Dead: 0
3.59873   0.0586018   0.29749   3.0894  	Dead: 0
3.62573   0.0623387   0.31646   3.0894  	Dead: 0
3.62404   0.0546312   0.277333  3.0894  	Dead: 0
3.61524   0.0553588   0.281027  3.0894  	Dead: 0
3.60166   0.0536463   0.272333  3.0894  	Dead: 0
3.61987   0.0565966   0.287311  3.0894  	Dead: 0
3.63747   0.0574712   0.291751  3.0894  	Dead: 0
3.62033   0.0571468   0.290104  3.0894  	Dead: 0
3.6279    0.0569992   0.289354  3.0894  	Dead: 0
3.64548   0.0599158   0.304161  3.0894  	Dead: 0
3.61868   0.0563507   0.286062  3.0894  	Dead: 0
3.60212   0.0539781   0.274018  3.0894  	Dead: 0
3.58073   0.0521745   0.264862  3.0894  	Dead: 0
3.63411   0.0572299   0.290526  3.0894  	Dead: 0
3.63164   0.0619676   0.314576  3.0894  	Dead: 0
3.61522   0.0525875   0.266959  3.0894  	Dead: 0
3.62272   0.055463    0.281556  3.0894  	Dead: 0
3.55847   0.0524393   0.266207  3.0894  	Dead: 0
3.61035   0.0585917   0.297439  3.0894  	Dead: 0
