10.009    0.141679    0.719226  8.353   	Dead: 0
4.44689   0.0890563   0.452092  3.48459 	Dead: 0
3.20731   0.0491303   0.249408  2.85494 	Dead: 0
2.86547   0.0586298   0.297632  2.5945  	Dead: 0
2.78696   0.0479499   0.243416  2.50823 	Dead: 0
2.69541   0.0418566   0.212484  2.40031 	Dead: 0
2.61502   0.0346254   0.175775  2.33444 	Dead: 0
2.51744   0.0547267   0.277818  2.22292 	Dead: 0
2.45727   0.0725119   0.368104  2.18202 	Dead: 0
2.39534   0.0641934   0.325876  2.09961 	Dead: 0
2.33654   0.0648722   0.329321  2.0556  	Dead: 0
2.32871   0.0645748   0.327812  2.01675 	Dead: 0
2.30952   0.0882365   0.447929  2.01115 	Dead: 0
2.29609   0.0714551   0.36274   1.96292 	Dead: 0
2.23233   0.0811931   0.412174  1.95171 	Dead: 0
2.14246   0.0674778   0.342549  1.89248 	Dead: 0
2.07471   0.0390109   0.198037  1.81605 	Dead: 0
2.06615   0.0577938   0.293388  1.81605 	Dead: 0
2.03513   0.063198    0.320823  1.77815 	Dead: 0
2.1414    0.108689    0.551757  1.77815 	Dead: 0
2.09919   0.0893556   0.453611  1.76106 	Dead: 0
2.03468   0.0711244   0.361061  1.75966 	Dead: 0
2.00311   0.0547843   0.278111  1.75966 	Dead: 0
1.99586   0.0686641   0.348571  1.74562 	Dead: 0
2.01117   0.0808869   0.41062   1.74472 	Dead: 0
2.00689   0.0857477   0.435295  1.74472 	Dead: 0
1.94114   0.0585249   0.2971    1.72512 	Dead: 0
1.97013   0.0684734   0.347603  1.69128 	Dead: 0
1.93847   0.0793597   0.402867  1.69128 	Dead: 0
1.86932   0.032548    0.165229  1.68535 	Dead: 0
1.8728    0.0575438   0.292119  1.68535 	Dead: 0
1.91754   0.06483     0.329107  1.68535 	Dead: 0
1.88929   0.0616795   0.313114  1.64865 	Dead: 0
1.94116   0.0817411   0.414956  1.64865 	Dead: 0
1.90821   0.0632313   0.320992  1.64865 	Dead: 0
2.00124   0.109739    0.557085  1.64865 	Dead: 0
1.91505   0.0657816   0.333938  1.64865 	Dead: 0
1.89674   0.0568644   0.28867   1.64865 	Dead: 0
1.94221   0.0830386   0.421543  1.64865 	Dead: 0
1.84071   0.0351974   0.178678  1.61364 	Dead: 0
1.8925    0.0637743   0.323748  1.61364 	Dead: 0
1.9568    0.101003    0.512739  1.61364 	Dead: 0
1.8647    0.0492477   0.250004  1.61364 	Dead: 0
1.87832   0.0750865   0.381174  1.61364 	Dead: 0
1.8864    0.0629994   0.319814  1.61364 	Dead: 0
1.8658    0.0576846   0.292834  1.61364 	Dead: 0
1.86943   0.0834695   0.42373   1.61364 	Dead: 0
1.9056    0.0986447   0.500766  1.61364 	Dead: 0
1.81152   0.0494462   0.251012  1.61364 	Dead: 0
1.8506    0.0744488   0.377937  1.57665 	Dead: 0
1.79083   0.0430503   0.218543  1.55794 	Dead: 0
1.84825   0.11044     0.560643  1.55794 	Dead: 0
1.83898   0.0661827   0.335974  1.55794 	Dead: 0
1.83623   0.0783385   0.397683  1.55794 	Dead: 0
1.82616   0.0829163   0.420922  1.55794 	Dead: 0
1.80499   0.0638564   0.324165  1.55794 	Dead: 0
1.75796   0.0505288   0.256508  1.55794 	Dead: 0
1.86162   0.0742059   0.376704  1.55794 	Dead: 0
1.8142    0.0831227   0.42197   1.55794 	Dead: 0
1.83025   0.0823022   0.417804  1.55794 	Dead: 0
1.78168   0.0601448   0.305323  1.55794 	Dead: 0
1.85813   0.0831547   0.422132  1.55794 	Dead: 0
1.87989   0.111085    0.563918  1.55794 	Dead: 0
1.84424   0.102865    0.522192  1.54527 	Dead: 0
1.76003   0.0493309   0.250427  1.54527 	Dead: 0
1.81427   0.0904621   0.459228  1.54527 	Dead: 0
1.80132   0.0745728   0.378566  1.54527 	Dead: 0
1.76131   0.049412    0.250838  1.54527 	Dead: 0
1.82046   0.072782    0.369475  1.54527 	Dead: 0
1.88906   0.101003    0.512736  1.54527 	Dead: 0
1.75682   0.049347    0.250508  1.54527 	Dead: 0
1.76894   0.0606286   0.307779  1.54527 	Dead: 0
1.74094   0.0491255   0.249384  1.54527 	Dead: 0
1.86583   0.115495    0.586307  1.54527 	Dead: 0
1.79023   0.0726059   0.368581  1.54527 	Dead: 0
1.75857   0.0569807   0.28926   1.54527 	Dead: 0
1.74      0.0421728   0.214089  1.54527 	Dead: 0
1.77913   0.0682983   0.346714  1.50306 	Dead: 0
1.77138   0.0649804   0.329871  1.50306 	Dead: 0
1.84109   0.112359    0.570386  1.50306 	Dead: 0
1.74527   0.0522505   0.265248  1.50306 	Dead: 0
1.77615   0.0721848   0.366444  1.50306 	Dead: 0
1.76391   0.0612422   0.310894  1.50306 	Dead: 0
1.79136   0.0666782   0.338489  1.50306 	Dead: 0
1.73351   0.0537702   0.272963  1.50306 	Dead: 0
1.80332   0.0744538   0.377962  1.50306 	Dead: 0
1.78326   0.0702705   0.356726  1.50306 	Dead: 0
1.76024   0.0655373   0.332698  1.50306 	Dead: 0
1.82812   0.0841385   0.427126  1.50306 	Dead: 0
1.72182   0.0493761   0.250656  1.50306 	Dead: 0
1.7838    0.0711629   0.361256  1.50306 	Dead: 0
1.78417   0.0633186   0.321435  1.50306 	Dead: 0
1.83269   0.0861412   0.437293  1.50306 	Dead: 0
1.7558    0.0684007   0.347234  1.50306 	Dead: 0
1.78691   0.0813471   0.412956  1.50306 	Dead: 0
1.74766   0.0556115   0.28231   1.50306 	Dead: 0
1.7697    0.0654394   0.332201  1.50306 	Dead: 0
1.76546   0.0599791   0.304482  1.50306 	Dead: 0
1.75571   0.0601667   0.305434  1.50306 	Dead: 0
1.77459   0.0838041   0.425428  1.50306 	Dead: 0
1.79913   0.0776269   0.39407   1.50306 	Dead: 0
