13.3305   0.0876078   0.444738  12.1227 	Dead: 0
9.37432   0.0923308   0.468714  8.54265 	Dead: 0
7.64442   0.102691    0.521309  6.67788 	Dead: 0
6.04633   0.0931809   0.47303   4.97379 	Dead: 0
5.16571   0.096707    0.49093   4.445   	Dead: 0
4.76847   0.0920354   0.467214  3.95689 	Dead: 0
4.50497   0.0932841   0.473554  3.95689 	Dead: 0
4.4258    0.115016    0.583877  3.60344 	Dead: 0
4.29448   0.0931487   0.472866  3.44148 	Dead: 0
4.32567   0.116947    0.593678  3.44148 	Dead: 0
4.24951   0.110355    0.560215  3.36389 	Dead: 0
4.27788   0.124319    0.631101  3.36389 	Dead: 0
4.21556   0.139393    0.707622  3.31811 	Dead: 0
4.18381   0.12259     0.622322  3.31811 	Dead: 0
4.24145   0.126779    0.643591  3.31811 	Dead: 0
4.1525    0.135795    0.68936   3.31811 	Dead: 0
4.11635   0.120955    0.614022  3.29293 	Dead: 0
4.10136   0.123102    0.624924  3.29293 	Dead: 0
4.09611   0.124575    0.632399  3.29293 	Dead: 0
4.03884   0.101354    0.51452   3.29293 	Dead: 0
4.00076   0.0937432   0.475884  3.29293 	Dead: 0
4.03516   0.125443    0.636807  3.29293 	Dead: 0
4.05813   0.128458    0.652111  3.29293 	Dead: 0
4.03573   0.111542    0.566241  3.29293 	Dead: 0
4.02705   0.117832    0.598172  3.29293 	Dead: 0
4.09755   0.132513    0.672697  3.29293 	Dead: 0
3.90759   0.0897127   0.455423  3.29293 	Dead: 0
3.97899   0.118603    0.602083  3.29293 	Dead: 0
3.93628   0.102773    0.521722  3.02028 	Dead: 0
3.90362   0.0980393   0.497693  3.02028 	Dead: 0
3.89608   0.103701    0.526435  3.02028 	Dead: 0
4.00612   0.116282    0.590302  3.02028 	Dead: 0
3.95496   0.119425    0.606259  3.02028 	Dead: 0
3.92535   0.120978    0.614139  3.02028 	Dead: 0
3.87937   0.111041    0.563695  3.02028 	Dead: 0
3.93745   0.118973    0.60396   3.02028 	Dead: 0
3.9671    0.144926    0.735712  3.02028 	Dead: 0
3.99248   0.139153    0.706404  3.02028 	Dead: 0
3.85412   0.103185    0.523816  3.02028 	Dead: 0
3.81573   0.0979427   0.497203  3.02028 	Dead: 0
3.88641   0.110826    0.562604  3.02028 	Dead: 0
3.89241   0.126727    0.643323  3.02028 	Dead: 0
3.89824   0.115441    0.586033  3.02028 	Dead: 0
3.97353   0.153034    0.776871  3.02028 	Dead: 0
3.9046    0.136943    0.695188  3.02028 	Dead: 0
3.8396    0.119915    0.608744  3.02028 	Dead: 0
3.8502    0.112556    0.571388  3.02028 	Dead: 0
3.90548   0.137764    0.699354  3.02028 	Dead: 0
3.77065   0.105376    0.534938  3.02028 	Dead: 0
3.81328   0.112088    0.569011  3.02028 	Dead: 0
3.88524   0.129509    0.657449  3.02028 	Dead: 0
3.88073   0.129053    0.655134  3.02028 	Dead: 0
3.90262   0.132004    0.670112  3.02028 	Dead: 0
3.86844   0.129018    0.654955  3.02028 	Dead: 0
3.84977   0.103265    0.524223  3.02028 	Dead: 0
3.84911   0.118711    0.602633  3.02028 	Dead: 0
3.86939   0.141454    0.718089  3.02028 	Dead: 0
3.84535   0.134418    0.682366  3.02028 	Dead: 0
3.80322   0.110857    0.562764  3.02028 	Dead: 0
3.77691   0.0955125   0.484866  3.02028 	Dead: 0
3.82213   0.107105    0.543714  3.02028 	Dead: 0
3.81794   0.108322    0.549895  3.02028 	Dead: 0
3.79838   0.104476    0.530367  3.02028 	Dead: 0
3.81454   0.107272    0.544562  3.02028 	Dead: 0
3.90026   0.143852    0.730262  3.02028 	Dead: 0
3.87837   0.129271    0.65624   3.02028 	Dead: 0
3.81251   0.124012    0.629542  3.02028 	Dead: 0
3.73521   0.0870405   0.441858  3.02028 	Dead: 0
3.91466   0.143739    0.729687  3.02028 	Dead: 0
3.79683   0.127086    0.645147  3.02028 	Dead: 0
3.83956   0.119637    0.607333  3.02028 	Dead: 0
3.83006   0.11854     0.601762  3.02028 	Dead: 0
3.76475   0.0946021   0.480244  3.02028 	Dead: 0
3.87936   0.116625    0.592043  3.02028 	Dead: 0
3.7962    0.104712    0.531569  3.02028 	Dead: 0
3.82743   0.125324    0.636205  3.02028 	Dead: 0
3.85216   0.128822    0.653963  3.02028 	Dead: 0
3.8305    0.123892    0.628934  3.02028 	Dead: 0
3.7544    0.109825    0.557525  3.02028 	Dead: 0
3.83676   0.117131    0.594612  3.02028 	Dead: 0
3.8149    0.146375    0.743068  3.02028 	Dead: 0
3.80047   0.111898    0.568044  3.02028 	Dead: 0
3.7954    0.0995053   0.505135  3.02028 	Dead: 0
3.811     0.112373    0.570459  3.02028 	Dead: 0
3.89551   0.142359    0.722683  3.02028 	Dead: 0
3.85691   0.13122     0.666136  3.02028 	Dead: 0
3.81819   0.120045    0.609407  3.02028 	Dead: 0
3.78712   0.117807    0.598043  3.02028 	Dead: 0
3.77632   0.137279    0.696894  3.02028 	Dead: 0
3.83696   0.147414    0.748341  3.02028 	Dead: 0
3.80893   0.134393    0.682241  3.02028 	Dead: 0
3.76456   0.124819    0.633641  3.02028 	Dead: 0
3.81151   0.123442    0.626649  3.02028 	Dead: 0
3.85753   0.142827    0.725056  3.02028 	Dead: 0
3.80039   0.122727    0.623021  3.02028 	Dead: 0
3.72501   0.101057    0.513014  3.02028 	Dead: 0
3.84455   0.134036    0.680428  3.02028 	Dead: 0
3.79179   0.130547    0.662717  3.02028 	Dead: 0
3.86579   0.143918    0.730593  3.02028 	Dead: 0
3.83961   0.142776    0.724798  3.02028 	Dead: 0
3.76703   0.129483    0.657318  3.02028 	Dead: 0
