5.18218   0.0698792   0.354739  4.51888 	Dead: 0
4.18761   0.0448831   0.227848  3.59559 	Dead: 0
3.88955   0.0438858   0.222785  3.5325  	Dead: 0
3.83422   0.0455847   0.231409  3.42919 	Dead: 0
3.85892   0.0563555   0.286087  3.40816 	Dead: 0
3.77432   0.0473197   0.240217  3.40816 	Dead: 0
3.76712   0.0571848   0.290297  3.36704 	Dead: 0
3.75249   0.054186    0.275073  3.36704 	Dead: 0
3.75637   0.0495128   0.25135   3.33035 	Dead: 0
3.73138   0.0550046   0.279229  3.33035 	Dead: 0
3.72888   0.0518511   0.26322   3.33035 	Dead: 0
3.70848   0.0517677   0.262797  3.33035 	Dead: 0
3.7652    0.0669918   0.340082  3.31517 	Dead: 0
3.7029    0.0489879   0.248685  3.31517 	Dead: 0
3.69346   0.0515833   0.261861  3.31517 	Dead: 0
3.68229   0.0514835   0.261354  3.31517 	Dead: 0
3.6849    0.0525473   0.266755  3.30673 	Dead: 0
3.71579   0.0589365   0.299189  3.30673 	Dead: 0
3.66923   0.0535811   0.272003  3.30673 	Dead: 0
3.69132   0.0541252   0.274765  3.30673 	Dead: 0
3.66112   0.0489074   0.248277  3.30673 	Dead: 0
3.68665   0.058912    0.299065  3.30673 	Dead: 0
3.67031   0.0522234   0.26511   3.27997 	Dead: 0
3.63767   0.0456716   0.23185   3.27997 	Dead: 0
3.67423   0.0505859   0.256798  3.21469 	Dead: 0
3.65638   0.0516674   0.262288  3.21469 	Dead: 0
3.6384    0.0475368   0.241319  3.21469 	Dead: 0
3.66491   0.0559936   0.284249  3.21469 	Dead: 0
3.61788   0.0495381   0.251479  3.21469 	Dead: 0
3.62051   0.0536158   0.272179  3.21469 	Dead: 0
3.60977   0.0460813   0.23393   3.21469 	Dead: 0
3.63775   0.0662104   0.336115  3.21469 	Dead: 0
3.60669   0.0535693   0.271943  3.21469 	Dead: 0
3.60066   0.0508742   0.258261  3.19835 	Dead: 0
3.62987   0.0585499   0.297226  3.19835 	Dead: 0
3.58524   0.0494052   0.250804  3.19835 	Dead: 0
3.59195   0.0523429   0.265717  3.19835 	Dead: 0
3.60847   0.0497671   0.252641  3.19835 	Dead: 0
3.5933    0.0672506   0.341395  3.19835 	Dead: 0
3.57736   0.0496885   0.252242  3.19835 	Dead: 0
3.60035   0.0593167   0.301119  3.1467  	Dead: 0
3.59909   0.0519966   0.263959  3.1467  	Dead: 0
3.57676   0.0479552   0.243443  3.1467  	Dead: 0
3.56601   0.0517091   0.262499  3.1467  	Dead: 0
3.55426   0.0452046   0.229479  3.1467  	Dead: 0
3.55792   0.0462973   0.235027  3.1467  	Dead: 0
3.6073    0.0569967   0.289342  3.1467  	Dead: 0
3.55938   0.0496825   0.252211  3.1467  	Dead: 0
3.60512   0.0558675   0.28361   3.1467  	Dead: 0
3.56657   0.0466591   0.236864  3.1467  	Dead: 0
3.61389   0.0549137   0.278768  3.1467  	Dead: 0
3.57631   0.0479687   0.243511  3.1467  	Dead: 0
3.57077   0.0460197   0.233618  3.1467  	Dead: 0
3.54091   0.0491035   0.249272  3.1467  	Dead: 0
3.58461   0.0600066   0.304622  3.1467  	Dead: 0
3.51483   0.0458395   0.232702  3.12854 	Dead: 0
3.52106   0.0472023   0.239621  3.12854 	Dead: 0
3.55674   0.0541514   0.274898  3.12854 	Dead: 0
3.53669   0.0509115   0.258451  3.12854 	Dead: 0
3.52963   0.0496114   0.251851  3.12854 	Dead: 0
3.5322    0.0514386   0.261126  3.12854 	Dead: 0
3.51447   0.0523057   0.265528  3.12854 	Dead: 0
3.53377   0.0565846   0.28725   3.12854 	Dead: 0
3.52743   0.0510391   0.259098  3.12854 	Dead: 0
3.49567   0.0495322   0.251448  3.12854 	Dead: 0
3.54651   0.0566377   0.287519  3.12854 	Dead: 0
3.52868   0.0534147   0.271158  3.10084 	Dead: 0
3.51236   0.0470982   0.239093  3.10084 	Dead: 0
3.52056   0.0556989   0.282753  3.10084 	Dead: 0
3.52446   0.0587244   0.298112  3.10084 	Dead: 0
3.53381   0.0591469   0.300257  3.10084 	Dead: 0
3.5111    0.0486991   0.247219  3.10084 	Dead: 0
3.542     0.0626401   0.31799   3.10084 	Dead: 0
3.4717    0.0454473   0.230712  3.10084 	Dead: 0
3.47687   0.0467988   0.237572  3.10084 	Dead: 0
3.51384   0.0570338   0.28953   3.10084 	Dead: 0
3.45944   0.0471459   0.239335  3.10084 	Dead: 0
3.47754   0.0504436   0.256075  3.10084 	Dead: 0
3.47731   0.0469761   0.238473  3.10084 	Dead: 0
3.50358   0.0511227   0.259523  3.10084 	Dead: 0
3.45849   0.0503727   0.255715  3.05561 	Dead: 0
3.49948   0.0519814   0.263882  3.05561 	Dead: 0
3.48352   0.0543784   0.27605   3.05561 	Dead: 0
3.48735   0.0517743   0.26283   3.03482 	Dead: 0
3.51527   0.052951    0.268804  3.03482 	Dead: 0
3.50815   0.0509491   0.258642  3.03482 	Dead: 0
3.51035   0.0537466   0.272843  3.03482 	Dead: 0
3.44558   0.0422085   0.21427   3.03482 	Dead: 0
3.51714   0.0613489   0.311436  3.03482 	Dead: 0
3.49876   0.0542964   0.275634  3.03482 	Dead: 0
3.48986   0.051649    0.262194  3.03482 	Dead: 0
3.51841   0.0558408   0.283474  3.03482 	Dead: 0
3.48401   0.0489266   0.248374  3.03482 	Dead: 0
3.49678   0.0492271   0.2499    3.03482 	Dead: 0
3.48526   0.0506248   0.256995  3.03482 	Dead: 0
3.49136   0.0523727   0.265868  3.03482 	Dead: 0
3.47403   0.0537216   0.272716  3.03482 	Dead: 0
3.45651   0.0468666   0.237917  3.03482 	Dead: 0
3.50105   0.0559317   0.283936  3.03482 	Dead: 0
3.49623   0.0550539   0.27948   3.03482 	Dead: 0
3.4948    0.0517424   0.262669  3.03482 	Dead: 0
