5.25902   0.14594     0.740861  4.37843 	Dead: 0
4.30259   0.0487825   0.247643  3.84211 	Dead: 0
4.20808   0.0550599   0.27951   3.7138  	Dead: 0
4.13535   0.0582877   0.295896  3.62599 	Dead: 0
4.11264   0.0591179   0.30011   3.62599 	Dead: 0
4.05116   0.0581514   0.295204  3.57742 	Dead: 0
4.04015   0.0589709   0.299364  3.57742 	Dead: 0
4.02699   0.0601401   0.305299  3.57068 	Dead: 0
4.02722   0.0656874   0.33346   3.55278 	Dead: 0
4.02493   0.071422    0.362572  3.55278 	Dead: 0
4.00897   0.0600319   0.30475   3.55278 	Dead: 0
4.00669   0.0640154   0.324972  3.55278 	Dead: 0
3.99057   0.0598494   0.303823  3.55278 	Dead: 0
3.97567   0.0612312   0.310838  3.54233 	Dead: 0
4.0081    0.070236    0.356551  3.54233 	Dead: 0
3.96956   0.058653    0.29775   3.54233 	Dead: 0
3.94685   0.0596679   0.302902  3.47777 	Dead: 0
3.97753   0.0605942   0.307605  3.47777 	Dead: 0
3.94993   0.0564566   0.2866    3.47777 	Dead: 0
4.00398   0.0740263   0.375792  3.47777 	Dead: 0
3.96381   0.0653087   0.331538  3.40864 	Dead: 0
3.92583   0.0609592   0.309457  3.40864 	Dead: 0
3.93667   0.0601548   0.305374  3.40864 	Dead: 0
3.95368   0.0676817   0.343584  3.40864 	Dead: 0
3.90757   0.0611648   0.310501  3.40864 	Dead: 0
3.93209   0.0605796   0.30753   3.40864 	Dead: 0
3.92745   0.063369    0.321691  3.40864 	Dead: 0
3.89562   0.0601083   0.305138  3.40864 	Dead: 0
3.90955   0.0703751   0.357257  3.40864 	Dead: 0
3.8333    0.0567884   0.288285  3.40864 	Dead: 0
3.87226   0.0587877   0.298434  3.40864 	Dead: 0
3.84251   0.0582282   0.295593  3.37686 	Dead: 0
3.85574   0.060825    0.308776  3.37686 	Dead: 0
3.86451   0.0624992   0.317275  3.37686 	Dead: 0
3.82243   0.061454    0.311969  3.37686 	Dead: 0
3.81031   0.0594384   0.301737  3.37686 	Dead: 0
3.79471   0.0647311   0.328605  3.34533 	Dead: 0
3.76959   0.0529178   0.268635  3.34533 	Dead: 0
3.76131   0.0527533   0.2678    3.34533 	Dead: 0
3.73405   0.0611825   0.310591  3.34533 	Dead: 0
3.77942   0.0580907   0.294896  3.34533 	Dead: 0
3.77833   0.0599925   0.30455   3.34533 	Dead: 0
3.74284   0.0575686   0.292245  3.31707 	Dead: 0
3.69027   0.0500758   0.254208  3.31    	Dead: 0
3.70101   0.0616027   0.312724  3.31    	Dead: 0
3.72943   0.0609219   0.309268  3.31    	Dead: 0
3.71618   0.0563958   0.286291  3.29387 	Dead: 0
3.70433   0.05628     0.285704  3.29387 	Dead: 0
3.71178   0.0553676   0.281072  3.29387 	Dead: 0
3.69687   0.0484045   0.245724  3.29387 	Dead: 0
3.74189   0.0678827   0.344604  3.29387 	Dead: 0
3.68244   0.0541242   0.27476   3.29387 	Dead: 0
3.73111   0.0570648   0.289688  3.29387 	Dead: 0
3.73749   0.0614177   0.311785  3.29387 	Dead: 0
3.70002   0.0524711   0.266368  3.29387 	Dead: 0
3.72318   0.0528437   0.268259  3.29387 	Dead: 0
3.70837   0.0598178   0.303663  3.28923 	Dead: 0
3.71845   0.0593849   0.301466  3.28923 	Dead: 0
3.71288   0.0588137   0.298566  3.28923 	Dead: 0
3.71176   0.0602759   0.305989  3.28923 	Dead: 0
3.71011   0.0592876   0.300972  3.28923 	Dead: 0
3.69539   0.0541274   0.274776  3.28923 	Dead: 0
3.71953   0.0621419   0.315461  3.28923 	Dead: 0
3.73497   0.0617319   0.31338   3.24007 	Dead: 0
3.70666   0.0693804   0.352207  3.2155  	Dead: 0
3.64869   0.0516376   0.262137  3.2155  	Dead: 0
3.69235   0.0601573   0.305386  3.2155  	Dead: 0
3.68236   0.057511    0.291952  3.2155  	Dead: 0
3.71415   0.0619222   0.314346  3.2155  	Dead: 0
3.70532   0.0611769   0.310563  3.2155  	Dead: 0
3.69842   0.0635595   0.322657  3.2155  	Dead: 0
3.6722    0.0572855   0.290808  3.2155  	Dead: 0
3.67836   0.0551098   0.279763  3.2155  	Dead: 0
3.68255   0.0558775   0.28366   3.2155  	Dead: 0
3.67188   0.0538434   0.273334  3.2155  	Dead: 0
3.63533   0.0536445   0.272325  3.14045 	Dead: 0
3.68114   0.0590376   0.299702  3.14045 	Dead: 0
3.69328   0.0600175   0.304677  3.14045 	Dead: 0
3.67467   0.0583421   0.296172  3.14045 	Dead: 0
3.71322   0.0589669   0.299343  3.14045 	Dead: 0
3.70582   0.0616711   0.313072  3.14045 	Dead: 0
3.65212   0.0556003   0.282253  3.14045 	Dead: 0
3.65889   0.0527195   0.267629  3.14045 	Dead: 0
3.66352   0.0653831   0.331915  3.14045 	Dead: 0
3.68765   0.0577827   0.293332  3.14045 	Dead: 0
3.65074   0.0525112   0.266571  3.14045 	Dead: 0
3.67199   0.056835    0.288521  3.14045 	Dead: 0
3.67637   0.054357    0.275942  3.14045 	Dead: 0
3.65905   0.056308    0.285846  3.14045 	Dead: 0
3.64106   0.0543875   0.276096  3.14045 	Dead: 0
3.64874   0.0563406   0.286011  3.14045 	Dead: 0
3.65021   0.0559716   0.284138  3.14045 	Dead: 0
3.70522   0.0608787   0.309049  3.14045 	Dead: 0
3.65567   0.0640216   0.325003  3.14045 	Dead: 0
3.69218   0.0560648   0.284611  3.14045 	Dead: 0
3.71081   0.0637988   0.323873  3.14045 	Dead: 0
3.67898   0.0557311   0.282917  3.14045 	Dead: 0
3.68621   0.057465    0.291719  3.14045 	Dead: 0
3.66428   0.05616     0.285095  3.14045 	Dead: 0
3.70501   0.0667782   0.338998  3.14045 	Dead: 0
3.69573   0.0624353   0.316951  3.14045 	Dead: 0
