11.9955   0.0420613   0.213523  11.5414 	Dead: 0
10.8957   0.0246059   0.124911  10.6019 	Dead: 0
10.4106   0.0263887   0.133962  10.1221 	Dead: 0
9.97655   0.0249779   0.1268    9.73237 	Dead: 0
9.64853   0.0320763   0.162834  9.33752 	Dead: 0
9.38998   0.0300358   0.152476  9.12771 	Dead: 0
9.22719   0.0365167   0.185376  8.9337  	Dead: 0
8.99049   0.0297631   0.151092  8.6833  	Dead: 0
8.69964   0.0302215   0.153419  8.46161 	Dead: 0
8.33273   0.0382969   0.194413  8.01796 	Dead: 0
7.90568   0.0339683   0.172439  7.6349  	Dead: 0
7.73231   0.0479707   0.243521  7.32194 	Dead: 0
7.47861   0.0546793   0.277578  7.12144 	Dead: 0
7.28321   0.0519991   0.263972  6.93711 	Dead: 0
6.98472   0.0616301   0.312863  6.51091 	Dead: 0
6.73502   0.0659401   0.334743  6.29991 	Dead: 0
6.5533    0.0593671   0.301375  6.16316 	Dead: 0
6.49762   0.0810405   0.4114    6.0311  	Dead: 0
6.41235   0.0781559   0.396756  5.95064 	Dead: 0
6.27322   0.0621779   0.315644  5.71374 	Dead: 0
6.16947   0.0728393   0.369766  5.71374 	Dead: 0
6.04732   0.0869818   0.44156   5.48421 	Dead: 0
5.86313   0.0850493   0.43175   5.30889 	Dead: 0
5.72396   0.0702128   0.356433  5.28525 	Dead: 0
5.62644   0.0856131   0.434612  5.17153 	Dead: 0
5.4586    0.0718122   0.364552  5.04759 	Dead: 0
5.31005   0.0850171   0.431587  4.7613  	Dead: 0
5.09765   0.0875012   0.444197  4.5703  	Dead: 0
4.97446   0.085921    0.436175  4.52972 	Dead: 0
5.04075   0.0956138   0.48538   4.52972 	Dead: 0
5.0205    0.102322    0.519434  4.49688 	Dead: 0
4.93572   0.0899853   0.456807  4.41343 	Dead: 0
4.74761   0.0949387   0.481953  4.23782 	Dead: 0
4.60929   0.100611    0.51075   4.08856 	Dead: 0
4.49737   0.0942922   0.478671  3.95578 	Dead: 0
4.4956    0.120888    0.613686  3.91967 	Dead: 0
4.40759   0.141123    0.716407  3.76611 	Dead: 0
4.24929   0.110275    0.559807  3.72607 	Dead: 0
4.29334   0.130681    0.663396  3.72607 	Dead: 0
4.41127   0.155533    0.789559  3.70455 	Dead: 0
4.32815   0.148364    0.753163  3.65725 	Dead: 0
4.18784   0.143372    0.727823  3.49958 	Dead: 0
4.12477   0.166155    0.843479  3.42268 	Dead: 0
3.96411   0.14172     0.719437  3.38334 	Dead: 0
3.93405   0.146511    0.743756  3.23995 	Dead: 0
4.0058    0.178682    0.907071  3.23995 	Dead: 0
3.84067   0.140212    0.711779  3.23995 	Dead: 0
3.83064   0.137434    0.697681  3.23995 	Dead: 0
3.83402   0.147399    0.748268  3.16711 	Dead: 0
3.94707   0.159562    0.810009  3.16711 	Dead: 0
3.93325   0.177285    0.899982  3.16711 	Dead: 0
3.79674   0.136564    0.693261  3.16711 	Dead: 0
3.86842   0.151294    0.768037  3.16711 	Dead: 0
3.87258   0.166727    0.846384  3.16711 	Dead: 0
3.99156   0.201655    1.02369   3.16711 	Dead: 0
3.83707   0.154217    0.782879  3.16711 	Dead: 0
3.75087   0.135785    0.689308  3.08146 	Dead: 0
3.88499   0.167777    0.851717  3.08146 	Dead: 0
3.82024   0.146784    0.745146  3.08146 	Dead: 0
3.86976   0.188389    0.956351  3.08146 	Dead: 0
3.86588   0.179119    0.909294  3.08146 	Dead: 0
3.88439   0.164623    0.835706  3.08146 	Dead: 0
3.84219   0.152369    0.773499  3.08146 	Dead: 0
3.82582   0.16083     0.81645   3.08146 	Dead: 0
3.90568   0.186152    0.944993  3.08146 	Dead: 0
3.8928    0.188696    0.957909  3.08146 	Dead: 0
3.71466   0.156787    0.795926  3.08146 	Dead: 0
3.81499   0.197096    1.00055   3.00982 	Dead: 0
3.86845   0.197639    1.00331   3.00982 	Dead: 0
3.77851   0.171366    0.869932  3.00982 	Dead: 0
3.68747   0.170616    0.866127  2.9495  	Dead: 0
3.79753   0.187579    0.952236  2.9495  	Dead: 0
3.57878   0.158073    0.80245   2.8982  	Dead: 0
3.87365   0.214115    1.08695   2.8982  	Dead: 0
3.84655   0.209209    1.06204   2.8982  	Dead: 0
3.80129   0.199037    1.0104    2.8982  	Dead: 0
3.76459   0.20466     1.03895   2.8982  	Dead: 0
3.70946   0.196146    0.995731  2.8982  	Dead: 0
3.76472   0.194946    0.989638  2.8982  	Dead: 0
3.51277   0.156842    0.796205  2.8982  	Dead: 0
3.61447   0.190279    0.965945  2.8982  	Dead: 0
3.79478   0.20662     1.0489    2.76328 	Dead: 0
3.69045   0.193065    0.98009   2.76328 	Dead: 0
3.7444    0.21621     1.09758   2.76328 	Dead: 0
3.85081   0.210571    1.06896   2.76328 	Dead: 0
3.84209   0.225674    1.14562   2.76328 	Dead: 0
3.67601   0.180971    0.918695  2.76328 	Dead: 0
3.61987   0.192135    0.975367  2.76328 	Dead: 0
3.5075    0.180009    0.91381   2.76328 	Dead: 0
3.85294   0.244177    1.23956   2.76328 	Dead: 0
3.68861   0.182002    0.923925  2.76328 	Dead: 0
3.60931   0.161519    0.819947  2.76328 	Dead: 0
3.68477   0.197937    1.00482   2.76328 	Dead: 0
3.7057    0.20997     1.0659    2.76328 	Dead: 0
3.60375   0.176593    0.896468  2.76328 	Dead: 0
3.75235   0.190168    0.965382  2.76328 	Dead: 0
3.63489   0.204879    1.04006   2.76328 	Dead: 0
3.65324   0.194496    0.987355  2.76328 	Dead: 0
3.69063   0.203956    1.03538   2.76328 	Dead: 0
3.68306   0.21013     1.06672   2.76328 	Dead: 0
3.62257   0.193146    0.980501  2.76328 	Dead: 0
