6.17383   0.0972406   0.493639  4.99853 	Dead: 0
4.70709   0.059821    0.303679  4.11846 	Dead: 0
4.3818    0.0657422   0.333738  3.82532 	Dead: 0
4.18777   0.0655907   0.332969  3.58823 	Dead: 0
3.98713   0.044915    0.228009  3.58823 	Dead: 0
4.02435   0.0695912   0.353278  3.48414 	Dead: 0
3.9937    0.0722208   0.366627  3.47462 	Dead: 0
3.92678   0.0597681   0.303411  3.47462 	Dead: 0
3.88754   0.0570275   0.289498  3.44089 	Dead: 0
3.86429   0.0537614   0.272918  3.44089 	Dead: 0
3.92243   0.0601287   0.305241  3.43406 	Dead: 0
3.90459   0.0613924   0.311657  3.35542 	Dead: 0
3.90433   0.0592333   0.300696  3.35542 	Dead: 0
3.87143   0.0555298   0.281895  3.35542 	Dead: 0
3.88479   0.063053    0.320086  3.35542 	Dead: 0
3.88848   0.0632438   0.321055  3.35542 	Dead: 0
3.86471   0.0604701   0.306974  3.35542 	Dead: 0
3.85735   0.0525738   0.266889  3.35542 	Dead: 0
3.87517   0.0631508   0.320583  3.35542 	Dead: 0
3.86971   0.0620544   0.315017  3.35542 	Dead: 0
3.87107   0.0614347   0.311871  3.35542 	Dead: 0
3.89961   0.0686424   0.348461  3.35542 	Dead: 0
3.83265   0.0568876   0.288788  3.35542 	Dead: 0
3.82407   0.0600986   0.305089  3.35542 	Dead: 0
3.84118   0.0650125   0.330034  3.35542 	Dead: 0
3.84482   0.0704717   0.357747  3.33271 	Dead: 0
3.85701   0.0717813   0.364395  3.33271 	Dead: 0
3.83814   0.0691672   0.351125  3.33271 	Dead: 0
3.80537   0.0633095   0.321389  3.33271 	Dead: 0
3.8046    0.069909    0.354891  3.33271 	Dead: 0
3.82352   0.0681702   0.346064  3.33271 	Dead: 0
3.7887    0.0619235   0.314352  3.33271 	Dead: 0
3.82909   0.0758105   0.384849  3.33271 	Dead: 0
3.84344   0.0740226   0.375773  3.33271 	Dead: 0
3.76341   0.0572397   0.290575  3.33271 	Dead: 0
3.76754   0.0658259   0.334163  3.33271 	Dead: 0
3.79116   0.0661198   0.335655  3.33271 	Dead: 0
3.79101   0.0677493   0.343927  3.33271 	Dead: 0
3.73427   0.0564329   0.286479  3.30906 	Dead: 0
3.77874   0.0730917   0.371047  3.30906 	Dead: 0
3.71719   0.0590074   0.299549  3.30906 	Dead: 0
3.76968   0.0640698   0.325248  3.30906 	Dead: 0
3.72142   0.0654216   0.33211   3.17341 	Dead: 0
3.795     0.0747844   0.379641  3.17341 	Dead: 0
3.76468   0.0624673   0.317113  3.17341 	Dead: 0
3.76759   0.0691207   0.350889  3.17341 	Dead: 0
3.75164   0.0606699   0.307989  3.17341 	Dead: 0
3.78124   0.0784307   0.398151  3.17341 	Dead: 0
3.725     0.0673802   0.342053  3.17341 	Dead: 0
3.79276   0.0746314   0.378864  3.17341 	Dead: 0
3.7625    0.0741525   0.376433  3.17341 	Dead: 0
3.77162   0.0698861   0.354774  3.17341 	Dead: 0
3.7738    0.0707104   0.358959  3.17341 	Dead: 0
3.74853   0.0614244   0.311819  3.17341 	Dead: 0
3.77338   0.0681168   0.345793  3.17341 	Dead: 0
3.77227   0.0680406   0.345406  3.17341 	Dead: 0
3.75161   0.0620743   0.315118  3.17341 	Dead: 0
3.72673   0.0623571   0.316554  3.17341 	Dead: 0
3.75619   0.0733511   0.372364  3.17341 	Dead: 0
3.79089   0.0747925   0.379682  3.17341 	Dead: 0
3.78385   0.0703413   0.357085  3.17341 	Dead: 0
3.77434   0.0726961   0.369039  3.17341 	Dead: 0
3.78111   0.0664513   0.337338  3.17341 	Dead: 0
3.77291   0.069511    0.35287   3.17341 	Dead: 0
3.75687   0.0648313   0.329114  3.17341 	Dead: 0
3.75849   0.073133    0.371257  3.17341 	Dead: 0
3.76361   0.084528    0.429104  3.17341 	Dead: 0
3.73606   0.0683418   0.346935  3.14251 	Dead: 0
3.69781   0.071067    0.360769  3.14251 	Dead: 0
3.6914    0.0684407   0.347437  3.14251 	Dead: 0
3.72039   0.0771876   0.39184   3.14251 	Dead: 0
3.73267   0.0803737   0.408014  3.14251 	Dead: 0
3.73429   0.0722972   0.367015  3.14251 	Dead: 0
3.69765   0.0689716   0.350132  3.14251 	Dead: 0
3.66318   0.0701185   0.355954  3.14251 	Dead: 0
3.71523   0.0769908   0.390841  3.14251 	Dead: 0
3.732     0.0749838   0.380653  3.14251 	Dead: 0
3.69761   0.0700381   0.355546  3.14251 	Dead: 0
3.71219   0.0774959   0.393406  3.14251 	Dead: 0
3.68802   0.0745545   0.378473  3.14251 	Dead: 0
3.65393   0.0723962   0.367517  3.14251 	Dead: 0
3.65821   0.0705469   0.358129  3.14251 	Dead: 0
3.67969   0.0704242   0.357506  3.14251 	Dead: 0
3.69569   0.0828235   0.420451  3.14251 	Dead: 0
3.67228   0.0709463   0.360157  3.11105 	Dead: 0
3.68731   0.07864     0.399214  3.11105 	Dead: 0
3.68127   0.073359    0.372405  3.11105 	Dead: 0
3.69537   0.0799065   0.405642  3.11105 	Dead: 0
3.63092   0.0684734   0.347603  3.11105 	Dead: 0
3.64047   0.0680311   0.345358  3.11105 	Dead: 0
3.63722   0.0687203   0.348856  3.11105 	Dead: 0
3.6364    0.0711365   0.361122  3.11105 	Dead: 0
3.66493   0.0742354   0.376853  3.11105 	Dead: 0
3.71009   0.0801989   0.407127  3.11105 	Dead: 0
3.67353   0.0749232   0.380345  3.11105 	Dead: 0
3.65475   0.072411    0.367592  3.11105 	Dead: 0
3.66533   0.076333    0.387502  3.11105 	Dead: 0
3.64671   0.0737932   0.374609  3.11105 	Dead: 0
3.65313   0.0831064   0.421887  3.11105 	Dead: 0
3.6329    0.0709022   0.359933  3.11105 	Dead: 0
3.67275   0.0872718   0.443032  3.11105 	Dead: 0
