11.9106   0.0834943   0.423856  10.8944 	Dead: 0
10.8297   0.0464063   0.23558   10.1215 	Dead: 0
10.7356   0.0619309   0.31439   10.1215 	Dead: 0
10.617    0.06524     0.331189  9.85458 	Dead: 0
10.6341   0.0741132   0.376233  9.85458 	Dead: 0
10.534    0.0655408   0.332716  9.85458 	Dead: 0
10.4985   0.0643074   0.326454  9.78629 	Dead: 0
10.5125   0.0795672   0.40392   9.78629 	Dead: 0
10.4267   0.0748762   0.380107  9.68625 	Dead: 0
10.434    0.0738739   0.375018  9.68625 	Dead: 0
10.4128   0.0741901   0.376624  9.68625 	Dead: 0
10.4372   0.0765074   0.388387  9.68625 	Dead: 0
10.4247   0.0730727   0.370951  9.68625 	Dead: 0
10.4315   0.0770496   0.39114   9.68625 	Dead: 0
10.3879   0.0763268   0.38747   9.68625 	Dead: 0
10.4221   0.081488    0.413671  9.68625 	Dead: 0
10.368    0.0741396   0.376367  9.68625 	Dead: 0
10.3731   0.0750233   0.380853  9.68625 	Dead: 0
10.3909   0.0807197   0.409771  9.68625 	Dead: 0
10.3697   0.0842813   0.427851  9.65387 	Dead: 0
10.3134   0.074142    0.376379  9.65387 	Dead: 0
10.3268   0.0772981   0.392401  9.65387 	Dead: 0
10.296    0.0742061   0.376705  9.65387 	Dead: 0
10.3274   0.077938    0.395649  9.65387 	Dead: 0
10.3541   0.0832494   0.422613  9.65387 	Dead: 0
10.2898   0.0693478   0.352042  9.54185 	Dead: 0
10.3431   0.081479    0.413626  9.54185 	Dead: 0
10.3653   0.0829891   0.421291  9.54185 	Dead: 0
10.3233   0.0797255   0.404724  9.54185 	Dead: 0
10.2799   0.0789798   0.400938  9.54185 	Dead: 0
10.3965   0.0820534   0.416541  9.54185 	Dead: 0
10.2924   0.0799681   0.405955  9.51097 	Dead: 0
10.287    0.0776562   0.394219  9.51097 	Dead: 0
10.3348   0.0844588   0.428752  9.51097 	Dead: 0
10.3393   0.086526    0.439246  9.51097 	Dead: 0
10.2425   0.0733605   0.372412  9.51097 	Dead: 0
10.3097   0.0813897   0.413172  9.51097 	Dead: 0
10.2943   0.07931     0.402614  9.51097 	Dead: 0
10.2937   0.0840718   0.426788  9.51097 	Dead: 0
10.2707   0.0734728   0.372982  9.51097 	Dead: 0
10.3232   0.0806408   0.40937   9.51097 	Dead: 0
10.3199   0.0795044   0.403601  9.51097 	Dead: 0
10.3033   0.0835692   0.424236  9.51097 	Dead: 0
10.3184   0.0864569   0.438896  9.51097 	Dead: 0
10.2951   0.0888475   0.451031  9.30682 	Dead: 0
10.2678   0.0784409   0.398202  9.30682 	Dead: 0
10.2745   0.0776661   0.394269  9.30682 	Dead: 0
10.293    0.0862283   0.437735  9.30682 	Dead: 0
10.2459   0.0807951   0.410154  9.30682 	Dead: 0
10.2422   0.0794044   0.403094  9.30682 	Dead: 0
10.2765   0.079713    0.40466   9.30682 	Dead: 0
10.2453   0.0764351   0.38802   9.30682 	Dead: 0
10.289    0.083551    0.424144  9.30682 	Dead: 0
10.2601   0.0737253   0.374264  9.30682 	Dead: 0
10.2901   0.0851676   0.43235   9.30682 	Dead: 0
10.2292   0.079248    0.4023    9.30682 	Dead: 0
10.2791   0.0848933   0.430958  9.30682 	Dead: 0
10.2727   0.0899372   0.456563  9.30682 	Dead: 0
10.2224   0.0765194   0.388448  9.30682 	Dead: 0
10.2625   0.083457    0.423667  9.30682 	Dead: 0
10.2781   0.0911934   0.46294   9.30682 	Dead: 0
10.2348   0.0751257   0.381373  9.30682 	Dead: 0
10.2856   0.08251     0.418859  9.30682 	Dead: 0
10.2588   0.0772446   0.392129  9.30682 	Dead: 0
10.269    0.0782567   0.397268  9.30682 	Dead: 0
10.2724   0.0830086   0.42139   9.30682 	Dead: 0
10.2697   0.0796539   0.40436   9.30682 	Dead: 0
10.2512   0.0821655   0.41711   9.30682 	Dead: 0
10.271    0.0887694   0.450635  9.30682 	Dead: 0
10.2641   0.0818042   0.415276  9.30682 	Dead: 0
10.2894   0.083568    0.42423   9.30682 	Dead: 0
10.2525   0.0820872   0.416713  9.30682 	Dead: 0
10.2483   0.0784385   0.39819   9.30682 	Dead: 0
10.2368   0.0786053   0.399037  9.30682 	Dead: 0
10.2306   0.0787026   0.399531  9.30682 	Dead: 0
10.2761   0.0874336   0.443854  9.30682 	Dead: 0
10.2326   0.0775878   0.393872  9.30682 	Dead: 0
10.2276   0.0766591   0.389158  9.30682 	Dead: 0
10.2552   0.0821511   0.417037  9.30682 	Dead: 0
10.2451   0.082903    0.420854  9.30682 	Dead: 0
10.2529   0.0851725   0.432375  9.30682 	Dead: 0
10.2466   0.0804425   0.408363  9.30682 	Dead: 0
10.2458   0.0834754   0.42376   9.30682 	Dead: 0
10.2685   0.0813924   0.413186  9.30682 	Dead: 0
10.2592   0.0802259   0.407264  9.30682 	Dead: 0
10.2591   0.0823397   0.417995  9.30682 	Dead: 0
10.2093   0.0825399   0.419011  9.30682 	Dead: 0
10.2354   0.078865    0.400356  9.30682 	Dead: 0
10.1946   0.0765393   0.388549  9.30682 	Dead: 0
10.2261   0.082781    0.420235  9.30682 	Dead: 0
10.2285   0.082104    0.416798  9.30682 	Dead: 0
10.2084   0.0796538   0.40436   9.30682 	Dead: 0
10.1486   0.080694    0.409641  9.30682 	Dead: 0
10.0983   0.0776999   0.394441  9.30682 	Dead: 0
10.0438   0.0725059   0.368074  9.30682 	Dead: 0
10.0362   0.0733013   0.372111  9.30682 	Dead: 0
10.036    0.0796818   0.404502  9.30682 	Dead: 0
10.0026   0.0751116   0.381301  9.30682 	Dead: 0
9.97843   0.079996    0.406097  9.30682 	Dead: 0
10.0131   0.0839297   0.426066  9.30682 	Dead: 0
10.0144   0.0813542   0.412992  9.30682 	Dead: 0
