9.52189   0.134975    0.685194  8.02593 	Dead: 0
6.93948   0.0730881   0.371029  6.32364 	Dead: 0
6.55918   0.0571025   0.289879  6.11835 	Dead: 0
6.4488    0.0560835   0.284706  5.83617 	Dead: 0
6.39603   0.0661084   0.335597  5.83617 	Dead: 0
6.30124   0.065548    0.332752  5.83602 	Dead: 0
6.20222   0.0621717   0.315613  5.7337  	Dead: 0
6.15756   0.0588345   0.298671  5.57953 	Dead: 0
6.13067   0.0611426   0.310389  5.57953 	Dead: 0
6.08729   0.0657233   0.333642  5.57953 	Dead: 0
6.10965   0.0656094   0.333064  5.57953 	Dead: 0
6.06573   0.0624357   0.316953  5.57953 	Dead: 0
6.01779   0.0531135   0.269629  5.56944 	Dead: 0
6.05783   0.0650263   0.330104  5.56944 	Dead: 0
6.07046   0.0702623   0.356684  5.55376 	Dead: 0
6.03732   0.0632058   0.320862  5.55376 	Dead: 0
6.03555   0.0633765   0.321729  5.55376 	Dead: 0
5.99949   0.0641887   0.325852  5.43479 	Dead: 0
6.03262   0.0700894   0.355807  5.43479 	Dead: 0
6.02656   0.0642206   0.326014  5.43479 	Dead: 0
6.03212   0.0656385   0.333212  5.43479 	Dead: 0
5.99517   0.0667423   0.338815  5.43479 	Dead: 0
5.97288   0.0652072   0.331022  5.32994 	Dead: 0
5.94145   0.0607529   0.30841   5.32994 	Dead: 0
6.00938   0.0711717   0.361301  5.32994 	Dead: 0
5.99569   0.0633027   0.321354  5.32994 	Dead: 0
5.97743   0.0617741   0.313594  5.32994 	Dead: 0
5.96326   0.0640334   0.325063  5.32994 	Dead: 0
5.95445   0.0741502   0.376421  5.32994 	Dead: 0
5.92474   0.0670492   0.340373  5.32994 	Dead: 0
6.00029   0.0735989   0.373622  5.32994 	Dead: 0
5.94934   0.0677129   0.343742  5.32994 	Dead: 0
5.94528   0.0754258   0.382897  5.32994 	Dead: 0
5.91713   0.0814984   0.413724  5.32994 	Dead: 0
5.8505    0.0743837   0.377607  5.30259 	Dead: 0
5.86363   0.0884266   0.448895  5.24138 	Dead: 0
5.79975   0.0694597   0.35261   5.24138 	Dead: 0
5.85796   0.0931975   0.473114  5.24138 	Dead: 0
5.77853   0.0773527   0.392679  5.24138 	Dead: 0
5.7826    0.0957949   0.4863    5.03022 	Dead: 0
5.8266    0.0924567   0.469353  5.03022 	Dead: 0
5.81982   0.0845691   0.429312  5.03022 	Dead: 0
5.82569   0.0892751   0.453202  5.03022 	Dead: 0
5.77228   0.0879175   0.44631   5.03022 	Dead: 0
5.8126    0.0854583   0.433826  5.03022 	Dead: 0
5.7788    0.0928444   0.471322  5.03022 	Dead: 0
5.77048   0.0832822   0.422779  5.03022 	Dead: 0
5.74196   0.0885345   0.449443  5.03022 	Dead: 0
5.7749    0.0926951   0.470564  5.03022 	Dead: 0
5.78418   0.0921468   0.46778   5.03022 	Dead: 0
5.75512   0.0872544   0.442944  5.03022 	Dead: 0
5.75634   0.0957187   0.485913  5.03022 	Dead: 0
5.71301   0.0842283   0.427582  5.03022 	Dead: 0
5.74266   0.0819979   0.41626   5.03022 	Dead: 0
5.81795   0.0977122   0.496033  5.03022 	Dead: 0
5.72147   0.0873625   0.443493  5.03022 	Dead: 0
5.75227   0.0923939   0.469035  5.00278 	Dead: 0
5.7097    0.0872073   0.442705  5.00278 	Dead: 0
5.73547   0.0908437   0.461165  5.00278 	Dead: 0
5.71259   0.0860968   0.437068  5.00278 	Dead: 0
5.74476   0.0936487   0.475405  5.00278 	Dead: 0
5.69463   0.0853202   0.433125  5.00278 	Dead: 0
5.75834   0.089082    0.452222  5.00278 	Dead: 0
5.7095    0.0833666   0.423208  5.00278 	Dead: 0
5.72155   0.0885155   0.449346  5.00278 	Dead: 0
5.74057   0.0865745   0.439493  5.00278 	Dead: 0
5.79671   0.0953789   0.484188  5.00278 	Dead: 0
5.73154   0.0916121   0.465066  5.00278 	Dead: 0
5.73268   0.0887575   0.450574  5.00278 	Dead: 0
5.71275   0.0903236   0.458525  4.93479 	Dead: 0
5.72855   0.0931632   0.47294   4.93479 	Dead: 0
5.65966   0.0833324   0.423034  4.88043 	Dead: 0
5.72629   0.101197    0.513725  4.88043 	Dead: 0
5.66119   0.0834414   0.423588  4.88043 	Dead: 0
5.72077   0.0888332   0.450959  4.88043 	Dead: 0
5.7231    0.0899781   0.456771  4.88043 	Dead: 0
5.70819   0.0923706   0.468916  4.88043 	Dead: 0
5.7704    0.115467    0.586165  4.88043 	Dead: 0
5.7574    0.103927    0.527582  4.88043 	Dead: 0
5.70605   0.0902909   0.458359  4.88043 	Dead: 0
5.76076   0.105508    0.535607  4.88043 	Dead: 0
5.72898   0.0998495   0.506883  4.88043 	Dead: 0
5.73193   0.100867    0.512049  4.88043 	Dead: 0
5.67175   0.0932187   0.473221  4.88043 	Dead: 0
5.71157   0.107883    0.547663  4.88043 	Dead: 0
5.75038   0.108383    0.550202  4.88043 	Dead: 0
5.69632   0.0949845   0.482186  4.88043 	Dead: 0
5.67801   0.100882    0.512125  4.88043 	Dead: 0
5.70881   0.100676    0.511076  4.88043 	Dead: 0
5.71585   0.0960074   0.487378  4.88043 	Dead: 0
5.68868   0.100391    0.509631  4.88043 	Dead: 0
5.66761   0.0939199   0.476781  4.88043 	Dead: 0
5.74813   0.100889    0.512157  4.88043 	Dead: 0
5.66906   0.0945867   0.480166  4.88043 	Dead: 0
5.6996    0.106908    0.542715  4.88043 	Dead: 0
5.70386   0.0969346   0.492085  4.88043 	Dead: 0
5.72347   0.103218    0.52398   4.88043 	Dead: 0
5.64824   0.0952424   0.483495  4.76623 	Dead: 0
5.69721   0.0943134   0.478779  4.76623 	Dead: 0
5.65897   0.0916633   0.465326  4.76623 	Dead: 0
5.65127   0.0909326   0.461616  4.76623 	Dead: 0
