11.3971   0.0647568   0.328736  10.6132 	Dead: 0
9.71253   0.0282947   0.143637  9.31998 	Dead: 0
8.75195   0.040623    0.206222  8.25155 	Dead: 0
7.50719   0.0531538   0.269833  6.81249 	Dead: 0
6.18078   0.0555333   0.281913  5.68841 	Dead: 0
5.5373    0.0484378   0.245893  5.19096 	Dead: 0
5.18576   0.0525868   0.266955  4.76875 	Dead: 0
4.74819   0.0703996   0.357381  4.22626 	Dead: 0
4.25833   0.062246    0.31599   3.81215 	Dead: 0
3.99942   0.0653257   0.331624  3.63803 	Dead: 0
3.92414   0.114164    0.57955   3.3373  	Dead: 0
3.76587   0.0835271   0.424022  3.32541 	Dead: 0
3.77575   0.0960215   0.48745   3.24905 	Dead: 0
3.66783   0.0949068   0.481791  3.24905 	Dead: 0
3.76111   0.124154    0.630263  3.0927  	Dead: 0
3.64708   0.117611    0.597049  3.0927  	Dead: 0
3.59156   0.100168    0.508501  3.06739 	Dead: 0
3.54703   0.0888265   0.450925  3.06739 	Dead: 0
3.56099   0.0986276   0.50068   3.06739 	Dead: 0
3.62012   0.118853    0.603352  3.01602 	Dead: 0
3.54773   0.116427    0.591039  3.01602 	Dead: 0
3.45004   0.11081     0.562523  2.93201 	Dead: 0
3.39859   0.115031    0.583952  2.89745 	Dead: 0
3.38796   0.125164    0.63539   2.84662 	Dead: 0
3.34854   0.109749    0.557137  2.84662 	Dead: 0
3.35548   0.136383    0.692345  2.75178 	Dead: 0
3.3722    0.131082    0.665433  2.75178 	Dead: 0
3.37553   0.157009    0.797053  2.75178 	Dead: 0
3.33417   0.139792    0.709648  2.72586 	Dead: 0
3.36247   0.161017    0.817399  2.72586 	Dead: 0
3.21038   0.115433    0.585993  2.72586 	Dead: 0
3.28026   0.13125     0.666286  2.71568 	Dead: 0
3.33325   0.139825    0.709817  2.62452 	Dead: 0
3.36532   0.163284    0.828908  2.62452 	Dead: 0
3.30963   0.14348     0.728372  2.62452 	Dead: 0
3.31171   0.145153    0.736867  2.62452 	Dead: 0
3.28024   0.139186    0.706572  2.62452 	Dead: 0
3.3754    0.150993    0.766512  2.62452 	Dead: 0
3.35821   0.149235    0.757587  2.62414 	Dead: 0
3.23908   0.132935    0.674842  2.62414 	Dead: 0
3.30874   0.132695    0.673619  2.62414 	Dead: 0
3.29844   0.152189    0.772583  2.62414 	Dead: 0
3.35882   0.18988     0.963919  2.62414 	Dead: 0
3.28218   0.137959    0.700343  2.62414 	Dead: 0
3.17434   0.118064    0.599346  2.62414 	Dead: 0
3.17463   0.116907    0.593474  2.62414 	Dead: 0
3.4077    0.182888    0.928426  2.62414 	Dead: 0
3.2293    0.15212     0.772231  2.62414 	Dead: 0
3.2015    0.145789    0.740091  2.62414 	Dead: 0
3.24183   0.149481    0.758835  2.57398 	Dead: 0
3.22413   0.152672    0.775034  2.57398 	Dead: 0
3.16149   0.135738    0.689069  2.57398 	Dead: 0
3.41136   0.196787    0.998983  2.57398 	Dead: 0
3.26196   0.16455     0.835331  2.57398 	Dead: 0
3.15163   0.127954    0.649555  2.57398 	Dead: 0
3.1774    0.148733    0.755038  2.57398 	Dead: 0
3.14619   0.133077    0.675561  2.57398 	Dead: 0
3.14082   0.1368      0.694458  2.57398 	Dead: 0
3.27338   0.175543    0.891137  2.57398 	Dead: 0
3.17364   0.130593    0.662949  2.53827 	Dead: 0
3.23181   0.160656    0.815563  2.53827 	Dead: 0
3.21049   0.140802    0.714778  2.53827 	Dead: 0
3.13494   0.146378    0.743085  2.53827 	Dead: 0
3.21016   0.148005    0.751344  2.53827 	Dead: 0
3.22843   0.170263    0.864334  2.53827 	Dead: 0
3.18626   0.15469     0.785278  2.53827 	Dead: 0
3.19026   0.143918    0.730594  2.53827 	Dead: 0
3.11405   0.145917    0.740741  2.53827 	Dead: 0
3.09286   0.127724    0.648386  2.53827 	Dead: 0
3.09298   0.130109    0.660494  2.53827 	Dead: 0
3.20288   0.158978    0.807047  2.53827 	Dead: 0
3.20689   0.171782    0.872047  2.53827 	Dead: 0
3.14276   0.146386    0.743125  2.53827 	Dead: 0
3.11228   0.15283     0.775838  2.53827 	Dead: 0
3.24223   0.164199    0.833551  2.53827 	Dead: 0
3.15868   0.143494    0.728441  2.53827 	Dead: 0
3.18895   0.175115    0.888963  2.53827 	Dead: 0
3.09951   0.130738    0.663687  2.53827 	Dead: 0
3.17062   0.16449     0.835026  2.53827 	Dead: 0
3.22581   0.175441    0.890622  2.53827 	Dead: 0
3.08822   0.129071    0.655222  2.53827 	Dead: 0
3.18366   0.150716    0.765106  2.51316 	Dead: 0
3.249     0.179913    0.913322  2.51316 	Dead: 0
2.99869   0.114491    0.581208  2.48089 	Dead: 0
3.07805   0.14339     0.727916  2.48089 	Dead: 0
3.15334   0.174118    0.883904  2.48089 	Dead: 0
3.16531   0.17606     0.893761  2.48089 	Dead: 0
3.00128   0.133699    0.678719  2.48089 	Dead: 0
3.17352   0.152539    0.774357  2.48089 	Dead: 0
3.10005   0.158317    0.803691  2.48089 	Dead: 0
3.02506   0.133344    0.676918  2.48089 	Dead: 0
3.09712   0.156649    0.795221  2.48089 	Dead: 0
3.07216   0.168434    0.855049  2.46755 	Dead: 0
3.1914    0.185301    0.940676  2.46755 	Dead: 0
3.1627    0.169522    0.860572  2.45419 	Dead: 0
3.04498   0.146923    0.745849  2.45419 	Dead: 0
3.03901   0.140361    0.712539  2.45419 	Dead: 0
3.23073   0.182246    0.925165  2.45419 	Dead: 0
3.05273   0.141719    0.719431  2.45419 	Dead: 0
3.21616   0.169679    0.861371  2.45419 	Dead: 0
2.98688   0.14277     0.724767  2.45419 	Dead: 0
