11.3371   0.0605568   0.307414  10.5693 	Dead: 0
9.27481   0.0395844   0.200949  8.87063 	Dead: 0
8.40151   0.0408986   0.20762   7.84121 	Dead: 0
7.65279   0.0519096   0.263517  7.07255 	Dead: 0
6.32173   0.046123    0.234142  5.86999 	Dead: 0
5.66477   0.060721    0.308248  5.21944 	Dead: 0
4.86312   0.0579837   0.294352  4.53347 	Dead: 0
4.61044   0.0931435   0.47284   4.09698 	Dead: 0
4.37092   0.0850511   0.431759  3.9926  	Dead: 0
4.29339   0.0837375   0.425091  3.86855 	Dead: 0
4.1832    0.0874123   0.443746  3.74049 	Dead: 0
4.1291    0.10333     0.524552  3.62358 	Dead: 0
4.11754   0.115417    0.585912  3.48164 	Dead: 0
3.92588   0.104804    0.532034  3.48164 	Dead: 0
3.96763   0.13025     0.661211  3.38274 	Dead: 0
3.89951   0.123786    0.628397  3.30135 	Dead: 0
3.76028   0.10228     0.519221  3.26626 	Dead: 0
3.71897   0.116758    0.592718  3.19209 	Dead: 0
3.62776   0.142098    0.721357  2.9594  	Dead: 0
3.48639   0.132332    0.671779  2.83521 	Dead: 0
3.44349   0.1376      0.698519  2.83521 	Dead: 0
3.32014   0.109495    0.555846  2.83521 	Dead: 0
3.34557   0.132372    0.671984  2.83267 	Dead: 0
3.30476   0.111687    0.566975  2.70912 	Dead: 0
3.29533   0.128282    0.65122   2.70912 	Dead: 0
3.3321    0.134053    0.680517  2.70912 	Dead: 0
3.38399   0.135575    0.688244  2.70912 	Dead: 0
3.33624   0.13886     0.704919  2.70912 	Dead: 0
3.29338   0.122469    0.621708  2.70912 	Dead: 0
3.26231   0.118838    0.603275  2.70912 	Dead: 0
3.28216   0.131184    0.665951  2.70912 	Dead: 0
3.40638   0.14192     0.720452  2.70912 	Dead: 0
3.18516   0.102992    0.522836  2.68338 	Dead: 0
3.23555   0.119629    0.607293  2.67133 	Dead: 0
3.25379   0.122622    0.622486  2.67133 	Dead: 0
3.20304   0.124108    0.63003   2.67133 	Dead: 0
3.28826   0.143471    0.728325  2.67133 	Dead: 0
3.28652   0.139818    0.709782  2.67133 	Dead: 0
3.30705   0.157739    0.800758  2.60188 	Dead: 0
3.16177   0.115683    0.587263  2.60188 	Dead: 0
3.2138    0.130392    0.66193   2.60188 	Dead: 0
3.27291   0.139394    0.70763   2.60188 	Dead: 0
3.23082   0.135882    0.689801  2.60188 	Dead: 0
3.19117   0.115516    0.586412  2.60188 	Dead: 0
3.18597   0.115125    0.584428  2.60188 	Dead: 0
3.22983   0.150177    0.762371  2.60188 	Dead: 0
3.21116   0.135298    0.686837  2.60188 	Dead: 0
3.23123   0.136691    0.693907  2.60188 	Dead: 0
3.21521   0.144553    0.733817  2.60188 	Dead: 0
3.32621   0.153488    0.779177  2.60188 	Dead: 0
3.17142   0.121664    0.617623  2.60188 	Dead: 0
3.18541   0.127052    0.644973  2.60188 	Dead: 0
3.17861   0.137017    0.695563  2.60188 	Dead: 0
3.21559   0.144701    0.734571  2.60188 	Dead: 0
3.27417   0.150706    0.765055  2.60188 	Dead: 0
3.25337   0.157377    0.79892   2.60188 	Dead: 0
3.1947    0.123008    0.624446  2.60188 	Dead: 0
3.09635   0.102978    0.522764  2.53388 	Dead: 0
3.31438   0.155626    0.790029  2.53388 	Dead: 0
3.28262   0.155584    0.789816  2.53388 	Dead: 0
3.19165   0.140279    0.712123  2.53388 	Dead: 0
3.16448   0.138257    0.701859  2.53388 	Dead: 0
3.2972    0.170929    0.867717  2.53388 	Dead: 0
3.23035   0.154608    0.784865  2.53388 	Dead: 0
3.21035   0.138291    0.702031  2.53388 	Dead: 0
3.1635    0.146079    0.741564  2.53388 	Dead: 0
3.24073   0.146696    0.744696  2.53388 	Dead: 0
3.12664   0.120094    0.609652  2.53388 	Dead: 0
3.17081   0.125144    0.635289  2.53388 	Dead: 0
3.18697   0.14971     0.759996  2.53388 	Dead: 0
3.24751   0.168531    0.85554   2.51649 	Dead: 0
3.15296   0.13999     0.710657  2.44475 	Dead: 0
3.13629   0.127949    0.649528  2.44475 	Dead: 0
3.23588   0.159596    0.810184  2.44475 	Dead: 0
3.04149   0.105698    0.536572  2.44475 	Dead: 0
3.15503   0.155107    0.787394  2.44475 	Dead: 0
3.20682   0.154631    0.78498   2.44475 	Dead: 0
3.09761   0.143864    0.730322  2.44475 	Dead: 0
3.19251   0.156764    0.795807  2.44475 	Dead: 0
3.12942   0.142946    0.725662  2.44475 	Dead: 0
3.14596   0.166177    0.843594  2.44475 	Dead: 0
3.074     0.129295    0.656363  2.44475 	Dead: 0
2.96546   0.102787    0.521794  2.44475 	Dead: 0
3.19138   0.156097    0.792423  2.44475 	Dead: 0
3.07958   0.132659    0.673441  2.44475 	Dead: 0
3.06729   0.134143    0.680972  2.44475 	Dead: 0
2.98727   0.100029    0.507792  2.44475 	Dead: 0
3.06649   0.138265    0.701899  2.44475 	Dead: 0
3.11859   0.147844    0.750526  2.44475 	Dead: 0
3.0328    0.12006     0.609478  2.44475 	Dead: 0
3.1442    0.162846    0.82668   2.44475 	Dead: 0
3.15634   0.147431    0.74843   2.44475 	Dead: 0
3.06571   0.144811    0.735126  2.44475 	Dead: 0
3.05674   0.143864    0.73032   2.44475 	Dead: 0
3.16184   0.164391    0.834523  2.44475 	Dead: 0
3.08478   0.151546    0.769317  2.44475 	Dead: 0
3.034     0.13866     0.703905  2.44475 	Dead: 0
3.02404   0.145874    0.740522  2.44475 	Dead: 0
3.04161   0.144916    0.735662  2.44475 	Dead: 0
3.08501   0.151849    0.770856  2.44475 	Dead: 0
3.05063   0.157716    0.800638  2.44475 	Dead: 0
