0   9.5494    0.153554    0.779513  7.60099 	Dead: 0
1   5.94134   0.0900754   0.457265  5.25788 	Dead: 0
2   5.45369   0.0794147   0.403146  4.82317 	Dead: 0
3   5.27947   0.092426    0.469198  4.47889 	Dead: 0
4   5.17169   0.0986225   0.500654  4.47889 	Dead: 0
5   5.20571   0.136662    0.69376   4.32622 	Dead: 0
6   5.12854   0.10844     0.550492  4.32622 	Dead: 0
7   5.09039   0.11217     0.569426  4.32622 	Dead: 0
8   5.07847   0.111245    0.564729  4.32622 	Dead: 0
9   4.97248   0.117228    0.595102  4.23819 	Dead: 0
10  4.97046   0.11762     0.597094  4.07817 	Dead: 0
11  4.69999   0.112482    0.571009  3.92752 	Dead: 0
12  4.65986   0.111843    0.567765  3.7963  	Dead: 0
13  4.60098   0.115844    0.58808   3.72745 	Dead: 0
14  4.54769   0.111483    0.565941  3.72745 	Dead: 0
15  4.66334   0.159551    0.809956  3.72745 	Dead: 0
16  4.57504   0.129822    0.659037  3.72745 	Dead: 0
17  4.54443   0.121641    0.617506  3.70698 	Dead: 0
18  4.51092   0.123077    0.624794  3.70698 	Dead: 0
19  4.56917   0.127546    0.647481  3.705   	Dead: 0
20  4.52263   0.121379    0.616174  3.705   	Dead: 0
21  4.56585   0.132888    0.674601  3.66596 	Dead: 0
22  4.54283   0.145315    0.737687  3.66596 	Dead: 0
23  4.51596   0.139067    0.70597   3.66596 	Dead: 0
24  4.47714   0.13121     0.666082  3.66596 	Dead: 0
25  4.51703   0.143804    0.730015  3.66596 	Dead: 0
26  4.5747    0.161386    0.819269  3.66596 	Dead: 0
27  4.53096   0.140426    0.712866  3.66596 	Dead: 0
28  4.51839   0.148496    0.753835  3.66596 	Dead: 0
29  4.58687   0.144249    0.732273  3.66596 	Dead: 0
30  4.4381    0.128372    0.651678  3.62869 	Dead: 0
31  4.52233   0.14711     0.7468    3.62869 	Dead: 0
32  4.51122   0.143286    0.727389  3.62869 	Dead: 0
33  4.51793   0.136195    0.691391  3.62869 	Dead: 0
34  4.52356   0.156403    0.793973  3.57345 	Dead: 0
35  4.39139   0.138552    0.703353  3.57345 	Dead: 0
36  4.47484   0.15163     0.769746  3.57345 	Dead: 0
37  4.5098    0.132263    0.67143   3.57345 	Dead: 0
38  4.45569   0.120641    0.612428  3.53665 	Dead: 0
39  4.46553   0.140434    0.712909  3.53665 	Dead: 0
40  4.50091   0.143733    0.729655  3.53665 	Dead: 0
41  4.44946   0.12779     0.64872   3.53665 	Dead: 0
42  4.47491   0.148209    0.75238   3.53123 	Dead: 0
43  4.48325   0.150073    0.761843  3.53123 	Dead: 0
44  4.46556   0.156122    0.792547  3.53123 	Dead: 0
45  4.39805   0.132427    0.67226   3.53123 	Dead: 0
46  4.43364   0.13203     0.670245  3.53123 	Dead: 0
47  4.46221   0.147438    0.748465  3.53123 	Dead: 0
48  4.51466   0.146076    0.74155   3.53123 	Dead: 0
49  4.43395   0.141469    0.718162  3.53123 	Dead: 0
50  4.42004   0.130248    0.661199  3.53123 	Dead: 0
51  4.37914   0.127052    0.644974  3.53123 	Dead: 0
52  4.45521   0.140327    0.712363  3.53123 	Dead: 0
53  4.50399   0.160924    0.816927  3.53123 	Dead: 0
54  4.43054   0.128989    0.654811  3.4793  	Dead: 0
55  4.47876   0.145958    0.74095   3.4793  	Dead: 0
56  4.45745   0.136836    0.694645  3.4793  	Dead: 0
57  4.53908   0.154703    0.785343  3.4793  	Dead: 0
58  4.40289   0.130216    0.661035  3.4793  	Dead: 0
59  4.47818   0.149384    0.75834   3.4793  	Dead: 0
60  4.50815   0.176212    0.894533  3.4793  	Dead: 0
61  4.4055    0.125065    0.634886  3.4793  	Dead: 0
62  4.42622   0.142673    0.724276  3.4793  	Dead: 0
63  4.39904   0.141687    0.719269  3.4793  	Dead: 0
64  4.45217   0.179389    0.91066   3.45266 	Dead: 0
65  4.40352   0.155021    0.786957  3.38893 	Dead: 0
66  4.47669   0.162929    0.827106  3.38893 	Dead: 0
67  4.51553   0.154717    0.785417  3.38893 	Dead: 0
68  4.48659   0.156311    0.793506  3.38893 	Dead: 0
69  4.46343   0.157944    0.801797  3.38893 	Dead: 0
70  4.37997   0.14201     0.720911  3.38893 	Dead: 0
71  4.45077   0.141557    0.718608  3.38893 	Dead: 0
72  4.46473   0.148619    0.75446   3.38893 	Dead: 0
73  4.33161   0.120575    0.612093  3.38893 	Dead: 0
74  4.37823   0.132361    0.671927  3.38893 	Dead: 0
75  4.47855   0.153557    0.779528  3.38893 	Dead: 0
76  4.43333   0.145947    0.740896  3.38893 	Dead: 0
77  4.50206   0.158948    0.806894  3.38893 	Dead: 0
78  4.47832   0.142752    0.724675  3.38893 	Dead: 0
79  4.41966   0.139011    0.705687  3.38893 	Dead: 0
80  4.50835   0.15175     0.770355  3.38893 	Dead: 0
81  4.56319   0.175319    0.890001  3.38893 	Dead: 0
82  4.41601   0.15131     0.76812   3.38893 	Dead: 0
83  4.41407   0.159143    0.807886  3.38893 	Dead: 0
84  4.48089   0.169924    0.862614  3.38893 	Dead: 0
85  4.35983   0.12897     0.654714  3.38893 	Dead: 0
86  4.35475   0.144665    0.734389  3.38893 	Dead: 0
87  4.52325   0.17539     0.89036   3.38893 	Dead: 0
88  4.43742   0.143314    0.727528  3.38893 	Dead: 0
89  4.51957   0.158936    0.806831  3.38893 	Dead: 0
90  4.44885   0.163706    0.831047  3.38893 	Dead: 0
91  4.48266   0.182101    0.924429  3.38893 	Dead: 0
92  4.45468   0.168806    0.856939  3.38893 	Dead: 0
93  4.45226   0.138594    0.703567  3.38893 	Dead: 0
94  4.33953   0.11462     0.581864  3.36825 	Dead: 0
95  4.40558   0.142001    0.720863  3.36825 	Dead: 0
96  4.44881   0.145326    0.737741  3.36825 	Dead: 0
97  4.41696   0.133853    0.679498  3.27802 	Dead: 0
98  4.34697   0.144347    0.732771  3.27802 	Dead: 0
99  4.45423   0.15603     0.792082  3.27802 	Dead: 0
100 4.34668   0.134824    0.684428  3.27802 	Dead: 0
