7.96768   0.148856    0.755663  6.08214 	Dead: 0
5.06489   0.0653063   0.331525  4.38572 	Dead: 0
4.79072   0.0599817   0.304495  4.34207 	Dead: 0
4.71509   0.0720482   0.36575   4.19792 	Dead: 0
4.61898   0.0631751   0.320706  4.04671 	Dead: 0
4.58998   0.0733139   0.372176  4.03783 	Dead: 0
4.53268   0.0686735   0.348619  3.87045 	Dead: 0
4.48262   0.0689598   0.350072  3.87045 	Dead: 0
4.51015   0.0759696   0.385657  3.87045 	Dead: 0
4.49692   0.0727223   0.369172  3.87045 	Dead: 0
4.46898   0.0680576   0.345492  3.87045 	Dead: 0
4.53618   0.0814189   0.41332   3.87045 	Dead: 0
4.46176   0.0767367   0.389551  3.87045 	Dead: 0
4.44198   0.0679842   0.34512   3.87045 	Dead: 0
4.4511    0.0679263   0.344825  3.87045 	Dead: 0
4.43537   0.068837    0.349449  3.77886 	Dead: 0
4.4103    0.0704237   0.357504  3.77886 	Dead: 0
4.37578   0.0693574   0.352091  3.77886 	Dead: 0
4.36496   0.0677194   0.343775  3.77886 	Dead: 0
4.32929   0.0698558   0.354621  3.77886 	Dead: 0
4.37262   0.0708626   0.359732  3.77886 	Dead: 0
4.39235   0.0690277   0.350417  3.77886 	Dead: 0
4.33816   0.0716029   0.36349   3.77886 	Dead: 0
4.32314   0.0645191   0.327529  3.77886 	Dead: 0
4.31538   0.064542    0.327645  3.77886 	Dead: 0
4.31169   0.0661925   0.336024  3.77886 	Dead: 0
4.31375   0.0681877   0.346153  3.72665 	Dead: 0
4.30441   0.0667876   0.339045  3.72665 	Dead: 0
4.35127   0.0751844   0.381671  3.64824 	Dead: 0
4.25056   0.0628767   0.319191  3.64824 	Dead: 0
4.27047   0.0661398   0.335757  3.64824 	Dead: 0
4.25455   0.0641349   0.325579  3.64824 	Dead: 0
4.26699   0.0710405   0.360635  3.64824 	Dead: 0
4.28402   0.0682602   0.346521  3.64824 	Dead: 0
4.2674    0.0750001   0.380735  3.64824 	Dead: 0
4.22936   0.0681825   0.346126  3.64824 	Dead: 0
4.24012   0.0689754   0.350151  3.62826 	Dead: 0
4.19613   0.0633983   0.321839  3.62826 	Dead: 0
4.21509   0.066299    0.336565  3.62826 	Dead: 0
4.23358   0.0719735   0.365371  3.62826 	Dead: 0
4.18702   0.0657036   0.333542  3.62826 	Dead: 0
4.22452   0.0681871   0.346149  3.62826 	Dead: 0
4.22242   0.0657826   0.333943  3.62826 	Dead: 0
4.20953   0.0655802   0.332916  3.62826 	Dead: 0
4.22606   0.0680044   0.345222  3.62826 	Dead: 0
4.22814   0.0754313   0.382925  3.62826 	Dead: 0
4.17607   0.0648217   0.329065  3.62826 	Dead: 0
4.21664   0.0711717   0.361301  3.62826 	Dead: 0
4.21301   0.0713871   0.362394  3.62826 	Dead: 0
4.19313   0.0747121   0.379274  3.62826 	Dead: 0
4.19816   0.0671193   0.340729  3.62826 	Dead: 0
4.20517   0.0680159   0.34528   3.62826 	Dead: 0
4.18366   0.0704561   0.357668  3.62826 	Dead: 0
4.17038   0.0637565   0.323657  3.62826 	Dead: 0
4.17225   0.0695732   0.353186  3.62826 	Dead: 0
4.17547   0.0737828   0.374556  3.61261 	Dead: 0
4.1522    0.065259    0.331285  3.61261 	Dead: 0
4.21634   0.0749383   0.380422  3.61261 	Dead: 0
4.15717   0.0684899   0.347687  3.61261 	Dead: 0
4.18162   0.0740417   0.37587   3.61261 	Dead: 0
4.16684   0.0703586   0.357173  3.61261 	Dead: 0
4.17945   0.0716232   0.363593  3.61261 	Dead: 0
4.16725   0.0667192   0.338698  3.61261 	Dead: 0
4.16479   0.0691974   0.351278  3.61261 	Dead: 0
4.16617   0.0654589   0.3323    3.61261 	Dead: 0
4.16196   0.0679753   0.345074  3.61261 	Dead: 0
4.1529    0.0697803   0.354237  3.61261 	Dead: 0
4.08415   0.0589162   0.299086  3.61261 	Dead: 0
4.12524   0.064474    0.3273    3.61261 	Dead: 0
4.18421   0.0738845   0.375072  3.61261 	Dead: 0
4.13803   0.0694394   0.352507  3.61261 	Dead: 0
4.11903   0.0687856   0.349188  3.61261 	Dead: 0
4.14969   0.0694813   0.352719  3.60478 	Dead: 0
4.15309   0.0741523   0.376432  3.60478 	Dead: 0
4.14653   0.0731354   0.371269  3.60478 	Dead: 0
4.16137   0.0718032   0.364507  3.60478 	Dead: 0
4.07967   0.0581664   0.29528   3.60478 	Dead: 0
4.12108   0.0683296   0.346873  3.60478 	Dead: 0
4.09379   0.0725955   0.368529  3.55854 	Dead: 0
4.13054   0.0711478   0.361179  3.55854 	Dead: 0
4.0788    0.0713844   0.36238   3.54833 	Dead: 0
4.09581   0.0660648   0.335376  3.54833 	Dead: 0
4.0927    0.0681608   0.346016  3.54833 	Dead: 0
4.10029   0.0743341   0.377354  3.54833 	Dead: 0
4.1351    0.0766669   0.389197  3.54833 	Dead: 0
4.11076   0.0721692   0.366365  3.54833 	Dead: 0
4.0858    0.0688339   0.349433  3.54833 	Dead: 0
4.08869   0.0712865   0.361884  3.54833 	Dead: 0
4.12204   0.0731381   0.371283  3.54833 	Dead: 0
4.14998   0.0752815   0.382164  3.54833 	Dead: 0
4.11947   0.075118    0.381334  3.54833 	Dead: 0
4.05864   0.066716    0.338682  3.50661 	Dead: 0
4.07932   0.0717577   0.364276  3.50661 	Dead: 0
4.09804   0.066771    0.338961  3.50661 	Dead: 0
4.11281   0.0740687   0.376007  3.50661 	Dead: 0
4.12571   0.079017    0.401127  3.50661 	Dead: 0
4.11056   0.0749953   0.380711  3.50661 	Dead: 0
4.04759   0.0695021   0.352825  3.48509 	Dead: 0
4.08006   0.0652889   0.331437  3.48509 	Dead: 0
4.07037   0.0680362   0.345384  3.48509 	Dead: 0
4.0844    0.0632675   0.321175  3.48509 	Dead: 0
