5.16246   0.102961    0.52268   4.08416 	Dead: 0
4.51711   0.0885638   0.449591  3.84271 	Dead: 0
4.31251   0.0727359   0.369241  3.78194 	Dead: 0
4.02348   0.0399055   0.202579  3.72021 	Dead: 0
4.0416    0.057461    0.291699  3.60931 	Dead: 0
4.00527   0.0489163   0.248322  3.60931 	Dead: 0
3.98122   0.0490961   0.249235  3.57824 	Dead: 0
3.99852   0.0649543   0.329738  3.57824 	Dead: 0
3.97522   0.0636073   0.3229    3.55826 	Dead: 0
3.96224   0.0642817   0.326324  3.51968 	Dead: 0
3.93257   0.0569564   0.289137  3.51968 	Dead: 0
3.94967   0.0855217   0.434148  3.51968 	Dead: 0
3.94836   0.0715417   0.363179  3.51126 	Dead: 0
3.93754   0.0752598   0.382054  3.42411 	Dead: 0
3.90986   0.0711547   0.361215  3.42411 	Dead: 0
3.92539   0.0796137   0.404156  3.42411 	Dead: 0
3.91492   0.0808987   0.410679  3.42411 	Dead: 0
3.90793   0.0834824   0.423796  3.42411 	Dead: 0
3.8211    0.0626234   0.317906  3.42411 	Dead: 0
3.85177   0.0680029   0.345214  3.37536 	Dead: 0
3.86183   0.0743031   0.377197  3.37536 	Dead: 0
3.84309   0.0748353   0.379899  3.37536 	Dead: 0
3.91162   0.0911185   0.46256   3.37536 	Dead: 0
3.83254   0.0854428   0.433747  3.37536 	Dead: 0
3.88927   0.0958473   0.486566  3.37536 	Dead: 0
3.80251   0.0777162   0.394523  3.37536 	Dead: 0
3.86103   0.0817051   0.414773  3.37536 	Dead: 0
3.8476    0.0819243   0.415886  3.37536 	Dead: 0
3.7993    0.0722508   0.366779  3.36017 	Dead: 0
3.80611   0.0831194   0.421953  3.36017 	Dead: 0
3.81119   0.0847277   0.430117  3.36017 	Dead: 0
3.76709   0.0704493   0.357634  3.36017 	Dead: 0
3.83331   0.086199    0.437586  3.36017 	Dead: 0
3.81867   0.0855595   0.43434   3.36017 	Dead: 0
3.85589   0.0953874   0.484231  3.36017 	Dead: 0
3.80304   0.0818576   0.415547  3.36017 	Dead: 0
3.82767   0.0843735   0.428319  3.36017 	Dead: 0
3.77105   0.0830712   0.421708  3.36017 	Dead: 0
3.8205    0.0911687   0.462815  3.34276 	Dead: 0
3.87323   0.10849     0.550744  3.34276 	Dead: 0
3.84635   0.0958359   0.486508  3.34276 	Dead: 0
3.82324   0.083119    0.421951  3.34276 	Dead: 0
3.73016   0.0696443   0.353547  3.31957 	Dead: 0
3.75693   0.0777637   0.394765  3.31957 	Dead: 0
3.77838   0.0775372   0.393615  3.31957 	Dead: 0
3.85501   0.10658     0.541048  3.31957 	Dead: 0
3.77778   0.0802223   0.407246  3.31957 	Dead: 0
3.82236   0.0912352   0.463152  3.31957 	Dead: 0
3.81525   0.092467    0.469406  3.31957 	Dead: 0
3.80268   0.0983954   0.499501  3.31957 	Dead: 0
3.74893   0.0836716   0.424756  3.31957 	Dead: 0
3.82539   0.0918086   0.466063  3.31957 	Dead: 0
3.78636   0.0824702   0.418657  3.31957 	Dead: 0
3.8168    0.0958414   0.486535  3.31957 	Dead: 0
3.84594   0.0920622   0.467351  3.31957 	Dead: 0
3.81656   0.0958513   0.486586  3.31957 	Dead: 0
3.74384   0.0736533   0.373899  3.31957 	Dead: 0
3.74082   0.0716942   0.363953  3.31957 	Dead: 0
3.78156   0.0764923   0.388311  3.31957 	Dead: 0
3.85471   0.090951    0.46171   3.28376 	Dead: 0
3.8661    0.110336    0.560115  3.28376 	Dead: 0
3.77592   0.0814134   0.413292  3.28376 	Dead: 0
3.7771    0.0806189   0.409259  3.28376 	Dead: 0
3.80847   0.100696    0.511181  3.28376 	Dead: 0
3.76867   0.0904847   0.459343  3.28376 	Dead: 0
3.74825   0.0771585   0.391693  3.28376 	Dead: 0
3.73959   0.0766405   0.389063  3.28376 	Dead: 0
3.72945   0.0761382   0.386513  3.28376 	Dead: 0
3.75156   0.0855416   0.434249  3.28376 	Dead: 0
3.78047   0.0978239   0.4966    3.28376 	Dead: 0
3.72436   0.0782185   0.397074  3.28376 	Dead: 0
3.73796   0.0831608   0.422163  3.26283 	Dead: 0
3.72579   0.0729048   0.370099  3.26283 	Dead: 0
3.79885   0.0937623   0.475981  3.26283 	Dead: 0
3.75052   0.0878675   0.446056  3.26283 	Dead: 0
3.75442   0.0821914   0.417242  3.26283 	Dead: 0
3.79271   0.114125    0.579352  3.26283 	Dead: 0
3.72711   0.0918544   0.466296  3.26283 	Dead: 0
3.68733   0.0845934   0.429435  3.26283 	Dead: 0
3.70429   0.0761599   0.386623  3.26283 	Dead: 0
3.72562   0.0900952   0.457365  3.26283 	Dead: 0
3.75189   0.0883783   0.44865   3.26283 	Dead: 0
3.73421   0.0768161   0.389954  3.26283 	Dead: 0
3.76517   0.094925    0.481883  3.23194 	Dead: 0
3.74251   0.0883351   0.44843   3.23194 	Dead: 0
3.74069   0.0894552   0.454116  3.23194 	Dead: 0
3.70923   0.0865289   0.439261  3.23194 	Dead: 0
3.68323   0.081035    0.411371  3.23194 	Dead: 0
3.7382    0.0895728   0.454714  3.23194 	Dead: 0
3.75192   0.0845292   0.429109  3.23194 	Dead: 0
3.71445   0.0827655   0.420156  3.23194 	Dead: 0
3.69414   0.0804502   0.408403  3.23194 	Dead: 0
3.68538   0.0802908   0.407594  3.23194 	Dead: 0
3.70118   0.0803143   0.407713  3.23194 	Dead: 0
3.73948   0.0951038   0.482791  3.23194 	Dead: 0
3.73391   0.0965855   0.490313  3.19014 	Dead: 0
3.71361   0.0818919   0.415722  3.19014 	Dead: 0
3.7006    0.0869671   0.441486  3.19014 	Dead: 0
3.69919   0.0831349   0.422031  3.19014 	Dead: 0
3.66341   0.0872791   0.443069  3.19014 	Dead: 0
3.72314   0.0877607   0.445514  3.19014 	Dead: 0
