5.11576   0.0964125   0.489435  4.18566 	Dead: 0
4.49988   0.11857     0.601918  3.95598 	Dead: 0
4.37721   0.0901583   0.457685  3.84705 	Dead: 0
4.28874   0.112984    0.573558  3.58793 	Dead: 0
4.3919    0.158066    0.802415  3.58793 	Dead: 0
4.27387   0.16399     0.832488  3.58793 	Dead: 0
4.34639   0.187462    0.951645  3.58793 	Dead: 0
4.47872   0.22113     1.12256   3.58793 	Dead: 0
4.36466   0.214309    1.08793   3.52149 	Dead: 0
4.47505   0.253533    1.28705   3.44139 	Dead: 0
4.34477   0.236906    1.20264   3.44139 	Dead: 0
4.52364   0.29643     1.50482   3.36156 	Dead: 0
4.18703   0.222801    1.13104   3.35532 	Dead: 0
4.10985   0.216203    1.09755   3.25285 	Dead: 0
4.06032   0.2123      1.07773   3.25285 	Dead: 0
4.19686   0.249299    1.26556   3.25285 	Dead: 0
4.10639   0.236844    1.20233   3.25285 	Dead: 0
3.9967    0.207301    1.05235   3.25285 	Dead: 0
4.06298   0.230623    1.17075   3.25285 	Dead: 0
3.8673    0.167704    0.851343  3.25285 	Dead: 0
4.05513   0.225531    1.1449    3.17449 	Dead: 0
4.16825   0.251196    1.27519   3.17449 	Dead: 0
3.91027   0.198251    1.00641   3.17449 	Dead: 0
4.02912   0.225059    1.14251   3.17449 	Dead: 0
4.00676   0.226871    1.15171   3.17449 	Dead: 0
3.9549    0.21042     1.06819   3.17449 	Dead: 0
3.77842   0.148475    0.753728  3.17449 	Dead: 0
4.11413   0.246812    1.25293   3.17449 	Dead: 0
4.00426   0.233932    1.18755   3.17449 	Dead: 0
3.91032   0.211289    1.0726    3.17449 	Dead: 0
3.96419   0.228139    1.15814   3.17449 	Dead: 0
3.77795   0.18853     0.957065  3.17449 	Dead: 0
3.73609   0.169275    0.85932   3.17449 	Dead: 0
3.57433   0.0895008   0.454348  3.17449 	Dead: 0
3.71161   0.1555      0.78939   3.17449 	Dead: 0
3.62663   0.118858    0.603378  3.17449 	Dead: 0
3.79353   0.173316    0.879835  3.17449 	Dead: 0
3.86047   0.210235    1.06725   3.17449 	Dead: 0
3.82825   0.209149    1.06174   3.158   	Dead: 0
3.66422   0.139848    0.709935  3.158   	Dead: 0
3.80455   0.206265    1.0471    3.158   	Dead: 0
3.64477   0.153405    0.778755  3.158   	Dead: 0
3.59733   0.118618    0.602159  3.158   	Dead: 0
3.7247    0.169737    0.861667  3.158   	Dead: 0
3.68795   0.163003    0.827478  3.158   	Dead: 0
3.8071    0.205126    1.04132   3.158   	Dead: 0
3.62168   0.144845    0.735302  3.158   	Dead: 0
3.67024   0.171701    0.871634  3.158   	Dead: 0
3.63997   0.137938    0.700237  3.10419 	Dead: 0
3.73362   0.189429    0.961631  3.10419 	Dead: 0
3.79459   0.213009    1.08134   3.10419 	Dead: 0
3.76935   0.202495    1.02796   3.10419 	Dead: 0
3.58969   0.123546    0.627177  3.10419 	Dead: 0
3.62678   0.144874    0.73545   3.10419 	Dead: 0
3.56362   0.110252    0.559693  3.10419 	Dead: 0
3.58605   0.115325    0.585446  3.10419 	Dead: 0
3.6463    0.162526    0.825056  3.10419 	Dead: 0
3.77801   0.198475    1.00755   3.10419 	Dead: 0
3.6932    0.167759    0.851623  3.10419 	Dead: 0
3.68657   0.177698    0.902078  3.10419 	Dead: 0
3.66498   0.192555    0.977499  3.10419 	Dead: 0
3.6344    0.170215    0.864091  3.10419 	Dead: 0
3.6137    0.144269    0.732376  3.10419 	Dead: 0
3.67577   0.166431    0.844883  3.10419 	Dead: 0
3.60853   0.165324    0.839262  3.10419 	Dead: 0
3.63667   0.168716    0.856482  3.10419 	Dead: 0
3.62084   0.131369    0.666889  3.10419 	Dead: 0
3.69001   0.18379     0.933003  3.10419 	Dead: 0
3.58148   0.141755    0.719614  3.10419 	Dead: 0
3.63279   0.157847    0.801306  3.0719  	Dead: 0
3.62089   0.167111    0.848331  3.0719  	Dead: 0
3.52018   0.111751    0.567299  3.02819 	Dead: 0
3.68659   0.185843    0.943427  3.02819 	Dead: 0
3.66551   0.163631    0.830669  3.02819 	Dead: 0
3.62622   0.186645    0.947496  3.02819 	Dead: 0
3.63102   0.170447    0.865268  3.02819 	Dead: 0
3.62096   0.157422    0.799146  3.02819 	Dead: 0
3.59949   0.124082    0.629901  3.02819 	Dead: 0
3.62603   0.154303    0.783312  3.02819 	Dead: 0
3.66452   0.178877    0.908062  3.02819 	Dead: 0
3.63329   0.17926     0.910009  3.02819 	Dead: 0
3.65278   0.176623    0.896619  3.02819 	Dead: 0
3.44817   0.0596184   0.302651  3.02819 	Dead: 0
3.59701   0.164053    0.83281   3.02819 	Dead: 0
3.69878   0.176696    0.89699   3.02819 	Dead: 0
3.63504   0.161424    0.819463  3.02819 	Dead: 0
3.55733   0.152027    0.771762  3.02819 	Dead: 0
3.77998   0.204508    1.03818   3.02819 	Dead: 0
3.77594   0.201571    1.02327   3.02819 	Dead: 0
3.72744   0.193527    0.982433  3.02819 	Dead: 0
3.76277   0.204459    1.03793   3.02819 	Dead: 0
3.70957   0.19422     0.98595   3.02819 	Dead: 0
3.63724   0.172476    0.875571  3.02819 	Dead: 0
3.65796   0.166572    0.845599  3.02819 	Dead: 0
3.66771   0.178076    0.903997  3.02819 	Dead: 0
3.64724   0.167598    0.850805  3.02819 	Dead: 0
3.57943   0.152559    0.774462  2.97282 	Dead: 0
3.63981   0.168125    0.85348   2.97282 	Dead: 0
3.53715   0.129549    0.657653  2.97282 	Dead: 0
3.63363   0.17632     0.895081  2.97282 	Dead: 0
3.59139   0.156303    0.793469  2.97282 	Dead: 0
