5.53077   0.219812    1.11587   3.69335 	Dead: 0
3.59086   0.0505551   0.256641  3.09835 	Dead: 0
3.47164   0.0484904   0.24616   3.09835 	Dead: 0
3.42631   0.0529347   0.268721  2.98353 	Dead: 0
3.43812   0.0603131   0.306177  2.98353 	Dead: 0
3.35798   0.0478718   0.24302   2.9431  	Dead: 0
3.33788   0.0472766   0.239998  2.9431  	Dead: 0
3.35985   0.0606282   0.307777  2.9431  	Dead: 0
3.34887   0.0569315   0.289011  2.94123 	Dead: 0
3.31455   0.0634377   0.32204   2.92452 	Dead: 0
3.28914   0.05437     0.276008  2.90514 	Dead: 0
3.26913   0.0512951   0.260398  2.90514 	Dead: 0
3.27363   0.0507992   0.25788   2.90514 	Dead: 0
3.24598   0.0544579   0.276454  2.86287 	Dead: 0
3.29137   0.0637517   0.323633  2.86287 	Dead: 0
3.28536   0.0588458   0.298729  2.83492 	Dead: 0
3.25899   0.0581528   0.295211  2.83492 	Dead: 0
3.26004   0.0597658   0.303399  2.83492 	Dead: 0
3.25219   0.0550774   0.279599  2.83492 	Dead: 0
3.2717    0.061998    0.314731  2.83492 	Dead: 0
3.22528   0.0565549   0.287099  2.83492 	Dead: 0
3.16602   0.0483186   0.245288  2.83163 	Dead: 0
3.21807   0.0537752   0.272988  2.83163 	Dead: 0
3.23165   0.0585638   0.297297  2.83163 	Dead: 0
3.23992   0.0626819   0.318202  2.83163 	Dead: 0
3.24747   0.0569872   0.289294  2.83163 	Dead: 0
3.23812   0.0562361   0.285481  2.83163 	Dead: 0
3.16837   0.0470231   0.238711  2.81278 	Dead: 0
3.17212   0.043947    0.223095  2.81278 	Dead: 0
3.17512   0.0466778   0.236958  2.81278 	Dead: 0
3.20744   0.0607039   0.308161  2.81278 	Dead: 0
3.19265   0.0572434   0.290594  2.81278 	Dead: 0
3.159     0.0500255   0.253953  2.78486 	Dead: 0
3.19269   0.053197    0.270053  2.78486 	Dead: 0
3.17747   0.0525293   0.266663  2.73012 	Dead: 0
3.16431   0.0513266   0.260558  2.73012 	Dead: 0
3.16558   0.0542238   0.275265  2.73012 	Dead: 0
3.14403   0.0541922   0.275105  2.73012 	Dead: 0
3.20363   0.0596912   0.30302   2.73012 	Dead: 0
3.21012   0.0627199   0.318396  2.73012 	Dead: 0
3.15591   0.0535914   0.272055  2.73012 	Dead: 0
3.18896   0.0603424   0.306326  2.73012 	Dead: 0
3.13685   0.0544973   0.276654  2.73012 	Dead: 0
3.15694   0.0531067   0.269594  2.73012 	Dead: 0
3.15057   0.0566578   0.287621  2.73012 	Dead: 0
3.13789   0.0554829   0.281657  2.73012 	Dead: 0
3.1379    0.0519429   0.263686  2.73012 	Dead: 0
3.1363    0.0515421   0.261652  2.73012 	Dead: 0
3.12238   0.0490259   0.248878  2.73012 	Dead: 0
3.1529    0.0497478   0.252543  2.73012 	Dead: 0
3.12449   0.0531626   0.269878  2.73012 	Dead: 0
3.14278   0.0509125   0.258455  2.73012 	Dead: 0
3.16597   0.0570313   0.289518  2.73012 	Dead: 0
3.14918   0.0507227   0.257492  2.73012 	Dead: 0
3.14989   0.0528492   0.268287  2.73012 	Dead: 0
3.11414   0.0479533   0.243433  2.73012 	Dead: 0
3.1299    0.0521563   0.26477   2.73012 	Dead: 0
3.16969   0.0544589   0.276459  2.73012 	Dead: 0
3.08836   0.0440211   0.223472  2.73012 	Dead: 0
3.08991   0.046625    0.23669   2.73012 	Dead: 0
3.12748   0.0535397   0.271793  2.73012 	Dead: 0
3.11529   0.0432379   0.219496  2.73012 	Dead: 0
3.13754   0.0551078   0.279753  2.73012 	Dead: 0
3.12053   0.0501015   0.254339  2.73012 	Dead: 0
3.16732   0.058114    0.295014  2.73012 	Dead: 0
3.10839   0.0517144   0.262526  2.73012 	Dead: 0
3.1307    0.0557426   0.282975  2.73012 	Dead: 0
3.14329   0.0543842   0.276079  2.73012 	Dead: 0
3.11903   0.0509589   0.258691  2.73012 	Dead: 0
3.12074   0.0506919   0.257336  2.73012 	Dead: 0
3.09659   0.0482199   0.244787  2.73012 	Dead: 0
3.14923   0.0544998   0.276666  2.73012 	Dead: 0
3.12508   0.0506677   0.257213  2.73012 	Dead: 0
3.13118   0.0509423   0.258607  2.73012 	Dead: 0
3.11058   0.0446746   0.226789  2.73012 	Dead: 0
3.12565   0.0507954   0.257861  2.73012 	Dead: 0
3.13469   0.0537557   0.272889  2.73012 	Dead: 0
3.12654   0.0542279   0.275286  2.73012 	Dead: 0
3.11076   0.0524142   0.266079  2.73012 	Dead: 0
3.13435   0.052787    0.267972  2.73012 	Dead: 0
3.10784   0.051431    0.261088  2.73012 	Dead: 0
3.12413   0.0524119   0.266067  2.73012 	Dead: 0
3.09689   0.0505377   0.256553  2.73012 	Dead: 0
3.11355   0.0528547   0.268315  2.73012 	Dead: 0
3.0995    0.0544735   0.276533  2.73012 	Dead: 0
3.08981   0.0512043   0.259937  2.73012 	Dead: 0
3.10237   0.051669    0.262296  2.73012 	Dead: 0
3.1325    0.0583158   0.296038  2.73012 	Dead: 0
3.13447   0.0570017   0.289367  2.73012 	Dead: 0
3.13037   0.0547635   0.278005  2.73012 	Dead: 0
3.14619   0.0564979   0.28681   2.72047 	Dead: 0
3.11653   0.0488041   0.247753  2.72047 	Dead: 0
3.12386   0.0526999   0.267529  2.72047 	Dead: 0
3.1032    0.0503653   0.255678  2.72047 	Dead: 0
3.13419   0.0568895   0.288798  2.72047 	Dead: 0
3.13561   0.0533821   0.270993  2.72047 	Dead: 0
3.1065    0.0513105   0.260476  2.72047 	Dead: 0
3.0784    0.0490566   0.249034  2.72047 	Dead: 0
3.09572   0.0500711   0.254184  2.72047 	Dead: 0
3.11577   0.0553713   0.281091  2.72047 	Dead: 0
3.1178    0.0525514   0.266775  2.72047 	Dead: 0
