6.65912   0.0896111   0.454908  5.59745 	Dead: 0
5.44691   0.0688563   0.349547  4.8714  	Dead: 0
5.17504   0.0619774   0.314626  4.6478  	Dead: 0
5.11665   0.0617784   0.313616  4.57772 	Dead: 0
5.11661   0.0685166   0.347822  4.57683 	Dead: 0
5.09946   0.0761409   0.386527  4.57683 	Dead: 0
5.08607   0.0723348   0.367205  4.57683 	Dead: 0
5.11412   0.0807883   0.410119  4.46976 	Dead: 0
5.04408   0.0738555   0.374925  4.46976 	Dead: 0
5.08281   0.0776405   0.394139  4.46976 	Dead: 0
5.08342   0.0862267   0.437727  4.46976 	Dead: 0
5.10915   0.0871477   0.442402  4.46976 	Dead: 0
5.02444   0.0742588   0.376972  4.46976 	Dead: 0
5.06666   0.0729074   0.370112  4.46976 	Dead: 0
5.05695   0.0819607   0.416071  4.46976 	Dead: 0
5.05306   0.0734046   0.372636  4.46976 	Dead: 0
5.12737   0.0999176   0.507228  4.44486 	Dead: 0
5.08665   0.0906273   0.460066  4.44486 	Dead: 0
5.0586    0.0885475   0.449509  4.44486 	Dead: 0
4.98588   0.0811192   0.411799  4.44486 	Dead: 0
5.03719   0.080358    0.407935  4.44486 	Dead: 0
4.97555   0.0760849   0.386243  4.44486 	Dead: 0
4.98844   0.0828821   0.420748  4.44486 	Dead: 0
4.99298   0.082331    0.417951  4.26233 	Dead: 0
4.97401   0.0776014   0.393941  4.26233 	Dead: 0
4.95486   0.0887536   0.450555  4.26233 	Dead: 0
4.94347   0.0894903   0.454294  4.26233 	Dead: 0
4.95948   0.081939    0.415961  4.26233 	Dead: 0
4.93166   0.0857678   0.435397  4.26233 	Dead: 0
4.99187   0.0822982   0.417784  4.26233 	Dead: 0
5.02061   0.0944848   0.479649  4.26233 	Dead: 0
4.9404    0.0801074   0.406663  4.26233 	Dead: 0
4.93775   0.0802412   0.407342  4.26233 	Dead: 0
4.90853   0.0721924   0.366483  4.26233 	Dead: 0
4.89264   0.0767405   0.389571  4.26233 	Dead: 0
4.88346   0.0675945   0.343141  4.26233 	Dead: 0
4.87935   0.0701546   0.356138  4.26233 	Dead: 0
4.87702   0.0686255   0.348375  4.26233 	Dead: 0
4.85248   0.0651128   0.330543  4.26233 	Dead: 0
4.84667   0.0697578   0.354123  4.26233 	Dead: 0
4.81206   0.0654509   0.33226   4.26233 	Dead: 0
4.86992   0.0743455   0.377413  4.24692 	Dead: 0
4.80896   0.0629823   0.319728  4.24692 	Dead: 0
4.82715   0.072443    0.367754  4.24692 	Dead: 0
4.79716   0.0632421   0.321046  4.24692 	Dead: 0
4.83871   0.0769201   0.390482  4.24692 	Dead: 0
4.84007   0.0735838   0.373546  4.24692 	Dead: 0
4.82762   0.0723553   0.367309  4.24692 	Dead: 0
4.79804   0.0692553   0.351572  4.24692 	Dead: 0
4.79159   0.0633024   0.321353  4.24692 	Dead: 0
4.78672   0.0726831   0.368973  4.24692 	Dead: 0
4.81405   0.0707884   0.359355  4.24692 	Dead: 0
4.78806   0.0647155   0.328526  4.23047 	Dead: 0
4.78343   0.0634944   0.322327  4.23047 	Dead: 0
4.80545   0.066283    0.336484  4.23047 	Dead: 0
4.77576   0.0628928   0.319273  4.23047 	Dead: 0
4.78595   0.0682591   0.346515  4.23047 	Dead: 0
4.78901   0.0711759   0.361322  4.23047 	Dead: 0
4.78906   0.064363    0.326736  4.23047 	Dead: 0
4.74297   0.0628878   0.319248  4.23047 	Dead: 0
4.80948   0.0697546   0.354107  4.23047 	Dead: 0
4.75762   0.0648727   0.329324  4.23047 	Dead: 0
4.76029   0.072224    0.366642  4.23047 	Dead: 0
4.77142   0.0684306   0.347386  4.23047 	Dead: 0
4.72974   0.060052    0.304852  4.23047 	Dead: 0
4.80323   0.0740253   0.375787  4.23047 	Dead: 0
4.7578    0.0653844   0.331922  4.16128 	Dead: 0
4.73527   0.0592621   0.300842  4.16128 	Dead: 0
4.74149   0.0670447   0.34035   4.16128 	Dead: 0
4.77159   0.0701341   0.356033  4.16128 	Dead: 0
4.74475   0.0667819   0.339016  4.16128 	Dead: 0
4.75227   0.0819214   0.415871  4.1303  	Dead: 0
4.68329   0.0632511   0.321092  4.1303  	Dead: 0
4.67503   0.0678332   0.344353  4.1303  	Dead: 0
4.65834   0.0659985   0.335039  4.12269 	Dead: 0
4.65537   0.0648185   0.329049  4.12269 	Dead: 0
4.66287   0.0669436   0.339837  4.12269 	Dead: 0
4.65591   0.0672468   0.341376  4.12269 	Dead: 0
4.64718   0.0695406   0.353021  4.12269 	Dead: 0
4.62185   0.0648034   0.328972  4.12269 	Dead: 0
4.67352   0.0703934   0.35735   4.12269 	Dead: 0
4.64274   0.067313    0.341712  4.12269 	Dead: 0
4.67113   0.0794459   0.403304  4.09401 	Dead: 0
4.59906   0.0628255   0.318932  4.09401 	Dead: 0
4.63215   0.0657193   0.333622  4.09401 	Dead: 0
4.6293    0.0685436   0.347959  4.09401 	Dead: 0
4.64375   0.0680831   0.345622  4.09401 	Dead: 0
4.66405   0.0728832   0.369989  4.09401 	Dead: 0
4.64207   0.0618973   0.31422   4.09401 	Dead: 0
4.64557   0.0649467   0.3297    4.09401 	Dead: 0
4.68503   0.0705206   0.357996  4.09401 	Dead: 0
4.63465   0.0683183   0.346816  4.09401 	Dead: 0
4.6294    0.0636053   0.32289   4.09401 	Dead: 0
4.5903    0.0616097   0.312759  4.09401 	Dead: 0
4.6638    0.077729    0.394588  4.09401 	Dead: 0
4.61978   0.064306    0.326447  4.09401 	Dead: 0
4.598     0.0528753   0.26842   4.09401 	Dead: 0
4.6242    0.0657825   0.333943  4.06052 	Dead: 0
4.62029   0.0672547   0.341416  4.06052 	Dead: 0
4.62138   0.0681015   0.345715  4.06052 	Dead: 0
4.6112    0.0648116   0.329014  4.06052 	Dead: 0
