6.74258   0.108432    0.55045   5.83222 	Dead: 0
5.18132   0.0539922   0.27409   4.6377  	Dead: 0
5.09186   0.0654902   0.332459  4.47994 	Dead: 0
4.96247   0.0528073   0.268075  4.45123 	Dead: 0
4.94631   0.0620051   0.314767  4.45123 	Dead: 0
4.92607   0.0676125   0.343233  4.45123 	Dead: 0
4.89976   0.0618829   0.314147  4.44324 	Dead: 0
4.92088   0.0665035   0.337603  4.32234 	Dead: 0
4.8663    0.062718    0.318386  4.32234 	Dead: 0
4.88313   0.0668994   0.339613  4.32234 	Dead: 0
4.8741    0.0611463   0.310407  4.32234 	Dead: 0
4.81584   0.0660307   0.335203  4.32234 	Dead: 0
4.84693   0.0622198   0.315857  4.32234 	Dead: 0
4.79055   0.068324    0.346844  4.2456  	Dead: 0
4.75354   0.0581516   0.295204  4.2456  	Dead: 0
4.76026   0.0611681   0.310518  4.2456  	Dead: 0
4.74524   0.0692839   0.351717  4.2456  	Dead: 0
4.73456   0.0661497   0.335807  4.2456  	Dead: 0
4.69833   0.0611581   0.310467  4.2456  	Dead: 0
4.71371   0.0663171   0.336656  4.2456  	Dead: 0
4.71826   0.0724223   0.36765   4.2456  	Dead: 0
4.72568   0.0832908   0.422823  4.2128  	Dead: 0
4.60575   0.0561734   0.285163  4.2128  	Dead: 0
4.62898   0.0624383   0.316966  4.2128  	Dead: 0
4.59763   0.0552945   0.280701  4.18544 	Dead: 0
4.51723   0.0512818   0.26033   4.13446 	Dead: 0
4.61587   0.0730952   0.371065  4.12254 	Dead: 0
4.53609   0.0626234   0.317906  4.03524 	Dead: 0
4.4954    0.0540235   0.274248  3.99664 	Dead: 0
4.49088   0.0598908   0.304033  3.9937  	Dead: 0
4.48302   0.0576355   0.292585  3.9937  	Dead: 0
4.46975   0.0559275   0.283914  3.9937  	Dead: 0
4.47685   0.0682327   0.346381  3.9937  	Dead: 0
4.49937   0.0627091   0.318341  3.9937  	Dead: 0
4.45891   0.063282    0.321249  3.97667 	Dead: 0
4.50943   0.0733546   0.372382  3.97667 	Dead: 0
4.48333   0.0665231   0.337702  3.97667 	Dead: 0
4.44203   0.0589106   0.299058  3.97667 	Dead: 0
4.4906    0.0754946   0.383246  3.97667 	Dead: 0
4.47876   0.0649796   0.329867  3.97667 	Dead: 0
4.46116   0.0635249   0.322482  3.97667 	Dead: 0
4.463     0.062409    0.316817  3.97667 	Dead: 0
4.45413   0.0659672   0.33488   3.97667 	Dead: 0
4.42204   0.0572752   0.290756  3.97667 	Dead: 0
4.45308   0.058891    0.298958  3.97667 	Dead: 0
4.45679   0.0649628   0.329781  3.97667 	Dead: 0
4.46533   0.0681872   0.34615   3.97667 	Dead: 0
4.46106   0.067557    0.342951  3.97667 	Dead: 0
4.44356   0.0703383   0.35707   3.92957 	Dead: 0
4.46639   0.0720356   0.365686  3.92957 	Dead: 0
4.43859   0.0658194   0.33413   3.92957 	Dead: 0
4.4387    0.0676216   0.343279  3.92957 	Dead: 0
4.4489    0.0706051   0.358424  3.92957 	Dead: 0
4.49636   0.0741396   0.376367  3.92957 	Dead: 0
4.41882   0.0668536   0.33938   3.92957 	Dead: 0
4.40038   0.0576807   0.292814  3.92957 	Dead: 0
4.38073   0.0575939   0.292373  3.92957 	Dead: 0
4.43005   0.0611159   0.310253  3.92957 	Dead: 0
4.4361    0.0629555   0.319592  3.92957 	Dead: 0
4.46393   0.075184    0.381669  3.92957 	Dead: 0
4.41226   0.0655712   0.33287   3.92957 	Dead: 0
4.42451   0.0674963   0.342643  3.92957 	Dead: 0
4.46254   0.0748023   0.379731  3.92957 	Dead: 0
4.46598   0.0804082   0.408189  3.92957 	Dead: 0
4.49171   0.0808926   0.410649  3.92957 	Dead: 0
4.44291   0.0678569   0.344473  3.92957 	Dead: 0
4.43015   0.0627414   0.318505  3.91744 	Dead: 0
4.43802   0.0678515   0.344446  3.91744 	Dead: 0
4.44869   0.0797003   0.404596  3.91744 	Dead: 0
4.45907   0.0779333   0.395626  3.91744 	Dead: 0
4.44781   0.0663756   0.336954  3.91744 	Dead: 0
4.41986   0.0707186   0.359001  3.91744 	Dead: 0
4.40085   0.06009     0.305045  3.91744 	Dead: 0
4.40178   0.06879     0.34921   3.91732 	Dead: 0
4.42847   0.0682143   0.346288  3.91732 	Dead: 0
4.43446   0.0680154   0.345278  3.91732 	Dead: 0
4.43738   0.0667105   0.338654  3.91732 	Dead: 0
4.46403   0.0689081   0.34981   3.91732 	Dead: 0
4.41369   0.0648956   0.329441  3.91732 	Dead: 0
4.42863   0.0660986   0.335547  3.91732 	Dead: 0
4.44485   0.0719931   0.36547   3.91732 	Dead: 0
4.43144   0.0658422   0.334245  3.91732 	Dead: 0
4.41914   0.0646832   0.328362  3.91732 	Dead: 0
4.43516   0.0701011   0.355866  3.91732 	Dead: 0
4.40045   0.0608716   0.309013  3.91732 	Dead: 0
4.43829   0.0683362   0.346906  3.91732 	Dead: 0
4.46737   0.0721909   0.366475  3.91732 	Dead: 0
4.44609   0.0729209   0.37018   3.91732 	Dead: 0
4.40441   0.0705874   0.358334  3.91732 	Dead: 0
4.44169   0.0674886   0.342604  3.91732 	Dead: 0
4.39095   0.0584902   0.296923  3.91732 	Dead: 0
4.42779   0.0667873   0.339044  3.91732 	Dead: 0
4.45608   0.0743877   0.377627  3.91732 	Dead: 0
4.45064   0.0686025   0.348259  3.91732 	Dead: 0
4.47209   0.0756273   0.383919  3.91732 	Dead: 0
4.43388   0.0702449   0.356596  3.91732 	Dead: 0
4.49058   0.0745253   0.378325  3.91732 	Dead: 0
4.43244   0.067188    0.341078  3.91732 	Dead: 0
4.44461   0.0650961   0.330458  3.91732 	Dead: 0
4.42938   0.0653054   0.331521  3.91732 	Dead: 0
4.44639   0.0635467   0.322593  3.91732 	Dead: 0
