6.2602    0.114652    0.582028  5.04555 	Dead: 0
4.78892   0.0721575   0.366305  4.18232 	Dead: 0
4.51125   0.0604365   0.306804  4.10408 	Dead: 0
4.34873   0.0530546   0.26933   3.90954 	Dead: 0
4.32054   0.0697612   0.35414   3.68089 	Dead: 0
4.24725   0.0641868   0.325842  3.68089 	Dead: 0
4.17488   0.0575628   0.292216  3.68089 	Dead: 0
4.19088   0.0597688   0.303414  3.68089 	Dead: 0
4.15546   0.0646917   0.328405  3.68089 	Dead: 0
4.15744   0.0714189   0.362556  3.68089 	Dead: 0
4.14337   0.0645866   0.327872  3.68089 	Dead: 0
4.09719   0.0661312   0.335713  3.68089 	Dead: 0
4.05852   0.0589927   0.299474  3.63156 	Dead: 0
4.07378   0.0599511   0.30434   3.63156 	Dead: 0
4.07178   0.0632231   0.32095   3.63156 	Dead: 0
4.07556   0.0631613   0.320636  3.63156 	Dead: 0
4.05526   0.0567009   0.28784   3.63156 	Dead: 0
4.05526   0.0601552   0.305376  3.63156 	Dead: 0
4.03172   0.0597378   0.303257  3.60466 	Dead: 0
4.0126    0.0583636   0.296281  3.59351 	Dead: 0
4.03643   0.0598121   0.303634  3.59144 	Dead: 0
4.03111   0.0597015   0.303073  3.53029 	Dead: 0
4.03164   0.0647874   0.328891  3.46994 	Dead: 0
4.02505   0.0658856   0.334466  3.46994 	Dead: 0
4.02947   0.0702576   0.35666   3.46994 	Dead: 0
4.02266   0.0628449   0.31903   3.46994 	Dead: 0
4.01656   0.0668072   0.339144  3.46994 	Dead: 0
3.98547   0.0560983   0.284781  3.46994 	Dead: 0
4.02136   0.0652115   0.331044  3.46994 	Dead: 0
3.99692   0.0646821   0.328357  3.46994 	Dead: 0
3.99438   0.0581625   0.29526   3.46994 	Dead: 0
4.01737   0.0693908   0.35226   3.46994 	Dead: 0
3.97158   0.0588326   0.298662  3.46994 	Dead: 0
3.99359   0.0632508   0.321091  3.46994 	Dead: 0
4.00004   0.0655785   0.332907  3.46994 	Dead: 0
4.00702   0.0648847   0.329385  3.38343 	Dead: 0
3.95848   0.0643231   0.326534  3.38343 	Dead: 0
3.99274   0.0678102   0.344236  3.38343 	Dead: 0
3.98703   0.0721722   0.36638   3.38343 	Dead: 0
3.97974   0.0668124   0.339171  3.38343 	Dead: 0
3.9565    0.0540177   0.274219  3.38343 	Dead: 0
4.00817   0.0662739   0.336437  3.38343 	Dead: 0
3.98052   0.0632698   0.321187  3.38343 	Dead: 0
3.98719   0.0643551   0.326696  3.38343 	Dead: 0
4.00745   0.0668067   0.339142  3.38343 	Dead: 0
3.98146   0.062342    0.316477  3.38343 	Dead: 0
3.99945   0.0687702   0.349109  3.38343 	Dead: 0
4.02387   0.0732925   0.372067  3.38343 	Dead: 0
3.98864   0.0727323   0.369223  3.38343 	Dead: 0
3.95189   0.0656911   0.333479  3.38343 	Dead: 0
4.01091   0.0663701   0.336926  3.38343 	Dead: 0
3.98982   0.0628701   0.319158  3.38343 	Dead: 0
3.99226   0.0660436   0.335268  3.38343 	Dead: 0
3.95593   0.0679735   0.345065  3.38343 	Dead: 0
3.98377   0.0683929   0.347194  3.38343 	Dead: 0
3.95168   0.0602025   0.305616  3.38343 	Dead: 0
3.9655    0.0624823   0.317189  3.38343 	Dead: 0
4.00514   0.0683072   0.346759  3.38343 	Dead: 0
3.98886   0.0691681   0.351129  3.38343 	Dead: 0
3.99504   0.0702351   0.356546  3.38343 	Dead: 0
3.94628   0.0615351   0.312381  3.38343 	Dead: 0
3.94703   0.0598828   0.303993  3.38343 	Dead: 0
3.96152   0.0676622   0.343485  3.38343 	Dead: 0
3.97064   0.0673684   0.341993  3.38343 	Dead: 0
3.93657   0.0629105   0.319363  3.38343 	Dead: 0
3.94441   0.0631853   0.320758  3.38343 	Dead: 0
3.93889   0.0687181   0.348845  3.38343 	Dead: 0
3.88511   0.0576551   0.292684  3.38343 	Dead: 0
3.95937   0.0642582   0.326205  3.38343 	Dead: 0
3.95716   0.0642477   0.326151  3.38343 	Dead: 0
3.94538   0.0630341   0.31999   3.38343 	Dead: 0
3.9161    0.0645582   0.327728  3.38343 	Dead: 0
3.90809   0.0624317   0.316932  3.38343 	Dead: 0
3.94772   0.0675276   0.342802  3.38343 	Dead: 0
3.93139   0.0636261   0.322996  3.38343 	Dead: 0
3.9782    0.0653578   0.331787  3.38343 	Dead: 0
3.93697   0.0628934   0.319276  3.38343 	Dead: 0
3.93537   0.0660765   0.335435  3.38343 	Dead: 0
3.92569   0.0646217   0.32805   3.38343 	Dead: 0
3.94666   0.0680634   0.345521  3.38343 	Dead: 0
3.93917   0.0699249   0.354972  3.38343 	Dead: 0
3.92639   0.0645036   0.32745   3.38343 	Dead: 0
3.92794   0.0684769   0.347621  3.38343 	Dead: 0
3.88953   0.0601385   0.305291  3.38343 	Dead: 0
3.93688   0.0638145   0.323952  3.38343 	Dead: 0
3.9629    0.066562    0.3379    3.38343 	Dead: 0
3.90773   0.0621935   0.315723  3.38343 	Dead: 0
3.92938   0.0647002   0.328448  3.38343 	Dead: 0
3.90048   0.0585327   0.297139  3.38343 	Dead: 0
3.93752   0.0655532   0.332778  3.38343 	Dead: 0
3.90846   0.0606694   0.307986  3.37362 	Dead: 0
3.92689   0.0626757   0.318171  3.37362 	Dead: 0
3.95139   0.063975    0.324767  3.37362 	Dead: 0
3.90955   0.0614446   0.311921  3.37362 	Dead: 0
3.91581   0.0593252   0.301162  3.37362 	Dead: 0
3.92916   0.0653998   0.332     3.37362 	Dead: 0
3.93823   0.0687331   0.348921  3.37362 	Dead: 0
3.93161   0.0674775   0.342547  3.37362 	Dead: 0
3.92436   0.0721098   0.366063  3.37362 	Dead: 0
3.9198    0.0673416   0.341858  3.37362 	Dead: 0
3.92147   0.0633496   0.321592  3.37362 	Dead: 0
