6.2573    0.111242    0.564719  5.04335 	Dead: 0
4.8242    0.0502896   0.255294  4.37628 	Dead: 0
4.44743   0.0475899   0.241589  4.00056 	Dead: 0
4.33105   0.0526461   0.267256  3.81085 	Dead: 0
4.28651   0.0563314   0.285964  3.81085 	Dead: 0
4.22247   0.0537579   0.2729    3.61353 	Dead: 0
4.20702   0.0515418   0.26165   3.61353 	Dead: 0
4.16608   0.0592196   0.300626  3.61353 	Dead: 0
4.12929   0.0623235   0.316383  3.53535 	Dead: 0
4.12357   0.0632868   0.321273  3.53535 	Dead: 0
4.10143   0.0630688   0.320167  3.53535 	Dead: 0
4.09975   0.0622869   0.316197  3.53535 	Dead: 0
4.11273   0.0740248   0.375784  3.53535 	Dead: 0
4.11077   0.064091    0.325356  3.53535 	Dead: 0
4.10912   0.0627613   0.318605  3.53535 	Dead: 0
4.10119   0.0638602   0.324184  3.53535 	Dead: 0
4.05781   0.0635967   0.322846  3.53535 	Dead: 0
4.0629    0.0666923   0.338561  3.53535 	Dead: 0
4.0526    0.063077    0.320208  3.53535 	Dead: 0
4.07939   0.0645362   0.327616  3.53535 	Dead: 0
4.03782   0.0600816   0.305002  3.53535 	Dead: 0
4.02732   0.0569987   0.289352  3.53535 	Dead: 0
4.06048   0.0592816   0.300941  3.53535 	Dead: 0
4.04939   0.0640898   0.32535   3.53535 	Dead: 0
4.02325   0.0607728   0.308511  3.53535 	Dead: 0
4.01723   0.0599461   0.304315  3.53535 	Dead: 0
4.00393   0.0593586   0.301332  3.53535 	Dead: 0
4.04011   0.0645392   0.327631  3.53535 	Dead: 0
4.01664   0.066021    0.335154  3.53535 	Dead: 0
4.01749   0.0661327   0.335721  3.53535 	Dead: 0
4.01251   0.0622798   0.316161  3.5329  	Dead: 0
4.01651   0.0679743   0.345069  3.5329  	Dead: 0
4.02347   0.065448    0.332245  3.5329  	Dead: 0
4.01489   0.0618779   0.314121  3.5329  	Dead: 0
4.04282   0.0699066   0.354879  3.5329  	Dead: 0
4.06137   0.0659197   0.334639  3.52903 	Dead: 0
4.04769   0.0651983   0.330977  3.52221 	Dead: 0
3.9822    0.0620157   0.314821  3.52221 	Dead: 0
4.01797   0.0636019   0.322873  3.52221 	Dead: 0
3.99249   0.0648598   0.329259  3.49726 	Dead: 0
4.00906   0.0696153   0.3534    3.49726 	Dead: 0
3.99068   0.0711105   0.36099   3.44164 	Dead: 0
3.9875    0.0733929   0.372577  3.44164 	Dead: 0
3.98376   0.0664898   0.337533  3.44164 	Dead: 0
3.96094   0.0625765   0.317667  3.44164 	Dead: 0
4.00269   0.06334     0.321543  3.44164 	Dead: 0
4.01478   0.066335    0.336747  3.44164 	Dead: 0
4.00667   0.0701053   0.355887  3.44164 	Dead: 0
3.95762   0.0625835   0.317703  3.44164 	Dead: 0
4.01296   0.0776376   0.394124  3.44164 	Dead: 0
4.02214   0.0731143   0.371162  3.44164 	Dead: 0
4.01188   0.068437    0.347418  3.44164 	Dead: 0
3.96127   0.0614577   0.311988  3.44164 	Dead: 0
4.00026   0.0695083   0.352857  3.44164 	Dead: 0
3.98695   0.0643506   0.326674  3.44164 	Dead: 0
4.00609   0.0655063   0.33254   3.44164 	Dead: 0
3.97889   0.0611102   0.310224  3.44164 	Dead: 0
3.96139   0.0627535   0.318566  3.44164 	Dead: 0
4.0024    0.0682737   0.346589  3.44164 	Dead: 0
3.97285   0.0705185   0.357985  3.44164 	Dead: 0
4.02217   0.0706476   0.35864   3.44164 	Dead: 0
3.97269   0.0604753   0.307001  3.44164 	Dead: 0
3.98448   0.0679767   0.345081  3.32033 	Dead: 0
3.99143   0.0662591   0.336362  3.32033 	Dead: 0
3.97621   0.0644098   0.326974  3.32033 	Dead: 0
3.99208   0.0728793   0.369969  3.32033 	Dead: 0
3.95665   0.0666546   0.33837   3.32033 	Dead: 0
3.9741    0.065091    0.330432  3.32033 	Dead: 0
4.00687   0.0715747   0.363347  3.32033 	Dead: 0
3.95685   0.0650945   0.33045   3.32033 	Dead: 0
3.96851   0.0622526   0.316023  3.32033 	Dead: 0
3.9607    0.0654146   0.332075  3.32033 	Dead: 0
3.96188   0.0673825   0.342065  3.32033 	Dead: 0
3.95605   0.0644748   0.327304  3.32033 	Dead: 0
3.97965   0.0660881   0.335494  3.32033 	Dead: 0
3.9869    0.0660067   0.335081  3.32033 	Dead: 0
3.98434   0.0688798   0.349666  3.32033 	Dead: 0
3.95101   0.0626257   0.317917  3.32033 	Dead: 0
3.97682   0.0670628   0.340442  3.32033 	Dead: 0
3.97194   0.0678324   0.344349  3.32033 	Dead: 0
3.94242   0.0667555   0.338882  3.32033 	Dead: 0
3.93407   0.0641834   0.325825  3.32033 	Dead: 0
3.93036   0.0643748   0.326796  3.32033 	Dead: 0
3.97638   0.0721423   0.366228  3.32033 	Dead: 0
3.95513   0.0616345   0.312885  3.32033 	Dead: 0
3.96853   0.076643    0.389076  3.32033 	Dead: 0
3.96649   0.0671504   0.340887  3.32033 	Dead: 0
3.94686   0.0672358   0.341321  3.32033 	Dead: 0
3.9655    0.0690114   0.350334  3.32033 	Dead: 0
3.93154   0.0626982   0.318285  3.32033 	Dead: 0
3.92668   0.0632078   0.320872  3.32033 	Dead: 0
3.97933   0.0693293   0.351948  3.32033 	Dead: 0
3.96342   0.0674066   0.342188  3.32033 	Dead: 0
3.94013   0.0656209   0.333122  3.32033 	Dead: 0
3.94782   0.0699373   0.355034  3.32033 	Dead: 0
3.93551   0.0670336   0.340294  3.32033 	Dead: 0
3.98137   0.069362    0.352114  3.32033 	Dead: 0
3.92617   0.0625209   0.317385  3.32033 	Dead: 0
3.9321    0.0634915   0.322313  3.32033 	Dead: 0
3.95131   0.0711013   0.360943  3.32033 	Dead: 0
3.93129   0.0615794   0.312606  3.32033 	Dead: 0
