6.39672   0.110318    0.560027  4.78298 	Dead: 0
4.63526   0.0610732   0.310036  3.98613 	Dead: 0
4.40728   0.0567181   0.287928  3.91683 	Dead: 0
4.35707   0.0606652   0.307965  3.91683 	Dead: 0
4.35654   0.0620683   0.315088  3.8479  	Dead: 0
4.31026   0.0669099   0.339666  3.8479  	Dead: 0
4.2576    0.0611201   0.310274  3.79099 	Dead: 0
4.26188   0.057948    0.294171  3.79099 	Dead: 0
4.31945   0.0746102   0.378756  3.74179 	Dead: 0
4.21855   0.0553366   0.280915  3.74179 	Dead: 0
4.21513   0.0642739   0.326284  3.74179 	Dead: 0
4.22191   0.0651432   0.330697  3.74179 	Dead: 0
4.22227   0.0676565   0.343456  3.74179 	Dead: 0
4.21634   0.0602459   0.305836  3.74179 	Dead: 0
4.2249    0.0670455   0.340354  3.72236 	Dead: 0
4.18313   0.0603302   0.306264  3.72236 	Dead: 0
4.16794   0.0615928   0.312674  3.72236 	Dead: 0
4.17158   0.0610689   0.310014  3.71775 	Dead: 0
4.18257   0.0652853   0.331419  3.66507 	Dead: 0
4.18065   0.0675231   0.342779  3.66507 	Dead: 0
4.21268   0.0660854   0.33548   3.66507 	Dead: 0
4.20749   0.0664494   0.337328  3.64084 	Dead: 0
4.17174   0.0682845   0.346644  3.64084 	Dead: 0
4.15661   0.0672844   0.341567  3.64084 	Dead: 0
4.1848    0.0682699   0.34657   3.64084 	Dead: 0
4.15517   0.0658851   0.334463  3.47192 	Dead: 0
4.16273   0.0666395   0.338293  3.47192 	Dead: 0
4.13153   0.0663478   0.336812  3.47192 	Dead: 0
4.12148   0.0616913   0.313174  3.47192 	Dead: 0
4.14198   0.0669679   0.33996   3.47192 	Dead: 0
4.15733   0.0649894   0.329917  3.47192 	Dead: 0
4.12317   0.0660302   0.3352    3.47192 	Dead: 0
4.15894   0.0721316   0.366174  3.47192 	Dead: 0
4.12492   0.0669408   0.339823  3.47192 	Dead: 0
4.13963   0.0683641   0.347048  3.47192 	Dead: 0
4.11151   0.0653949   0.331975  3.47192 	Dead: 0
4.17462   0.0761772   0.386711  3.47192 	Dead: 0
4.10673   0.0622995   0.316262  3.47192 	Dead: 0
4.08535   0.0668533   0.339378  3.47192 	Dead: 0
4.14688   0.0712195   0.361543  3.47192 	Dead: 0
4.1606    0.0768341   0.390046  3.47192 	Dead: 0
4.10807   0.0692075   0.351329  3.47192 	Dead: 0
4.11267   0.0709967   0.360412  3.47192 	Dead: 0
4.14289   0.0712717   0.361808  3.47192 	Dead: 0
4.08538   0.0670658   0.340457  3.47192 	Dead: 0
4.10643   0.0692749   0.351672  3.47192 	Dead: 0
4.13621   0.068621    0.348352  3.47192 	Dead: 0
4.12707   0.0701531   0.35613   3.47192 	Dead: 0
4.13852   0.0720415   0.365716  3.47192 	Dead: 0
4.10856   0.0725805   0.368452  3.47192 	Dead: 0
4.14076   0.0722193   0.366619  3.47192 	Dead: 0
4.12971   0.0740773   0.376051  3.47192 	Dead: 0
4.09808   0.0657591   0.333824  3.47192 	Dead: 0
4.15775   0.0713754   0.362335  3.47192 	Dead: 0
4.1179    0.0756998   0.384288  3.47192 	Dead: 0
4.06023   0.0649301   0.329616  3.47192 	Dead: 0
4.11553   0.0696558   0.353606  3.47192 	Dead: 0
4.05579   0.0606882   0.308082  3.47192 	Dead: 0
4.06506   0.0638722   0.324245  3.47192 	Dead: 0
4.06162   0.0664019   0.337087  3.47192 	Dead: 0
4.12626   0.0739839   0.375577  3.47192 	Dead: 0
4.11679   0.0663683   0.336916  3.47192 	Dead: 0
4.04809   0.0619988   0.314735  3.47192 	Dead: 0
4.05476   0.0596509   0.302816  3.47192 	Dead: 0
4.06738   0.0672284   0.341282  3.47192 	Dead: 0
4.02824   0.0653814   0.331907  3.47192 	Dead: 0
4.05818   0.0665135   0.337654  3.47192 	Dead: 0
4.05339   0.0674857   0.342589  3.47192 	Dead: 0
4.06535   0.065706    0.333554  3.47192 	Dead: 0
4.06813   0.0659957   0.335025  3.47192 	Dead: 0
4.04253   0.0637009   0.323376  3.47192 	Dead: 0
4.01415   0.0584753   0.296848  3.47192 	Dead: 0
4.05566   0.0655651   0.332839  3.41704 	Dead: 0
4.04925   0.0696327   0.353488  3.41704 	Dead: 0
4.06294   0.0732795   0.372001  3.41704 	Dead: 0
4.0715    0.0709462   0.360156  3.41704 	Dead: 0
4.0702    0.069345    0.352028  3.41704 	Dead: 0
3.97899   0.0544246   0.276285  3.41704 	Dead: 0
4.04534   0.0662718   0.336427  3.41704 	Dead: 0
4.08744   0.0706542   0.358674  3.41704 	Dead: 0
3.98523   0.059834    0.303745  3.41704 	Dead: 0
4.04984   0.0631876   0.32077   3.41704 	Dead: 0
4.07417   0.0679666   0.34503   3.41704 	Dead: 0
4.04633   0.0753243   0.382381  3.41704 	Dead: 0
4.03666   0.0692192   0.351389  3.41704 	Dead: 0
4.05364   0.069579    0.353215  3.41704 	Dead: 0
4.01744   0.0662577   0.336355  3.41704 	Dead: 0
4.04787   0.0721713   0.366375  3.41704 	Dead: 0
4.01545   0.0645725   0.3278    3.41704 	Dead: 0
4.06483   0.0690614   0.350588  3.41704 	Dead: 0
4.00004   0.0617489   0.313466  3.41704 	Dead: 0
4.03309   0.0695971   0.353307  3.41704 	Dead: 0
4.02123   0.0756234   0.3839    3.41704 	Dead: 0
3.98574   0.0629841   0.319737  3.41704 	Dead: 0
3.93656   0.0602789   0.306004  3.41704 	Dead: 0
3.98413   0.0671694   0.340983  3.41704 	Dead: 0
3.981     0.0698935   0.354812  3.41704 	Dead: 0
3.97134   0.0655515   0.33277   3.41704 	Dead: 0
3.98428   0.0683085   0.346766  3.41704 	Dead: 0
3.97632   0.0665201   0.337687  3.41704 	Dead: 0
3.99361   0.0668068   0.339142  3.41704 	Dead: 0
