6.20279   0.0614082   0.311737  5.37588 	Dead: 0
5.62621   0.0626054   0.317814  5.05143 	Dead: 0
5.50406   0.0578106   0.293474  4.98995 	Dead: 0
5.44223   0.064821    0.329062  4.89911 	Dead: 0
5.3046    0.0607742   0.308518  4.87166 	Dead: 0
5.19413   0.0669927   0.340086  4.70352 	Dead: 0
5.06796   0.0635992   0.322859  4.38833 	Dead: 0
5.0075    0.0697837   0.354255  4.34274 	Dead: 0
4.93734   0.059242    0.30074   4.34274 	Dead: 0
4.9194    0.0659614   0.334851  4.34274 	Dead: 0
4.95061   0.0745656   0.37853   4.16961 	Dead: 0
4.96039   0.0794449   0.403299  4.16961 	Dead: 0
4.86489   0.064815    0.329031  4.16961 	Dead: 0
4.87093   0.0766092   0.388904  4.16961 	Dead: 0
4.8437    0.0684658   0.347564  4.16961 	Dead: 0
4.82893   0.0703467   0.357113  4.16961 	Dead: 0
4.85664   0.0710449   0.360657  4.16961 	Dead: 0
4.81278   0.0715413   0.363177  4.15512 	Dead: 0
4.78541   0.0711422   0.361151  4.15512 	Dead: 0
4.78313   0.0733084   0.372148  4.15512 	Dead: 0
4.79819   0.0705956   0.358376  4.15512 	Dead: 0
4.78225   0.0731109   0.371145  4.15512 	Dead: 0
4.78135   0.0688627   0.349579  4.15512 	Dead: 0
4.79293   0.0762499   0.38708   4.15512 	Dead: 0
4.78089   0.0759801   0.38571   4.15512 	Dead: 0
4.76544   0.0704035   0.357401  4.15512 	Dead: 0
4.78328   0.0729581   0.370369  4.15512 	Dead: 0
4.7298    0.0671317   0.340792  4.15512 	Dead: 0
4.72196   0.0642945   0.326389  4.15512 	Dead: 0
4.77766   0.0733954   0.372589  4.15512 	Dead: 0
4.78507   0.0734207   0.372718  4.15512 	Dead: 0
4.81102   0.0756601   0.384086  4.15512 	Dead: 0
4.74115   0.0649831   0.329884  4.15512 	Dead: 0
4.72022   0.0644284   0.327069  4.15512 	Dead: 0
4.72746   0.0681337   0.345879  4.15512 	Dead: 0
4.74038   0.0668758   0.339493  4.15512 	Dead: 0
4.72203   0.0712504   0.3617    4.15512 	Dead: 0
4.74003   0.0719178   0.365088  4.15512 	Dead: 0
4.73307   0.0707516   0.359168  4.15512 	Dead: 0
4.74913   0.0721094   0.366061  4.15512 	Dead: 0
4.73583   0.0745249   0.378323  4.15512 	Dead: 0
4.69948   0.0756539   0.384055  4.15512 	Dead: 0
4.75352   0.0758027   0.38481   4.15512 	Dead: 0
4.75056   0.0740307   0.375814  4.15512 	Dead: 0
4.74388   0.0718804   0.364898  4.15512 	Dead: 0
4.78142   0.0747331   0.37938   4.15512 	Dead: 0
4.75757   0.0717211   0.36409   4.15512 	Dead: 0
4.74352   0.0700773   0.355745  4.15512 	Dead: 0
4.73321   0.0675036   0.34268   4.15512 	Dead: 0
4.74059   0.0722875   0.366965  4.15512 	Dead: 0
4.69161   0.0642311   0.326067  4.15512 	Dead: 0
4.74123   0.0757894   0.384742  4.15512 	Dead: 0
4.72124   0.0731337   0.371261  4.15512 	Dead: 0
4.71734   0.0722333   0.36669   4.15512 	Dead: 0
4.72831   0.0674348   0.342331  4.15512 	Dead: 0
4.75233   0.0728252   0.369695  4.15512 	Dead: 0
4.73121   0.0677986   0.344177  4.15512 	Dead: 0
4.74254   0.0719988   0.365499  4.15047 	Dead: 0
4.73464   0.069523    0.352931  4.15047 	Dead: 0
4.7221    0.0672954   0.341623  4.15047 	Dead: 0
4.71271   0.0707886   0.359356  4.15047 	Dead: 0
4.71749   0.0740266   0.375793  4.15047 	Dead: 0
4.75178   0.075403    0.382781  4.15047 	Dead: 0
4.69618   0.0652706   0.331344  4.15047 	Dead: 0
4.7621    0.0747459   0.379445  4.15047 	Dead: 0
4.70797   0.065679    0.333417  4.15047 	Dead: 0
4.72146   0.072549    0.368293  4.15047 	Dead: 0
4.72805   0.0679746   0.345071  4.15047 	Dead: 0
4.7387    0.0723046   0.367052  4.09987 	Dead: 0
4.75693   0.0751114   0.3813    4.09987 	Dead: 0
4.75206   0.0702598   0.356672  4.09987 	Dead: 0
4.7446    0.0737917   0.374601  4.09987 	Dead: 0
4.67338   0.0645708   0.327791  4.09987 	Dead: 0
4.74243   0.070217    0.356454  4.09987 	Dead: 0
4.72231   0.0731623   0.371406  4.09987 	Dead: 0
4.68786   0.0668908   0.339569  4.06966 	Dead: 0
4.70093   0.0677613   0.343988  4.06966 	Dead: 0
4.71811   0.0752161   0.381832  4.06966 	Dead: 0
4.75925   0.0719927   0.365468  4.06966 	Dead: 0
4.70628   0.0729899   0.370531  4.06966 	Dead: 0
4.68483   0.0686327   0.348412  4.06966 	Dead: 0
4.72384   0.0791415   0.401759  4.06966 	Dead: 0
4.72938   0.0763887   0.387784  4.06966 	Dead: 0
4.71351   0.0729879   0.370521  4.06966 	Dead: 0
4.68862   0.0693358   0.351981  4.06966 	Dead: 0
4.70697   0.0767704   0.389722  4.06966 	Dead: 0
4.7052    0.0810712   0.411555  4.06966 	Dead: 0
4.71467   0.0735381   0.373314  4.06966 	Dead: 0
4.70525   0.0723897   0.367484  4.06966 	Dead: 0
4.67122   0.0669141   0.339687  4.06966 	Dead: 0
4.66556   0.0731981   0.371588  4.06966 	Dead: 0
4.72644   0.07586     0.385101  4.06966 	Dead: 0
4.67718   0.0697382   0.354023  4.06966 	Dead: 0
4.70244   0.077478    0.393314  4.06966 	Dead: 0
4.69516   0.0752658   0.382084  4.06966 	Dead: 0
4.70704   0.0725761   0.36843   4.06966 	Dead: 0
4.69375   0.0767128   0.38943   4.06966 	Dead: 0
4.73182   0.0805051   0.408682  4.06966 	Dead: 0
4.69809   0.0706915   0.358863  4.06966 	Dead: 0
4.67425   0.07666     0.389162  4.06966 	Dead: 0
4.70439   0.0733039   0.372125  4.06966 	Dead: 0
