6.24921   0.0720149   0.365581  5.55726 	Dead: 0
5.61119   0.0626699   0.318142  5.08627 	Dead: 0
5.5055    0.0641401   0.325605  4.99398 	Dead: 0
5.45828   0.066357    0.336859  4.95359 	Dead: 0
5.39999   0.0630419   0.32003   4.95004 	Dead: 0
5.41674   0.0737274   0.374275  4.87722 	Dead: 0
5.29913   0.0575231   0.292014  4.8104  	Dead: 0
5.29307   0.0608441   0.308873  4.7763  	Dead: 0
5.24295   0.0607714   0.308504  4.70139 	Dead: 0
5.19335   0.0602642   0.305929  4.70139 	Dead: 0
5.16116   0.0696257   0.353453  4.50713 	Dead: 0
5.09139   0.0602568   0.305891  4.50713 	Dead: 0
5.04301   0.0645804   0.32784   4.35666 	Dead: 0
5.03846   0.0738819   0.375059  4.35666 	Dead: 0
4.94283   0.0628273   0.31894   4.35666 	Dead: 0
4.91199   0.0666362   0.338276  4.35666 	Dead: 0
4.91918   0.0671815   0.341045  4.35666 	Dead: 0
4.87206   0.0604551   0.306898  4.35666 	Dead: 0
4.87953   0.0629206   0.319414  4.35666 	Dead: 0
4.93669   0.0683336   0.346893  4.33015 	Dead: 0
4.89461   0.0650309   0.330127  4.32879 	Dead: 0
4.86729   0.0634101   0.321899  4.32879 	Dead: 0
4.9175    0.0676038   0.343188  4.32879 	Dead: 0
4.88006   0.0658411   0.33424   4.32879 	Dead: 0
4.88743   0.0648269   0.329092  4.32879 	Dead: 0
4.887     0.0692682   0.351638  4.32879 	Dead: 0
4.86559   0.0678703   0.344541  4.32879 	Dead: 0
4.8809    0.0691877   0.351229  4.32879 	Dead: 0
4.89497   0.0752587   0.382048  4.3149  	Dead: 0
4.84765   0.0656775   0.333409  4.3149  	Dead: 0
4.8544    0.0682029   0.34623   4.3149  	Dead: 0
4.84037   0.066319    0.336666  4.3149  	Dead: 0
4.86502   0.070276    0.356754  4.3149  	Dead: 0
4.82883   0.0677686   0.344025  4.3149  	Dead: 0
4.83433   0.0687525   0.34902   4.28025 	Dead: 0
4.87523   0.0752688   0.3821    4.28025 	Dead: 0
4.83353   0.0738256   0.374773  4.28025 	Dead: 0
4.83218   0.0697451   0.354059  4.28025 	Dead: 0
4.89683   0.0806164   0.409246  4.26007 	Dead: 0
4.85188   0.0666477   0.338335  4.26007 	Dead: 0
4.82381   0.0673782   0.342043  4.25499 	Dead: 0
4.79271   0.0626911   0.318249  4.25499 	Dead: 0
4.79534   0.0637291   0.323519  4.25499 	Dead: 0
4.82317   0.0687474   0.348994  4.21256 	Dead: 0
4.83869   0.0705866   0.35833   4.21256 	Dead: 0
4.81316   0.0725096   0.368092  4.21256 	Dead: 0
4.78426   0.0687182   0.348846  4.21256 	Dead: 0
4.79489   0.0697976   0.354325  4.20502 	Dead: 0
4.75044   0.0679667   0.345031  4.20502 	Dead: 0
4.75904   0.0685948   0.348219  4.20502 	Dead: 0
4.7483    0.0649831   0.329884  4.20502 	Dead: 0
4.75787   0.070779    0.359307  4.20502 	Dead: 0
4.74659   0.0713359   0.362134  4.20502 	Dead: 0
4.71952   0.0645769   0.327823  4.20502 	Dead: 0
4.73661   0.0697631   0.35415   4.1939  	Dead: 0
4.71692   0.0659129   0.334605  4.1939  	Dead: 0
4.72356   0.0692814   0.351704  4.08122 	Dead: 0
4.69252   0.0720712   0.365867  4.08122 	Dead: 0
4.6684    0.0713437   0.362174  4.08122 	Dead: 0
4.69157   0.0714929   0.362931  4.08122 	Dead: 0
4.66944   0.0701272   0.355998  4.07851 	Dead: 0
4.68389   0.0703716   0.357239  4.07851 	Dead: 0
4.6782    0.0688339   0.349433  4.07851 	Dead: 0
4.69442   0.0706413   0.358608  4.07851 	Dead: 0
4.68746   0.072172    0.366379  4.07851 	Dead: 0
4.68259   0.0715563   0.363253  4.07851 	Dead: 0
4.6722    0.0714715   0.362822  4.07851 	Dead: 0
4.71422   0.072422    0.367648  4.07851 	Dead: 0
4.69456   0.0747095   0.37926   4.07851 	Dead: 0
4.67698   0.0725044   0.368066  4.07851 	Dead: 0
4.63782   0.063435    0.322026  4.07851 	Dead: 0
4.70857   0.073745    0.374364  4.07851 	Dead: 0
4.66049   0.0708557   0.359697  4.07851 	Dead: 0
4.66962   0.0754573   0.383057  4.07851 	Dead: 0
4.68583   0.0714561   0.362745  4.07851 	Dead: 0
4.63966   0.0677819   0.344092  4.07851 	Dead: 0
4.7008    0.0753107   0.382312  4.01032 	Dead: 0
4.69167   0.0772469   0.392141  4.01032 	Dead: 0
4.66986   0.0722355   0.366701  4.01032 	Dead: 0
4.68506   0.0686431   0.348464  4.01032 	Dead: 0
4.65613   0.0725965   0.368534  4.01032 	Dead: 0
4.6511    0.0718591   0.36479   4.01032 	Dead: 0
4.68481   0.0702657   0.356701  4.01032 	Dead: 0
4.7271    0.0877258   0.445337  4.01032 	Dead: 0
4.62866   0.06449     0.327381  4.01032 	Dead: 0
4.64683   0.0674898   0.34261   4.01032 	Dead: 0
4.63094   0.0696309   0.353479  4.01032 	Dead: 0
4.63845   0.0722573   0.366812  4.01032 	Dead: 0
4.6714    0.0709788   0.360321  4.01032 	Dead: 0
4.66796   0.0695122   0.352876  4.01032 	Dead: 0
4.69481   0.0761238   0.38644   4.01032 	Dead: 0
4.66483   0.0707398   0.359108  4.01032 	Dead: 0
4.66826   0.0767494   0.389616  4.01032 	Dead: 0
4.64319   0.068513    0.347804  4.01032 	Dead: 0
4.6403    0.0751651   0.381573  4.01032 	Dead: 0
4.68716   0.0712975   0.361939  4.01032 	Dead: 0
4.67863   0.0759358   0.385486  4.00168 	Dead: 0
4.70491   0.0769187   0.390475  4.00168 	Dead: 0
4.68739   0.07803     0.396117  4.00168 	Dead: 0
4.65757   0.0716187   0.36357   4.00168 	Dead: 0
4.67875   0.0761497   0.386572  4.00168 	Dead: 0
