5.87293   0.0996191   0.505713  5.01017 	Dead: 0
4.91778   0.0700605   0.35566   4.32477 	Dead: 0
4.66751   0.0625836   0.317704  4.13925 	Dead: 0
4.64289   0.0642338   0.326081  4.13925 	Dead: 0
4.59572   0.0674501   0.342408  4.08726 	Dead: 0
4.48463   0.0716252   0.363603  4.07301 	Dead: 0
4.41608   0.0761761   0.386706  3.91503 	Dead: 0
4.32914   0.0555938   0.28222   3.90057 	Dead: 0
4.29301   0.0531021   0.269571  3.84581 	Dead: 0
4.28022   0.056963    0.289171  3.84581 	Dead: 0
4.27765   0.0595035   0.302068  3.84581 	Dead: 0
4.26265   0.0605441   0.30735   3.84581 	Dead: 0
4.28242   0.0660032   0.335063  3.83181 	Dead: 0
4.22536   0.0597261   0.303198  3.83181 	Dead: 0
4.21633   0.0612914   0.311144  3.78336 	Dead: 0
4.23253   0.0604028   0.306633  3.78336 	Dead: 0
4.22362   0.0727293   0.369208  3.78336 	Dead: 0
4.16942   0.0626429   0.318004  3.75103 	Dead: 0
4.15719   0.0563881   0.286252  3.75103 	Dead: 0
4.16775   0.0636533   0.323134  3.68892 	Dead: 0
4.11734   0.0605093   0.307174  3.68892 	Dead: 0
4.10267   0.0547949   0.278165  3.68892 	Dead: 0
4.1516    0.0675825   0.34308   3.68892 	Dead: 0
4.10615   0.057519    0.291993  3.68892 	Dead: 0
4.09047   0.0567865   0.288275  3.59691 	Dead: 0
4.09733   0.0624086   0.316815  3.59691 	Dead: 0
4.09049   0.0571944   0.290345  3.59691 	Dead: 0
4.13661   0.067286    0.341575  3.59691 	Dead: 0
4.09421   0.0683846   0.347152  3.59691 	Dead: 0
4.10333   0.0688744   0.349638  3.59691 	Dead: 0
4.08954   0.0631443   0.32055   3.59691 	Dead: 0
4.05705   0.0617429   0.313436  3.59691 	Dead: 0
4.11269   0.0649354   0.329642  3.59691 	Dead: 0
4.05148   0.056072    0.284648  3.59691 	Dead: 0
4.10619   0.066732    0.338763  3.59691 	Dead: 0
4.10155   0.0680949   0.345681  3.59691 	Dead: 0
4.12349   0.0773446   0.392637  3.59691 	Dead: 0
4.06706   0.0582027   0.295464  3.59691 	Dead: 0
4.03215   0.0618756   0.314109  3.59691 	Dead: 0
4.06577   0.0625738   0.317654  3.59691 	Dead: 0
4.06421   0.0756993   0.384285  3.59691 	Dead: 0
4.04808   0.0610882   0.310112  3.59691 	Dead: 0
4.05543   0.0631498   0.320578  3.59691 	Dead: 0
4.07421   0.0784915   0.39846   3.59691 	Dead: 0
4.04143   0.0628157   0.318882  3.53739 	Dead: 0
4.01463   0.0576254   0.292533  3.53739 	Dead: 0
4.0276    0.0626373   0.317976  3.53739 	Dead: 0
3.98491   0.0612533   0.31095   3.53739 	Dead: 0
4.01941   0.0601757   0.30548   3.53739 	Dead: 0
4.01462   0.0596889   0.303009  3.53739 	Dead: 0
4.02214   0.0693851   0.352231  3.52253 	Dead: 0
3.98199   0.0565654   0.287152  3.52253 	Dead: 0
4.00807   0.056468    0.286658  3.52253 	Dead: 0
4.00253   0.0656502   0.333271  3.52253 	Dead: 0
4.01402   0.0654677   0.332345  3.52253 	Dead: 0
4.01874   0.0711234   0.361055  3.52253 	Dead: 0
3.99901   0.0625998   0.317786  3.52253 	Dead: 0
4.00926   0.0652783   0.331383  3.52253 	Dead: 0
4.01277   0.0648413   0.329165  3.52253 	Dead: 0
4.01419   0.0649127   0.329527  3.52253 	Dead: 0
3.99855   0.0681585   0.346004  3.52253 	Dead: 0
3.95599   0.0535634   0.271913  3.52253 	Dead: 0
3.99142   0.0639646   0.324714  3.52253 	Dead: 0
3.97477   0.0629099   0.31936   3.50439 	Dead: 0
3.98975   0.0661018   0.335564  3.50439 	Dead: 0
3.94221   0.0577043   0.292934  3.50439 	Dead: 0
3.99691   0.0668082   0.339149  3.50439 	Dead: 0
4.04813   0.075565    0.383603  3.50439 	Dead: 0
4.02585   0.0712254   0.361573  3.50439 	Dead: 0
3.98543   0.0665163   0.337668  3.50439 	Dead: 0
4.02054   0.0714543   0.362735  3.50439 	Dead: 0
3.98522   0.0674413   0.342364  3.50439 	Dead: 0
3.97363   0.0669802   0.340023  3.50439 	Dead: 0
3.95183   0.0592912   0.30099   3.50439 	Dead: 0
3.92908   0.0656264   0.33315   3.50439 	Dead: 0
3.96597   0.0672875   0.341583  3.50439 	Dead: 0
3.93614   0.0689963   0.350257  3.50439 	Dead: 0
3.94721   0.0656818   0.333432  3.50439 	Dead: 0
3.90676   0.0581426   0.295159  3.46945 	Dead: 0
3.95145   0.0632608   0.321141  3.46945 	Dead: 0
3.9465    0.0633888   0.321791  3.46945 	Dead: 0
3.90846   0.0652696   0.331339  3.46473 	Dead: 0
3.95575   0.0820616   0.416583  3.46473 	Dead: 0
3.88875   0.0549999   0.279205  3.46473 	Dead: 0
3.90197   0.0583126   0.296022  3.46473 	Dead: 0
3.9837    0.0719848   0.365428  3.46473 	Dead: 0
3.95507   0.0692685   0.351639  3.46473 	Dead: 0
3.93284   0.0681382   0.345901  3.46473 	Dead: 0
3.93478   0.0668268   0.339244  3.46473 	Dead: 0
3.90748   0.0603669   0.306451  3.46473 	Dead: 0
3.93129   0.0677298   0.343828  3.46473 	Dead: 0
3.95984   0.0733856   0.37254   3.46473 	Dead: 0
3.92551   0.0696299   0.353474  3.46473 	Dead: 0
3.96024   0.0772893   0.392357  3.46473 	Dead: 0
3.9468    0.0671      0.340631  3.46473 	Dead: 0
3.89986   0.0623482   0.316509  3.46473 	Dead: 0
3.92193   0.0692227   0.351407  3.4592  	Dead: 0
3.88633   0.0652827   0.331405  3.4592  	Dead: 0
3.94523   0.0663121   0.336631  3.4592  	Dead: 0
3.92823   0.0638737   0.324253  3.4592  	Dead: 0
3.91804   0.0603403   0.306316  3.4592  	Dead: 0
