5.80264   0.0824756   0.418685  4.93922 	Dead: 0
5.06295   0.0767828   0.389785  4.29278 	Dead: 0
4.75472   0.0617511   0.313477  4.29278 	Dead: 0
4.68203   0.0686647   0.348574  4.16253 	Dead: 0
4.67941   0.0788386   0.400221  4.16253 	Dead: 0
4.59884   0.0680787   0.345599  4.1541  	Dead: 0
4.60877   0.0773786   0.39281   4.1541  	Dead: 0
4.60271   0.0664097   0.337126  4.11408 	Dead: 0
4.55958   0.0711157   0.361016  3.98071 	Dead: 0
4.61906   0.0817478   0.41499   3.98071 	Dead: 0
4.59417   0.072347    0.367267  3.98071 	Dead: 0
4.55782   0.0636785   0.323262  3.98071 	Dead: 0
4.55861   0.0758177   0.384886  3.98071 	Dead: 0
4.52238   0.0625375   0.31747   3.98071 	Dead: 0
4.56185   0.0791265   0.401683  3.98071 	Dead: 0
4.54554   0.0807484   0.409917  3.98071 	Dead: 0
4.5594    0.0812968   0.412701  3.98071 	Dead: 0
4.48402   0.0644692   0.327276  3.98071 	Dead: 0
4.51127   0.0660604   0.335354  3.96938 	Dead: 0
4.55325   0.0836076   0.424431  3.96938 	Dead: 0
4.48082   0.0725763   0.368431  3.96938 	Dead: 0
4.46791   0.0655961   0.332996  3.96938 	Dead: 0
4.4885    0.0785103   0.398555  3.96938 	Dead: 0
4.45769   0.0642417   0.326121  3.96938 	Dead: 0
4.51429   0.0813979   0.413214  3.96938 	Dead: 0
4.48488   0.0704636   0.357706  3.96938 	Dead: 0
4.49353   0.0823697   0.418147  3.93162 	Dead: 0
4.5075    0.0826223   0.419429  3.93162 	Dead: 0
4.45794   0.0644945   0.327404  3.93162 	Dead: 0
4.5444    0.0901101   0.457441  3.93162 	Dead: 0
4.50478   0.0827023   0.419835  3.93162 	Dead: 0
4.50571   0.0803025   0.407653  3.93162 	Dead: 0
4.49565   0.0874381   0.443877  3.93162 	Dead: 0
4.48909   0.0747989   0.379714  3.93162 	Dead: 0
4.41659   0.0664834   0.337501  3.93162 	Dead: 0
4.41206   0.067075    0.340504  3.93162 	Dead: 0
4.45867   0.0764106   0.387896  3.86062 	Dead: 0
4.3988    0.0666607   0.338401  3.86062 	Dead: 0
4.40748   0.0834762   0.423764  3.86062 	Dead: 0
4.44166   0.0824698   0.418655  3.77296 	Dead: 0
4.3952    0.0787208   0.399623  3.77296 	Dead: 0
4.36082   0.0692045   0.351314  3.77296 	Dead: 0
4.42848   0.0792313   0.402215  3.77296 	Dead: 0
4.39102   0.0765257   0.38848   3.77296 	Dead: 0
4.38794   0.071141    0.361145  3.77296 	Dead: 0
4.37081   0.0649102   0.329514  3.77296 	Dead: 0
4.3883    0.0753724   0.382625  3.77296 	Dead: 0
4.4056    0.0809242   0.410809  3.77296 	Dead: 0
4.39761   0.0797344   0.404769  3.77296 	Dead: 0
4.38293   0.075343    0.382476  3.77296 	Dead: 0
4.36993   0.0715806   0.363377  3.77296 	Dead: 0
4.41671   0.0907984   0.460935  3.77296 	Dead: 0
4.4214    0.0857407   0.43526   3.77296 	Dead: 0
4.37154   0.0780319   0.396126  3.77296 	Dead: 0
4.33266   0.0684636   0.347553  3.77296 	Dead: 0
4.33755   0.0729712   0.370436  3.77296 	Dead: 0
4.36744   0.0770339   0.39106   3.77296 	Dead: 0
4.39278   0.0850543   0.431775  3.77296 	Dead: 0
4.34245   0.0760254   0.38594   3.77296 	Dead: 0
4.31488   0.0655171   0.332595  3.77296 	Dead: 0
4.36129   0.0778073   0.394986  3.77296 	Dead: 0
4.33655   0.0700859   0.355789  3.77296 	Dead: 0
4.38723   0.0925362   0.469757  3.77296 	Dead: 0
4.32894   0.0812448   0.412436  3.77296 	Dead: 0
4.32055   0.0813019   0.412726  3.77296 	Dead: 0
4.30889   0.0694501   0.352561  3.77296 	Dead: 0
4.29988   0.0794421   0.403285  3.77296 	Dead: 0
4.34431   0.0799166   0.405694  3.77296 	Dead: 0
4.31749   0.0744853   0.378122  3.77296 	Dead: 0
4.28619   0.074821    0.379827  3.77296 	Dead: 0
4.31595   0.0810746   0.411572  3.77296 	Dead: 0
4.27711   0.0700791   0.355754  3.77296 	Dead: 0
4.30951   0.0756827   0.3842    3.76996 	Dead: 0
4.27852   0.0712815   0.361858  3.76996 	Dead: 0
4.32536   0.077355    0.39269   3.76996 	Dead: 0
4.29403   0.0766067   0.388891  3.76996 	Dead: 0
4.29933   0.0716443   0.3637    3.76996 	Dead: 0
4.29117   0.0718044   0.364512  3.76996 	Dead: 0
4.28541   0.0792043   0.402078  3.76996 	Dead: 0
4.30455   0.0779163   0.395539  3.76996 	Dead: 0
4.28655   0.0775707   0.393785  3.76996 	Dead: 0
4.28865   0.0789555   0.400815  3.76996 	Dead: 0
4.36838   0.0856049   0.434571  3.76996 	Dead: 0
4.32785   0.08168     0.414646  3.76996 	Dead: 0
4.28695   0.0718336   0.364661  3.76996 	Dead: 0
4.2765    0.0718258   0.364621  3.76996 	Dead: 0
4.23964   0.060731    0.308299  3.76996 	Dead: 0
4.27325   0.0751717   0.381607  3.76996 	Dead: 0
4.28956   0.0804348   0.408325  3.76996 	Dead: 0
4.32135   0.0800306   0.406273  3.76996 	Dead: 0
4.26906   0.0681528   0.345975  3.76996 	Dead: 0
4.29491   0.0744714   0.378052  3.76996 	Dead: 0
4.27066   0.0721354   0.366193  3.76996 	Dead: 0
4.31202   0.0811299   0.411853  3.76996 	Dead: 0
4.29369   0.076202    0.386837  3.76996 	Dead: 0
4.28966   0.0816687   0.414589  3.74    	Dead: 0
4.26613   0.0784213   0.398103  3.74    	Dead: 0
4.29718   0.0799698   0.405964  3.74    	Dead: 0
4.29864   0.0865765   0.439503  3.74    	Dead: 0
4.25077   0.0634958   0.322334  3.72441 	Dead: 0
4.29363   0.0845616   0.429274  3.72441 	Dead: 0
