7.54551   0.345917    1.75604   3.52408 	Dead: 0
2.81075   0.0904122   0.458975  2.46778 	Dead: 0
2.62679   0.0947533   0.481012  2.3458  	Dead: 0
2.50431   0.0447731   0.227289  2.27964 	Dead: 0
2.49319   0.0702283   0.356512  2.22708 	Dead: 0
2.50574   0.0829756   0.421223  2.22708 	Dead: 0
2.43344   0.0330726   0.167892  2.11865 	Dead: 0
2.43695   0.0332273   0.168677  2.11865 	Dead: 0
2.5335    0.13733     0.69715   2.11865 	Dead: 0
2.53172   0.138206    0.701596  2.11865 	Dead: 0
2.46203   0.100464    0.510001  2.11865 	Dead: 0
2.39855   0.0366829   0.18622   2.11865 	Dead: 0
2.3886    0.0338647   0.171913  2.11865 	Dead: 0
2.45502   0.127896    0.649262  2.10786 	Dead: 0
2.46814   0.140577    0.713634  2.10786 	Dead: 0
2.42307   0.0982461   0.498743  2.10786 	Dead: 0
2.38741   0.0337936   0.171552  2.10786 	Dead: 0
2.36989   0.0431188   0.218891  2.10786 	Dead: 0
2.36497   0.0358096   0.181786  2.08136 	Dead: 0
2.36728   0.0357834   0.181653  2.08136 	Dead: 0
2.37692   0.0666985   0.338593  2.08136 	Dead: 0
2.41817   0.0836658   0.424726  2.08136 	Dead: 0
2.41019   0.112904    0.573151  2.04701 	Dead: 0
2.39964   0.0962139   0.488427  2.04701 	Dead: 0
2.35962   0.0433958   0.220297  2.04701 	Dead: 0
2.42688   0.115636    0.587022  2.04701 	Dead: 0
2.52029   0.187278    0.950711  2.04701 	Dead: 0
2.41962   0.132348    0.671858  2.04701 	Dead: 0
2.34605   0.0518071   0.262997  2.04701 	Dead: 0
2.40354   0.124946    0.634284  2.04701 	Dead: 0
2.28528   0.0334917   0.170019  2.04091 	Dead: 0
2.25694   0.0709317   0.360082  1.96917 	Dead: 0
2.13861   0.0310578   0.157664  1.91689 	Dead: 0
2.1627    0.0419105   0.212757  1.88628 	Dead: 0
2.12791   0.0714961   0.362947  1.87525 	Dead: 0
2.11348   0.0585786   0.297372  1.85148 	Dead: 0
2.13621   0.120496    0.611694  1.84771 	Dead: 0
2.05399   0.0290452   0.147447  1.84771 	Dead: 0
2.13143   0.11986     0.608464  1.84771 	Dead: 0
2.05204   0.0393356   0.199686  1.83928 	Dead: 0
2.08362   0.070086    0.355789  1.83037 	Dead: 0
2.20026   0.179514    0.911295  1.82754 	Dead: 0
2.05599   0.0803442   0.407865  1.82754 	Dead: 0
2.03077   0.0464327   0.235714  1.80047 	Dead: 0
2.10932   0.124106    0.630021  1.7387  	Dead: 0
2.06512   0.104312    0.529538  1.7387  	Dead: 0
2.04846   0.0764482   0.388087  1.7387  	Dead: 0
2.05189   0.0794798   0.403476  1.7387  	Dead: 0
2.03628   0.0939756   0.477064  1.7387  	Dead: 0
2.06823   0.126421    0.641774  1.7387  	Dead: 0
1.97628   0.0294472   0.149488  1.7387  	Dead: 0
1.97342   0.0290476   0.147459  1.7387  	Dead: 0
1.9581    0.0329521   0.16728   1.72864 	Dead: 0
1.9815    0.0457095   0.232043  1.72864 	Dead: 0
1.96773   0.046045    0.233746  1.72864 	Dead: 0
1.96602   0.0329539   0.16729   1.72864 	Dead: 0
1.99718   0.124306    0.631034  1.72864 	Dead: 0
1.94626   0.0507764   0.257765  1.72405 	Dead: 0
2.01904   0.142346    0.722613  1.72405 	Dead: 0
1.98485   0.0883413   0.448462  1.72405 	Dead: 0
1.93248   0.0382017   0.193929  1.72358 	Dead: 0
1.97543   0.0673267   0.341782  1.72358 	Dead: 0
2.03147   0.131323    0.666655  1.72358 	Dead: 0
1.99191   0.0885296   0.449418  1.72358 	Dead: 0
1.99802   0.0772872   0.392346  1.72358 	Dead: 0
2.00173   0.137808    0.69958   1.72358 	Dead: 0
1.92258   0.0433588   0.220109  1.72358 	Dead: 0
1.94246   0.0609161   0.309238  1.70928 	Dead: 0
2.01796   0.166268    0.844053  1.70928 	Dead: 0
1.90707   0.0382463   0.194156  1.70928 	Dead: 0
1.91617   0.0362551   0.184048  1.70928 	Dead: 0
1.95087   0.0689229   0.349885  1.6501  	Dead: 0
1.89129   0.0382081   0.193962  1.6501  	Dead: 0
1.91279   0.0513675   0.260766  1.6501  	Dead: 0
1.99935   0.109446    0.555598  1.6501  	Dead: 0
1.88455   0.0462572   0.234823  1.64339 	Dead: 0
1.97986   0.146485    0.743628  1.64339 	Dead: 0
1.95761   0.106306    0.539661  1.64339 	Dead: 0
1.89845   0.047875    0.243036  1.63397 	Dead: 0
1.85159   0.0340033   0.172617  1.63397 	Dead: 0
2.01113   0.186968    0.949139  1.63397 	Dead: 0
1.81973   0.0250797   0.127317  1.63397 	Dead: 0
1.80731   0.0283015   0.143672  1.63397 	Dead: 0
1.8451    0.0622251   0.315884  1.63352 	Dead: 0
1.89711   0.120272    0.610556  1.62022 	Dead: 0
1.908     0.102521    0.520446  1.62022 	Dead: 0
1.90989   0.121865    0.618644  1.60558 	Dead: 0
1.81016   0.0409695   0.20798   1.60558 	Dead: 0
1.79595   0.0410258   0.208266  1.60558 	Dead: 0
1.92283   0.161247    0.818567  1.60558 	Dead: 0
1.82841   0.0663822   0.336987  1.60558 	Dead: 0
1.79746   0.0454708   0.230831  1.60558 	Dead: 0
1.85935   0.10982     0.557498  1.55789 	Dead: 0
1.82237   0.0581084   0.294986  1.55789 	Dead: 0
1.9191    0.158067    0.80242   1.5569  	Dead: 0
1.82032   0.0833998   0.423376  1.5569  	Dead: 0
1.80593   0.0809626   0.411004  1.5569  	Dead: 0
1.76489   0.051975    0.263849  1.5569  	Dead: 0
1.74041   0.0344027   0.174644  1.5569  	Dead: 0
1.78485   0.0772754   0.392286  1.5569  	Dead: 0
1.72231   0.0311481   0.158122  1.5569  	Dead: 0
