7.79158   0.306521    1.55604   3.85606 	Dead: 0
2.97084   0.0491815   0.249668  2.64695 	Dead: 0
2.63679   0.0329813   0.167429  2.35153 	Dead: 0
2.6359    0.1018      0.516784  2.2434  	Dead: 0
2.56027   0.109916    0.557987  2.2434  	Dead: 0
2.54439   0.113042    0.573853  2.2434  	Dead: 0
2.52253   0.0508364   0.258069  2.18176 	Dead: 0
2.46416   0.0414986   0.210666  2.18176 	Dead: 0
2.45729   0.0370827   0.188249  2.16747 	Dead: 0
2.55023   0.140271    0.712082  2.16747 	Dead: 0
2.52459   0.111709    0.567086  2.15531 	Dead: 0
2.45835   0.0683      0.346723  2.15531 	Dead: 0
2.45111   0.0576564   0.292691  2.13806 	Dead: 0
2.4345    0.0618541   0.314     2.13806 	Dead: 0
2.4266    0.0594331   0.30171   2.10613 	Dead: 0
2.46286   0.135315    0.686924  2.10613 	Dead: 0
2.3602    0.035219    0.178788  2.10613 	Dead: 0
2.44712   0.0982454   0.49874   2.1053  	Dead: 0
2.40566   0.126504    0.642193  2.10315 	Dead: 0
2.35927   0.0508811   0.258296  2.10315 	Dead: 0
2.37802   0.0738673   0.374985  2.06291 	Dead: 0
2.34462   0.0910858   0.462394  2.06291 	Dead: 0
2.33054   0.0717442   0.364207  2.04198 	Dead: 0
2.31286   0.109557    0.556162  2.04198 	Dead: 0
2.45705   0.193003    0.979773  1.9882  	Dead: 0
2.23797   0.07756     0.393731  1.9882  	Dead: 0
2.21841   0.0618715   0.314089  1.9748  	Dead: 0
2.21493   0.0737145   0.374209  1.90002 	Dead: 0
2.18262   0.0347397   0.176355  1.90002 	Dead: 0
2.2192    0.0714138   0.36253   1.90002 	Dead: 0
2.27838   0.160211    0.813306  1.90002 	Dead: 0
2.19471   0.0868915   0.441102  1.90002 	Dead: 0
2.1843    0.0474009   0.240629  1.90002 	Dead: 0
2.20923   0.0889211   0.451405  1.90002 	Dead: 0
2.20817   0.0668316   0.339269  1.90002 	Dead: 0
2.22369   0.0818811   0.415666  1.89771 	Dead: 0
2.2239    0.0815728   0.414102  1.89771 	Dead: 0
2.1501    0.0391488   0.198738  1.89771 	Dead: 0
2.3174    0.176366    0.895318  1.87662 	Dead: 0
2.25526   0.133116    0.675761  1.87662 	Dead: 0
2.31977   0.19544     0.992145  1.87662 	Dead: 0
2.28208   0.134259    0.68156   1.87662 	Dead: 0
2.20075   0.0690311   0.350434  1.87662 	Dead: 0
2.20214   0.103853    0.527204  1.87662 	Dead: 0
2.23395   0.136085    0.690833  1.87662 	Dead: 0
2.15818   0.0444928   0.225866  1.87662 	Dead: 0
2.22087   0.125571    0.63746   1.87662 	Dead: 0
2.20225   0.0732098   0.371647  1.87662 	Dead: 0
2.18095   0.0661981   0.336052  1.87662 	Dead: 0
2.14118   0.0360764   0.183141  1.87662 	Dead: 0
2.18755   0.0674075   0.342192  1.87662 	Dead: 0
2.1567    0.0528422   0.268252  1.87662 	Dead: 0
2.13475   0.0374135   0.189929  1.87662 	Dead: 0
2.20321   0.0834965   0.423867  1.87662 	Dead: 0
2.16315   0.0878032   0.44573   1.8665  	Dead: 0
2.18347   0.124073    0.629851  1.8665  	Dead: 0
2.27753   0.140702    0.71427   1.8665  	Dead: 0
2.1438    0.0339693   0.172444  1.8665  	Dead: 0
2.13537   0.0389831   0.197896  1.8665  	Dead: 0
2.12964   0.0354234   0.179826  1.8665  	Dead: 0
2.2077    0.0902875   0.458341  1.8665  	Dead: 0
2.17557   0.0626801   0.318193  1.8665  	Dead: 0
2.2391    0.139665    0.709007  1.8234  	Dead: 0
2.16466   0.109138    0.554035  1.8234  	Dead: 0
2.16672   0.0646776   0.328334  1.8234  	Dead: 0
2.16728   0.0748826   0.380139  1.8234  	Dead: 0
2.16443   0.0913067   0.463515  1.8234  	Dead: 0
2.22324   0.167828    0.851974  1.8234  	Dead: 0
2.08922   0.0344485   0.174876  1.8234  	Dead: 0
2.17436   0.136732    0.694116  1.8234  	Dead: 0
2.14376   0.0921589   0.467842  1.81466 	Dead: 0
2.15334   0.104884    0.532441  1.81466 	Dead: 0
2.0534    0.0330731   0.167895  1.81466 	Dead: 0
2.05968   0.0334732   0.169926  1.81466 	Dead: 0
2.06178   0.0372279   0.188986  1.81466 	Dead: 0
2.09223   0.107798    0.547233  1.81466 	Dead: 0
2.07534   0.0651184   0.330572  1.81466 	Dead: 0
2.11297   0.12854     0.652531  1.81466 	Dead: 0
2.04546   0.038053    0.193175  1.81466 	Dead: 0
2.05986   0.0712452   0.361674  1.81466 	Dead: 0
2.01286   0.0385075   0.195482  1.79895 	Dead: 0
2.05446   0.0637195   0.32347   1.79895 	Dead: 0
2.07452   0.118065    0.599354  1.79895 	Dead: 0
2.00436   0.0399633   0.202872  1.79895 	Dead: 0
1.98288   0.0398218   0.202154  1.72675 	Dead: 0
2.03523   0.0665663   0.337921  1.72675 	Dead: 0
1.99116   0.0369176   0.187411  1.72675 	Dead: 0
2.01342   0.0594726   0.30191   1.72675 	Dead: 0
1.98445   0.0342256   0.173745  1.72675 	Dead: 0
2.06217   0.127462    0.647054  1.72675 	Dead: 0
2.06696   0.120774    0.613106  1.72675 	Dead: 0
2.18539   0.218969    1.11159   1.72675 	Dead: 0
2.03913   0.0934545   0.474419  1.72675 	Dead: 0
1.97466   0.0385202   0.195546  1.72675 	Dead: 0
1.9834    0.038091    0.193368  1.72675 	Dead: 0
2.11236   0.19319     0.980722  1.72675 	Dead: 0
2.0313    0.0626846   0.318216  1.72675 	Dead: 0
1.96558   0.035053    0.177945  1.72675 	Dead: 0
2.1205    0.181525    0.921506  1.72675 	Dead: 0
2.02955   0.094431    0.479376  1.72675 	Dead: 0
2.02159   0.064518    0.327523  1.72445 	Dead: 0
