9.17916   0.0744726   0.378058  8.34564 	Dead: 0
8.04731   0.0661296   0.335705  7.5268  	Dead: 0
7.70407   0.0453434   0.230184  7.30593 	Dead: 0
7.55448   0.0398896   0.202498  7.1592  	Dead: 0
7.44493   0.0471979   0.239598  7.11621 	Dead: 0
7.37404   0.0440834   0.223788  7.03918 	Dead: 0
7.33904   0.0470184   0.238687  7.00684 	Dead: 0
7.2732    0.0347967   0.176644  7.00684 	Dead: 0
7.26984   0.041979    0.213105  6.89522 	Dead: 0
7.24061   0.0426914   0.216722  6.89522 	Dead: 0
7.21164   0.0441202   0.223975  6.82937 	Dead: 0
7.15473   0.0410878   0.208581  6.81299 	Dead: 0
7.1809    0.0454887   0.230922  6.81299 	Dead: 0
7.14552   0.0435593   0.221127  6.81289 	Dead: 0
7.12605   0.0439678   0.223201  6.69841 	Dead: 0
7.12935   0.0397553   0.201816  6.69841 	Dead: 0
7.11571   0.043986    0.223293  6.69841 	Dead: 0
7.11975   0.0459383   0.233204  6.69841 	Dead: 0
7.10182   0.0429585   0.218078  6.69841 	Dead: 0
7.05568   0.0362868   0.184209  6.69841 	Dead: 0
7.09364   0.0429228   0.217896  6.69841 	Dead: 0
7.08116   0.0452981   0.229954  6.69841 	Dead: 0
7.06785   0.0431286   0.218941  6.69841 	Dead: 0
7.03496   0.0473067   0.240151  6.69841 	Dead: 0
7.00672   0.0376123   0.190937  6.69841 	Dead: 0
7.01101   0.0437155   0.22192   6.69613 	Dead: 0
7.02825   0.0495073   0.251322  6.69613 	Dead: 0
6.9415    0.0412385   0.209346  6.57182 	Dead: 0
6.87567   0.0361663   0.183597  6.57182 	Dead: 0
6.85041   0.0421331   0.213887  6.52594 	Dead: 0
6.81599   0.0367125   0.18637   6.52594 	Dead: 0
6.80572   0.0335747   0.170441  6.52594 	Dead: 0
6.81245   0.0374838   0.190285  6.52594 	Dead: 0
6.80643   0.0393536   0.199777  6.5003  	Dead: 0
6.79624   0.0395924   0.20099   6.45124 	Dead: 0
6.79925   0.0393808   0.199915  6.45124 	Dead: 0
6.76905   0.0478892   0.243108  6.45124 	Dead: 0
6.74574   0.0363909   0.184737  6.45124 	Dead: 0
6.70229   0.0336162   0.170652  6.42835 	Dead: 0
6.71359   0.0361248   0.183386  6.418   	Dead: 0
6.67963   0.0308042   0.156376  6.418   	Dead: 0
6.68328   0.033275    0.16892   6.38983 	Dead: 0
6.68573   0.0404116   0.205148  6.3879  	Dead: 0
6.70603   0.0385264   0.195578  6.3879  	Dead: 0
6.67707   0.0363498   0.184529  6.3879  	Dead: 0
6.68278   0.0374215   0.189969  6.3879  	Dead: 0
6.66959   0.0382016   0.193929  6.3879  	Dead: 0
6.68528   0.0372278   0.188986  6.36328 	Dead: 0
6.66507   0.0386814   0.196365  6.35275 	Dead: 0
6.67449   0.0382834   0.194345  6.35275 	Dead: 0
6.66922   0.0384736   0.19531   6.35275 	Dead: 0
6.66371   0.0382956   0.194407  6.35275 	Dead: 0
6.66126   0.036602    0.185809  6.35275 	Dead: 0
6.63687   0.0373185   0.189446  6.35275 	Dead: 0
6.68372   0.0496359   0.251975  6.35275 	Dead: 0
6.61549   0.0334124   0.169617  6.35275 	Dead: 0
6.64054   0.0373598   0.189656  6.35275 	Dead: 0
6.62028   0.0379569   0.192687  6.35275 	Dead: 0
6.63879   0.0391539   0.198763  6.35275 	Dead: 0
6.62351   0.0370773   0.188222  6.35275 	Dead: 0
6.64403   0.0447326   0.227084  6.35275 	Dead: 0
6.6083    0.0340064   0.172632  6.35275 	Dead: 0
6.62974   0.0378885   0.19234   6.30674 	Dead: 0
6.61878   0.03812     0.193515  6.25884 	Dead: 0
6.59524   0.0370141   0.187901  6.25884 	Dead: 0
6.58319   0.0377743   0.19176   6.25884 	Dead: 0
6.58472   0.0393799   0.199911  6.25884 	Dead: 0
6.57261   0.0337488   0.171324  6.25884 	Dead: 0
6.58267   0.0374027   0.189874  6.25884 	Dead: 0
6.56214   0.0375143   0.19044   6.25083 	Dead: 0
6.55862   0.0365077   0.18533   6.25083 	Dead: 0
6.56676   0.0456414   0.231697  6.25083 	Dead: 0
6.58226   0.0413901   0.210115  6.25083 	Dead: 0
6.54296   0.0363709   0.184636  6.25083 	Dead: 0
6.55244   0.0359657   0.182578  6.25083 	Dead: 0
6.54577   0.03727     0.1892    6.25083 	Dead: 0
6.5572    0.0390025   0.197995  6.25083 	Dead: 0
6.57571   0.0383711   0.194789  6.25083 	Dead: 0
6.55057   0.0443217   0.224998  6.25083 	Dead: 0
6.57083   0.0465912   0.236519  6.25083 	Dead: 0
6.54788   0.0416165   0.211265  6.25083 	Dead: 0
6.53162   0.0374073   0.189897  6.25083 	Dead: 0
6.54223   0.0426077   0.216297  6.25083 	Dead: 0
6.52268   0.035777    0.181621  6.25083 	Dead: 0
6.54412   0.0458624   0.232819  6.20046 	Dead: 0
6.51809   0.0405116   0.205656  6.17403 	Dead: 0
6.52635   0.0371689   0.188687  6.17403 	Dead: 0
6.51365   0.0421047   0.213743  6.17403 	Dead: 0
6.48016   0.0388049   0.196992  6.17403 	Dead: 0
6.49547   0.0363504   0.184532  6.17403 	Dead: 0
6.51028   0.0475559   0.241416  6.17403 	Dead: 0
6.50074   0.0504755   0.256237  6.17403 	Dead: 0
6.45674   0.0340443   0.172825  6.17403 	Dead: 0
6.4992    0.05126     0.26022   6.17403 	Dead: 0
6.47401   0.0397139   0.201606  6.16878 	Dead: 0
6.46797   0.0406366   0.20629   6.16878 	Dead: 0
6.44515   0.0364317   0.184944  6.16878 	Dead: 0
6.42428   0.0373413   0.189562  6.10394 	Dead: 0
6.41797   0.0355035   0.180233  6.10394 	Dead: 0
6.4493    0.0555312   0.281902  6.10394 	Dead: 0
6.41825   0.0410134   0.208203  6.10394 	Dead: 0
