8.01397   0.151553    0.769356  6.16777 	Dead: 0
3.22592   0.039416    0.200094  2.8532  	Dead: 0
3.02829   0.032483    0.164899  2.78422 	Dead: 0
2.91463   0.0419333   0.212873  2.60669 	Dead: 0
2.89457   0.0466021   0.236574  2.48738 	Dead: 0
2.83433   0.0393254   0.199634  2.48738 	Dead: 0
2.84099   0.0487841   0.247651  2.48738 	Dead: 0
2.81247   0.0502888   0.255289  2.48738 	Dead: 0
2.8014    0.0447648   0.227247  2.48738 	Dead: 0
2.80556   0.0502527   0.255106  2.48738 	Dead: 0
2.75592   0.0447675   0.227261  2.40458 	Dead: 0
2.76457   0.0494642   0.251103  2.40458 	Dead: 0
2.71782   0.0423696   0.215088  2.40458 	Dead: 0
2.75045   0.0525507   0.266772  2.40458 	Dead: 0
2.70345   0.0430146   0.218362  2.38807 	Dead: 0
2.69903   0.0460396   0.233718  2.2222  	Dead: 0
2.70532   0.0505902   0.25682   2.2222  	Dead: 0
2.67553   0.0506986   0.25737   2.2222  	Dead: 0
2.6382    0.0413735   0.210031  2.2222  	Dead: 0
2.618     0.0430124   0.218351  2.2222  	Dead: 0
2.59198   0.0399369   0.202738  2.2222  	Dead: 0
2.61045   0.0453632   0.230285  2.2222  	Dead: 0
2.57656   0.0430415   0.218498  2.2222  	Dead: 0
2.57442   0.0438095   0.222398  2.2222  	Dead: 0
2.5408    0.0417445   0.211914  2.2222  	Dead: 0
2.58481   0.0484289   0.245848  2.2222  	Dead: 0
2.52051   0.0414403   0.21037   2.2222  	Dead: 0
2.54783   0.0446775   0.226804  2.2222  	Dead: 0
2.55052   0.0470608   0.238903  2.17385 	Dead: 0
2.51705   0.0424423   0.215457  2.17385 	Dead: 0
2.49508   0.0430777   0.218683  2.17385 	Dead: 0
2.4882    0.0422473   0.214467  2.17385 	Dead: 0
2.50905   0.0422341   0.2144    2.17385 	Dead: 0
2.52136   0.0491279   0.249396  2.17385 	Dead: 0
2.51345   0.0432857   0.219738  2.17385 	Dead: 0
2.51488   0.0438159   0.22243   2.17385 	Dead: 0
2.51638   0.0412467   0.209388  2.17385 	Dead: 0
2.49594   0.0422662   0.214563  2.17385 	Dead: 0
2.50016   0.0449079   0.227974  2.17385 	Dead: 0
2.48713   0.0410965   0.208625  2.15224 	Dead: 0
2.49304   0.0412285   0.209295  2.15224 	Dead: 0
2.49753   0.0421043   0.213741  2.15224 	Dead: 0
2.50025   0.0449178   0.228024  2.15224 	Dead: 0
2.48522   0.0429694   0.218133  2.15224 	Dead: 0
2.52599   0.0468042   0.2376    2.15224 	Dead: 0
2.48646   0.0434282   0.220462  2.15224 	Dead: 0
2.49957   0.0457592   0.232295  2.15224 	Dead: 0
2.48956   0.0392515   0.199259  2.15224 	Dead: 0
2.50142   0.0472047   0.239633  2.15224 	Dead: 0
2.50989   0.0432807   0.219713  2.15224 	Dead: 0
2.51177   0.0491068   0.249289  2.15224 	Dead: 0
2.49867   0.0438171   0.222436  2.08626 	Dead: 0
2.49114   0.0442659   0.224714  2.08626 	Dead: 0
2.48353   0.0451948   0.22943   2.08626 	Dead: 0
2.47328   0.0439827   0.223277  2.08626 	Dead: 0
2.4761    0.0420455   0.213442  2.08626 	Dead: 0
2.48367   0.0417066   0.211722  2.08626 	Dead: 0
2.47207   0.0415517   0.210936  2.08626 	Dead: 0
2.47962   0.0475159   0.241213  2.08626 	Dead: 0
2.46888   0.0429013   0.217787  2.08626 	Dead: 0
2.47061   0.0421867   0.21416   2.08626 	Dead: 0
2.46441   0.0422349   0.214404  2.08626 	Dead: 0
2.47719   0.044708    0.226959  2.08626 	Dead: 0
2.48423   0.044011    0.22342   2.08626 	Dead: 0
2.49791   0.0499394   0.253516  2.08626 	Dead: 0
2.4393    0.0368819   0.18723   2.08626 	Dead: 0
2.4495    0.0392955   0.199482  2.08626 	Dead: 0
2.47425   0.0450576   0.228733  2.08626 	Dead: 0
2.44919   0.0395949   0.201002  2.08626 	Dead: 0
2.47077   0.0454144   0.230545  2.08626 	Dead: 0
2.46689   0.0422572   0.214517  2.08626 	Dead: 0
2.47575   0.0412522   0.209415  2.08626 	Dead: 0
2.47818   0.0481468   0.244415  2.08626 	Dead: 0
2.47696   0.0424604   0.215549  2.08626 	Dead: 0
2.49434   0.0438911   0.222811  2.04427 	Dead: 0
2.46111   0.0391303   0.198644  2.04427 	Dead: 0
2.46974   0.0439572   0.223147  2.04427 	Dead: 0
2.44621   0.0425298   0.215901  2.04427 	Dead: 0
2.46771   0.0449035   0.227951  2.04427 	Dead: 0
2.45434   0.0441944   0.224351  2.04427 	Dead: 0
2.46735   0.0461165   0.234109  2.04427 	Dead: 0
2.49633   0.0478144   0.242728  2.04427 	Dead: 0
2.47468   0.0475455   0.241363  2.04427 	Dead: 0
2.4692    0.0428881   0.21772   2.04427 	Dead: 0
2.46256   0.042438    0.215435  2.04427 	Dead: 0
2.4483    0.0405205   0.205701  2.04427 	Dead: 0
2.43096   0.0399356   0.202732  2.04427 	Dead: 0
2.46071   0.0460628   0.233836  2.04427 	Dead: 0
2.47407   0.0479406   0.243369  2.04427 	Dead: 0
2.42299   0.0406503   0.20636   2.04427 	Dead: 0
2.47321   0.0482471   0.244925  2.04427 	Dead: 0
2.46831   0.0445163   0.225985  2.04427 	Dead: 0
2.46228   0.0490652   0.249078  2.04427 	Dead: 0
2.45566   0.0382232   0.194039  2.04427 	Dead: 0
2.45941   0.0421152   0.213796  2.04427 	Dead: 0
2.44985   0.0450888   0.228892  2.04427 	Dead: 0
2.43943   0.0384396   0.195137  2.04427 	Dead: 0
2.46652   0.047214    0.23968   2.04427 	Dead: 0
2.46936   0.0529573   0.268836  2.04427 	Dead: 0
2.43217   0.0422793   0.21463   2.04427 	Dead: 0
2.46966   0.0477574   0.242439  2.04427 	Dead: 0
