8.01255   0.17368     0.88168   5.58312 	Dead: 0
3.42426   0.0537787   0.273006  2.95872 	Dead: 0
3.27838   0.0495758   0.25167   2.91448 	Dead: 0
3.22782   0.0491916   0.24972   2.8789  	Dead: 0
3.21515   0.0501059   0.254361  2.78375 	Dead: 0
3.19029   0.0627622   0.31861   2.673   	Dead: 0
3.13818   0.054662    0.27749   2.673   	Dead: 0
3.08101   0.0505526   0.256629  2.673   	Dead: 0
3.06996   0.0528419   0.26825   2.63106 	Dead: 0
2.99353   0.0496848   0.252223  2.61017 	Dead: 0
2.94923   0.0424645   0.215569  2.61017 	Dead: 0
2.94574   0.0477454   0.242378  2.55988 	Dead: 0
2.91836   0.052098    0.264474  2.55988 	Dead: 0
2.94325   0.0543282   0.275795  2.55988 	Dead: 0
2.92824   0.0486772   0.247108  2.55988 	Dead: 0
2.95597   0.0519249   0.263595  2.55988 	Dead: 0
2.94197   0.0470279   0.238736  2.55988 	Dead: 0
2.90107   0.0444996   0.2259    2.55988 	Dead: 0
2.92501   0.0517861   0.26289   2.55988 	Dead: 0
2.92824   0.0553577   0.281022  2.53794 	Dead: 0
2.89482   0.0475758   0.241517  2.53739 	Dead: 0
2.914     0.0485062   0.24624   2.53739 	Dead: 0
2.91235   0.049775    0.252681  2.53739 	Dead: 0
2.90267   0.0502251   0.254966  2.53739 	Dead: 0
2.88193   0.0472215   0.239718  2.53739 	Dead: 0
2.89934   0.0466281   0.236706  2.53739 	Dead: 0
2.90152   0.0502445   0.255064  2.4685  	Dead: 0
2.92139   0.0588718   0.298861  2.4685  	Dead: 0
2.87597   0.0480473   0.243911  2.4685  	Dead: 0
2.87501   0.0523827   0.265919  2.4685  	Dead: 0
2.85865   0.0461056   0.234054  2.4685  	Dead: 0
2.85409   0.0460016   0.233525  2.4685  	Dead: 0
2.84544   0.0477838   0.242573  2.4685  	Dead: 0
2.84625   0.0529366   0.268731  2.4685  	Dead: 0
2.82299   0.0469693   0.238438  2.4685  	Dead: 0
2.83432   0.0461408   0.234232  2.4685  	Dead: 0
2.8192    0.0526691   0.267373  2.4685  	Dead: 0
2.8064    0.0482808   0.245096  2.46513 	Dead: 0
2.8273    0.0557849   0.28319   2.46513 	Dead: 0
2.78077   0.0442378   0.224572  2.43178 	Dead: 0
2.75194   0.0450205   0.228545  2.43178 	Dead: 0
2.74988   0.044845    0.227654  2.3952  	Dead: 0
2.71505   0.047858    0.24295   2.28369 	Dead: 0
2.69005   0.0498655   0.253141  2.28369 	Dead: 0
2.64042   0.0443062   0.224919  2.28369 	Dead: 0
2.68154   0.0510698   0.259254  2.28369 	Dead: 0
2.63417   0.0451037   0.228967  2.28369 	Dead: 0
2.61984   0.0499799   0.253721  2.27618 	Dead: 0
2.61813   0.0454665   0.230809  2.27618 	Dead: 0
2.64753   0.0561628   0.285109  2.27618 	Dead: 0
2.60307   0.0517957   0.262939  2.27618 	Dead: 0
2.59948   0.043519    0.220923  2.27211 	Dead: 0
2.61429   0.0474147   0.240699  2.25375 	Dead: 0
2.59417   0.0506137   0.256939  2.25375 	Dead: 0
2.5975    0.0505705   0.25672   2.25375 	Dead: 0
2.60175   0.0454651   0.230802  2.25375 	Dead: 0
2.5888    0.048977    0.24863   2.25375 	Dead: 0
2.59949   0.0506656   0.257202  2.25375 	Dead: 0
2.60501   0.0555549   0.282023  2.25375 	Dead: 0
2.60229   0.0520997   0.264483  2.25375 	Dead: 0
2.57591   0.044498    0.225892  2.25375 	Dead: 0
2.63026   0.052039    0.264174  2.25375 	Dead: 0
2.58268   0.0525677   0.266858  2.25375 	Dead: 0
2.55505   0.0429245   0.217905  2.25375 	Dead: 0
2.5795    0.0474376   0.240815  2.25375 	Dead: 0
2.59403   0.0485524   0.246475  2.25375 	Dead: 0
2.61527   0.0667087   0.338645  2.25375 	Dead: 0
2.57957   0.0441993   0.224376  2.25375 	Dead: 0
2.58322   0.0493827   0.25069   2.25375 	Dead: 0
2.58824   0.0528811   0.268449  2.25375 	Dead: 0
2.60194   0.0518621   0.263276  2.25375 	Dead: 0
2.57775   0.0479907   0.243623  2.25375 	Dead: 0
2.57981   0.0476664   0.241977  2.25375 	Dead: 0
2.57888   0.0478606   0.242963  2.25375 	Dead: 0
2.56859   0.0488166   0.247816  2.25375 	Dead: 0
2.55308   0.0470451   0.238823  2.25375 	Dead: 0
2.55241   0.0477758   0.242532  2.22855 	Dead: 0
2.52589   0.0405976   0.206092  2.21797 	Dead: 0
2.54971   0.0442486   0.224626  2.21797 	Dead: 0
2.53782   0.0425416   0.215961  2.21797 	Dead: 0
2.54113   0.0421356   0.2139    2.21797 	Dead: 0
2.54909   0.0452338   0.229628  2.21797 	Dead: 0
2.57166   0.0509027   0.258406  2.21797 	Dead: 0
2.57388   0.0519326   0.263634  2.21341 	Dead: 0
2.52498   0.0403898   0.205038  2.21341 	Dead: 0
2.55486   0.0442589   0.224679  2.21341 	Dead: 0
2.53296   0.0495818   0.2517    2.20564 	Dead: 0
2.54555   0.0491087   0.249299  2.12999 	Dead: 0
2.51083   0.0408185   0.207214  2.12999 	Dead: 0
2.52288   0.0451617   0.229262  2.12999 	Dead: 0
2.49531   0.0415736   0.211047  2.12999 	Dead: 0
2.52311   0.0475638   0.241456  2.12999 	Dead: 0
2.5236    0.0491351   0.249433  2.12999 	Dead: 0
2.50848   0.0530657   0.269386  2.12999 	Dead: 0
2.50541   0.0478728   0.243025  2.12999 	Dead: 0
2.51017   0.0455088   0.231024  2.12999 	Dead: 0
2.50261   0.0447422   0.227133  2.12999 	Dead: 0
2.50366   0.0502905   0.255298  2.10438 	Dead: 0
2.47609   0.0465706   0.236414  2.10438 	Dead: 0
2.48916   0.0478185   0.242749  2.10438 	Dead: 0
2.4739    0.0468873   0.238022  2.10438 	Dead: 0
