8.10721   0.162535    0.825103  6.34123 	Dead: 0
3.79195   0.0539066   0.273655  3.27229 	Dead: 0
3.45292   0.0509194   0.25849   3.05378 	Dead: 0
3.31689   0.0519996   0.263974  2.69902 	Dead: 0
3.19052   0.048849    0.24798   2.69902 	Dead: 0
3.16197   0.0517262   0.262587  2.69902 	Dead: 0
3.11977   0.0444226   0.22551   2.69902 	Dead: 0
3.14745   0.0597672   0.303406  2.69902 	Dead: 0
3.12649   0.0551327   0.279879  2.69902 	Dead: 0
3.11952   0.0507707   0.257736  2.69902 	Dead: 0
3.08183   0.0457901   0.232452  2.69902 	Dead: 0
3.07913   0.0547493   0.277933  2.58052 	Dead: 0
3.10553   0.0513303   0.260577  2.58052 	Dead: 0
3.0897    0.053099    0.269555  2.58052 	Dead: 0
3.05375   0.0416317   0.211342  2.58052 	Dead: 0
3.04149   0.0467818   0.237486  2.58052 	Dead: 0
3.0314    0.0455383   0.231173  2.58052 	Dead: 0
3.06525   0.0575156   0.291976  2.58052 	Dead: 0
3.01186   0.047177    0.239493  2.58052 	Dead: 0
3.06029   0.0542475   0.275386  2.58052 	Dead: 0
3.00385   0.050213    0.254905  2.58052 	Dead: 0
2.99527   0.0529012   0.268551  2.58052 	Dead: 0
2.89112   0.0506606   0.257177  2.4746  	Dead: 0
2.76817   0.0442121   0.224441  2.35912 	Dead: 0
2.77725   0.0547916   0.278148  2.35912 	Dead: 0
2.74754   0.0498051   0.252834  2.35095 	Dead: 0
2.75422   0.0499545   0.253592  2.35095 	Dead: 0
2.75517   0.0523688   0.265848  2.35095 	Dead: 0
2.73716   0.0519381   0.263662  2.35095 	Dead: 0
2.73226   0.0501298   0.254482  2.35095 	Dead: 0
2.6904    0.0433815   0.220225  2.35095 	Dead: 0
2.72528   0.0515149   0.261514  2.33802 	Dead: 0
2.69854   0.049651    0.252052  2.33802 	Dead: 0
2.70057   0.0570478   0.289601  2.33802 	Dead: 0
2.70762   0.052741    0.267738  2.33802 	Dead: 0
2.66932   0.0473832   0.240539  2.33802 	Dead: 0
2.66836   0.0523338   0.265671  2.33802 	Dead: 0
2.63664   0.0433052   0.219837  2.33802 	Dead: 0
2.65596   0.0488785   0.24813   2.26336 	Dead: 0
2.62201   0.0454398   0.230674  2.26336 	Dead: 0
2.61005   0.0391854   0.198923  2.26336 	Dead: 0
2.62525   0.041461    0.210475  2.26336 	Dead: 0
2.62577   0.0444676   0.225738  2.25871 	Dead: 0
2.6238    0.0519126   0.263533  2.25871 	Dead: 0
2.6251    0.0444255   0.225524  2.23809 	Dead: 0
2.60326   0.0441562   0.224157  2.23809 	Dead: 0
2.58043   0.0404192   0.205187  2.23809 	Dead: 0
2.59939   0.0487233   0.247342  2.23809 	Dead: 0
2.56727   0.0393865   0.199944  2.23809 	Dead: 0
2.54584   0.0397537   0.201808  2.23809 	Dead: 0
2.56361   0.0440145   0.223438  2.23757 	Dead: 0
2.57417   0.0422006   0.21423   2.23757 	Dead: 0
2.55165   0.0434249   0.220445  2.23757 	Dead: 0
2.5405    0.0409942   0.208106  2.23057 	Dead: 0
2.53774   0.0403101   0.204633  2.23057 	Dead: 0
2.55587   0.0494418   0.250989  2.23057 	Dead: 0
2.54765   0.0441448   0.2241    2.23057 	Dead: 0
2.52606   0.0388843   0.197395  2.23057 	Dead: 0
2.5322    0.0393569   0.199794  2.23057 	Dead: 0
2.51744   0.0369818   0.187737  2.23057 	Dead: 0
2.53918   0.0431652   0.219127  2.21318 	Dead: 0
2.54141   0.0435862   0.221264  2.21318 	Dead: 0
2.52322   0.0461956   0.23451   2.15513 	Dead: 0
2.50474   0.0370837   0.188254  2.15513 	Dead: 0
2.50628   0.0386835   0.196376  2.15513 	Dead: 0
2.52641   0.0389886   0.197924  2.15513 	Dead: 0
2.49714   0.0382218   0.194032  2.15513 	Dead: 0
2.52903   0.0454153   0.230549  2.15513 	Dead: 0
2.54134   0.045331    0.230121  2.15513 	Dead: 0
2.53062   0.043212    0.219364  2.15513 	Dead: 0
2.54792   0.0459753   0.233392  2.15513 	Dead: 0
2.54348   0.0438413   0.222559  2.15513 	Dead: 0
2.50236   0.0381959   0.1939    2.15513 	Dead: 0
2.53694   0.0426282   0.216401  2.15513 	Dead: 0
2.5278    0.0453831   0.230386  2.15513 	Dead: 0
2.53467   0.0462207   0.234638  2.15513 	Dead: 0
2.504     0.0403238   0.204702  2.15513 	Dead: 0
2.52428   0.0455236   0.231099  2.15513 	Dead: 0
2.50019   0.0438098   0.222399  2.15513 	Dead: 0
2.5468    0.0526606   0.26733   2.14184 	Dead: 0
2.50667   0.0435223   0.22094   2.14184 	Dead: 0
2.50658   0.0412375   0.209341  2.14184 	Dead: 0
2.50851   0.0426244   0.216381  2.14184 	Dead: 0
2.53181   0.0441385   0.224068  2.14184 	Dead: 0
2.5315    0.0457506   0.232251  2.14184 	Dead: 0
2.50592   0.0409694   0.20798   2.14184 	Dead: 0
2.51243   0.0454969   0.230963  2.14184 	Dead: 0
2.52594   0.0422227   0.214342  2.14184 	Dead: 0
2.52009   0.0476548   0.241918  2.12957 	Dead: 0
2.48616   0.0402701   0.20443   2.12957 	Dead: 0
2.52517   0.0495431   0.251504  2.12957 	Dead: 0
2.51628   0.04881     0.247783  2.12957 	Dead: 0
2.52007   0.0472175   0.239698  2.12957 	Dead: 0
2.50947   0.0466283   0.236707  2.12957 	Dead: 0
2.49132   0.0403259   0.204713  2.12957 	Dead: 0
2.50075   0.0448356   0.227606  2.12957 	Dead: 0
2.51272   0.0448409   0.227633  2.12957 	Dead: 0
2.50553   0.0482917   0.245151  2.12957 	Dead: 0
2.47731   0.0407637   0.206935  2.12957 	Dead: 0
2.52868   0.0492922   0.25023   2.12957 	Dead: 0
2.52608   0.0485389   0.246406  2.12957 	Dead: 0
