8.11527   0.144557    0.733841  6.13064 	Dead: 0
3.66375   0.0458119   0.232563  3.2001  	Dead: 0
3.20042   0.0399243   0.202675  2.87675 	Dead: 0
3.14489   0.0409472   0.207867  2.74359 	Dead: 0
3.12566   0.0472929   0.240081  2.74359 	Dead: 0
3.07445   0.0393715   0.199868  2.69334 	Dead: 0
3.10594   0.0451082   0.22899   2.69334 	Dead: 0
3.07902   0.0481651   0.244508  2.69334 	Dead: 0
3.05531   0.04839     0.24565   2.58063 	Dead: 0
3.03345   0.0492534   0.250033  2.58063 	Dead: 0
3.00663   0.0477273   0.242286  2.58063 	Dead: 0
2.98107   0.0473798   0.240522  2.58063 	Dead: 0
2.97858   0.0487871   0.247666  2.58063 	Dead: 0
2.98523   0.0516608   0.262254  2.58063 	Dead: 0
2.96382   0.0500061   0.253854  2.58063 	Dead: 0
2.97905   0.0507941   0.257855  2.52402 	Dead: 0
2.93857   0.0542046   0.275168  2.52402 	Dead: 0
2.91929   0.0475463   0.241367  2.50833 	Dead: 0
2.92903   0.0483893   0.245647  2.50833 	Dead: 0
2.92608   0.0505777   0.256756  2.50833 	Dead: 0
2.87187   0.0421728   0.214089  2.50833 	Dead: 0
2.89213   0.0534336   0.271254  2.50833 	Dead: 0
2.88642   0.0524716   0.26637   2.50833 	Dead: 0
2.84976   0.0515579   0.261732  2.41158 	Dead: 0
2.83379   0.0523216   0.265609  2.41158 	Dead: 0
2.82992   0.0527332   0.267698  2.41158 	Dead: 0
2.79689   0.048608    0.246757  2.41158 	Dead: 0
2.83279   0.0501696   0.254684  2.41158 	Dead: 0
2.84094   0.0511572   0.259698  2.41158 	Dead: 0
2.81136   0.0501905   0.25479   2.41158 	Dead: 0
2.80459   0.0515502   0.261693  2.41158 	Dead: 0
2.81523   0.0528771   0.268429  2.41158 	Dead: 0
2.8185    0.0524285   0.266152  2.41158 	Dead: 0
2.77299   0.0438765   0.222738  2.41158 	Dead: 0
2.79978   0.0525155   0.266593  2.41158 	Dead: 0
2.812     0.0573077   0.290921  2.41158 	Dead: 0
2.80308   0.052218    0.265083  2.41158 	Dead: 0
2.74001   0.044801    0.227431  2.41158 	Dead: 0
2.8109    0.0518      0.262961  2.41158 	Dead: 0
2.78447   0.0542154   0.275223  2.41158 	Dead: 0
2.76318   0.0513096   0.260472  2.41158 	Dead: 0
2.77859   0.0524619   0.266321  2.41158 	Dead: 0
2.75769   0.0573752   0.291263  2.33704 	Dead: 0
2.70528   0.0451308   0.229105  2.33704 	Dead: 0
2.73867   0.0500819   0.254239  2.33704 	Dead: 0
2.73134   0.0480835   0.244094  2.33704 	Dead: 0
2.70089   0.0470911   0.239056  2.33704 	Dead: 0
2.75661   0.0531994   0.270065  2.33704 	Dead: 0
2.76742   0.0571444   0.290092  2.33704 	Dead: 0
2.692     0.0430332   0.218457  2.33704 	Dead: 0
2.72907   0.0534315   0.271243  2.33704 	Dead: 0
2.67571   0.0433117   0.21987   2.32926 	Dead: 0
2.64454   0.0390698   0.198337  2.30161 	Dead: 0
2.66788   0.0477877   0.242593  2.30161 	Dead: 0
2.68169   0.0540787   0.274529  2.26078 	Dead: 0
2.66122   0.0501171   0.254418  2.26078 	Dead: 0
2.69088   0.0511217   0.259518  2.21974 	Dead: 0
2.67558   0.0517515   0.262715  2.21974 	Dead: 0
2.68384   0.0541889   0.275088  2.21974 	Dead: 0
2.67258   0.0463787   0.23544   2.21974 	Dead: 0
2.6395    0.0484484   0.245947  2.21974 	Dead: 0
2.65513   0.0464341   0.235721  2.21974 	Dead: 0
2.63405   0.0445994   0.226407  2.16766 	Dead: 0
2.66184   0.051749    0.262702  2.16766 	Dead: 0
2.64819   0.0485045   0.246232  2.16766 	Dead: 0
2.65674   0.0472482   0.239854  2.16766 	Dead: 0
2.64024   0.0493406   0.250476  2.16766 	Dead: 0
2.64932   0.0521624   0.264801  2.16766 	Dead: 0
2.67861   0.0531854   0.269994  2.16766 	Dead: 0
2.65439   0.0530432   0.269272  2.16766 	Dead: 0
2.63557   0.0473714   0.240479  2.16766 	Dead: 0
2.65389   0.0519632   0.263789  2.16766 	Dead: 0
2.64293   0.0502044   0.254861  2.16766 	Dead: 0
2.63026   0.0463443   0.235265  2.16766 	Dead: 0
2.61555   0.0469141   0.238158  2.16766 	Dead: 0
2.63817   0.0528825   0.268456  2.16766 	Dead: 0
2.62041   0.0456925   0.231956  2.16766 	Dead: 0
2.63195   0.0514192   0.261028  2.16766 	Dead: 0
2.61912   0.0471848   0.239532  2.16766 	Dead: 0
2.64221   0.0473948   0.240598  2.16766 	Dead: 0
2.61272   0.0449638   0.228257  2.16766 	Dead: 0
2.60025   0.0423926   0.215204  2.16766 	Dead: 0
2.66096   0.05406     0.274434  2.16766 	Dead: 0
2.68048   0.0530383   0.269247  2.16766 	Dead: 0
2.64878   0.0480695   0.244023  2.16766 	Dead: 0
2.6269    0.0446752   0.226792  2.16766 	Dead: 0
2.61768   0.0476369   0.241827  2.16766 	Dead: 0
2.60654   0.0449286   0.228078  2.16766 	Dead: 0
2.62271   0.0442996   0.224885  2.16766 	Dead: 0
2.62715   0.0484878   0.246147  2.16766 	Dead: 0
2.64269   0.0473055   0.240145  2.16766 	Dead: 0
2.63186   0.0477833   0.24257   2.16766 	Dead: 0
2.61801   0.0429902   0.218238  2.16766 	Dead: 0
2.61695   0.0435237   0.220947  2.16766 	Dead: 0
2.6747    0.0500552   0.254104  2.16766 	Dead: 0
2.60744   0.0424396   0.215443  2.16766 	Dead: 0
2.61941   0.0547347   0.277859  2.16766 	Dead: 0
2.61678   0.046967    0.238427  2.16766 	Dead: 0
2.6219    0.046703    0.237086  2.16766 	Dead: 0
2.6176    0.0455173   0.231067  2.16766 	Dead: 0
2.60847   0.0477021   0.242158  2.16766 	Dead: 0
