6.62327   0.159933    0.811897  4.78704 	Dead: 0
3.43167   0.0493433   0.25049   2.99885 	Dead: 0
3.03049   0.0350127   0.177741  2.70949 	Dead: 0
2.76955   0.0288049   0.146227  2.54068 	Dead: 0
2.67111   0.0344055   0.174659  2.43817 	Dead: 0
2.64528   0.0259484   0.131726  2.43817 	Dead: 0
2.64818   0.045737    0.232182  2.3822  	Dead: 0
2.60057   0.0332966   0.169029  2.37511 	Dead: 0
2.58999   0.0432278   0.219444  2.35633 	Dead: 0
2.55971   0.0293551   0.14902   2.3469  	Dead: 0
2.55487   0.0325269   0.165122  2.26115 	Dead: 0
2.54301   0.0359468   0.182483  2.26115 	Dead: 0
2.50167   0.0275932   0.140076  2.26115 	Dead: 0
2.48119   0.0282336   0.143327  2.26115 	Dead: 0
2.47168   0.029094    0.147695  2.26115 	Dead: 0
2.45804   0.0291491   0.147975  2.26115 	Dead: 0
2.46799   0.0331977   0.168527  2.24263 	Dead: 0
2.43269   0.0293523   0.149006  2.22867 	Dead: 0
2.44996   0.0446148   0.226486  2.1835  	Dead: 0
2.45222   0.0414964   0.210655  2.1835  	Dead: 0
2.4172    0.0324654   0.16481   2.1835  	Dead: 0
2.41691   0.0321974   0.163449  2.1835  	Dead: 0
2.38575   0.0290535   0.147489  2.1835  	Dead: 0
2.42197   0.0453218   0.230074  2.1835  	Dead: 0
2.40367   0.0338936   0.172059  2.1835  	Dead: 0
2.38747   0.033921    0.172199  2.16745 	Dead: 0
2.38109   0.030188    0.153249  2.16745 	Dead: 0
2.39217   0.0319679   0.162284  2.11137 	Dead: 0
2.38122   0.0308981   0.156853  2.11137 	Dead: 0
2.40386   0.033541    0.17027   2.11137 	Dead: 0
2.37444   0.0362483   0.184013  2.11137 	Dead: 0
2.37138   0.0313409   0.159101  2.11137 	Dead: 0
2.36572   0.0357012   0.181236  2.11137 	Dead: 0
2.37749   0.031319    0.15899   2.11137 	Dead: 0
2.40351   0.0403053   0.204608  2.11137 	Dead: 0
2.38395   0.0540786   0.274528  2.11137 	Dead: 0
2.38326   0.043459    0.220618  2.11137 	Dead: 0
2.38496   0.0420489   0.21346   2.11137 	Dead: 0
2.35784   0.038898    0.197465  2.11137 	Dead: 0
2.37732   0.0389029   0.197489  2.11137 	Dead: 0
2.40124   0.0575911   0.292359  2.11137 	Dead: 0
2.38483   0.0516506   0.262203  2.11137 	Dead: 0
2.34444   0.0350432   0.177896  2.11137 	Dead: 0
2.36094   0.0368565   0.187101  2.11137 	Dead: 0
2.34625   0.0422206   0.214331  2.11137 	Dead: 0
2.3781    0.0464461   0.235782  2.11137 	Dead: 0
2.33554   0.03042     0.154426  2.11137 	Dead: 0
2.36287   0.0354905   0.180167  2.11137 	Dead: 0
2.33646   0.0322501   0.163716  2.11137 	Dead: 0
2.35161   0.0375147   0.190442  2.11137 	Dead: 0
2.34895   0.0410808   0.208545  2.11137 	Dead: 0
2.34306   0.0371433   0.188557  2.11137 	Dead: 0
2.33746   0.0437444   0.222067  2.11137 	Dead: 0
2.32502   0.0360657   0.183086  2.0205  	Dead: 0
2.33529   0.0495355   0.251465  2.0205  	Dead: 0
2.3231    0.034692    0.176113  2.0205  	Dead: 0
2.31264   0.0337271   0.171215  2.0205  	Dead: 0
2.308     0.0325936   0.16546   2.0205  	Dead: 0
2.30836   0.0334563   0.16984   2.0205  	Dead: 0
2.31655   0.0421256   0.213849  2.0205  	Dead: 0
2.31626   0.0349788   0.177569  2.0205  	Dead: 0
2.32178   0.0493317   0.250431  2.0205  	Dead: 0
2.31715   0.0446733   0.226782  2.0205  	Dead: 0
2.29941   0.0353441   0.179423  2.0205  	Dead: 0
2.28698   0.0316775   0.16081   2.0205  	Dead: 0
2.30218   0.0413487   0.209905  2.0205  	Dead: 0
2.29072   0.0387405   0.196665  2.0205  	Dead: 0
2.28565   0.0312514   0.158647  2.0205  	Dead: 0
2.28981   0.035231    0.178849  2.0205  	Dead: 0
2.32448   0.0382577   0.194214  2.0205  	Dead: 0
2.30634   0.0366462   0.186033  2.0205  	Dead: 0
2.28659   0.0321592   0.163255  2.0205  	Dead: 0
2.28324   0.0446017   0.226419  2.0205  	Dead: 0
2.30026   0.0376415   0.191086  2.0205  	Dead: 0
2.29672   0.0331916   0.168496  2.0205  	Dead: 0
2.28184   0.0326481   0.165737  2.0205  	Dead: 0
2.29189   0.0387204   0.196563  2.0205  	Dead: 0
2.32847   0.0534399   0.271286  2.0205  	Dead: 0
2.30954   0.0406002   0.206106  2.0205  	Dead: 0
2.33689   0.0633432   0.321559  2.0205  	Dead: 0
2.26381   0.027727    0.140755  2.0205  	Dead: 0
2.2615    0.027111    0.137628  2.0205  	Dead: 0
2.30023   0.0506265   0.257004  2.0205  	Dead: 0
2.2807    0.0579026   0.293941  2.0205  	Dead: 0
2.26472   0.0370289   0.187976  2.0205  	Dead: 0
2.2702    0.0573712   0.291243  2.01387 	Dead: 0
2.25222   0.038748    0.196703  2.01387 	Dead: 0
2.25738   0.039117    0.198576  2.01387 	Dead: 0
2.22945   0.0435743   0.221204  2.01387 	Dead: 0
2.22753   0.040586    0.206034  2.01387 	Dead: 0
2.2628    0.0540917   0.274595  2.01387 	Dead: 0
2.2551    0.043655    0.221613  2.01387 	Dead: 0
2.23036   0.0314228   0.159517  2.01387 	Dead: 0
2.27323   0.0486685   0.247064  2.01387 	Dead: 0
2.23894   0.0358244   0.181862  2.01387 	Dead: 0
2.256     0.0528348   0.268214  2.01387 	Dead: 0
2.22641   0.0310953   0.157854  2.01387 	Dead: 0
2.21989   0.0392097   0.199047  2.00962 	Dead: 0
2.2238    0.0390821   0.198399  2.00962 	Dead: 0
2.25103   0.0488071   0.247767  2.00962 	Dead: 0
2.25331   0.0503604   0.255653  2.00962 	Dead: 0
