3.97746   0.0961431   0.488067  2.9936  	Dead: 0
2.74291   0.0365845   0.18572   2.39095 	Dead: 0
2.583     0.0312816   0.1588    2.30115 	Dead: 0
2.48484   0.0243687   0.123707  2.26837 	Dead: 0
2.4552    0.0251317   0.12758   2.22105 	Dead: 0
2.39842   0.0260054   0.132016  2.10131 	Dead: 0
2.34885   0.0232192   0.117871  2.10131 	Dead: 0
2.32067   0.025633    0.130125  2.10131 	Dead: 0
2.29234   0.0249813   0.126817  2.05808 	Dead: 0
2.27846   0.0264086   0.134063  2.05808 	Dead: 0
2.24775   0.0224325   0.113878  2.05808 	Dead: 0
2.25035   0.0259808   0.131891  2.05808 	Dead: 0
2.22028   0.0256133   0.130025  1.97815 	Dead: 0
2.19772   0.030751    0.156106  1.97581 	Dead: 0
2.1909    0.0335108   0.170117  1.97581 	Dead: 0
2.18063   0.0246729   0.125251  1.95169 	Dead: 0
2.1679    0.0249246   0.126529  1.95169 	Dead: 0
2.15313   0.0273633   0.138909  1.95169 	Dead: 0
2.12729   0.0261721   0.132862  1.90884 	Dead: 0
2.11574   0.0248153   0.125974  1.90884 	Dead: 0
2.11727   0.0278544   0.141402  1.90884 	Dead: 0
2.10406   0.0278443   0.141351  1.90884 	Dead: 0
2.11141   0.0291939   0.148202  1.90884 	Dead: 0
2.10371   0.0246472   0.125121  1.90884 	Dead: 0
2.07602   0.0227666   0.115574  1.87483 	Dead: 0
2.06773   0.0273843   0.139015  1.85948 	Dead: 0
2.07446   0.0263622   0.133827  1.85948 	Dead: 0
2.05489   0.0221535   0.112461  1.85948 	Dead: 0
2.04695   0.0256678   0.130302  1.85948 	Dead: 0
2.04537   0.0282029   0.143171  1.85948 	Dead: 0
2.01004   0.0227002   0.115237  1.85948 	Dead: 0
1.99144   0.0224923   0.114181  1.83559 	Dead: 0
1.98114   0.0212841   0.108048  1.83559 	Dead: 0
1.97995   0.0273923   0.139056  1.79557 	Dead: 0
1.98364   0.0250844   0.12734   1.79557 	Dead: 0
1.98957   0.0303212   0.153925  1.79557 	Dead: 0
1.97632   0.0263821   0.133928  1.79557 	Dead: 0
1.9653    0.0214582   0.108932  1.79557 	Dead: 0
1.97112   0.0240857   0.12227   1.76552 	Dead: 0
1.95901   0.0198706   0.100872  1.76552 	Dead: 0
1.95541   0.020449    0.103809  1.76552 	Dead: 0
1.96746   0.0272914   0.138544  1.76552 	Dead: 0
1.98959   0.0309093   0.15691   1.76552 	Dead: 0
1.98282   0.0330276   0.167664  1.76552 	Dead: 0
1.95607   0.0227963   0.115725  1.76552 	Dead: 0
1.98526   0.0292478   0.148476  1.76552 	Dead: 0
1.95677   0.0209691   0.106449  1.76552 	Dead: 0
1.99792   0.0363341   0.184449  1.76552 	Dead: 0
1.97764   0.0289223   0.146823  1.7527  	Dead: 0
1.97683   0.0286692   0.145538  1.7527  	Dead: 0
1.97791   0.0341187   0.173202  1.7527  	Dead: 0
1.95847   0.0243175   0.123447  1.7527  	Dead: 0
1.97369   0.0404833   0.205512  1.7527  	Dead: 0
1.96406   0.026231    0.133161  1.7527  	Dead: 0
1.97419   0.0238918   0.121286  1.7527  	Dead: 0
1.95687   0.025401    0.128947  1.7527  	Dead: 0
1.95998   0.0252393   0.128127  1.7527  	Dead: 0
1.95228   0.0229465   0.116487  1.7527  	Dead: 0
1.96066   0.0251381   0.127612  1.7527  	Dead: 0
1.96473   0.02611     0.132546  1.73566 	Dead: 0
1.96203   0.0266473   0.135274  1.73566 	Dead: 0
1.96314   0.0262089   0.133049  1.73566 	Dead: 0
1.95402   0.0246757   0.125265  1.73566 	Dead: 0
1.96858   0.0291134   0.147793  1.73566 	Dead: 0
1.97528   0.0269105   0.13661   1.73566 	Dead: 0
1.96024   0.0261101   0.132547  1.73566 	Dead: 0
1.9549    0.0252311   0.128085  1.73566 	Dead: 0
1.97221   0.0300137   0.152363  1.73566 	Dead: 0
1.94364   0.0228044   0.115766  1.73566 	Dead: 0
1.96177   0.0290159   0.147298  1.73566 	Dead: 0
1.95453   0.0270003   0.137066  1.73566 	Dead: 0
1.95819   0.0281901   0.143106  1.73566 	Dead: 0
1.95148   0.0247738   0.125763  1.73566 	Dead: 0
1.95414   0.0256187   0.130052  1.73566 	Dead: 0
1.96622   0.0262751   0.133385  1.73566 	Dead: 0
1.95593   0.0265229   0.134642  1.73566 	Dead: 0
1.9506    0.0254671   0.129283  1.73566 	Dead: 0
1.95378   0.0272876   0.138525  1.73566 	Dead: 0
1.95254   0.0274573   0.139386  1.72173 	Dead: 0
1.93569   0.0269307   0.136713  1.72173 	Dead: 0
1.96212   0.0284369   0.144359  1.72173 	Dead: 0
1.95115   0.027614    0.140181  1.72173 	Dead: 0
1.95743   0.0287412   0.145904  1.72173 	Dead: 0
1.9527    0.0259757   0.131865  1.72173 	Dead: 0
1.94225   0.0271888   0.138023  1.72173 	Dead: 0
1.95654   0.0291881   0.148172  1.72173 	Dead: 0
1.9537    0.0289952   0.147193  1.72173 	Dead: 0
1.94333   0.0270574   0.137356  1.72173 	Dead: 0
1.96006   0.030322    0.153929  1.72173 	Dead: 0
1.9366    0.0261662   0.132832  1.72173 	Dead: 0
1.94198   0.0261282   0.132639  1.72173 	Dead: 0
1.96559   0.0356435   0.180943  1.72173 	Dead: 0
1.93249   0.0232208   0.11788   1.72173 	Dead: 0
1.93486   0.0240941   0.122313  1.72173 	Dead: 0
1.93866   0.0269742   0.136934  1.72173 	Dead: 0
1.94801   0.0275449   0.139831  1.72173 	Dead: 0
1.95393   0.0285349   0.144857  1.72173 	Dead: 0
1.96205   0.0335442   0.170286  1.72173 	Dead: 0
1.92847   0.0237835   0.120736  1.72173 	Dead: 0
1.96708   0.032206    0.163493  1.72173 	Dead: 0
1.93455   0.0256028   0.129972  1.72173 	Dead: 0
