4.10253   0.107895    0.547724  3.17604 	Dead: 0
2.77838   0.0271596   0.137875  2.43296 	Dead: 0
2.63228   0.0268663   0.136386  2.36182 	Dead: 0
2.56641   0.0278355   0.141306  2.34774 	Dead: 0
2.56063   0.0260088   0.132033  2.34774 	Dead: 0
2.54026   0.0273546   0.138865  2.31805 	Dead: 0
2.53689   0.0299415   0.151997  2.2362  	Dead: 0
2.50214   0.0263021   0.133522  2.2362  	Dead: 0
2.49408   0.034843    0.176879  2.2362  	Dead: 0
2.46952   0.0309588   0.157161  2.17892 	Dead: 0
2.43402   0.0299164   0.15187   2.17892 	Dead: 0
2.432     0.0326116   0.165552  2.17892 	Dead: 0
2.39848   0.0304146   0.154399  2.17085 	Dead: 0
2.40646   0.0354519   0.17997   2.17085 	Dead: 0
2.41877   0.0371976   0.188832  2.17085 	Dead: 0
2.39796   0.0313396   0.159094  2.09671 	Dead: 0
2.38802   0.0337574   0.171368  2.09671 	Dead: 0
2.37896   0.0338177   0.171674  2.09671 	Dead: 0
2.35847   0.0318917   0.161897  2.09671 	Dead: 0
2.35238   0.0295175   0.149845  2.09671 	Dead: 0
2.32785   0.026892    0.136516  2.09671 	Dead: 0
2.33542   0.0304012   0.154331  2.09671 	Dead: 0
2.32343   0.0308716   0.156719  2.09671 	Dead: 0
2.30972   0.0259635   0.131803  2.09671 	Dead: 0
2.32385   0.0317111   0.16098   2.09671 	Dead: 0
2.31377   0.0280018   0.14215   2.09671 	Dead: 0
2.29934   0.0315661   0.160244  2.03001 	Dead: 0
2.29015   0.0354168   0.179792  2.03001 	Dead: 0
2.24777   0.0278085   0.141169  2.03001 	Dead: 0
2.25099   0.0356706   0.181081  2.03001 	Dead: 0
2.21596   0.0320607   0.162755  1.95763 	Dead: 0
2.20101   0.0373019   0.189362  1.95763 	Dead: 0
2.18438   0.0296273   0.150402  1.95763 	Dead: 0
2.17493   0.0295584   0.150052  1.95307 	Dead: 0
2.18586   0.0327468   0.166238  1.95307 	Dead: 0
2.16706   0.029662    0.150578  1.95307 	Dead: 0
2.14699   0.0264359   0.134201  1.95307 	Dead: 0
2.14943   0.0322234   0.163581  1.95307 	Dead: 0
2.14252   0.0269524   0.136823  1.95307 	Dead: 0
2.13965   0.0263748   0.133891  1.92702 	Dead: 0
2.13446   0.0268179   0.13614   1.92702 	Dead: 0
2.13287   0.0288663   0.146539  1.92702 	Dead: 0
2.14621   0.0278653   0.141457  1.92702 	Dead: 0
2.13249   0.0299751   0.152167  1.92702 	Dead: 0
2.12108   0.0282152   0.143234  1.92702 	Dead: 0
2.11475   0.025457    0.129232  1.92702 	Dead: 0
2.12728   0.0306466   0.155577  1.92702 	Dead: 0
2.12157   0.0262466   0.13324   1.92702 	Dead: 0
2.12324   0.0278245   0.14125   1.89666 	Dead: 0
2.12769   0.0295644   0.150083  1.89666 	Dead: 0
2.10912   0.0272704   0.138437  1.89666 	Dead: 0
2.09541   0.0243265   0.123493  1.89666 	Dead: 0
2.12182   0.0299666   0.152124  1.89666 	Dead: 0
2.11105   0.0256725   0.130325  1.89666 	Dead: 0
2.11754   0.030265    0.153639  1.89666 	Dead: 0
2.10895   0.0246355   0.125061  1.89666 	Dead: 0
2.12338   0.0296505   0.15052   1.89666 	Dead: 0
2.14121   0.0363812   0.184688  1.89666 	Dead: 0
2.10792   0.0269239   0.136678  1.89666 	Dead: 0
2.11309   0.034806    0.176692  1.89666 	Dead: 0
2.12      0.0326316   0.165653  1.89666 	Dead: 0
2.1051    0.0277479   0.140861  1.89666 	Dead: 0
2.09059   0.0261524   0.132762  1.89666 	Dead: 0
2.07622   0.0238812   0.121232  1.86531 	Dead: 0
2.08391   0.0275791   0.140004  1.86531 	Dead: 0
2.07762   0.0281457   0.142881  1.86531 	Dead: 0
2.05849   0.0294496   0.1495    1.86531 	Dead: 0
2.05462   0.029741    0.150979  1.86531 	Dead: 0
2.03704   0.026725    0.135669  1.86531 	Dead: 0
2.01463   0.0257528   0.130733  1.86531 	Dead: 0
2.00655   0.0236745   0.120183  1.86531 	Dead: 0
2.00971   0.0217687   0.110508  1.86209 	Dead: 0
2.01745   0.0297558   0.151054  1.85716 	Dead: 0
1.99699   0.0254421   0.129156  1.82543 	Dead: 0
2.00481   0.0252865   0.128366  1.82543 	Dead: 0
2.0255    0.0339733   0.172464  1.82543 	Dead: 0
2.00937   0.0262029   0.133018  1.82543 	Dead: 0
2.02761   0.0310453   0.1576    1.82543 	Dead: 0
2.01966   0.0317065   0.160957  1.82543 	Dead: 0
2.02018   0.0333384   0.169241  1.82543 	Dead: 0
2.05568   0.0596549   0.302836  1.82543 	Dead: 0
2.02135   0.027847    0.141365  1.82543 	Dead: 0
2.00475   0.0286557   0.14547   1.82543 	Dead: 0
2.01028   0.0277599   0.140922  1.82543 	Dead: 0
1.98968   0.0271003   0.137574  1.79956 	Dead: 0
1.98179   0.024968    0.126749  1.79956 	Dead: 0
2.00181   0.0301661   0.153137  1.79956 	Dead: 0
1.96876   0.0237961   0.1208    1.79956 	Dead: 0
1.98338   0.0269629   0.136876  1.79956 	Dead: 0
1.98241   0.028087    0.142582  1.79711 	Dead: 0
1.97173   0.0293293   0.148889  1.75966 	Dead: 0
1.97311   0.0293266   0.148875  1.75966 	Dead: 0
1.98011   0.0276684   0.140458  1.75966 	Dead: 0
1.99067   0.0314213   0.159509  1.75966 	Dead: 0
1.95289   0.0265202   0.134629  1.75966 	Dead: 0
1.95519   0.0264369   0.134206  1.75914 	Dead: 0
1.93889   0.0318455   0.161663  1.75914 	Dead: 0
1.92944   0.0252196   0.128026  1.75914 	Dead: 0
1.9137    0.021942    0.111388  1.74039 	Dead: 0
1.93139   0.0268826   0.136469  1.74039 	Dead: 0
1.92359   0.0225279   0.114362  1.74039 	Dead: 0
