6.95988   0.0595926   0.30252   6.2458  	Dead: 0
6.12785   0.0636994   0.323368  5.40658 	Dead: 0
5.90568   0.0547501   0.277937  5.40658 	Dead: 0
5.78216   0.0580239   0.294556  5.30728 	Dead: 0
5.70699   0.0657288   0.33367   5.21371 	Dead: 0
5.65831   0.0635877   0.322801  5.13956 	Dead: 0
5.65267   0.063159    0.320624  5.13076 	Dead: 0
5.59264   0.0693012   0.351805  5.1266  	Dead: 0
5.56055   0.0620421   0.314955  5.05945 	Dead: 0
5.57169   0.0624027   0.316785  5.05945 	Dead: 0
5.49411   0.0594112   0.301599  5.02302 	Dead: 0
5.53233   0.0694207   0.352412  5.02302 	Dead: 0
5.50886   0.069157    0.351073  4.99749 	Dead: 0
5.4709    0.0729382   0.370269  4.79207 	Dead: 0
5.40551   0.0678601   0.34449   4.79207 	Dead: 0
5.44417   0.0727281   0.369202  4.79207 	Dead: 0
5.43906   0.0742276   0.376814  4.79207 	Dead: 0
5.40624   0.0732628   0.371916  4.79207 	Dead: 0
5.363     0.0669087   0.33966   4.79207 	Dead: 0
5.40104   0.0738871   0.375085  4.79207 	Dead: 0
5.31064   0.0632757   0.321217  4.79207 	Dead: 0
5.33311   0.0683155   0.346801  4.79207 	Dead: 0
5.34535   0.0774708   0.393278  4.7766  	Dead: 0
5.31604   0.069394    0.352277  4.72011 	Dead: 0
5.3182    0.0685496   0.34799   4.72011 	Dead: 0
5.3457    0.0792661   0.402392  4.68363 	Dead: 0
5.36812   0.081226    0.412341  4.53478 	Dead: 0
5.24734   0.0748508   0.379978  4.53478 	Dead: 0
5.26312   0.0809096   0.410735  4.53478 	Dead: 0
5.18595   0.0824951   0.418784  4.44243 	Dead: 0
5.2072    0.0828705   0.420689  4.44243 	Dead: 0
5.20417   0.0878632   0.446034  4.44243 	Dead: 0
5.18964   0.0877918   0.445672  4.44243 	Dead: 0
5.19841   0.0868462   0.440872  4.44243 	Dead: 0
5.1204    0.083217    0.422448  4.44243 	Dead: 0
5.15526   0.0756364   0.383966  4.44243 	Dead: 0
5.2035    0.0893228   0.453444  4.44243 	Dead: 0
5.20317   0.0895968   0.454835  4.44243 	Dead: 0
5.16748   0.0816278   0.414381  4.44243 	Dead: 0
5.13543   0.0776664   0.394271  4.44243 	Dead: 0
5.14994   0.0777136   0.394511  4.44243 	Dead: 0
5.16899   0.0836061   0.424424  4.44243 	Dead: 0
5.20979   0.0854101   0.433581  4.44243 	Dead: 0
5.13748   0.0831129   0.42192   4.44243 	Dead: 0
5.08835   0.0811225   0.411816  4.44243 	Dead: 0
5.1628    0.0904059   0.458943  4.37628 	Dead: 0
5.10755   0.0858214   0.435669  4.37628 	Dead: 0
5.15786   0.0891479   0.452556  4.37628 	Dead: 0
5.18187   0.090307    0.458441  4.37628 	Dead: 0
5.17868   0.0893693   0.45368   4.37628 	Dead: 0
5.13095   0.0848023   0.430496  4.37628 	Dead: 0
5.15205   0.0935524   0.474915  4.37628 	Dead: 0
5.08579   0.0810994   0.411699  4.37628 	Dead: 0
5.12495   0.0851165   0.432091  4.37628 	Dead: 0
5.168     0.0938033   0.476189  4.37628 	Dead: 0
5.17626   0.0912156   0.463053  4.37628 	Dead: 0
5.13912   0.0882432   0.447963  4.37628 	Dead: 0
5.18367   0.0944543   0.479494  4.32123 	Dead: 0
5.16281   0.0817331   0.414915  4.32123 	Dead: 0
5.16159   0.090322    0.458516  4.32123 	Dead: 0
5.14934   0.0868118   0.440697  4.32123 	Dead: 0
5.12732   0.0919655   0.46686   4.32123 	Dead: 0
5.12851   0.0871577   0.442453  4.32123 	Dead: 0
5.18845   0.0930835   0.472535  4.32123 	Dead: 0
5.11146   0.0850363   0.431684  4.32123 	Dead: 0
5.11184   0.0805634   0.408977  4.32123 	Dead: 0
5.127     0.086073    0.436947  4.32123 	Dead: 0
5.12392   0.0930638   0.472435  4.32123 	Dead: 0
5.13391   0.0847785   0.430375  4.32123 	Dead: 0
5.08534   0.0859362   0.436252  4.32123 	Dead: 0
5.06012   0.0780856   0.396399  4.32123 	Dead: 0
5.10203   0.0898729   0.456237  4.32123 	Dead: 0
5.0799    0.0790073   0.401078  4.32123 	Dead: 0
5.16298   0.0937866   0.476104  4.32123 	Dead: 0
5.08489   0.0917695   0.465865  4.32123 	Dead: 0
5.11963   0.0875179   0.444281  4.32123 	Dead: 0
5.09021   0.0887507   0.45054   4.32123 	Dead: 0
5.16767   0.0929351   0.471782  4.32123 	Dead: 0
5.13597   0.0858467   0.435798  4.32123 	Dead: 0
5.06613   0.0804581   0.408443  4.32123 	Dead: 0
5.07735   0.0921108   0.467598  4.32123 	Dead: 0
5.08598   0.0868612   0.440948  4.32123 	Dead: 0
5.04129   0.0785885   0.398952  4.32123 	Dead: 0
5.09193   0.0854977   0.434026  4.32123 	Dead: 0
5.09731   0.0893711   0.453689  4.32123 	Dead: 0
5.14095   0.091993    0.466999  4.32123 	Dead: 0
5.11172   0.0902562   0.458182  4.32123 	Dead: 0
5.10259   0.0852506   0.432772  4.32123 	Dead: 0
5.09542   0.0881914   0.4477    4.32123 	Dead: 0
5.13077   0.0996084   0.505659  4.32123 	Dead: 0
5.12658   0.0890191   0.451903  4.32123 	Dead: 0
5.15597   0.0936501   0.475411  4.32123 	Dead: 0
5.10225   0.0836151   0.424469  4.32123 	Dead: 0
5.11197   0.0871796   0.442564  4.32123 	Dead: 0
5.17491   0.0997912   0.506587  4.32123 	Dead: 0
5.11074   0.0913542   0.463756  4.32123 	Dead: 0
5.1281    0.0890662   0.452142  4.32123 	Dead: 0
5.13203   0.0887394   0.450482  4.32123 	Dead: 0
5.12168   0.0943456   0.478942  4.32123 	Dead: 0
5.10918   0.09031     0.458456  4.32123 	Dead: 0
5.13175   0.0895098   0.454394  4.32123 	Dead: 0
