6.95874   0.0653129   0.331559  6.19007 	Dead: 0
6.01646   0.0603739   0.306486  5.28956 	Dead: 0
5.82738   0.0637004   0.323373  5.24864 	Dead: 0
5.69123   0.0655252   0.332636  5.21787 	Dead: 0
5.68161   0.0684372   0.347419  5.13212 	Dead: 0
5.62269   0.069799    0.354332  5.02825 	Dead: 0
5.54616   0.0672928   0.341609  5.02825 	Dead: 0
5.54797   0.0730558   0.370865  5.02487 	Dead: 0
5.56768   0.0718985   0.36499   5.02487 	Dead: 0
5.52949   0.075377    0.382649  4.98347 	Dead: 0
5.57339   0.0762262   0.38696   4.95653 	Dead: 0
5.52655   0.0712255   0.361574  4.95653 	Dead: 0
5.52093   0.0726651   0.368882  4.95653 	Dead: 0
5.48536   0.0668169   0.339194  4.95653 	Dead: 0
5.49409   0.072265    0.366851  4.95653 	Dead: 0
5.51089   0.0766256   0.388987  4.95653 	Dead: 0
5.47248   0.0692867   0.351731  4.95653 	Dead: 0
5.43902   0.0669836   0.34004   4.95192 	Dead: 0
5.43082   0.0722878   0.366967  4.92127 	Dead: 0
5.40288   0.0667259   0.338732  4.89762 	Dead: 0
5.49264   0.0875735   0.444564  4.89762 	Dead: 0
5.45324   0.0672839   0.341565  4.85151 	Dead: 0
5.4356    0.0749142   0.3803    4.85151 	Dead: 0
5.44491   0.0689192   0.349866  4.85151 	Dead: 0
5.49347   0.075185    0.381674  4.85151 	Dead: 0
5.41548   0.0695397   0.353016  4.85151 	Dead: 0
5.4192    0.0646365   0.328125  4.85151 	Dead: 0
5.43985   0.0718402   0.364695  4.85151 	Dead: 0
5.40225   0.076132    0.386482  4.85151 	Dead: 0
5.43618   0.0753071   0.382294  4.85151 	Dead: 0
5.4374    0.0821471   0.417017  4.70301 	Dead: 0
5.4572    0.0825984   0.419308  4.70301 	Dead: 0
5.44273   0.0872117   0.442727  4.70301 	Dead: 0
5.41667   0.0726101   0.368603  4.70301 	Dead: 0
5.38962   0.0667179   0.338691  4.70301 	Dead: 0
5.41879   0.0744307   0.377845  4.70301 	Dead: 0
5.39212   0.0744816   0.378104  4.70301 	Dead: 0
5.38823   0.0721684   0.36636   4.70301 	Dead: 0
5.38008   0.0752298   0.381902  4.70301 	Dead: 0
5.34482   0.0667852   0.339033  4.70301 	Dead: 0
5.33994   0.0706141   0.35847   4.70301 	Dead: 0
5.3514    0.0737265   0.37427   4.70301 	Dead: 0
5.33588   0.0694313   0.352466  4.70301 	Dead: 0
5.35033   0.0710263   0.360563  4.70301 	Dead: 0
5.34993   0.0747832   0.379634  4.70301 	Dead: 0
5.36585   0.0822648   0.417614  4.70301 	Dead: 0
5.35618   0.0765044   0.388372  4.70301 	Dead: 0
5.32039   0.0730199   0.370683  4.70301 	Dead: 0
5.35977   0.0757114   0.384347  4.70301 	Dead: 0
5.43746   0.0881608   0.447546  4.70301 	Dead: 0
5.3513    0.0770663   0.391224  4.70301 	Dead: 0
5.34659   0.0791663   0.401885  4.70301 	Dead: 0
5.34572   0.0736413   0.373838  4.70301 	Dead: 0
5.35304   0.0818865   0.415694  4.70301 	Dead: 0
5.3084    0.0651248   0.330604  4.70301 	Dead: 0
5.32741   0.0739453   0.375381  4.70301 	Dead: 0
5.31584   0.0789954   0.401018  4.70301 	Dead: 0
5.28371   0.0685161   0.34782   4.70301 	Dead: 0
5.32225   0.0762386   0.387023  4.69928 	Dead: 0
5.28574   0.0781684   0.396819  4.69928 	Dead: 0
5.29643   0.075696    0.384268  4.69928 	Dead: 0
5.31078   0.0778728   0.395319  4.69928 	Dead: 0
5.28576   0.0679135   0.34476   4.69928 	Dead: 0
5.31083   0.072428    0.367678  4.69928 	Dead: 0
5.3087    0.0803242   0.407763  4.69928 	Dead: 0
5.27738   0.0730241   0.370704  4.69928 	Dead: 0
5.23423   0.0726877   0.368997  4.69928 	Dead: 0
5.31379   0.0762211   0.386934  4.69928 	Dead: 0
5.32934   0.0854184   0.433624  4.62438 	Dead: 0
5.24955   0.0664506   0.337334  4.62438 	Dead: 0
5.31817   0.0777319   0.394603  4.62438 	Dead: 0
5.27097   0.0736831   0.37405   4.62438 	Dead: 0
5.21475   0.0702154   0.356446  4.62438 	Dead: 0
5.29656   0.0781453   0.396702  4.62438 	Dead: 0
5.30101   0.0834659   0.423712  4.62438 	Dead: 0
5.25973   0.0709577   0.360214  4.62438 	Dead: 0
5.26419   0.0765725   0.388718  4.62438 	Dead: 0
5.35096   0.0839152   0.425993  4.62438 	Dead: 0
5.24881   0.0763821   0.387751  4.62438 	Dead: 0
5.26033   0.0792023   0.402068  4.62438 	Dead: 0
5.27924   0.0783769   0.397878  4.62438 	Dead: 0
5.25722   0.0740873   0.376102  4.62438 	Dead: 0
5.26616   0.0796226   0.404202  4.62438 	Dead: 0
5.31141   0.0746896   0.379159  4.62438 	Dead: 0
5.25832   0.0753233   0.382376  4.62438 	Dead: 0
5.26327   0.073989    0.375603  4.62438 	Dead: 0
5.28072   0.0773402   0.392615  4.62438 	Dead: 0
5.26129   0.0777983   0.39494   4.62438 	Dead: 0
5.2647    0.074178    0.376562  4.62438 	Dead: 0
5.25014   0.0756973   0.384275  4.62438 	Dead: 0
5.24982   0.0776233   0.394052  4.62438 	Dead: 0
5.30603   0.0857553   0.435334  4.62438 	Dead: 0
5.23876   0.069975    0.355226  4.62438 	Dead: 0
5.30313   0.0746642   0.37903   4.62438 	Dead: 0
5.32063   0.0762007   0.38683   4.62438 	Dead: 0
5.28712   0.0748134   0.379788  4.62438 	Dead: 0
5.34738   0.0856944   0.435025  4.62438 	Dead: 0
5.24292   0.0686123   0.348308  4.62438 	Dead: 0
5.32798   0.0834132   0.423444  4.62438 	Dead: 0
5.20746   0.0645726   0.327801  4.62438 	Dead: 0
5.28372   0.0874431   0.443902  4.62438 	Dead: 0
