16.6576   0.0589878   0.29945   15.8548 	Dead: 0
14.5455   0.032725    0.166127  14.1076 	Dead: 0
13.6434   0.039626    0.20116   13.2809 	Dead: 0
13.3717   0.0538057   0.273143  13.0319 	Dead: 0
12.8651   0.0532305   0.270223  12.3609 	Dead: 0
12.4732   0.0660864   0.335486  12.0097 	Dead: 0
12.0282   0.0582724   0.295818  11.6255 	Dead: 0
11.7767   0.0633733   0.321713  11.3958 	Dead: 0
11.2965   0.0721245   0.366137  10.6555 	Dead: 0
10.987    0.0762585   0.387124  10.6175 	Dead: 0
10.8678   0.101178    0.513629  10.27   	Dead: 0
10.5297   0.0883159   0.448333  10.0278 	Dead: 0
10.2691   0.109691    0.556842  9.58861 	Dead: 0
9.85763   0.097787    0.496412  9.30374 	Dead: 0
9.65828   0.129055    0.655146  9.0323  	Dead: 0
9.49939   0.123755    0.628237  8.66181 	Dead: 0
9.03168   0.125572    0.637461  8.28688 	Dead: 0
8.58297   0.129626    0.658041  7.97943 	Dead: 0
8.4841    0.155092    0.787319  7.78068 	Dead: 0
8.22442   0.155547    0.789627  7.34548 	Dead: 0
7.78904   0.166568    0.845578  6.90421 	Dead: 0
7.33306   0.138316    0.702155  6.64515 	Dead: 0
7.03803   0.113484    0.576099  6.4155  	Dead: 0
6.89397   0.198118    1.00574   6.10498 	Dead: 0
6.69642   0.219298    1.11326   5.88132 	Dead: 0
6.50635   0.214741    1.09013   5.60048 	Dead: 0
6.35878   0.199938    1.01498   5.49    	Dead: 0
6.3656    0.252231    1.28044   5.46318 	Dead: 0
6.09162   0.214957    1.09122   5.21977 	Dead: 0
5.96191   0.205875    1.04512   5.08293 	Dead: 0
5.79181   0.201935    1.02511   5.01255 	Dead: 0
5.85044   0.245733    1.24745   4.78427 	Dead: 0
5.73299   0.243779    1.23753   4.78427 	Dead: 0
5.9938    0.293934    1.49215   4.70318 	Dead: 0
5.77343   0.279688    1.41983   4.67457 	Dead: 0
5.67509   0.262085    1.33047   4.5592  	Dead: 0
5.51684   0.231023    1.17278   4.48728 	Dead: 0
5.28949   0.256769    1.30348   4.10978 	Dead: 0
5.19861   0.2798      1.42039   4.00321 	Dead: 0
4.97822   0.255188    1.29545   3.81667 	Dead: 0
4.93768   0.298037    1.51297   3.79249 	Dead: 0
4.63674   0.239978    1.21824   3.57759 	Dead: 0
4.59344   0.279237    1.41753   3.46427 	Dead: 0
4.50103   0.292278    1.48374   3.25679 	Dead: 0
4.61781   0.337581    1.71372   3.25679 	Dead: 0
4.19781   0.259593    1.31781   3.20015 	Dead: 0
4.47941   0.347228    1.76269   3.20015 	Dead: 0
4.27348   0.287977    1.46191   3.17469 	Dead: 0
4.35535   0.338416    1.71796   3.16279 	Dead: 0
4.15577   0.264184    1.34112   3.1406  	Dead: 0
4.22444   0.302271    1.53447   3.12038 	Dead: 0
4.11518   0.275876    1.40048   3.01741 	Dead: 0
4.15455   0.297531    1.5104    3.01741 	Dead: 0
4.24751   0.303237    1.53937   2.90119 	Dead: 0
4.06145   0.296009    1.50268   2.90119 	Dead: 0
4.57598   0.443179    2.24978   2.90119 	Dead: 0
4.09269   0.308179    1.56446   2.90119 	Dead: 0
4.21404   0.329535    1.67288   2.90119 	Dead: 0
4.40184   0.391041    1.98511   2.90119 	Dead: 0
3.96043   0.303612    1.54128   2.75311 	Dead: 0
4.19722   0.35147     1.78423   2.67973 	Dead: 0
3.64085   0.264298    1.3417    2.67973 	Dead: 0
3.84362   0.333838    1.69472   2.66545 	Dead: 0
3.86199   0.35792     1.81697   2.65529 	Dead: 0
3.78354   0.36294     1.84245   2.65529 	Dead: 0
4.00669   0.359805    1.82654   2.55112 	Dead: 0
3.70133   0.29857     1.51568   2.55112 	Dead: 0
3.62901   0.306539    1.55613   2.55112 	Dead: 0
3.72343   0.321954    1.63439   2.55112 	Dead: 0
3.81817   0.359185    1.82339   2.55112 	Dead: 0
3.7513    0.336387    1.70766   2.55112 	Dead: 0
3.71752   0.304983    1.54824   2.55112 	Dead: 0
3.7473    0.323269    1.64106   2.55112 	Dead: 0
3.91674   0.373674    1.89694   2.55112 	Dead: 0
3.70934   0.324401    1.64681   2.55112 	Dead: 0
3.8015    0.308987    1.56856   2.55112 	Dead: 0
3.79751   0.349659    1.77503   2.55112 	Dead: 0
4.01946   0.415739    2.11049   2.55112 	Dead: 0
3.93088   0.396044    2.0105    2.52377 	Dead: 0
3.48803   0.297844    1.51199   2.51915 	Dead: 0
3.73513   0.339351    1.72271   2.51915 	Dead: 0
3.77519   0.340089    1.72645   2.51915 	Dead: 0
3.82025   0.391148    1.98565   2.51915 	Dead: 0
3.85653   0.371353    1.88516   2.4828  	Dead: 0
3.88325   0.378655    1.92223   2.4828  	Dead: 0
3.69825   0.311192    1.57976   2.4828  	Dead: 0
3.48904   0.293637    1.49064   2.38132 	Dead: 0
3.4381    0.271516    1.37834   2.38132 	Dead: 0
3.53534   0.302246    1.53434   2.38132 	Dead: 0
3.829     0.369631    1.87642   2.38132 	Dead: 0
3.61407   0.362679    1.84113   2.38132 	Dead: 0
3.8025    0.393495    1.99756   2.38132 	Dead: 0
3.74528   0.38722     1.96571   2.38132 	Dead: 0
3.5287    0.318275    1.61571   2.38132 	Dead: 0
3.70316   0.358388    1.81935   2.38132 	Dead: 0
3.62815   0.343076    1.74162   2.38132 	Dead: 0
3.66453   0.360698    1.83107   2.35435 	Dead: 0
3.6625    0.354377    1.79898   2.35435 	Dead: 0
3.48895   0.329412    1.67225   2.35435 	Dead: 0
3.4418    0.309892    1.57315   2.35435 	Dead: 0
3.71242   0.364108    1.84838   2.35435 	Dead: 0
