15.5061   0.0919177   0.466617  14.6201 	Dead: 0
13.3829   0.0410415   0.208346  12.8604 	Dead: 0
13.1101   0.0545148   0.276743  12.4859 	Dead: 0
12.9784   0.0491167   0.249339  12.4859 	Dead: 0
12.8617   0.0460076   0.233556  12.4611 	Dead: 0
12.8613   0.0552401   0.280425  12.3375 	Dead: 0
12.8233   0.0516135   0.262014  12.3375 	Dead: 0
12.701    0.0504676   0.256197  12.1597 	Dead: 0
12.5998   0.0513434   0.260643  12.1417 	Dead: 0
12.5134   0.0489133   0.248307  12.0475 	Dead: 0
12.4742   0.0501074   0.254369  12.0475 	Dead: 0
12.5028   0.0585756   0.297357  11.9041 	Dead: 0
12.4522   0.0533143   0.270648  11.9041 	Dead: 0
12.4142   0.0534434   0.271304  11.8016 	Dead: 0
12.3857   0.0507414   0.257587  11.8016 	Dead: 0
12.3896   0.0619859   0.314669  11.8016 	Dead: 0
12.3379   0.0547128   0.277748  11.8016 	Dead: 0
12.344    0.0608682   0.308996  11.8016 	Dead: 0
12.3344   0.0597407   0.303272  11.8016 	Dead: 0
12.3877   0.0706782   0.358796  11.8016 	Dead: 0
12.329    0.0541545   0.274914  11.8016 	Dead: 0
12.3286   0.0535057   0.27162   11.8016 	Dead: 0
12.354    0.0570156   0.289438  11.8016 	Dead: 0
12.3636   0.0637079   0.323411  11.7026 	Dead: 0
12.3226   0.057085    0.28979   11.7026 	Dead: 0
12.3496   0.0605203   0.307229  11.7026 	Dead: 0
12.3603   0.0664997   0.337584  11.7026 	Dead: 0
12.3384   0.0632303   0.320986  11.7026 	Dead: 0
12.3476   0.0619865   0.314672  11.7026 	Dead: 0
12.3496   0.0671874   0.341074  11.7026 	Dead: 0
12.3353   0.0669793   0.340018  11.7026 	Dead: 0
12.3363   0.0666023   0.338104  11.7026 	Dead: 0
12.3095   0.0589173   0.299092  11.7026 	Dead: 0
12.3092   0.0556592   0.282552  11.7026 	Dead: 0
12.3314   0.0607822   0.308559  11.7026 	Dead: 0
12.3193   0.0632909   0.321294  11.7026 	Dead: 0
12.3476   0.0809176   0.410776  11.7026 	Dead: 0
12.314    0.0608187   0.308744  11.7026 	Dead: 0
12.2793   0.0624686   0.31712   11.7026 	Dead: 0
12.2863   0.0613571   0.311477  11.7026 	Dead: 0
12.2939   0.0634779   0.322243  11.7026 	Dead: 0
12.3252   0.0616563   0.312996  11.7026 	Dead: 0
12.2796   0.0558555   0.283548  11.7026 	Dead: 0
12.2593   0.0592673   0.300869  11.7026 	Dead: 0
12.2751   0.0646803   0.328347  11.7026 	Dead: 0
12.3064   0.0705078   0.35793   11.7026 	Dead: 0
12.285    0.0750999   0.381242  11.7026 	Dead: 0
12.2668   0.0647335   0.328617  11.7026 	Dead: 0
12.2597   0.0612856   0.311114  11.7026 	Dead: 0
12.2678   0.0657509   0.333782  11.7026 	Dead: 0
12.2793   0.0659454   0.334769  11.7026 	Dead: 0
12.292    0.0655117   0.332568  11.7026 	Dead: 0
12.2997   0.0679196   0.344791  11.7026 	Dead: 0
12.2602   0.0648557   0.329238  11.7026 	Dead: 0
12.2782   0.0655559   0.332792  11.6601 	Dead: 0
12.2766   0.0610461   0.309898  11.6601 	Dead: 0
12.2869   0.0661161   0.335636  11.6601 	Dead: 0
12.2597   0.057883    0.293841  11.6601 	Dead: 0
12.2667   0.0630196   0.319917  11.6601 	Dead: 0
12.2462   0.0619577   0.314526  11.6601 	Dead: 0
12.2418   0.0589902   0.299462  11.6601 	Dead: 0
12.2646   0.0672509   0.341397  11.6601 	Dead: 0
12.2539   0.0617008   0.313222  11.6601 	Dead: 0
12.2812   0.0624282   0.316915  11.6601 	Dead: 0
12.2649   0.0672042   0.34116   11.6601 	Dead: 0
12.2644   0.0627982   0.318793  11.6601 	Dead: 0
12.2581   0.0586861   0.297918  11.6601 	Dead: 0
12.3002   0.0646479   0.328183  11.6601 	Dead: 0
12.2901   0.0644116   0.326983  11.6601 	Dead: 0
12.2759   0.0691245   0.350908  11.6601 	Dead: 0
12.2689   0.0666019   0.338102  11.6601 	Dead: 0
12.2432   0.0647138   0.328517  11.6601 	Dead: 0
12.2431   0.0666635   0.338415  11.6601 	Dead: 0
12.2318   0.0613577   0.31148   11.6601 	Dead: 0
12.2365   0.0632973   0.321327  11.6601 	Dead: 0
12.2533   0.0672471   0.341378  11.6601 	Dead: 0
12.2415   0.0648647   0.329283  11.6601 	Dead: 0
12.2262   0.0604023   0.30663   11.6601 	Dead: 0
12.2155   0.0647864   0.328886  11.6601 	Dead: 0
12.2437   0.0648128   0.32902   11.6601 	Dead: 0
12.2905   0.0768844   0.390301  11.6601 	Dead: 0
12.2444   0.0652729   0.331355  11.6601 	Dead: 0
12.25     0.0668798   0.339513  11.6601 	Dead: 0
12.2022   0.0658575   0.334324  11.6601 	Dead: 0
12.2373   0.065071    0.330331  11.6601 	Dead: 0
12.221    0.0644273   0.327063  11.6601 	Dead: 0
12.2416   0.0648801   0.329362  11.6601 	Dead: 0
12.2339   0.0629798   0.319715  11.6601 	Dead: 0
12.1999   0.0606557   0.307917  11.6601 	Dead: 0
12.2222   0.062731    0.318452  11.6601 	Dead: 0
12.2359   0.0627302   0.318448  11.6601 	Dead: 0
12.2379   0.0683588   0.347021  11.6601 	Dead: 0
12.2391   0.0727723   0.369426  11.6601 	Dead: 0
12.2734   0.0625568   0.317568  11.6601 	Dead: 0
12.2426   0.0675092   0.342708  11.6601 	Dead: 0
12.2291   0.0678117   0.344244  11.6601 	Dead: 0
12.1959   0.0593215   0.301143  11.6601 	Dead: 0
12.2285   0.0772696   0.392257  11.6601 	Dead: 0
12.1748   0.0671875   0.341075  11.6601 	Dead: 0
12.1925   0.0586504   0.297737  11.6601 	Dead: 0
12.2113   0.0648263   0.329089  11.6601 	Dead: 0
