10.4649   0.0895218   0.454454  9.3923  	Dead: 0
8.53161   0.0539892   0.274074  7.96262 	Dead: 0
8.11488   0.0602108   0.305658  7.66812 	Dead: 0
8.0327    0.0655982   0.333007  7.43585 	Dead: 0
7.91289   0.0566803   0.287736  7.43585 	Dead: 0
7.8658    0.0566043   0.28735   7.38845 	Dead: 0
7.83902   0.0646459   0.328173  7.26828 	Dead: 0
7.76823   0.0632052   0.320859  7.26828 	Dead: 0
7.7802    0.0656335   0.333186  7.26828 	Dead: 0
7.74117   0.0656256   0.333146  7.26828 	Dead: 0
7.72516   0.0630486   0.320064  7.26828 	Dead: 0
7.71184   0.0652263   0.331119  7.2333  	Dead: 0
7.757     0.068995    0.350251  7.18679 	Dead: 0
7.70167   0.076639    0.389055  7.11425 	Dead: 0
7.66319   0.0685862   0.348176  7.11425 	Dead: 0
7.57109   0.062122    0.31536   6.85651 	Dead: 0
7.56745   0.071747    0.364221  6.85651 	Dead: 0
7.55292   0.065562    0.332823  6.85651 	Dead: 0
7.56629   0.0715885   0.363417  6.85651 	Dead: 0
7.50231   0.0736499   0.373881  6.82888 	Dead: 0
7.45795   0.0682812   0.346627  6.82888 	Dead: 0
7.45949   0.0669556   0.339898  6.82888 	Dead: 0
7.43847   0.0650495   0.330222  6.70935 	Dead: 0
7.43359   0.0701968   0.356352  6.70935 	Dead: 0
7.44796   0.0778241   0.395071  6.70935 	Dead: 0
7.41058   0.0685413   0.347948  6.70935 	Dead: 0
7.42802   0.0767471   0.389604  6.70935 	Dead: 0
7.39996   0.0688405   0.349466  6.70935 	Dead: 0
7.3731    0.0749884   0.380676  6.70935 	Dead: 0
7.38393   0.0683282   0.346866  6.70935 	Dead: 0
7.35699   0.0727478   0.369302  6.70935 	Dead: 0
7.37181   0.0777426   0.394658  6.70935 	Dead: 0
7.34824   0.0742497   0.376926  6.70935 	Dead: 0
7.33387   0.072764    0.369384  6.70935 	Dead: 0
7.32105   0.0755282   0.383416  6.70935 	Dead: 0
7.34132   0.0806042   0.409184  6.68702 	Dead: 0
7.3025    0.0801977   0.407121  6.68702 	Dead: 0
7.32866   0.0895455   0.454575  6.68702 	Dead: 0
7.29953   0.0862572   0.437882  6.67013 	Dead: 0
7.3192    0.093641    0.475366  6.64033 	Dead: 0
7.26835   0.0953227   0.483902  6.61273 	Dead: 0
7.23007   0.095957    0.487122  6.55694 	Dead: 0
7.20423   0.0910403   0.462163  6.55694 	Dead: 0
7.21076   0.0841061   0.426962  6.55694 	Dead: 0
7.16449   0.0850949   0.431982  6.54807 	Dead: 0
7.21709   0.0983292   0.499165  6.54807 	Dead: 0
7.19546   0.0961464   0.488084  6.53633 	Dead: 0
7.23545   0.0912233   0.463092  6.53633 	Dead: 0
7.13482   0.0843622   0.428262  6.52093 	Dead: 0
7.1986    0.0889106   0.451352  6.52093 	Dead: 0
7.20459   0.0836411   0.424601  6.52093 	Dead: 0
7.1846    0.0974176   0.494537  6.52044 	Dead: 0
7.15953   0.0951926   0.483242  6.42122 	Dead: 0
7.18284   0.0996122   0.505678  6.42122 	Dead: 0
7.14194   0.0867759   0.440515  6.42122 	Dead: 0
7.14717   0.0954632   0.484616  6.3291  	Dead: 0
7.12134   0.0943433   0.478931  6.3291  	Dead: 0
7.11477   0.0927079   0.470629  6.3291  	Dead: 0
7.18072   0.0953374   0.483977  6.3291  	Dead: 0
7.12269   0.0921337   0.467713  6.3291  	Dead: 0
7.13839   0.100337    0.509358  6.3291  	Dead: 0
7.16462   0.100045    0.507874  6.3291  	Dead: 0
7.10719   0.095921    0.48694   6.3291  	Dead: 0
7.10881   0.0977949   0.496453  6.3291  	Dead: 0
7.15367   0.09631     0.488914  6.3291  	Dead: 0
7.18683   0.103519    0.525511  6.02727 	Dead: 0
7.10145   0.0975479   0.495198  6.02727 	Dead: 0
7.16684   0.104197    0.528954  6.02727 	Dead: 0
7.11931   0.100078    0.508042  6.02727 	Dead: 0
7.13015   0.0986472   0.500779  6.02727 	Dead: 0
7.09017   0.090925    0.461578  6.02727 	Dead: 0
7.07167   0.0914342   0.464162  6.02727 	Dead: 0
7.07523   0.0936513   0.475418  6.02727 	Dead: 0
7.09579   0.098572    0.500397  6.02727 	Dead: 0
7.11667   0.0973367   0.494126  6.02727 	Dead: 0
7.12985   0.094454    0.479492  6.02727 	Dead: 0
7.12714   0.1043      0.529473  6.02727 	Dead: 0
7.04447   0.0909982   0.461949  6.02727 	Dead: 0
7.12119   0.0961623   0.488165  6.02727 	Dead: 0
7.04905   0.094294    0.47868   6.02727 	Dead: 0
7.01606   0.0937018   0.475674  6.02727 	Dead: 0
7.06694   0.100552    0.510448  6.02727 	Dead: 0
7.04047   0.09411     0.477746  6.02727 	Dead: 0
7.08345   0.0963271   0.489001  6.02727 	Dead: 0
7.08782   0.1028      0.521862  6.02727 	Dead: 0
7.10514   0.103454    0.525178  6.02727 	Dead: 0
7.08707   0.0955801   0.485209  6.02727 	Dead: 0
7.05453   0.0948754   0.481632  6.02727 	Dead: 0
7.08398   0.0943275   0.47885   6.02727 	Dead: 0
7.11487   0.108607    0.551338  6.02727 	Dead: 0
7.08545   0.0939217   0.47679   6.02727 	Dead: 0
7.07377   0.0974972   0.494942  6.02727 	Dead: 0
7.0255    0.0909876   0.461895  6.02727 	Dead: 0
7.07134   0.0968268   0.491538  6.02727 	Dead: 0
7.05015   0.0928107   0.47115   6.02727 	Dead: 0
7.05076   0.0985965   0.500522  6.02727 	Dead: 0
7.08245   0.102795    0.521838  6.02727 	Dead: 0
7.06127   0.0963405   0.489069  6.02727 	Dead: 0
7.08063   0.102215    0.518889  6.02727 	Dead: 0
7.04273   0.0954112   0.484352  6.02727 	Dead: 0
7.07852   0.0995705   0.505466  6.02727 	Dead: 0
