7.15309   0.102728    0.521495  5.5715  	Dead: 0
5.00677   0.08207     0.416626  4.41463 	Dead: 0
4.57843   0.0553097   0.280778  4.06324 	Dead: 0
4.41183   0.0792504   0.402312  3.8967  	Dead: 0
4.25957   0.0665309   0.337742  3.82075 	Dead: 0
4.12036   0.065631    0.333174  3.6924  	Dead: 0
4.06076   0.0861721   0.43745   3.52961 	Dead: 0
4.0651    0.0892286   0.452966  3.52961 	Dead: 0
3.9923    0.0813488   0.412964  3.51928 	Dead: 0
3.98791   0.0852368   0.432702  3.49507 	Dead: 0
3.93848   0.0805741   0.409032  3.37977 	Dead: 0
3.93213   0.0800815   0.406531  3.37977 	Dead: 0
3.95321   0.0881981   0.447735  3.37977 	Dead: 0
3.85984   0.0631689   0.320675  3.37977 	Dead: 0
3.86685   0.0592239   0.300648  3.37977 	Dead: 0
3.8306    0.0552272   0.280359  3.37977 	Dead: 0
3.84012   0.0686962   0.348734  3.37977 	Dead: 0
3.83601   0.0731439   0.371313  3.37977 	Dead: 0
3.81671   0.074558    0.378491  3.33864 	Dead: 0
3.74535   0.0538919   0.27358   3.33864 	Dead: 0
3.80776   0.0766482   0.389102  3.33864 	Dead: 0
3.83052   0.0749219   0.380338  3.33864 	Dead: 0
3.75962   0.0644266   0.327059  3.33864 	Dead: 0
3.80157   0.0768908   0.390334  3.26992 	Dead: 0
3.80477   0.0837594   0.425202  3.26992 	Dead: 0
3.84752   0.0968705   0.49176   3.26992 	Dead: 0
3.76232   0.0749477   0.380469  3.26992 	Dead: 0
3.76215   0.0748582   0.380015  3.26992 	Dead: 0
3.77698   0.0719298   0.365149  3.23937 	Dead: 0
3.72016   0.0657259   0.333655  3.23937 	Dead: 0
3.74853   0.0688709   0.349621  3.23937 	Dead: 0
3.73714   0.071584    0.363394  3.23937 	Dead: 0
3.7737    0.0881406   0.447443  3.23937 	Dead: 0
3.75529   0.0666474   0.338333  3.23937 	Dead: 0
3.74925   0.0633939   0.321817  3.23937 	Dead: 0
3.74973   0.0747986   0.379712  3.20127 	Dead: 0
3.72224   0.0673422   0.34186   3.20127 	Dead: 0
3.71207   0.0817947   0.415228  3.20127 	Dead: 0
3.7132    0.0739106   0.375205  3.20127 	Dead: 0
3.74406   0.0768383   0.390067  3.20127 	Dead: 0
3.71334   0.0696528   0.35359   3.20127 	Dead: 0
3.73254   0.0860613   0.436887  3.20127 	Dead: 0
3.7117    0.0729712   0.370436  3.20127 	Dead: 0
3.71002   0.0738498   0.374896  3.20127 	Dead: 0
3.6717    0.0631167   0.32041   3.20127 	Dead: 0
3.69269   0.073288    0.372044  3.20127 	Dead: 0
3.68177   0.0695836   0.353239  3.20127 	Dead: 0
3.65703   0.0661525   0.335821  3.20127 	Dead: 0
3.67591   0.0780543   0.39624   3.20127 	Dead: 0
3.71074   0.0769589   0.390679  3.20127 	Dead: 0
3.70274   0.0791213   0.401656  3.13083 	Dead: 0
3.69607   0.0789734   0.400906  3.13083 	Dead: 0
3.67575   0.0786292   0.399158  3.13083 	Dead: 0
3.70406   0.0720033   0.365523  3.13083 	Dead: 0
3.65181   0.0861074   0.437121  3.13083 	Dead: 0
3.64598   0.0802214   0.407241  3.13083 	Dead: 0
3.6302    0.0738202   0.374746  3.13083 	Dead: 0
3.67806   0.0827565   0.42011   3.13083 	Dead: 0
3.66374   0.07812     0.396574  3.13083 	Dead: 0
3.67392   0.0713348   0.362129  3.13083 	Dead: 0
3.64866   0.0683471   0.346962  3.04146 	Dead: 0
3.64098   0.0622338   0.315928  3.04146 	Dead: 0
3.67776   0.0716121   0.363537  3.04146 	Dead: 0
3.68169   0.0782146   0.397054  3.04146 	Dead: 0
3.65511   0.0729225   0.370189  3.04146 	Dead: 0
3.64071   0.0642899   0.326366  3.04146 	Dead: 0
3.67661   0.0727613   0.36937   3.04146 	Dead: 0
3.67672   0.080523    0.408772  3.04146 	Dead: 0
3.63438   0.0616295   0.31286   3.04146 	Dead: 0
3.62045   0.059869    0.303923  3.04146 	Dead: 0
3.6657    0.0808419   0.410391  3.04146 	Dead: 0
3.66241   0.0731133   0.371157  3.04146 	Dead: 0
3.63063   0.0710109   0.360484  3.04146 	Dead: 0
3.62039   0.0615262   0.312336  3.04146 	Dead: 0
3.6462    0.0651212   0.330585  3.04146 	Dead: 0
3.65136   0.0697523   0.354095  3.04146 	Dead: 0
3.67293   0.0912786   0.463373  3.04146 	Dead: 0
3.6372    0.0621074   0.315286  3.04146 	Dead: 0
3.74015   0.100673    0.511066  3.04146 	Dead: 0
3.64092   0.067759    0.343976  3.04146 	Dead: 0
3.69163   0.0760705   0.386169  3.04146 	Dead: 0
3.63083   0.0659182   0.334631  3.04146 	Dead: 0
3.64258   0.0784858   0.398431  3.04146 	Dead: 0
3.65191   0.0696469   0.35356   3.04146 	Dead: 0
3.66787   0.0760438   0.386034  3.04146 	Dead: 0
3.64257   0.0647756   0.328831  3.04146 	Dead: 0
3.6778    0.0778968   0.395441  3.04146 	Dead: 0
3.62363   0.0607457   0.308374  3.04146 	Dead: 0
3.65531   0.0754573   0.383056  3.04146 	Dead: 0
3.6601    0.078428    0.398137  3.04146 	Dead: 0
3.67131   0.0764935   0.388317  3.04146 	Dead: 0
3.63149   0.0624528   0.31704   3.04146 	Dead: 0
3.60015   0.0655725   0.332877  3.04146 	Dead: 0
3.62442   0.0858006   0.435564  3.04146 	Dead: 0
3.68468   0.0916113   0.465061  3.04146 	Dead: 0
3.62073   0.0641889   0.325853  3.04146 	Dead: 0
3.65381   0.0719411   0.365207  3.04146 	Dead: 0
3.61544   0.0642133   0.325977  3.04146 	Dead: 0
3.69898   0.0907794   0.460839  3.04146 	Dead: 0
3.67732   0.0809999   0.411193  3.04146 	Dead: 0
3.64571   0.0795361   0.403763  3.04146 	Dead: 0
