7.27257   0.10823     0.549428  5.97298 	Dead: 0
6.27395   0.0602859   0.306039  5.76335 	Dead: 0
6.10152   0.065951    0.334798  5.6263  	Dead: 0
6.06187   0.0608686   0.308997  5.48156 	Dead: 0
6.01725   0.0632323   0.320997  5.48156 	Dead: 0
6.02035   0.0708734   0.359787  5.46246 	Dead: 0
5.94699   0.0594413   0.301752  5.22086 	Dead: 0
5.95079   0.0672677   0.341482  5.22086 	Dead: 0
5.92838   0.0664794   0.337481  5.22086 	Dead: 0
5.93971   0.0603038   0.30613   5.22086 	Dead: 0
5.9699    0.0709798   0.360326  5.22086 	Dead: 0
5.93379   0.0634677   0.322191  5.22086 	Dead: 0
5.92909   0.0619785   0.314632  5.22086 	Dead: 0
5.95966   0.0692055   0.35132   5.22086 	Dead: 0
5.91077   0.0653054   0.331521  5.22086 	Dead: 0
5.86048   0.0624545   0.317048  5.22086 	Dead: 0
5.85469   0.0658485   0.334278  5.22086 	Dead: 0
5.72918   0.0572874   0.290817  5.22086 	Dead: 0
5.7348    0.0602348   0.30578   5.22086 	Dead: 0
5.67356   0.0552843   0.280649  5.16715 	Dead: 0
5.6644    0.0649643   0.329789  5.16715 	Dead: 0
5.64987   0.0674025   0.342167  5.09169 	Dead: 0
5.56873   0.0658255   0.334161  5.09169 	Dead: 0
5.52979   0.0757295   0.384438  4.98313 	Dead: 0
5.38716   0.0631384   0.32052   4.8848  	Dead: 0
5.33767   0.0710215   0.360538  4.81867 	Dead: 0
5.23787   0.0742875   0.377118  4.64661 	Dead: 0
5.12976   0.0678855   0.344619  4.64661 	Dead: 0
5.10983   0.0651294   0.330627  4.64661 	Dead: 0
5.0825    0.0633134   0.321408  4.53813 	Dead: 0
5.03696   0.0711235   0.361056  4.53813 	Dead: 0
5.06475   0.0641823   0.325819  4.53813 	Dead: 0
5.07485   0.0758398   0.384998  4.53813 	Dead: 0
5.08281   0.0662438   0.336285  4.48015 	Dead: 0
5.07414   0.0772893   0.392357  4.48015 	Dead: 0
5.06992   0.0732979   0.372095  4.48015 	Dead: 0
4.98389   0.0599644   0.304408  4.366   	Dead: 0
4.9902    0.0743937   0.377657  4.366   	Dead: 0
5.02637   0.0700657   0.355686  4.366   	Dead: 0
5.03356   0.0734977   0.373109  4.366   	Dead: 0
5.03692   0.0710605   0.360736  4.366   	Dead: 0
5.0372    0.0794986   0.403572  4.366   	Dead: 0
5.04198   0.073827    0.374781  4.366   	Dead: 0
4.98938   0.0674816   0.342568  4.366   	Dead: 0
5.02158   0.083918    0.426007  4.366   	Dead: 0
4.98967   0.0728712   0.369928  4.366   	Dead: 0
5.04873   0.0837424   0.425115  4.366   	Dead: 0
4.99297   0.0742765   0.377062  4.366   	Dead: 0
4.96507   0.0639274   0.324525  4.366   	Dead: 0
5.03665   0.0802173   0.40722   4.366   	Dead: 0
5.03998   0.0729852   0.370507  4.366   	Dead: 0
5.00819   0.0731026   0.371103  4.366   	Dead: 0
5.06178   0.0810912   0.411657  4.366   	Dead: 0
5.04579   0.0774947   0.393399  4.366   	Dead: 0
5.01965   0.0654448   0.332228  4.366   	Dead: 0
4.99572   0.0759427   0.385521  4.366   	Dead: 0
5.01886   0.0766051   0.388883  4.366   	Dead: 0
5.04582   0.0708653   0.359745  4.366   	Dead: 0
5.02853   0.0760985   0.386311  4.366   	Dead: 0
4.9856    0.0695331   0.352983  4.366   	Dead: 0
4.97876   0.0667523   0.338866  4.366   	Dead: 0
4.9667    0.0648002   0.328956  4.366   	Dead: 0
5.00203   0.0841424   0.427146  4.366   	Dead: 0
4.94991   0.0618587   0.314024  4.366   	Dead: 0
4.99501   0.0716804   0.363883  4.366   	Dead: 0
5.0049    0.0824487   0.418548  4.366   	Dead: 0
5.00043   0.0773718   0.392775  4.366   	Dead: 0
4.98954   0.0777194   0.39454   4.366   	Dead: 0
4.98453   0.0743804   0.377589  4.366   	Dead: 0
4.98798   0.0718238   0.364611  4.366   	Dead: 0
4.99496   0.0812855   0.412643  4.366   	Dead: 0
5.04012   0.0951102   0.482824  4.366   	Dead: 0
4.95088   0.0686211   0.348352  4.366   	Dead: 0
4.96923   0.0761511   0.386579  4.366   	Dead: 0
4.9472    0.0669159   0.339696  4.366   	Dead: 0
5.00031   0.0917222   0.465625  4.366   	Dead: 0
4.94641   0.078628    0.399152  4.366   	Dead: 0
4.96505   0.0793157   0.402643  4.366   	Dead: 0
4.94799   0.0690456   0.350508  4.366   	Dead: 0
4.97759   0.0780486   0.396211  4.366   	Dead: 0
4.93933   0.0767172   0.389453  4.366   	Dead: 0
4.91024   0.0735765   0.373509  4.366   	Dead: 0
4.87132   0.0714588   0.362758  4.366   	Dead: 0
4.88028   0.0734205   0.372716  4.366   	Dead: 0
4.75368   0.064434    0.327097  4.366   	Dead: 0
4.79492   0.0776084   0.393976  4.35579 	Dead: 0
4.74257   0.0637706   0.323729  4.35079 	Dead: 0
4.70861   0.063005    0.319843  4.26374 	Dead: 0
4.6785    0.0688289   0.349408  4.17498 	Dead: 0
4.67596   0.0767014   0.389372  4.17498 	Dead: 0
4.72666   0.0753923   0.382727  4.17498 	Dead: 0
4.68662   0.0655852   0.332941  4.17498 	Dead: 0
4.68273   0.0655663   0.332845  4.17498 	Dead: 0
4.63842   0.0632254   0.320962  4.17498 	Dead: 0
4.62256   0.0632657   0.321166  4.17498 	Dead: 0
4.67907   0.07167     0.36383   4.17498 	Dead: 0
4.68702   0.0847768   0.430366  4.17498 	Dead: 0
4.69405   0.0730769   0.370973  4.17498 	Dead: 0
4.66691   0.0747624   0.379529  4.17498 	Dead: 0
4.6318    0.0671811   0.341043  4.17498 	Dead: 0
4.72324   0.0840228   0.426539  4.17498 	Dead: 0
