7.1864    0.0975744   0.495333  6.08482 	Dead: 0
6.21684   0.0497375   0.252491  5.69905 	Dead: 0
6.17955   0.0640642   0.32522   5.48207 	Dead: 0
6.10752   0.0670381   0.340317  5.48207 	Dead: 0
6.06172   0.0675393   0.342861  5.48207 	Dead: 0
5.95262   0.0717526   0.36425   5.27816 	Dead: 0
5.90374   0.0746878   0.37915   5.27816 	Dead: 0
5.90444   0.0729998   0.370581  5.27816 	Dead: 0
5.89876   0.0765597   0.388653  5.26443 	Dead: 0
5.89679   0.0850349   0.431677  5.26443 	Dead: 0
5.91654   0.0862106   0.437645  5.26443 	Dead: 0
5.88241   0.0738766   0.375032  5.26443 	Dead: 0
5.90314   0.0816849   0.414671  5.26443 	Dead: 0
5.86627   0.0730525   0.370849  5.26443 	Dead: 0
5.85803   0.0852636   0.432838  5.24384 	Dead: 0
5.87671   0.0841126   0.426995  5.24384 	Dead: 0
5.8583    0.0891178   0.452403  5.24384 	Dead: 0
5.85395   0.0824796   0.418705  5.24384 	Dead: 0
5.81721   0.0892432   0.45304   5.24384 	Dead: 0
5.83376   0.0841993   0.427435  5.24384 	Dead: 0
5.81153   0.0849677   0.431336  5.08433 	Dead: 0
5.84436   0.0970831   0.492839  5.08433 	Dead: 0
5.77617   0.0836352   0.424571  5.08433 	Dead: 0
5.82312   0.0836012   0.424399  5.08433 	Dead: 0
5.79377   0.0884671   0.4491    5.08433 	Dead: 0
5.73601   0.0830331   0.421515  5.08433 	Dead: 0
5.88519   0.0956813   0.485723  5.08433 	Dead: 0
5.74032   0.0804256   0.408278  5.08433 	Dead: 0
5.71056   0.0811439   0.411924  5.08433 	Dead: 0
5.69183   0.084158    0.427225  5.08433 	Dead: 0
5.69931   0.0795153   0.403657  5.04431 	Dead: 0
5.73463   0.0922983   0.468549  5.04431 	Dead: 0
5.71229   0.0875543   0.444466  5.04431 	Dead: 0
5.68178   0.0831068   0.421889  5.04431 	Dead: 0
5.68266   0.0911337   0.462637  4.89378 	Dead: 0
5.59635   0.0771354   0.391575  4.89378 	Dead: 0
5.593     0.0838222   0.425521  4.89378 	Dead: 0
5.62544   0.0838363   0.425592  4.89378 	Dead: 0
5.61389   0.0850721   0.431866  4.89378 	Dead: 0
5.68207   0.0992635   0.503908  4.89378 	Dead: 0
5.62634   0.089027    0.451943  4.89378 	Dead: 0
5.60616   0.0819238   0.415883  4.89378 	Dead: 0
5.62402   0.0862019   0.437601  4.89378 	Dead: 0
5.57933   0.080503    0.408671  4.89378 	Dead: 0
5.65349   0.101402    0.514765  4.89378 	Dead: 0
5.64136   0.095169    0.483122  4.89378 	Dead: 0
5.62736   0.0870777   0.442047  4.89378 	Dead: 0
5.62393   0.0856666   0.434884  4.89378 	Dead: 0
5.6479    0.0975184   0.495049  4.89378 	Dead: 0
5.64435   0.0903471   0.458644  4.89378 	Dead: 0
5.64683   0.092388    0.469004  4.89378 	Dead: 0
5.58212   0.0846085   0.429512  4.89378 	Dead: 0
5.59787   0.0872236   0.442788  4.89378 	Dead: 0
5.58651   0.0879821   0.446638  4.89378 	Dead: 0
5.62912   0.0991925   0.503548  4.89378 	Dead: 0
5.62742   0.0925887   0.470024  4.89378 	Dead: 0
5.65581   0.0936614   0.475469  4.89378 	Dead: 0
5.56205   0.0817447   0.414974  4.89378 	Dead: 0
5.6683    0.0953889   0.484238  4.89378 	Dead: 0
5.5881    0.0839881   0.426363  4.89378 	Dead: 0
5.61785   0.0929437   0.471825  4.89378 	Dead: 0
5.59758   0.0857131   0.43512   4.89378 	Dead: 0
5.59816   0.0942288   0.47835   4.89378 	Dead: 0
5.5764    0.0913603   0.463787  4.89378 	Dead: 0
5.56726   0.0947829   0.481162  4.89378 	Dead: 0
5.60628   0.0860271   0.436714  4.89378 	Dead: 0
5.56771   0.0927998   0.471095  4.89378 	Dead: 0
5.53799   0.0853533   0.433293  4.89378 	Dead: 0
5.56015   0.0884298   0.448911  4.89378 	Dead: 0
5.62597   0.10411     0.528513  4.87944 	Dead: 0
5.48991   0.087075    0.442033  4.87944 	Dead: 0
5.51522   0.0841738   0.427305  4.87944 	Dead: 0
5.53505   0.0924286   0.469211  4.87944 	Dead: 0
5.54457   0.0892696   0.453174  4.87944 	Dead: 0
5.49401   0.0936693   0.475509  4.87944 	Dead: 0
5.59646   0.0969127   0.491974  4.87944 	Dead: 0
5.536     0.0972207   0.493538  4.87944 	Dead: 0
5.53623   0.0985034   0.500049  4.87944 	Dead: 0
5.50517   0.10269     0.521303  4.70714 	Dead: 0
5.59169   0.110218    0.55952   4.70714 	Dead: 0
5.46669   0.0935008   0.474654  4.70714 	Dead: 0
5.5545    0.0972632   0.493753  4.70714 	Dead: 0
5.53047   0.105228    0.534185  4.70714 	Dead: 0
5.53334   0.100783    0.511622  4.70714 	Dead: 0
5.53526   0.105251    0.534302  4.70714 	Dead: 0
5.48599   0.093464    0.474467  4.70714 	Dead: 0
5.488     0.0938764   0.476561  4.70714 	Dead: 0
5.53276   0.0997769   0.506514  4.70714 	Dead: 0
5.50086   0.094684    0.48066   4.70714 	Dead: 0
5.50267   0.0968322   0.491565  4.70714 	Dead: 0
5.51458   0.0914362   0.464173  4.70714 	Dead: 0
5.53277   0.102771    0.521713  4.70714 	Dead: 0
5.55696   0.105632    0.53624   4.70714 	Dead: 0
5.57089   0.103483    0.52533   4.70714 	Dead: 0
5.46998   0.0931109   0.472674  4.70714 	Dead: 0
5.52186   0.109226    0.554481  4.70714 	Dead: 0
5.55629   0.0971307   0.493081  4.70714 	Dead: 0
5.53233   0.104828    0.532158  4.70714 	Dead: 0
5.54693   0.0969337   0.492081  4.70714 	Dead: 0
5.53822   0.101625    0.515894  4.70714 	Dead: 0
5.54806   0.104349    0.529725  4.70714 	Dead: 0
