7.00172   0.045545    0.231208  6.49719 	Dead: 0
6.47106   0.0299103   0.151839  6.17954 	Dead: 0
6.42243   0.0365964   0.18578   6.02719 	Dead: 0
6.3922    0.0355317   0.180375  6.02719 	Dead: 0
6.35545   0.0354126   0.179771  6.02719 	Dead: 0
6.3454    0.0359118   0.182305  5.97591 	Dead: 0
6.32953   0.038533    0.195612  5.97591 	Dead: 0
6.3191    0.0395659   0.200855  5.97591 	Dead: 0
6.34096   0.0419819   0.21312   5.97591 	Dead: 0
6.32148   0.0388813   0.197379  5.97591 	Dead: 0
6.3306    0.0417539   0.211962  5.97591 	Dead: 0
6.31899   0.0415982   0.211172  5.97591 	Dead: 0
6.32369   0.0443964   0.225377  5.96376 	Dead: 0
6.30669   0.0416307   0.211337  5.96376 	Dead: 0
6.28176   0.0404148   0.205164  5.85316 	Dead: 0
6.30604   0.043338    0.220004  5.85316 	Dead: 0
6.28367   0.0393818   0.199921  5.85316 	Dead: 0
6.30478   0.0463234   0.235159  5.85316 	Dead: 0
6.23936   0.0398472   0.202283  5.85316 	Dead: 0
6.28271   0.0439959   0.223344  5.85316 	Dead: 0
6.28567   0.0466879   0.23701   5.85316 	Dead: 0
6.23943   0.0375382   0.190561  5.85316 	Dead: 0
6.27745   0.0412317   0.209311  5.85316 	Dead: 0
6.27219   0.0417932   0.212162  5.85316 	Dead: 0
6.27075   0.0451675   0.229292  5.85316 	Dead: 0
6.23282   0.0409845   0.208056  5.85316 	Dead: 0
6.25373   0.0456365   0.231672  5.85316 	Dead: 0
6.22276   0.0405588   0.205895  5.85316 	Dead: 0
6.21768   0.0382456   0.194153  5.85316 	Dead: 0
6.23455   0.0400444   0.203284  5.85316 	Dead: 0
6.22544   0.0437839   0.222267  5.85316 	Dead: 0
6.18651   0.0409911   0.20809   5.85316 	Dead: 0
6.2077    0.0420978   0.213708  5.78033 	Dead: 0
6.18593   0.0406993   0.206609  5.78033 	Dead: 0
6.17769   0.0397494   0.201787  5.78033 	Dead: 0
6.19975   0.0449362   0.228117  5.78033 	Dead: 0
6.16599   0.0373346   0.189528  5.78033 	Dead: 0
6.17397   0.0407575   0.206904  5.78033 	Dead: 0
6.18207   0.0450637   0.228764  5.78033 	Dead: 0
6.19491   0.0419786   0.213103  5.78033 	Dead: 0
6.17624   0.0416856   0.211616  5.78033 	Dead: 0
6.1959    0.0450486   0.228687  5.78033 	Dead: 0
6.18841   0.0440714   0.223727  5.78033 	Dead: 0
6.19336   0.0455099   0.23103   5.78033 	Dead: 0
6.16895   0.0411642   0.208969  5.78033 	Dead: 0
6.1854    0.0458852   0.232935  5.78033 	Dead: 0
6.16644   0.0432675   0.219646  5.78033 	Dead: 0
6.1548    0.0416618   0.211495  5.78033 	Dead: 0
6.16313   0.0434603   0.220625  5.78033 	Dead: 0
6.16056   0.0446108   0.226465  5.78033 	Dead: 0
6.13828   0.0389062   0.197506  5.78033 	Dead: 0
6.15364   0.0415076   0.210712  5.78033 	Dead: 0
6.14039   0.0434016   0.220327  5.68312 	Dead: 0
6.12306   0.0433919   0.220278  5.68312 	Dead: 0
6.13533   0.0448482   0.227671  5.68312 	Dead: 0
6.12216   0.0438675   0.222692  5.68312 	Dead: 0
6.10917   0.0425344   0.215925  5.68312 	Dead: 0
6.13234   0.0414381   0.210359  5.68312 	Dead: 0
6.10979   0.0454607   0.23078   5.68312 	Dead: 0
6.11422   0.0449239   0.228055  5.68312 	Dead: 0
6.09241   0.0431184   0.218889  5.6676  	Dead: 0
6.0947    0.0443759   0.225273  5.6676  	Dead: 0
6.10171   0.0430494   0.218539  5.6676  	Dead: 0
6.09829   0.0431539   0.219069  5.6676  	Dead: 0
6.12792   0.0446936   0.226886  5.6676  	Dead: 0
6.10779   0.0446865   0.226849  5.6676  	Dead: 0
6.09066   0.043959    0.223157  5.6676  	Dead: 0
6.07594   0.042595    0.216232  5.6676  	Dead: 0
6.09771   0.0438106   0.222403  5.6676  	Dead: 0
6.10751   0.0457839   0.232421  5.6676  	Dead: 0
6.09151   0.0410747   0.208515  5.6676  	Dead: 0
6.06897   0.0427083   0.216807  5.6676  	Dead: 0
6.07919   0.0445056   0.225931  5.6676  	Dead: 0
6.0916    0.0467767   0.23746   5.6676  	Dead: 0
6.05092   0.0403549   0.20486   5.6676  	Dead: 0
6.05067   0.0449422   0.228147  5.6676  	Dead: 0
6.07554   0.0454563   0.230757  5.6676  	Dead: 0
6.05335   0.0452719   0.229821  5.6676  	Dead: 0
6.07852   0.0480288   0.243817  5.6676  	Dead: 0
6.09531   0.0471986   0.239602  5.6676  	Dead: 0
6.05292   0.0422627   0.214545  5.6676  	Dead: 0
6.0724    0.0454464   0.230707  5.6676  	Dead: 0
6.07564   0.0468602   0.237884  5.6676  	Dead: 0
6.04788   0.0448321   0.227589  5.6676  	Dead: 0
6.046     0.046408    0.235589  5.6676  	Dead: 0
6.03762   0.0466296   0.236714  5.6676  	Dead: 0
6.05327   0.0466153   0.236641  5.6676  	Dead: 0
6.04411   0.0462875   0.234977  5.58375 	Dead: 0
6.04737   0.0464029   0.235563  5.58375 	Dead: 0
6.05598   0.0484231   0.245818  5.58375 	Dead: 0
6.06204   0.0494693   0.251129  5.58375 	Dead: 0
6.0466    0.048467    0.246041  5.58375 	Dead: 0
6.03368   0.0478691   0.243006  5.58375 	Dead: 0
6.01366   0.0442903   0.224838  5.58375 	Dead: 0
6.03384   0.0476429   0.241858  5.58375 	Dead: 0
6.04812   0.0464967   0.236039  5.58375 	Dead: 0
6.01034   0.0427526   0.217032  5.58375 	Dead: 0
6.01231   0.0425165   0.215834  5.58375 	Dead: 0
5.99489   0.0439805   0.223266  5.57331 	Dead: 0
5.99388   0.0453425   0.23018   5.57331 	Dead: 0
6.00322   0.046491    0.23601   5.57331 	Dead: 0
