17.5218   0.0691003   0.350785  16.7175 	Dead: 0
16.0584   0.0343238   0.174244  15.7579 	Dead: 0
15.8328   0.034106    0.173138  15.6049 	Dead: 0
15.7459   0.0291301   0.147878  15.4096 	Dead: 0
15.6649   0.0465492   0.236305  15.3244 	Dead: 0
15.6062   0.0454612   0.230782  15.288  	Dead: 0
15.5508   0.0388984   0.197466  15.1976 	Dead: 0
15.5498   0.0488479   0.247975  15.1976 	Dead: 0
15.5226   0.0449789   0.228334  15.1976 	Dead: 0
15.5044   0.043323    0.219928  15.1976 	Dead: 0
15.5063   0.048897    0.248224  15.1227 	Dead: 0
15.4925   0.0520037   0.263995  15.111  	Dead: 0
15.4559   0.0486304   0.246871  15.111  	Dead: 0
15.4824   0.0514854   0.261364  15.111  	Dead: 0
15.4676   0.0514381   0.261124  15.111  	Dead: 0
15.4451   0.0451992   0.229452  15.111  	Dead: 0
15.4341   0.0488592   0.248032  15.0906 	Dead: 0
15.4524   0.0489229   0.248355  15.0906 	Dead: 0
15.4586   0.0493455   0.250501  14.9615 	Dead: 0
15.4454   0.0570555   0.289641  14.9615 	Dead: 0
15.43     0.0532288   0.270214  14.9615 	Dead: 0
15.4455   0.0585162   0.297056  14.9535 	Dead: 0
15.4279   0.0627294   0.318444  14.9535 	Dead: 0
15.3375   0.0472473   0.23985   14.9535 	Dead: 0
15.2845   0.048313    0.245259  14.9535 	Dead: 0
15.2477   0.0469867   0.238527  14.9268 	Dead: 0
15.2256   0.0443311   0.225046  14.7182 	Dead: 0
15.2354   0.0485981   0.246707  14.7182 	Dead: 0
15.2482   0.0526387   0.267218  14.7182 	Dead: 0
15.2357   0.0545233   0.276786  14.7182 	Dead: 0
15.2009   0.0519767   0.263858  14.7182 	Dead: 0
15.1913   0.0515725   0.261806  14.7182 	Dead: 0
15.2113   0.0583273   0.296097  14.7182 	Dead: 0
15.168    0.0544129   0.276225  14.7182 	Dead: 0
15.1574   0.0549639   0.279022  14.7182 	Dead: 0
15.1751   0.0554428   0.281453  14.7182 	Dead: 0
15.1549   0.0533898   0.271032  14.6662 	Dead: 0
15.1376   0.0564446   0.286539  14.6662 	Dead: 0
15.1284   0.051299    0.260418  14.6662 	Dead: 0
15.1557   0.0590928   0.299983  14.6662 	Dead: 0
15.1082   0.0503331   0.255514  14.6662 	Dead: 0
15.1305   0.0547253   0.277811  14.6662 	Dead: 0
15.1094   0.053051    0.269312  14.6662 	Dead: 0
15.0858   0.0496076   0.251831  14.6659 	Dead: 0
15.0898   0.0500254   0.253952  14.6659 	Dead: 0
15.1152   0.0567021   0.287846  14.6659 	Dead: 0
15.1273   0.0557385   0.282955  14.6659 	Dead: 0
15.1009   0.0547991   0.278186  14.6659 	Dead: 0
15.1222   0.054568    0.277012  14.532  	Dead: 0
15.0771   0.0523049   0.265524  14.532  	Dead: 0
15.1152   0.0563945   0.286285  14.532  	Dead: 0
15.0985   0.0537961   0.273094  14.532  	Dead: 0
15.0416   0.05472     0.277784  14.532  	Dead: 0
14.9081   0.0473833   0.24054   14.532  	Dead: 0
14.865    0.0511262   0.25954   14.4359 	Dead: 0
14.8551   0.0596126   0.302621  14.3969 	Dead: 0
14.847    0.0551033   0.27973   14.3969 	Dead: 0
14.8096   0.0609081   0.309198  14.3969 	Dead: 0
14.7602   0.0528751   0.268419  14.3969 	Dead: 0
14.7618   0.0517236   0.262573  14.3969 	Dead: 0
14.7399   0.044754    0.227192  14.3795 	Dead: 0
14.7485   0.047555    0.241411  14.3795 	Dead: 0
14.7462   0.0474189   0.240721  14.3795 	Dead: 0
14.7427   0.0491955   0.249739  14.3795 	Dead: 0
14.7478   0.045531    0.231137  14.3795 	Dead: 0
14.7205   0.0504846   0.256283  14.3717 	Dead: 0
14.7129   0.0508307   0.25804   14.3717 	Dead: 0
14.7114   0.0552151   0.280297  14.2167 	Dead: 0
14.6932   0.0493068   0.250304  14.2167 	Dead: 0
14.6764   0.0497948   0.252781  14.2167 	Dead: 0
14.6466   0.0435664   0.221163  14.2167 	Dead: 0
14.6572   0.0428846   0.217702  14.2167 	Dead: 0
14.6593   0.0470418   0.238806  14.2167 	Dead: 0
14.621    0.0539067   0.273655  14.1846 	Dead: 0
14.5935   0.0462568   0.234821  14.1846 	Dead: 0
14.5946   0.0440098   0.223414  14.1846 	Dead: 0
14.5626   0.0466951   0.237046  14.1846 	Dead: 0
14.5553   0.0435301   0.220979  14.1846 	Dead: 0
14.5571   0.0495288   0.251431  14.1846 	Dead: 0
14.5711   0.0511654   0.259739  14.1846 	Dead: 0
14.5574   0.0480042   0.243692  14.0873 	Dead: 0
14.4986   0.0592867   0.300967  14.0346 	Dead: 0
14.3795   0.0715514   0.363228  13.7255 	Dead: 0
14.2626   0.0733139   0.372176  13.7255 	Dead: 0
14.1576   0.0584735   0.296839  13.7255 	Dead: 0
14.1643   0.0615778   0.312598  13.7255 	Dead: 0
14.1729   0.0792969   0.402548  13.7255 	Dead: 0
14.1506   0.0679158   0.344772  13.7255 	Dead: 0
14.1405   0.0590253   0.29964   13.7255 	Dead: 0
14.1357   0.0643517   0.326679  13.7255 	Dead: 0
13.6505   0.0664018   0.337087  13.3075 	Dead: 0
13.5352   0.073206    0.371628  13.2772 	Dead: 0
13.476    0.0562557   0.28558   13.248  	Dead: 0
13.4945   0.073971    0.375512  13.1851 	Dead: 0
13.4524   0.0696841   0.353749  13.1513 	Dead: 0
13.4909   0.0882762   0.448131  13.1513 	Dead: 0
13.4449   0.0621584   0.315545  13.1513 	Dead: 0
13.4048   0.052448    0.266251  13.1513 	Dead: 0
13.4443   0.0601608   0.305404  13.1513 	Dead: 0
13.4429   0.0650269   0.330107  13.1513 	Dead: 0
13.4513   0.0690823   0.350694  13.1513 	Dead: 0
