6.01091   0.0704827   0.357803  5.39596 	Dead: 0
5.61199   0.0428504   0.217529  5.26646 	Dead: 0
5.56413   0.0398364   0.202228  5.20855 	Dead: 0
5.55196   0.0462407   0.234739  5.20855 	Dead: 0
5.53633   0.0547785   0.278081  5.17672 	Dead: 0
5.50535   0.0436943   0.221813  5.15291 	Dead: 0
5.48796   0.0471887   0.239552  5.15291 	Dead: 0
5.4224    0.0443837   0.225312  5.10193 	Dead: 0
5.4249    0.0433539   0.220085  5.10193 	Dead: 0
5.4187    0.0375543   0.190643  5.06546 	Dead: 0
5.40363   0.043603    0.221349  5.06546 	Dead: 0
5.35173   0.0383125   0.194492  5.06546 	Dead: 0
5.35826   0.03975     0.20179   5.0468  	Dead: 0
5.36692   0.0360826   0.183172  5.0468  	Dead: 0
5.38537   0.0438214   0.222458  5.0468  	Dead: 0
5.40123   0.0455676   0.231323  5.0468  	Dead: 0
5.35565   0.0413075   0.209696  5.04568 	Dead: 0
5.33483   0.0390616   0.198295  5.00329 	Dead: 0
5.35751   0.0402332   0.204243  5.00329 	Dead: 0
5.3427    0.0397451   0.201765  5.00329 	Dead: 0
5.34777   0.0402243   0.204197  5.00329 	Dead: 0
5.34972   0.0417078   0.211728  5.00329 	Dead: 0
5.33089   0.0404226   0.205204  5.00329 	Dead: 0
5.3225    0.039934    0.202724  4.99695 	Dead: 0
5.31353   0.0403331   0.20475   4.99695 	Dead: 0
5.33571   0.0425615   0.216062  4.99695 	Dead: 0
5.35153   0.0431983   0.219295  4.99695 	Dead: 0
5.30376   0.0384527   0.195204  4.95057 	Dead: 0
5.31462   0.0427796   0.217169  4.95057 	Dead: 0
5.32637   0.0441534   0.224143  4.94251 	Dead: 0
5.26951   0.0382383   0.194115  4.91783 	Dead: 0
5.29972   0.0471159   0.239183  4.91783 	Dead: 0
5.28314   0.0427329   0.216932  4.91783 	Dead: 0
5.26683   0.0408237   0.20724   4.91783 	Dead: 0
5.2885    0.0442482   0.224624  4.91783 	Dead: 0
5.28169   0.044016    0.223446  4.91783 	Dead: 0
5.26585   0.0438642   0.222675  4.91783 	Dead: 0
5.28833   0.0476659   0.241974  4.91783 	Dead: 0
5.27067   0.0460248   0.233644  4.91783 	Dead: 0
5.26979   0.0479622   0.243479  4.91783 	Dead: 0
5.26232   0.0434357   0.2205    4.91783 	Dead: 0
5.21669   0.0401919   0.204033  4.90407 	Dead: 0
5.23156   0.0442758   0.224765  4.90407 	Dead: 0
5.24981   0.0465495   0.236307  4.90407 	Dead: 0
5.21935   0.0438373   0.222539  4.90407 	Dead: 0
5.23404   0.0469104   0.238139  4.90407 	Dead: 0
5.2417    0.0494871   0.25122   4.85767 	Dead: 0
5.23902   0.047634    0.241812  4.85767 	Dead: 0
5.24645   0.0471322   0.239265  4.85767 	Dead: 0
5.2266    0.0452199   0.229557  4.85767 	Dead: 0
5.21841   0.0443435   0.225108  4.85767 	Dead: 0
5.20587   0.0397579   0.20183   4.85767 	Dead: 0
5.218     0.0449841   0.22836   4.85767 	Dead: 0
5.20191   0.0438405   0.222555  4.85767 	Dead: 0
5.22411   0.0476651   0.24197   4.85767 	Dead: 0
5.22282   0.0516349   0.262123  4.85767 	Dead: 0
5.19946   0.0471472   0.239341  4.83664 	Dead: 0
5.19551   0.0462469   0.234771  4.80651 	Dead: 0
5.19993   0.0437892   0.222294  4.80651 	Dead: 0
5.18437   0.0464135   0.235617  4.80651 	Dead: 0
5.21261   0.04746     0.240929  4.80651 	Dead: 0
5.20038   0.0447562   0.227204  4.80651 	Dead: 0
5.17182   0.0398183   0.202136  4.80651 	Dead: 0
5.19148   0.0465939   0.236533  4.80651 	Dead: 0
5.15124   0.0401266   0.203701  4.80651 	Dead: 0
5.18446   0.0413566   0.209946  4.80651 	Dead: 0
5.19164   0.0429665   0.218118  4.80651 	Dead: 0
5.19528   0.0434088   0.220363  4.80651 	Dead: 0
5.18308   0.0435265   0.220961  4.80651 	Dead: 0
5.18141   0.0460061   0.233548  4.79307 	Dead: 0
5.17204   0.0467672   0.237412  4.79307 	Dead: 0
5.17219   0.0453836   0.230388  4.79307 	Dead: 0
5.18609   0.045169    0.229299  4.79307 	Dead: 0
5.18422   0.0427525   0.217032  4.79307 	Dead: 0
5.1604    0.0418997   0.212702  4.79307 	Dead: 0
5.17025   0.0456696   0.23184   4.79116 	Dead: 0
5.17901   0.0463709   0.2354    4.79116 	Dead: 0
5.16814   0.0488174   0.24782   4.79116 	Dead: 0
5.15893   0.0470679   0.238939  4.79116 	Dead: 0
5.16351   0.0470114   0.238652  4.79116 	Dead: 0
5.1461    0.041335    0.209836  4.79116 	Dead: 0
5.15556   0.0472506   0.239866  4.79116 	Dead: 0
5.15399   0.0456985   0.231987  4.79116 	Dead: 0
5.16951   0.0460344   0.233692  4.79116 	Dead: 0
5.12643   0.0442659   0.224714  4.79116 	Dead: 0
5.14387   0.0480938   0.244146  4.79116 	Dead: 0
5.13621   0.0434798   0.220724  4.79116 	Dead: 0
5.14915   0.0473709   0.240477  4.79116 	Dead: 0
5.14307   0.0470102   0.238646  4.79116 	Dead: 0
5.14456   0.0489599   0.248543  4.79116 	Dead: 0
5.15438   0.048986    0.248676  4.79116 	Dead: 0
5.13265   0.0489271   0.248377  4.70499 	Dead: 0
5.12481   0.0436521   0.221598  4.70499 	Dead: 0
5.13632   0.0472129   0.239675  4.70499 	Dead: 0
5.15349   0.049445    0.251006  4.69934 	Dead: 0
5.11067   0.0433652   0.220142  4.69934 	Dead: 0
5.14891   0.0516679   0.26229   4.69934 	Dead: 0
5.13255   0.0526775   0.267415  4.69934 	Dead: 0
5.14277   0.0500216   0.253933  4.69934 	Dead: 0
5.12328   0.0461387   0.234221  4.69934 	Dead: 0
5.10748   0.0440875   0.223809  4.69934 	Dead: 0
