10.2528   0.0763247   0.38746   9.02665 	Dead: 0
6.98219   0.0705763   0.358278  6.1739  	Dead: 0
5.36994   0.0492512   0.250022  4.77549 	Dead: 0
4.57122   0.0672023   0.34115   4.02058 	Dead: 0
4.40666   0.0650933   0.330444  3.95964 	Dead: 0
4.34157   0.0745156   0.378276  3.88013 	Dead: 0
4.25457   0.0679407   0.344899  3.85628 	Dead: 0
4.25609   0.0766529   0.389126  3.84673 	Dead: 0
4.20951   0.0810469   0.411432  3.70577 	Dead: 0
4.11506   0.0731387   0.371286  3.6138  	Dead: 0
4.06602   0.0660587   0.335345  3.6138  	Dead: 0
4.02803   0.0646201   0.328042  3.59351 	Dead: 0
4.02438   0.0750143   0.380808  3.56088 	Dead: 0
4.04151   0.0757083   0.384331  3.56088 	Dead: 0
4.01831   0.0762217   0.386937  3.56088 	Dead: 0
4.00404   0.0783227   0.397602  3.56088 	Dead: 0
3.98632   0.0775287   0.393572  3.56088 	Dead: 0
4.04667   0.0915147   0.464572  3.56088 	Dead: 0
3.96459   0.0619407   0.31444   3.56088 	Dead: 0
3.98365   0.0734084   0.372655  3.55554 	Dead: 0
4.06038   0.107499    0.545713  3.55554 	Dead: 0
3.98624   0.0782392   0.397179  3.44422 	Dead: 0
4.00081   0.0931877   0.473064  3.44422 	Dead: 0
3.97047   0.071607    0.363511  3.44422 	Dead: 0
4.05469   0.0953338   0.483959  3.44422 	Dead: 0
3.95952   0.073396    0.372592  3.44422 	Dead: 0
3.92558   0.0647775   0.328841  3.44422 	Dead: 0
3.97098   0.0899323   0.456538  3.44422 	Dead: 0
3.9534    0.0762652   0.387158  3.44422 	Dead: 0
3.96158   0.0844378   0.428646  3.44422 	Dead: 0
3.92279   0.0701091   0.355907  3.44422 	Dead: 0
3.92039   0.0768084   0.389915  3.44422 	Dead: 0
3.91488   0.09021     0.457948  3.44422 	Dead: 0
3.96066   0.094267    0.478543  3.44422 	Dead: 0
3.86503   0.0756848   0.384211  3.44422 	Dead: 0
3.88224   0.100827    0.511845  3.44422 	Dead: 0
3.87654   0.0915585   0.464794  3.43685 	Dead: 0
3.8285    0.0806673   0.409505  3.42823 	Dead: 0
3.81002   0.0831154   0.421933  3.34699 	Dead: 0
3.86172   0.100258    0.508957  3.34699 	Dead: 0
3.80161   0.0909511   0.46171   3.2373  	Dead: 0
3.7638    0.0786983   0.399509  3.2373  	Dead: 0
3.85465   0.109433    0.555532  3.2373  	Dead: 0
3.77412   0.073856    0.374928  3.2373  	Dead: 0
3.75931   0.071657    0.363765  3.2373  	Dead: 0
3.83844   0.0848577   0.430777  3.2373  	Dead: 0
3.72675   0.0671278   0.340772  3.2373  	Dead: 0
3.7922    0.0998506   0.506888  3.2373  	Dead: 0
3.75451   0.0870199   0.441753  3.2373  	Dead: 0
3.78008   0.111309    0.565057  3.2373  	Dead: 0
3.77238   0.0910461   0.462192  3.2373  	Dead: 0
3.70115   0.0858601   0.435866  3.2373  	Dead: 0
3.72705   0.0781657   0.396805  3.2373  	Dead: 0
3.81194   0.117782    0.597918  3.2373  	Dead: 0
3.72052   0.0803176   0.40773   3.2373  	Dead: 0
3.68324   0.0653437   0.331715  3.2373  	Dead: 0
3.75361   0.0890333   0.451975  3.2373  	Dead: 0
3.71148   0.0840375   0.426614  3.2373  	Dead: 0
3.75637   0.0840086   0.426467  3.2373  	Dead: 0
3.66193   0.0763868   0.387775  3.20279 	Dead: 0
3.77926   0.100703    0.511214  3.20279 	Dead: 0
3.7677    0.11372     0.577296  3.20279 	Dead: 0
3.69654   0.082142    0.416991  3.20279 	Dead: 0
3.71708   0.0913876   0.463926  3.20279 	Dead: 0
3.75345   0.0948372   0.481438  3.20279 	Dead: 0
3.76763   0.0974926   0.494918  3.20279 	Dead: 0
3.71649   0.0990831   0.502992  3.20279 	Dead: 0
3.71936   0.109072    0.5537    3.20279 	Dead: 0
3.80887   0.139672    0.709038  3.20279 	Dead: 0
3.6768    0.0938949   0.476654  3.16105 	Dead: 0
3.70669   0.093926    0.476812  3.16105 	Dead: 0
3.67187   0.0925242   0.469696  3.16105 	Dead: 0
3.64979   0.0799805   0.406018  3.16105 	Dead: 0
3.59993   0.071063    0.360749  3.16105 	Dead: 0
3.61582   0.0717657   0.364316  3.16105 	Dead: 0
3.68884   0.103731    0.526588  3.16105 	Dead: 0
3.70852   0.109501    0.555879  3.16105 	Dead: 0
3.60203   0.0740073   0.375695  3.16105 	Dead: 0
3.62401   0.0915519   0.46476   3.16105 	Dead: 0
3.62513   0.102791    0.521813  3.16105 	Dead: 0
3.6247    0.089468    0.454181  3.16105 	Dead: 0
3.66059   0.102316    0.519404  3.16105 	Dead: 0
3.61683   0.0849505   0.431248  3.16105 	Dead: 0
3.66511   0.0942954   0.478687  3.16105 	Dead: 0
3.63734   0.083921    0.426022  3.13831 	Dead: 0
3.59491   0.0784339   0.398167  3.13831 	Dead: 0
3.58834   0.0768008   0.389876  3.13831 	Dead: 0
3.68765   0.10327     0.524248  3.13831 	Dead: 0
3.57121   0.065963    0.334859  3.13831 	Dead: 0
3.64154   0.100429    0.509826  3.13831 	Dead: 0
3.6476    0.0852712   0.432876  3.05013 	Dead: 0
3.64483   0.0876972   0.445192  3.05013 	Dead: 0
3.57952   0.0767082   0.389407  3.05013 	Dead: 0
3.67046   0.104807    0.532051  3.05013 	Dead: 0
3.59933   0.107921    0.547856  3.05013 	Dead: 0
3.62815   0.115906    0.588394  3.05013 	Dead: 0
3.57881   0.0910438   0.462181  3.05013 	Dead: 0
3.56309   0.0795836   0.404004  3.05013 	Dead: 0
3.62304   0.0912077   0.463013  3.05013 	Dead: 0
3.54829   0.0938284   0.476317  3.05013 	Dead: 0
3.61403   0.103764    0.526753  3.05013 	Dead: 0
