12.3044   0.0737014   0.374143  11.5568 	Dead: 0
11.2533   0.0609991   0.30966   10.7363 	Dead: 0
10.9437   0.0751694   0.381595  10.0618 	Dead: 0
10.8046   0.0805484   0.408901  10.0618 	Dead: 0
10.7432   0.0824322   0.418464  10.0553 	Dead: 0
10.6575   0.0868554   0.440919  9.95791 	Dead: 0
10.6016   0.083503    0.4239    9.95791 	Dead: 0
10.629    0.0849083   0.431034  9.9067  	Dead: 0
10.5563   0.0864194   0.438705  9.7278  	Dead: 0
10.539    0.0934057   0.474171  9.7278  	Dead: 0
10.5474   0.0916403   0.465209  9.7278  	Dead: 0
10.5025   0.0852767   0.432904  9.7278  	Dead: 0
10.5464   0.0873377   0.443367  9.7278  	Dead: 0
10.5286   0.087635    0.444876  9.7278  	Dead: 0
10.526    0.0899336   0.456545  9.7278  	Dead: 0
10.5093   0.0980019   0.497504  9.7278  	Dead: 0
10.4584   0.0885793   0.44967   9.7278  	Dead: 0
10.4576   0.085043    0.431718  9.7278  	Dead: 0
10.4611   0.0888501   0.451044  9.7278  	Dead: 0
10.5051   0.0929262   0.471737  9.7278  	Dead: 0
10.4528   0.0930544   0.472388  9.7278  	Dead: 0
10.4696   0.0952611   0.48359   9.7278  	Dead: 0
10.4691   0.0916701   0.46536   9.7278  	Dead: 0
10.4179   0.0850808   0.43191   9.7278  	Dead: 0
10.5004   0.098048    0.497738  9.7278  	Dead: 0
10.4373   0.0904339   0.459085  9.7278  	Dead: 0
10.4459   0.0930111   0.472168  9.7278  	Dead: 0
10.4033   0.0810738   0.411569  9.7278  	Dead: 0
10.4643   0.0881434   0.447457  9.7278  	Dead: 0
10.4353   0.0987288   0.501194  9.52174 	Dead: 0
10.454    0.10015     0.508406  9.52174 	Dead: 0
10.4292   0.0943561   0.478996  9.52174 	Dead: 0
10.4076   0.0880178   0.446819  9.52174 	Dead: 0
10.4013   0.0887975   0.450778  9.52174 	Dead: 0
10.3685   0.0849512   0.431252  9.52174 	Dead: 0
10.4422   0.0938361   0.476356  9.52174 	Dead: 0
10.4216   0.0971683   0.493272  9.52174 	Dead: 0
10.3861   0.0948811   0.481661  9.52174 	Dead: 0
10.4636   0.101609    0.515814  9.52174 	Dead: 0
10.4858   0.10143     0.514908  9.52174 	Dead: 0
10.459    0.103413    0.524971  9.52174 	Dead: 0
10.4296   0.0907985   0.460935  9.52174 	Dead: 0
10.4418   0.089872    0.456232  9.52174 	Dead: 0
10.4022   0.0998978   0.507128  9.52174 	Dead: 0
10.4017   0.0948691   0.4816    9.52174 	Dead: 0
10.3516   0.0920108   0.46709   9.52174 	Dead: 0
10.3839   0.0888776   0.451184  9.52174 	Dead: 0
10.4051   0.0950442   0.482489  9.52174 	Dead: 0
10.3871   0.0910572   0.462249  9.52174 	Dead: 0
10.462    0.103468    0.525251  9.52174 	Dead: 0
10.388    0.0950877   0.482709  9.52174 	Dead: 0
10.3751   0.0921363   0.467727  9.51089 	Dead: 0
10.3606   0.0927265   0.470723  9.51089 	Dead: 0
10.3914   0.0958506   0.486583  9.51089 	Dead: 0
10.4184   0.0952994   0.483784  9.51089 	Dead: 0
10.3757   0.0930609   0.472421  9.40473 	Dead: 0
10.3521   0.0992346   0.503761  9.40473 	Dead: 0
10.3875   0.096217    0.488442  9.40473 	Dead: 0
10.3344   0.0890864   0.452244  9.40473 	Dead: 0
10.3244   0.0956673   0.485652  9.40473 	Dead: 0
10.3565   0.102925    0.522496  9.40473 	Dead: 0
10.3302   0.0929931   0.472076  9.40473 	Dead: 0
10.3603   0.0984492   0.499774  9.40473 	Dead: 0
10.3195   0.09502     0.482366  9.40473 	Dead: 0
10.3433   0.102637    0.521034  9.40473 	Dead: 0
10.3263   0.0989539   0.502336  9.40473 	Dead: 0
10.2971   0.0986266   0.500675  9.40473 	Dead: 0
10.3321   0.0921562   0.467828  9.40473 	Dead: 0
10.3191   0.0930656   0.472445  9.40473 	Dead: 0
10.3414   0.0974198   0.494548  9.40473 	Dead: 0
10.2997   0.0956935   0.485785  9.40473 	Dead: 0
10.3809   0.103455    0.525184  9.40473 	Dead: 0
10.3397   0.0995129   0.505174  9.40473 	Dead: 0
10.3271   0.094835    0.481427  9.40473 	Dead: 0
10.2935   0.0942963   0.478692  9.40473 	Dead: 0
10.3004   0.0948691   0.4816    9.40473 	Dead: 0
10.3052   0.0999206   0.507244  9.35271 	Dead: 0
10.2778   0.100753    0.51147   9.35271 	Dead: 0
10.3484   0.100197    0.508647  9.35271 	Dead: 0
10.3105   0.0898868   0.456307  9.35271 	Dead: 0
10.367    0.104736    0.531691  9.35271 	Dead: 0
10.2974   0.0904855   0.459347  9.35271 	Dead: 0
10.3261   0.0993022   0.504104  9.35271 	Dead: 0
10.2716   0.0934597   0.474445  9.35271 	Dead: 0
10.275    0.0913411   0.46369   9.35271 	Dead: 0
10.3042   0.0975806   0.495365  9.35271 	Dead: 0
10.3215   0.103042    0.523088  9.35271 	Dead: 0
10.3359   0.105416    0.535143  9.18917 	Dead: 0
10.3548   0.108783    0.552235  9.18917 	Dead: 0
10.3236   0.105508    0.535609  9.18917 	Dead: 0
10.3494   0.101454    0.515026  9.18917 	Dead: 0
10.3415   0.10189     0.517239  9.18917 	Dead: 0
10.3225   0.102724    0.521476  9.18917 	Dead: 0
10.2871   0.0945627   0.480045  9.18917 	Dead: 0
10.3441   0.104394    0.529951  9.18917 	Dead: 0
10.2912   0.0946829   0.480655  9.18917 	Dead: 0
10.2478   0.0937385   0.47586   9.18917 	Dead: 0
10.2862   0.0922639   0.468374  9.18917 	Dead: 0
10.3403   0.102218    0.518908  9.18917 	Dead: 0
10.3287   0.0995149   0.505184  9.18917 	Dead: 0
10.3243   0.102828    0.522002  9.18917 	Dead: 0
