5.75346   0.112596    0.57159   4.56729 	Dead: 0
4.69694   0.0595171   0.302136  4.17666 	Dead: 0
4.59152   0.0588782   0.298893  4.14081 	Dead: 0
4.51448   0.0575368   0.292084  4.09002 	Dead: 0
4.50691   0.0666883   0.338541  4.01973 	Dead: 0
4.45664   0.0632842   0.32126   3.98256 	Dead: 0
4.39555   0.0638464   0.324114  3.98256 	Dead: 0
4.35971   0.055313    0.280794  3.95331 	Dead: 0
4.32102   0.0550574   0.279497  3.80839 	Dead: 0
4.30025   0.0615938   0.312679  3.80839 	Dead: 0
4.33705   0.0633942   0.321819  3.80839 	Dead: 0
4.29247   0.0557878   0.283205  3.80839 	Dead: 0
4.30765   0.0587514   0.298249  3.80839 	Dead: 0
4.29051   0.0558222   0.28338   3.80839 	Dead: 0
4.28637   0.0585661   0.297309  3.80839 	Dead: 0
4.30023   0.0612368   0.310867  3.80839 	Dead: 0
4.25957   0.0559615   0.284086  3.80839 	Dead: 0
4.30249   0.0615836   0.312627  3.80839 	Dead: 0
4.2891    0.0605582   0.307422  3.80839 	Dead: 0
4.29063   0.0660756   0.335431  3.80839 	Dead: 0
4.26266   0.0575164   0.29198   3.80839 	Dead: 0
4.30642   0.072725    0.369186  3.79687 	Dead: 0
4.24942   0.0662893   0.336515  3.79687 	Dead: 0
4.25874   0.0638928   0.32435   3.79396 	Dead: 0
4.25466   0.0646385   0.328135  3.79396 	Dead: 0
4.22392   0.0593795   0.301438  3.79396 	Dead: 0
4.21569   0.0645518   0.327695  3.79396 	Dead: 0
4.21519   0.0590451   0.29974   3.79396 	Dead: 0
4.22523   0.0556343   0.282426  3.79396 	Dead: 0
4.23344   0.057543    0.292115  3.79396 	Dead: 0
4.26766   0.069637    0.35351   3.79396 	Dead: 0
4.24393   0.0645441   0.327656  3.79396 	Dead: 0
4.23853   0.0621083   0.315291  3.79396 	Dead: 0
4.20571   0.0616912   0.313173  3.79396 	Dead: 0
4.21072   0.0614765   0.312083  3.79396 	Dead: 0
4.21591   0.0614119   0.311756  3.79396 	Dead: 0
4.22838   0.0607275   0.308281  3.79396 	Dead: 0
4.19353   0.0565733   0.287192  3.79396 	Dead: 0
4.24218   0.0648935   0.32943   3.79396 	Dead: 0
4.25511   0.0686759   0.348631  3.79396 	Dead: 0
4.23492   0.0622113   0.315814  3.77328 	Dead: 0
4.22578   0.0620782   0.315138  3.77328 	Dead: 0
4.22623   0.0592731   0.300898  3.77328 	Dead: 0
4.25215   0.0673707   0.342005  3.77328 	Dead: 0
4.21544   0.0559416   0.283986  3.77328 	Dead: 0
4.25694   0.0683524   0.346989  3.77328 	Dead: 0
4.20858   0.0579681   0.294273  3.77328 	Dead: 0
4.24816   0.0597016   0.303073  3.77328 	Dead: 0
4.23342   0.064881    0.329366  3.77328 	Dead: 0
4.27043   0.0649965   0.329952  3.77328 	Dead: 0
4.22662   0.0608463   0.308884  3.77328 	Dead: 0
4.19907   0.0598875   0.304017  3.77328 	Dead: 0
4.22498   0.0617551   0.313498  3.77328 	Dead: 0
4.22281   0.062599    0.317782  3.77328 	Dead: 0
4.25441   0.0643837   0.326842  3.77328 	Dead: 0
4.25393   0.0666622   0.338408  3.77328 	Dead: 0
4.24057   0.0646874   0.328383  3.77328 	Dead: 0
4.23803   0.0633715   0.321703  3.77328 	Dead: 0
4.19702   0.0605679   0.307471  3.77328 	Dead: 0
4.20857   0.0598231   0.30369   3.77328 	Dead: 0
4.17135   0.0488091   0.247778  3.77328 	Dead: 0
4.22119   0.0606098   0.307684  3.77328 	Dead: 0
4.2452    0.0646013   0.327946  3.77328 	Dead: 0
4.2341    0.0611549   0.310451  3.75977 	Dead: 0
4.19609   0.0597315   0.303225  3.71575 	Dead: 0
4.2089    0.0617753   0.3136    3.71575 	Dead: 0
4.23115   0.0640451   0.325123  3.7132  	Dead: 0
4.22949   0.0634016   0.321856  3.7132  	Dead: 0
4.21104   0.0640777   0.325288  3.7132  	Dead: 0
4.20174   0.0626901   0.318244  3.7132  	Dead: 0
4.18901   0.0568398   0.288545  3.7132  	Dead: 0
4.18078   0.0544609   0.276469  3.7132  	Dead: 0
4.23673   0.0679635   0.345015  3.7132  	Dead: 0
4.18938   0.0547893   0.278136  3.7132  	Dead: 0
4.19276   0.0592167   0.300612  3.7132  	Dead: 0
4.19773   0.0621825   0.315668  3.7132  	Dead: 0
4.15988   0.0546899   0.277631  3.7132  	Dead: 0
4.18849   0.0559791   0.284176  3.7132  	Dead: 0
4.167     0.0574392   0.291588  3.7132  	Dead: 0
4.19833   0.0622789   0.316157  3.7132  	Dead: 0
4.20692   0.061448    0.311939  3.7132  	Dead: 0
4.19556   0.0614321   0.311858  3.7132  	Dead: 0
4.19133   0.0627648   0.318623  3.7132  	Dead: 0
4.19861   0.0665253   0.337714  3.7132  	Dead: 0
4.1972    0.0623136   0.316333  3.7132  	Dead: 0
4.20287   0.0616708   0.31307   3.7132  	Dead: 0
4.17681   0.0608141   0.308721  3.7132  	Dead: 0
4.20082   0.0692116   0.35135   3.7132  	Dead: 0
4.19091   0.062227    0.315893  3.7132  	Dead: 0
4.17838   0.0575398   0.292099  3.7132  	Dead: 0
4.18642   0.0605709   0.307486  3.7132  	Dead: 0
4.18814   0.0628714   0.319164  3.7132  	Dead: 0
4.19249   0.0616473   0.31295   3.7132  	Dead: 0
4.18345   0.0595173   0.302138  3.7132  	Dead: 0
4.19346   0.0578322   0.293583  3.7132  	Dead: 0
4.24156   0.0700761   0.355739  3.7132  	Dead: 0
4.22112   0.073567    0.373461  3.7132  	Dead: 0
4.22179   0.0680016   0.345208  3.7132  	Dead: 0
4.16415   0.0550563   0.279491  3.7132  	Dead: 0
4.15724   0.0547599   0.277987  3.7132  	Dead: 0
4.15663   0.0566579   0.287622  3.69045 	Dead: 0
