5.79422   0.142044    0.721082  4.70515 	Dead: 0
4.5409    0.0468643   0.237905  4.11603 	Dead: 0
4.42827   0.0567007   0.287839  3.91043 	Dead: 0
4.38365   0.0549207   0.278803  3.91043 	Dead: 0
4.31146   0.0568095   0.288392  3.91043 	Dead: 0
4.29735   0.0574689   0.291739  3.91043 	Dead: 0
4.27983   0.0556783   0.282649  3.91043 	Dead: 0
4.27371   0.0617444   0.313443  3.91043 	Dead: 0
4.21627   0.0536079   0.272139  3.86598 	Dead: 0
4.13245   0.0541154   0.274715  3.79305 	Dead: 0
4.06335   0.0498842   0.253235  3.74102 	Dead: 0
4.09304   0.0509374   0.258582  3.65744 	Dead: 0
4.02063   0.0419004   0.212706  3.65744 	Dead: 0
3.98717   0.0465329   0.236223  3.65744 	Dead: 0
4.03262   0.0542246   0.275269  3.65744 	Dead: 0
3.99178   0.0498921   0.253276  3.61341 	Dead: 0
3.96862   0.0503389   0.255544  3.49839 	Dead: 0
4.01737   0.0620213   0.314849  3.49839 	Dead: 0
3.94504   0.046824    0.2377    3.49839 	Dead: 0
3.98863   0.0550925   0.279675  3.49839 	Dead: 0
3.92363   0.0459685   0.233358  3.49839 	Dead: 0
3.96241   0.0499671   0.253656  3.49839 	Dead: 0
3.93825   0.0540022   0.27414   3.49839 	Dead: 0
3.96144   0.0516785   0.262344  3.49839 	Dead: 0
3.97027   0.0541549   0.274915  3.49839 	Dead: 0
3.93789   0.0542051   0.27517   3.49839 	Dead: 0
3.9522    0.0541294   0.274786  3.49839 	Dead: 0
3.96811   0.0527557   0.267813  3.49839 	Dead: 0
3.99257   0.0560784   0.28468   3.49839 	Dead: 0
3.96007   0.0588947   0.298977  3.49839 	Dead: 0
3.94072   0.0533033   0.270593  3.49839 	Dead: 0
3.93089   0.0537615   0.272919  3.49839 	Dead: 0
3.93744   0.0532812   0.27048   3.49839 	Dead: 0
3.94983   0.0558689   0.283617  3.49839 	Dead: 0
3.98024   0.0601211   0.305203  3.49839 	Dead: 0
3.95042   0.0552751   0.280602  3.49839 	Dead: 0
3.91529   0.0530613   0.269364  3.49839 	Dead: 0
3.93882   0.0540643   0.274456  3.49839 	Dead: 0
3.94034   0.0548225   0.278304  3.49839 	Dead: 0
3.91041   0.0497877   0.252746  3.49839 	Dead: 0
3.96583   0.0592011   0.300532  3.49839 	Dead: 0
3.92574   0.0521404   0.264689  3.49839 	Dead: 0
3.95841   0.0587339   0.298161  3.49839 	Dead: 0
3.91675   0.0494262   0.250911  3.49839 	Dead: 0
3.91913   0.0513309   0.26058   3.49839 	Dead: 0
3.93803   0.0570328   0.289525  3.49839 	Dead: 0
3.90905   0.0509609   0.258701  3.49839 	Dead: 0
3.9345    0.0537827   0.273026  3.49839 	Dead: 0
3.95932   0.0554431   0.281455  3.49839 	Dead: 0
3.9478    0.056894    0.288821  3.49839 	Dead: 0
3.91578   0.0502538   0.255112  3.49839 	Dead: 0
3.92688   0.0532576   0.27036   3.49839 	Dead: 0
3.93825   0.0540608   0.274438  3.49839 	Dead: 0
3.91948   0.0488556   0.248014  3.49839 	Dead: 0
3.9541    0.05454     0.276871  3.49839 	Dead: 0
3.95753   0.0573614   0.291193  3.46441 	Dead: 0
3.96724   0.0650376   0.330161  3.46441 	Dead: 0
3.93317   0.0607385   0.308337  3.46441 	Dead: 0
3.97611   0.0651554   0.330759  3.46441 	Dead: 0
3.93889   0.0574246   0.291514  3.46441 	Dead: 0
3.97835   0.0624587   0.317069  3.46441 	Dead: 0
3.93947   0.0577508   0.29317   3.46441 	Dead: 0
3.98807   0.0669667   0.339954  3.46441 	Dead: 0
3.90399   0.0521556   0.264766  3.46441 	Dead: 0
3.99322   0.0664766   0.337466  3.46441 	Dead: 0
3.9554    0.0541262   0.27477   3.46441 	Dead: 0
3.93639   0.0552424   0.280436  3.46441 	Dead: 0
3.92506   0.050705    0.257402  3.46441 	Dead: 0
3.97505   0.0599951   0.304563  3.46441 	Dead: 0
3.95582   0.0634562   0.322133  3.46441 	Dead: 0
3.93662   0.0578763   0.293807  3.46441 	Dead: 0
3.95643   0.056024    0.284404  3.46441 	Dead: 0
3.93278   0.0510826   0.259319  3.46441 	Dead: 0
3.96721   0.0573106   0.290935  3.46441 	Dead: 0
3.97431   0.0640365   0.325079  3.46441 	Dead: 0
3.91346   0.0501443   0.254556  3.46441 	Dead: 0
3.95673   0.0584194   0.296564  3.46441 	Dead: 0
3.8955    0.0485227   0.246324  3.46441 	Dead: 0
3.91543   0.0577508   0.29317   3.46441 	Dead: 0
3.95987   0.0574361   0.291573  3.46441 	Dead: 0
3.95304   0.0566939   0.287805  3.46441 	Dead: 0
3.92315   0.054942    0.278911  3.46441 	Dead: 0
3.93405   0.0599905   0.30454   3.46441 	Dead: 0
3.93235   0.0584303   0.29662   3.46441 	Dead: 0
3.94821   0.0581712   0.295304  3.46441 	Dead: 0
3.90438   0.0518661   0.263297  3.46441 	Dead: 0
3.91174   0.0522241   0.265114  3.46441 	Dead: 0
3.93176   0.0519034   0.263486  3.46441 	Dead: 0
3.92973   0.0579536   0.2942    3.46441 	Dead: 0
3.92578   0.0570571   0.289648  3.46441 	Dead: 0
3.88822   0.0531827   0.26998   3.46441 	Dead: 0
3.93935   0.0601487   0.305343  3.46441 	Dead: 0
3.89262   0.0543173   0.27574   3.46441 	Dead: 0
3.88444   0.0535846   0.272021  3.46441 	Dead: 0
3.87433   0.0531581   0.269855  3.46441 	Dead: 0
3.92807   0.0637888   0.323822  3.46441 	Dead: 0
3.8908    0.0552532   0.280491  3.46441 	Dead: 0
3.90853   0.0590059   0.299541  3.46441 	Dead: 0
3.89145   0.0563622   0.286121  3.46441 	Dead: 0
3.89751   0.050555    0.256641  3.46441 	Dead: 0
3.88972   0.0555887   0.282194  3.46441 	Dead: 0
