7.70143   0.0747959   0.379699  6.82363 	Dead: 0
5.37134   0.0470343   0.238768  4.90643 	Dead: 0
4.3578    0.0352209   0.178798  3.79192 	Dead: 0
4.17956   0.0400323   0.203223  3.79192 	Dead: 0
4.0852    0.0376929   0.191347  3.72315 	Dead: 0
3.97176   0.0426938   0.216734  3.63968 	Dead: 0
3.90163   0.0401011   0.203572  3.58943 	Dead: 0
3.84942   0.0443992   0.225391  3.45584 	Dead: 0
3.8297    0.0426347   0.216434  3.45584 	Dead: 0
3.87606   0.0608499   0.308902  3.38223 	Dead: 0
3.81547   0.0502294   0.254988  3.38223 	Dead: 0
3.80597   0.0586573   0.297772  3.38223 	Dead: 0
3.82334   0.0554909   0.281698  3.38223 	Dead: 0
3.78282   0.0490546   0.249024  3.38223 	Dead: 0
3.78617   0.059308    0.301075  3.38223 	Dead: 0
3.7468    0.0491058   0.249284  3.38223 	Dead: 0
3.7076    0.0445206   0.226007  3.33096 	Dead: 0
3.7355    0.0561568   0.285078  3.33096 	Dead: 0
3.72465   0.0789796   0.400937  3.22333 	Dead: 0
3.63732   0.05408     0.274535  3.22333 	Dead: 0
3.64563   0.0572337   0.290545  3.22333 	Dead: 0
3.64977   0.0630088   0.319862  3.22333 	Dead: 0
3.62368   0.0581115   0.295001  3.22333 	Dead: 0
3.63332   0.0625653   0.317611  3.22333 	Dead: 0
3.60308   0.0518508   0.263219  3.22333 	Dead: 0
3.63958   0.0740582   0.375954  3.22333 	Dead: 0
3.62187   0.0544115   0.276218  3.22333 	Dead: 0
3.5795    0.0552042   0.280242  3.18885 	Dead: 0
3.60225   0.0595725   0.302418  3.16517 	Dead: 0
3.54211   0.0640132   0.324961  3.11672 	Dead: 0
3.54007   0.0548622   0.278506  3.11672 	Dead: 0
3.48755   0.0465822   0.236473  3.11672 	Dead: 0
3.50516   0.0528018   0.268047  3.11672 	Dead: 0
3.54858   0.0614928   0.312166  3.11672 	Dead: 0
3.48492   0.0520729   0.264346  3.0851  	Dead: 0
3.45494   0.0473505   0.240373  3.0851  	Dead: 0
3.51398   0.0640682   0.32524   3.0851  	Dead: 0
3.47012   0.0578901   0.293877  3.0851  	Dead: 0
3.47532   0.0548505   0.278447  3.07371 	Dead: 0
3.49955   0.0637394   0.323571  3.07371 	Dead: 0
3.49606   0.0591913   0.300482  3.03804 	Dead: 0
3.49465   0.0641243   0.325525  3.03804 	Dead: 0
3.52761   0.0758204   0.3849    3.03804 	Dead: 0
3.5123    0.0680813   0.345612  3.03804 	Dead: 0
3.46664   0.0567248   0.287961  3.03804 	Dead: 0
3.47636   0.0594248   0.301668  3.03804 	Dead: 0
3.44927   0.0533107   0.27063   3.03804 	Dead: 0
3.46103   0.0541463   0.274872  3.03303 	Dead: 0
3.44527   0.057473    0.29176   3.03303 	Dead: 0
3.44004   0.0514077   0.26097   3.03303 	Dead: 0
3.52657   0.0828348   0.420508  3.03303 	Dead: 0
3.42861   0.0504432   0.256073  3.03303 	Dead: 0
3.44304   0.0569115   0.288909  3.03303 	Dead: 0
3.435     0.0554296   0.281386  3.03303 	Dead: 0
3.47583   0.0728374   0.369756  3.03303 	Dead: 0
3.42619   0.0539219   0.273733  3.03303 	Dead: 0
3.42179   0.0589557   0.299286  3.03303 	Dead: 0
3.48761   0.0650398   0.330172  3.03303 	Dead: 0
3.46535   0.0610723   0.310031  3.03303 	Dead: 0
3.47485   0.0693219   0.351911  3.03303 	Dead: 0
3.44047   0.0685638   0.348062  3.03303 	Dead: 0
3.49488   0.0746918   0.37917   3.03303 	Dead: 0
3.46699   0.0658901   0.334489  3.03303 	Dead: 0
3.45071   0.058831    0.298653  3.03303 	Dead: 0
3.434     0.0589895   0.299458  3.03303 	Dead: 0
3.39289   0.0488997   0.248238  3.03303 	Dead: 0
3.48709   0.0790873   0.401484  3.03303 	Dead: 0
3.4239    0.0603519   0.306374  2.98613 	Dead: 0
3.42423   0.0503572   0.255637  2.98613 	Dead: 0
3.45143   0.067077    0.340514  2.98613 	Dead: 0
3.43669   0.0672266   0.341273  2.98613 	Dead: 0
3.47276   0.079075    0.401421  2.98613 	Dead: 0
3.46524   0.0690033   0.350293  2.98613 	Dead: 0
3.43361   0.0612695   0.311033  2.97953 	Dead: 0
3.44401   0.067256    0.341423  2.97953 	Dead: 0
3.46019   0.0709094   0.359969  2.97953 	Dead: 0
3.4464    0.0710984   0.360929  2.97953 	Dead: 0
3.41349   0.0574772   0.291781  2.97953 	Dead: 0
3.45606   0.0640789   0.325294  2.97953 	Dead: 0
3.45744   0.064752    0.328711  2.97953 	Dead: 0
3.46738   0.0802017   0.407141  2.97953 	Dead: 0
3.41982   0.0534128   0.271148  2.97953 	Dead: 0
3.45524   0.0650327   0.330136  2.97953 	Dead: 0
3.4748    0.0727758   0.369444  2.97953 	Dead: 0
3.44649   0.0668313   0.339267  2.97953 	Dead: 0
3.40543   0.0541638   0.274961  2.97953 	Dead: 0
3.43995   0.0684871   0.347673  2.97953 	Dead: 0
3.44396   0.0627658   0.318629  2.97953 	Dead: 0
3.45323   0.0736811   0.374039  2.97953 	Dead: 0
3.46644   0.0692135   0.35136   2.97953 	Dead: 0
3.47643   0.0714662   0.362796  2.97953 	Dead: 0
3.43935   0.0637844   0.323799  2.97953 	Dead: 0
3.45856   0.0648708   0.329314  2.97953 	Dead: 0
3.42557   0.0649106   0.329517  2.97953 	Dead: 0
3.46887   0.0710013   0.360436  2.97953 	Dead: 0
3.44553   0.0743088   0.377226  2.97953 	Dead: 0
3.41629   0.0494982   0.251276  2.97953 	Dead: 0
3.43078   0.0550632   0.279526  2.97953 	Dead: 0
3.4664    0.0643238   0.326538  2.97953 	Dead: 0
3.43484   0.0647056   0.328476  2.97953 	Dead: 0
3.4646    0.0619663   0.31457   2.97953 	Dead: 0
