7.65839   0.0739022   0.375162  6.76319 	Dead: 0
5.07439   0.0413958   0.210145  4.4065  	Dead: 0
4.49768   0.0373474   0.189593  4.10842 	Dead: 0
4.20175   0.0372488   0.189092  3.88404 	Dead: 0
4.10092   0.0380664   0.193243  3.8002  	Dead: 0
4.07312   0.0404891   0.205542  3.8002  	Dead: 0
4.06107   0.0396508   0.201286  3.71904 	Dead: 0
3.98684   0.032305    0.163995  3.71904 	Dead: 0
3.97256   0.0359684   0.182592  3.69907 	Dead: 0
3.99118   0.0456974   0.231981  3.67824 	Dead: 0
3.99144   0.0436217   0.221444  3.67824 	Dead: 0
3.9763    0.04336     0.220116  3.67824 	Dead: 0
3.93697   0.0410661   0.20847   3.61692 	Dead: 0
3.90495   0.0388751   0.197348  3.49966 	Dead: 0
3.89142   0.0368085   0.186857  3.49966 	Dead: 0
3.92318   0.0416884   0.21163   3.49966 	Dead: 0
3.90436   0.0428949   0.217755  3.49966 	Dead: 0
3.8604    0.0346607   0.175954  3.49966 	Dead: 0
3.87122   0.0422528   0.214495  3.49966 	Dead: 0
3.81337   0.0345104   0.175191  3.49966 	Dead: 0
3.83498   0.0422924   0.214696  3.4647  	Dead: 0
3.8105    0.0442718   0.224745  3.4647  	Dead: 0
3.78208   0.0455105   0.231033  3.4647  	Dead: 0
3.73964   0.0471089   0.239147  3.30189 	Dead: 0
3.74043   0.0453197   0.230064  3.30189 	Dead: 0
3.72052   0.0412796   0.209554  3.30189 	Dead: 0
3.73313   0.0513102   0.260475  3.30189 	Dead: 0
3.67316   0.0450608   0.22875   3.30189 	Dead: 0
3.67327   0.0471397   0.239303  3.30189 	Dead: 0
3.64926   0.0472855   0.240043  3.30189 	Dead: 0
3.65636   0.051283    0.260336  3.30189 	Dead: 0
3.62525   0.0456177   0.231577  3.30189 	Dead: 0
3.63967   0.0510502   0.259154  3.30189 	Dead: 0
3.68771   0.0643991   0.32692   3.23643 	Dead: 0
3.63007   0.0508748   0.258264  3.23643 	Dead: 0
3.6494    0.0515975   0.261933  3.23643 	Dead: 0
3.64464   0.0556836   0.282676  3.23643 	Dead: 0
3.63911   0.0541111   0.274693  3.23643 	Dead: 0
3.62424   0.0476639   0.241964  3.23643 	Dead: 0
3.63014   0.0553037   0.280748  3.23643 	Dead: 0
3.61224   0.0434651   0.220649  3.23643 	Dead: 0
3.61921   0.0500898   0.254279  3.23643 	Dead: 0
3.63258   0.0611953   0.310656  3.23386 	Dead: 0
3.59517   0.0505466   0.256598  3.23386 	Dead: 0
3.61546   0.0508479   0.258128  3.23386 	Dead: 0
3.60781   0.0548567   0.278478  3.23386 	Dead: 0
3.6081    0.057964    0.294252  3.23386 	Dead: 0
3.58452   0.0584333   0.296635  3.23386 	Dead: 0
3.59041   0.0563143   0.285877  3.23386 	Dead: 0
3.629     0.0593662   0.301371  3.23386 	Dead: 0
3.57526   0.0534537   0.271356  3.18253 	Dead: 0
3.60235   0.0628046   0.318825  3.18253 	Dead: 0
3.64387   0.0618699   0.314081  3.13111 	Dead: 0
3.61552   0.0556787   0.282651  3.13111 	Dead: 0
3.61216   0.0646671   0.32828   3.13111 	Dead: 0
3.57596   0.0567755   0.288219  3.11833 	Dead: 0
3.56298   0.0540016   0.274137  3.11833 	Dead: 0
3.58951   0.0630598   0.320121  3.11833 	Dead: 0
3.5905    0.0680142   0.345272  3.11833 	Dead: 0
3.57661   0.0661292   0.335703  3.11833 	Dead: 0
3.58678   0.0650527   0.330238  3.11833 	Dead: 0
3.58673   0.0540975   0.274624  3.11833 	Dead: 0
3.53865   0.0478352   0.242834  3.11833 	Dead: 0
3.56057   0.0641492   0.325651  3.11833 	Dead: 0
3.63549   0.080354    0.407914  3.11833 	Dead: 0
3.54409   0.0537546   0.272884  3.11833 	Dead: 0
3.5684    0.0624132   0.316839  3.11833 	Dead: 0
3.56645   0.0654404   0.332206  3.11833 	Dead: 0
3.54895   0.0528815   0.268451  3.11833 	Dead: 0
3.55624   0.067004    0.340144  3.11833 	Dead: 0
3.59739   0.0840236   0.426543  3.11833 	Dead: 0
3.5494    0.0673588   0.341945  3.11833 	Dead: 0
3.57112   0.0646364   0.328125  3.11833 	Dead: 0
3.52782   0.0578137   0.293489  3.11833 	Dead: 0
3.56129   0.0660098   0.335096  3.11833 	Dead: 0
3.59192   0.0708501   0.359668  3.11833 	Dead: 0
3.52238   0.0639423   0.324601  3.11833 	Dead: 0
3.5411    0.0626468   0.318024  3.11833 	Dead: 0
3.49111   0.0580134   0.294503  3.1153  	Dead: 0
3.49684   0.0527531   0.267799  3.1153  	Dead: 0
3.47877   0.0534815   0.271497  3.1153  	Dead: 0
3.56081   0.0682505   0.346471  3.1153  	Dead: 0
3.49966   0.0659447   0.334766  3.1153  	Dead: 0
3.49406   0.0572571   0.290664  3.1153  	Dead: 0
3.51136   0.059463    0.301862  3.0474  	Dead: 0
3.4913    0.0531711   0.269921  3.0474  	Dead: 0
3.50351   0.0595048   0.302074  3.0474  	Dead: 0
3.49472   0.0599889   0.304532  3.0474  	Dead: 0
3.54266   0.0709951   0.360404  3.0474  	Dead: 0
3.52216   0.0614439   0.311918  3.0474  	Dead: 0
3.4991    0.0607247   0.308267  3.0474  	Dead: 0
3.47918   0.0551532   0.279983  3.0474  	Dead: 0
3.52208   0.0695017   0.352823  3.0474  	Dead: 0
3.47535   0.0579159   0.294008  3.0474  	Dead: 0
3.46676   0.0513781   0.260819  3.0474  	Dead: 0
3.46068   0.0544338   0.276331  3.0474  	Dead: 0
3.50485   0.0726031   0.368567  3.0474  	Dead: 0
3.46836   0.0634615   0.32216   3.0474  	Dead: 0
3.45197   0.0542345   0.27532   3.04541 	Dead: 0
3.45386   0.0611796   0.310576  3.04541 	Dead: 0
3.47984   0.0681121   0.345769  2.92304 	Dead: 0
