6.94389   0.185375    0.941049  4.56594 	Dead: 0
2.75838   0.0394653   0.200344  2.46946 	Dead: 0
2.54337   0.0358859   0.182173  2.20106 	Dead: 0
2.43708   0.035774    0.181606  2.09781 	Dead: 0
2.35258   0.0327952   0.166484  2.07385 	Dead: 0
2.35317   0.0374274   0.189999  2.07385 	Dead: 0
2.32102   0.0355785   0.180613  2.07385 	Dead: 0
2.3117    0.039513    0.200586  2.07385 	Dead: 0
2.30717   0.040678    0.2065    2.06421 	Dead: 0
2.30366   0.0390907   0.198443  2.06421 	Dead: 0
2.3001    0.0426149   0.216333  1.99042 	Dead: 0
2.29202   0.0393494   0.199756  1.99042 	Dead: 0
2.26267   0.0353906   0.179659  1.99042 	Dead: 0
2.2688    0.0354353   0.179886  1.99042 	Dead: 0
2.26691   0.0373546   0.18963   1.95181 	Dead: 0
2.22719   0.0389756   0.197858  1.95181 	Dead: 0
2.25316   0.0425981   0.216248  1.95181 	Dead: 0
2.25072   0.0535026   0.271604  1.94501 	Dead: 0
2.19886   0.036062    0.183067  1.94501 	Dead: 0
2.20419   0.0369564   0.187608  1.94501 	Dead: 0
2.24017   0.0484013   0.245707  1.94191 	Dead: 0
2.19685   0.0429371   0.217969  1.9262  	Dead: 0
2.18802   0.0414984   0.210665  1.8632  	Dead: 0
2.16801   0.0443393   0.225087  1.8632  	Dead: 0
2.1856    0.0495295   0.251435  1.8632  	Dead: 0
2.16948   0.0397666   0.201874  1.8632  	Dead: 0
2.17511   0.0458869   0.232943  1.8632  	Dead: 0
2.17444   0.0444204   0.225499  1.8632  	Dead: 0
2.15863   0.0429639   0.218105  1.8632  	Dead: 0
2.1789    0.04918     0.249661  1.8632  	Dead: 0
2.14353   0.0387533   0.19673   1.8632  	Dead: 0
2.16725   0.0424575   0.215534  1.8632  	Dead: 0
2.16517   0.0426643   0.216584  1.8632  	Dead: 0
2.14804   0.0392246   0.199123  1.8632  	Dead: 0
2.14065   0.0384227   0.195051  1.8632  	Dead: 0
2.19064   0.047394    0.240594  1.8632  	Dead: 0
2.15893   0.0407335   0.206782  1.8632  	Dead: 0
2.14279   0.0414996   0.210671  1.8632  	Dead: 0
2.1558    0.0448564   0.227712  1.85618 	Dead: 0
2.1585    0.0451414   0.229159  1.85618 	Dead: 0
2.13335   0.0389018   0.197484  1.85618 	Dead: 0
2.13034   0.0452919   0.229923  1.85618 	Dead: 0
2.14521   0.0410524   0.208401  1.85618 	Dead: 0
2.16776   0.0524001   0.266007  1.85618 	Dead: 0
2.1269    0.0383536   0.194701  1.85618 	Dead: 0
2.14476   0.0438878   0.222795  1.85618 	Dead: 0
2.13999   0.045204    0.229476  1.85618 	Dead: 0
2.14793   0.0494164   0.250861  1.85618 	Dead: 0
2.13936   0.042025    0.213339  1.85618 	Dead: 0
2.11348   0.0401764   0.203954  1.85618 	Dead: 0
2.14111   0.0461922   0.234493  1.85618 	Dead: 0
2.14251   0.0387439   0.196682  1.85618 	Dead: 0
2.12938   0.0393232   0.199623  1.85618 	Dead: 0
2.12975   0.0422155   0.214306  1.84157 	Dead: 0
2.08959   0.0342134   0.173683  1.84157 	Dead: 0
2.14631   0.0460462   0.233752  1.84157 	Dead: 0
2.11731   0.0389136   0.197543  1.84157 	Dead: 0
2.1471    0.0488767   0.248121  1.84157 	Dead: 0
2.14157   0.0461491   0.234274  1.84157 	Dead: 0
2.12114   0.0442583   0.224676  1.84157 	Dead: 0
2.14821   0.0467709   0.237431  1.84157 	Dead: 0
2.11008   0.0345664   0.175475  1.84157 	Dead: 0
2.1353    0.0393776   0.199899  1.84157 	Dead: 0
2.14082   0.0495339   0.251457  1.84157 	Dead: 0
2.14341   0.0447521   0.227182  1.84157 	Dead: 0
2.14159   0.0446366   0.226596  1.84157 	Dead: 0
2.16721   0.0519639   0.263793  1.84157 	Dead: 0
2.11803   0.0391898   0.198946  1.84157 	Dead: 0
2.11124   0.0374305   0.190015  1.84157 	Dead: 0
2.1234    0.0482198   0.244786  1.79557 	Dead: 0
2.12798   0.042201    0.214232  1.79557 	Dead: 0
2.13321   0.0468159   0.237659  1.79557 	Dead: 0
2.12142   0.0400972   0.203552  1.79557 	Dead: 0
2.11198   0.036959    0.187621  1.79557 	Dead: 0
2.08328   0.0345373   0.175327  1.79557 	Dead: 0
2.11949   0.0449873   0.228376  1.79557 	Dead: 0
2.13656   0.0539949   0.274103  1.79557 	Dead: 0
2.09572   0.0421012   0.213725  1.79557 	Dead: 0
2.08509   0.0425412   0.215959  1.78061 	Dead: 0
2.08815   0.0398675   0.202386  1.78061 	Dead: 0
2.08075   0.0408194   0.207218  1.72179 	Dead: 0
2.10308   0.0469471   0.238325  1.72179 	Dead: 0
2.08504   0.0423283   0.214878  1.72179 	Dead: 0
2.09396   0.0530429   0.26927   1.72179 	Dead: 0
2.0806    0.0445724   0.22627   1.72179 	Dead: 0
2.07918   0.0455994   0.231484  1.72179 	Dead: 0
2.06325   0.0412857   0.209585  1.72179 	Dead: 0
2.10408   0.0573141   0.290953  1.72179 	Dead: 0
2.04388   0.0378256   0.19202   1.72179 	Dead: 0
2.0713    0.0420789   0.213612  1.72179 	Dead: 0
2.05896   0.0391139   0.198561  1.72179 	Dead: 0
2.07095   0.047028    0.238736  1.72179 	Dead: 0
2.0647    0.0424702   0.215599  1.72179 	Dead: 0
2.07117   0.0454524   0.230737  1.72179 	Dead: 0
2.04387   0.0390963   0.198471  1.72179 	Dead: 0
2.07301   0.0438358   0.222531  1.72179 	Dead: 0
2.0557    0.0406861   0.206542  1.72179 	Dead: 0
2.06906   0.0451218   0.229059  1.72179 	Dead: 0
2.03396   0.0351866   0.178623  1.72179 	Dead: 0
2.0398    0.039169    0.19884   1.72179 	Dead: 0
2.06287   0.0492927   0.250233  1.72179 	Dead: 0
