6.95077   0.160692    0.815749  4.67736 	Dead: 0
3.26295   0.0546359   0.277357  2.71327 	Dead: 0
2.87952   0.0398091   0.20209   2.52157 	Dead: 0
2.77497   0.0379335   0.192568  2.41651 	Dead: 0
2.72411   0.0371317   0.188498  2.36811 	Dead: 0
2.61394   0.0376692   0.191226  2.31814 	Dead: 0
2.59426   0.0528543   0.268313  2.29843 	Dead: 0
2.56584   0.051942    0.263682  2.27648 	Dead: 0
2.59044   0.0679881   0.34514   2.27648 	Dead: 0
2.53931   0.0407045   0.206635  2.25552 	Dead: 0
2.54311   0.0586553   0.297762  2.25552 	Dead: 0
2.49428   0.0427384   0.21696   2.22688 	Dead: 0
2.47071   0.040237    0.204262  2.18148 	Dead: 0
2.47207   0.0445341   0.226076  2.18148 	Dead: 0
2.45249   0.0469829   0.238507  2.10845 	Dead: 0
2.41241   0.0410553   0.208416  2.10845 	Dead: 0
2.42581   0.0666789   0.338493  2.10845 	Dead: 0
2.42055   0.0437591   0.222141  2.10845 	Dead: 0
2.37935   0.0331372   0.16822   2.10845 	Dead: 0
2.40451   0.0479249   0.243289  2.10845 	Dead: 0
2.40108   0.0420901   0.213669  2.08617 	Dead: 0
2.37298   0.0344016   0.174638  2.08617 	Dead: 0
2.36258   0.0364919   0.18525   2.05021 	Dead: 0
2.40185   0.0445267   0.226038  2.05021 	Dead: 0
2.36072   0.0372118   0.188905  2.05021 	Dead: 0
2.37561   0.0388412   0.197176  2.05021 	Dead: 0
2.36422   0.037984    0.192825  2.05021 	Dead: 0
2.37291   0.0500592   0.254124  2.05021 	Dead: 0
2.36855   0.0423449   0.214963  2.05021 	Dead: 0
2.3857    0.0525604   0.266821  2.05021 	Dead: 0
2.36527   0.0440437   0.223586  2.05021 	Dead: 0
2.36095   0.04148     0.210572  2.05021 	Dead: 0
2.38128   0.0480416   0.243881  2.05021 	Dead: 0
2.35697   0.0374708   0.190219  2.05021 	Dead: 0
2.33669   0.0358786   0.182136  2.05021 	Dead: 0
2.34873   0.0413531   0.209928  2.05021 	Dead: 0
2.34333   0.037727    0.19152   2.05021 	Dead: 0
2.32374   0.0350725   0.178044  1.99165 	Dead: 0
2.33109   0.0398667   0.202382  1.99165 	Dead: 0
2.32571   0.0376361   0.191058  1.99165 	Dead: 0
2.3164    0.038294    0.194398  1.99165 	Dead: 0
2.34064   0.0526416   0.267233  1.99165 	Dead: 0
2.34706   0.0575639   0.292221  1.99165 	Dead: 0
2.30189   0.0400774   0.203452  1.99165 	Dead: 0
2.30923   0.0465952   0.236539  1.99165 	Dead: 0
2.32877   0.0561358   0.284971  1.99165 	Dead: 0
2.32864   0.0600587   0.304886  1.99165 	Dead: 0
2.34463   0.058086    0.294872  1.99165 	Dead: 0
2.29035   0.0355867   0.180655  1.99165 	Dead: 0
2.32109   0.0406489   0.206353  1.99165 	Dead: 0
2.31478   0.0535338   0.271762  1.99165 	Dead: 0
2.32395   0.0404177   0.205179  1.99165 	Dead: 0
2.30992   0.0499654   0.253648  1.99165 	Dead: 0
2.30536   0.0426423   0.216472  1.99165 	Dead: 0
2.31712   0.0488226   0.247846  1.99165 	Dead: 0
2.30167   0.0494237   0.250898  1.97549 	Dead: 0
2.30812   0.0424633   0.215563  1.97549 	Dead: 0
2.28633   0.0454197   0.230572  1.97549 	Dead: 0
2.28041   0.0389661   0.19781   1.97549 	Dead: 0
2.28995   0.0544394   0.27636   1.97549 	Dead: 0
2.32017   0.0489011   0.248245  1.97549 	Dead: 0
2.2926    0.0441947   0.224353  1.97549 	Dead: 0
2.29482   0.0420662   0.213548  1.97549 	Dead: 0
2.25835   0.0353369   0.179387  1.97549 	Dead: 0
2.29347   0.048575    0.246589  1.97549 	Dead: 0
2.30276   0.0591558   0.300302  1.97549 	Dead: 0
2.26285   0.040271    0.204434  1.97549 	Dead: 0
2.26993   0.0387771   0.196851  1.97549 	Dead: 0
2.26865   0.0403904   0.20504   1.97549 	Dead: 0
2.29979   0.0527885   0.267979  1.97549 	Dead: 0
2.27742   0.0428598   0.217576  1.97549 	Dead: 0
2.2729    0.0416862   0.211618  1.97549 	Dead: 0
2.27215   0.0405641   0.205923  1.97549 	Dead: 0
2.29773   0.0418651   0.212527  1.97549 	Dead: 0
2.27895   0.0384188   0.195032  1.97549 	Dead: 0
2.27716   0.046567    0.236396  1.97549 	Dead: 0
2.28124   0.0449527   0.228201  1.97549 	Dead: 0
2.27695   0.0476371   0.241828  1.97517 	Dead: 0
2.28065   0.0445726   0.226271  1.97517 	Dead: 0
2.27475   0.0428426   0.217489  1.97517 	Dead: 0
2.27591   0.0411451   0.208871  1.97517 	Dead: 0
2.27858   0.0483703   0.24555   1.97517 	Dead: 0
2.25318   0.0453381   0.230157  1.97517 	Dead: 0
2.24171   0.040616    0.206186  1.97517 	Dead: 0
2.2493    0.0398608   0.202352  1.93436 	Dead: 0
2.2381    0.0420124   0.213275  1.93436 	Dead: 0
2.2567    0.0529675   0.268888  1.93008 	Dead: 0
2.28851   0.0557531   0.283029  1.93008 	Dead: 0
2.25796   0.0567253   0.287964  1.93008 	Dead: 0
2.22732   0.0440592   0.223665  1.93008 	Dead: 0
2.22531   0.0452605   0.229763  1.91384 	Dead: 0
2.19314   0.037891    0.192352  1.91384 	Dead: 0
2.2721    0.0567912   0.288299  1.91384 	Dead: 0
2.24223   0.0426227   0.216373  1.91384 	Dead: 0
2.23663   0.0421041   0.21374   1.91384 	Dead: 0
2.25331   0.0615889   0.312654  1.91384 	Dead: 0
2.2295    0.0497726   0.252669  1.91384 	Dead: 0
2.21761   0.0431229   0.218912  1.91384 	Dead: 0
2.25528   0.04477     0.227273  1.91384 	Dead: 0
2.22877   0.0497941   0.252778  1.91384 	Dead: 0
2.24836   0.0488459   0.247965  1.91384 	Dead: 0
