0   9.31963   0.0749197   0.380327  8.2366  	Dead: 0
1   6.70766   0.0500628   0.254142  6.30112 	Dead: 0
2   6.71957   0.0725943   0.368522  6.28556 	Dead: 0
3   6.56372   0.0681393   0.345907  5.98243 	Dead: 0
4   6.60149   0.080982    0.411103  5.98243 	Dead: 0
5   6.51677   0.0635515   0.322617  5.98243 	Dead: 0
6   6.54069   0.0801252   0.406753  5.98243 	Dead: 0
7   6.50519   0.0890911   0.452268  5.89371 	Dead: 0
8   6.41235   0.0701316   0.356021  5.89371 	Dead: 0
9   6.38663   0.0848313   0.430643  5.89371 	Dead: 0
10  6.34575   0.0719562   0.365283  5.88466 	Dead: 0
11  6.37943   0.0930851   0.472544  5.80982 	Dead: 0
12  6.33277   0.0981754   0.498384  5.48375 	Dead: 0
13  6.30661   0.131055    0.665295  5.48375 	Dead: 0
14  6.30897   0.125223    0.635688  5.48375 	Dead: 0
15  6.26846   0.135285    0.686771  5.48375 	Dead: 0
16  6.31549   0.144023    0.731126  5.48375 	Dead: 0
17  6.28787   0.134762    0.684114  5.48375 	Dead: 0
18  6.35824   0.147162    0.747065  5.48375 	Dead: 0
19  6.26976   0.128424    0.651942  5.48375 	Dead: 0
20  6.14771   0.115879    0.588258  5.48375 	Dead: 0
21  6.05539   0.094193    0.478168  5.48375 	Dead: 0
22  5.99914   0.0977655   0.496303  5.48375 	Dead: 0
23  6.00344   0.101588    0.51571   5.39407 	Dead: 0
24  6.03148   0.104094    0.528428  5.39407 	Dead: 0
25  6.0126    0.091012    0.462019  5.39407 	Dead: 0
26  6.01596   0.106566    0.540978  5.39407 	Dead: 0
27  5.99344   0.0971321   0.493088  5.31804 	Dead: 0
28  5.98106   0.103705    0.526454  5.31804 	Dead: 0
29  5.97249   0.0991996   0.503584  5.31804 	Dead: 0
30  5.91676   0.0892506   0.453078  5.28016 	Dead: 0
31  5.95484   0.101281    0.514149  5.28016 	Dead: 0
32  6.00611   0.109663    0.556698  5.28016 	Dead: 0
33  5.98941   0.0999046   0.507162  5.28016 	Dead: 0
34  5.94357   0.100018    0.507737  5.28016 	Dead: 0
35  5.95262   0.0953422   0.484001  5.28016 	Dead: 0
36  6.02115   0.108381    0.55019   5.28016 	Dead: 0
37  5.98947   0.0938206   0.476277  5.28016 	Dead: 0
38  5.88673   0.0979038   0.497005  5.28016 	Dead: 0
39  6.03022   0.118508    0.6016    5.28016 	Dead: 0
40  5.93095   0.0945998   0.480233  5.28016 	Dead: 0
41  5.92334   0.101951    0.51755   5.28016 	Dead: 0
42  5.86083   0.0762818   0.387242  5.28016 	Dead: 0
43  5.86895   0.0868847   0.441067  5.25732 	Dead: 0
44  5.87617   0.0959035   0.486851  5.25732 	Dead: 0
45  5.85029   0.0877255   0.445335  5.25732 	Dead: 0
46  5.954     0.12232     0.620954  5.25732 	Dead: 0
47  5.89013   0.0947776   0.481136  5.25732 	Dead: 0
48  5.87528   0.0926994   0.470585  5.25732 	Dead: 0
49  5.84909   0.092118    0.467634  5.24222 	Dead: 0
50  5.87736   0.0981919   0.498468  5.24222 	Dead: 0
51  5.81128   0.0863146   0.438173  5.24222 	Dead: 0
52  5.90004   0.106005    0.538132  5.24222 	Dead: 0
53  5.86083   0.097908    0.497027  5.22157 	Dead: 0
54  5.91114   0.11066     0.561764  5.22157 	Dead: 0
55  5.81783   0.094044    0.477411  5.22157 	Dead: 0
56  5.86874   0.117261    0.59527   5.22157 	Dead: 0
57  5.80265   0.0894019   0.453846  5.22157 	Dead: 0
58  5.87329   0.102262    0.519129  5.22157 	Dead: 0
59  5.80477   0.0953674   0.484129  5.22157 	Dead: 0
60  5.86523   0.104916    0.532604  5.22157 	Dead: 0
61  5.84335   0.0969042   0.491931  5.2149  	Dead: 0
62  5.89068   0.109757    0.557176  5.2149  	Dead: 0
63  5.90217   0.114669    0.582114  5.2149  	Dead: 0
64  5.77493   0.0939324   0.476845  5.2149  	Dead: 0
65  5.8489    0.106916    0.542756  5.2149  	Dead: 0
66  5.81183   0.100527    0.510322  5.2149  	Dead: 0
67  5.80497   0.101532    0.515423  5.2149  	Dead: 0
68  5.84652   0.0974501   0.494702  5.2149  	Dead: 0
69  5.85743   0.110824    0.562595  5.2149  	Dead: 0
70  5.85274   0.107173    0.544061  5.2149  	Dead: 0
71  5.87775   0.11966     0.607449  5.2149  	Dead: 0
72  5.82434   0.100326    0.509303  5.2149  	Dead: 0
73  5.89189   0.115958    0.588657  5.2149  	Dead: 0
74  5.79496   0.10042     0.509779  5.2149  	Dead: 0
75  5.87778   0.109486    0.555804  5.2149  	Dead: 0
76  5.78942   0.0958281   0.486468  5.2149  	Dead: 0
77  5.87042   0.100108    0.508196  5.2149  	Dead: 0
78  5.8564    0.103223    0.52401   5.2149  	Dead: 0
79  5.86416   0.109956    0.558189  5.2149  	Dead: 0
80  5.79564   0.103237    0.52408   5.2149  	Dead: 0
81  5.882     0.11237     0.570444  5.17416 	Dead: 0
82  5.80921   0.0953528   0.484055  5.17416 	Dead: 0
83  5.87725   0.127861    0.649081  5.17416 	Dead: 0
84  5.84951   0.108962    0.553141  5.17416 	Dead: 0
85  5.73041   0.0956406   0.485516  5.17416 	Dead: 0
86  5.77155   0.0969143   0.491982  5.17416 	Dead: 0
87  5.76147   0.108036    0.54844   5.17416 	Dead: 0
88  5.84918   0.102269    0.519163  5.17416 	Dead: 0
89  5.80854   0.109681    0.55679   5.17416 	Dead: 0
90  5.76448   0.0946005   0.480236  5.17416 	Dead: 0
91  5.86275   0.106849    0.542418  5.17416 	Dead: 0
92  5.86471   0.121476    0.61667   5.1244  	Dead: 0
93  5.86772   0.113324    0.575284  5.1244  	Dead: 0
94  5.76347   0.108222    0.549387  5.1244  	Dead: 0
95  5.75314   0.110722    0.562076  5.1244  	Dead: 0
96  5.81875   0.10702     0.543283  5.1244  	Dead: 0
97  5.83228   0.125709    0.63816   5.12356 	Dead: 0
98  5.79113   0.108337    0.549971  5.12356 	Dead: 0
99  5.74497   0.0969456   0.492141  5.12356 	Dead: 0
100 5.80937   0.11027     0.559781  5.12356 	Dead: 0
