6.48248   0.0974731   0.494819  5.21569 	Dead: 0
3.75346   0.0327856   0.166435  3.42171 	Dead: 0
3.34958   0.0259282   0.131624  3.09655 	Dead: 0
3.28684   0.0268813   0.136462  3.09473 	Dead: 0
3.25786   0.0306047   0.155364  2.98211 	Dead: 0
3.23991   0.027199    0.138075  2.98211 	Dead: 0
3.17575   0.026605    0.135059  2.97377 	Dead: 0
3.12963   0.0247441   0.125613  2.94946 	Dead: 0
3.10009   0.0262039   0.133023  2.90109 	Dead: 0
3.06658   0.0274927   0.139566  2.8714  	Dead: 0
3.02896   0.0259299   0.131632  2.74655 	Dead: 0
2.99863   0.0234917   0.119255  2.74655 	Dead: 0
2.98693   0.0287404   0.1459    2.74655 	Dead: 0
2.9572    0.0290632   0.147538  2.71073 	Dead: 0
2.96422   0.0299021   0.151797  2.69071 	Dead: 0
2.92087   0.0264567   0.134306  2.69071 	Dead: 0
2.92199   0.0275215   0.139712  2.68734 	Dead: 0
2.92613   0.0301236   0.152921  2.68734 	Dead: 0
2.9092    0.0249669   0.126744  2.68734 	Dead: 0
2.93397   0.0318242   0.161555  2.68734 	Dead: 0
2.93528   0.0311248   0.158004  2.68368 	Dead: 0
2.89342   0.0288349   0.14638   2.68368 	Dead: 0
2.91327   0.0325185   0.165079  2.66152 	Dead: 0
2.88912   0.030479    0.154725  2.66152 	Dead: 0
2.89672   0.0336645   0.170897  2.66152 	Dead: 0
2.86208   0.0307104   0.1559    2.66152 	Dead: 0
2.88825   0.0362747   0.184147  2.57214 	Dead: 0
2.88361   0.0308243   0.156479  2.57214 	Dead: 0
2.84073   0.0260758   0.132373  2.57214 	Dead: 0
2.86711   0.0331538   0.168304  2.57214 	Dead: 0
2.84783   0.0292125   0.148296  2.57214 	Dead: 0
2.86008   0.035452    0.179971  2.57004 	Dead: 0
2.85144   0.0345699   0.175493  2.57004 	Dead: 0
2.84535   0.0329149   0.167091  2.57004 	Dead: 0
2.84298   0.0326916   0.165958  2.57004 	Dead: 0
2.84035   0.032445    0.164706  2.57004 	Dead: 0
2.82666   0.0301952   0.153285  2.57004 	Dead: 0
2.83464   0.0318441   0.161655  2.57004 	Dead: 0
2.81108   0.0287872   0.146137  2.57004 	Dead: 0
2.83916   0.0325744   0.165363  2.57004 	Dead: 0
2.8327    0.0314103   0.159453  2.57004 	Dead: 0
2.83986   0.031356    0.159177  2.57004 	Dead: 0
2.80362   0.0261562   0.132781  2.57004 	Dead: 0
2.83501   0.0330998   0.16803   2.57004 	Dead: 0
2.82476   0.0307158   0.155928  2.53423 	Dead: 0
2.82522   0.0303397   0.154018  2.53423 	Dead: 0
2.81872   0.0338185   0.171678  2.53423 	Dead: 0
2.83238   0.0339129   0.172158  2.53423 	Dead: 0
2.80949   0.0327206   0.166105  2.53423 	Dead: 0
2.81605   0.03426     0.17392   2.53423 	Dead: 0
2.80049   0.0300368   0.152481  2.53423 	Dead: 0
2.80104   0.0302703   0.153666  2.53423 	Dead: 0
2.81987   0.0336189   0.170665  2.53423 	Dead: 0
2.79018   0.0339033   0.172109  2.53423 	Dead: 0
2.77771   0.029757    0.15106   2.53423 	Dead: 0
2.76656   0.0324774   0.164871  2.53423 	Dead: 0
2.78      0.0293406   0.148947  2.52129 	Dead: 0
2.77836   0.0330196   0.167623  2.52129 	Dead: 0
2.76787   0.0303298   0.153968  2.52129 	Dead: 0
2.77432   0.0337412   0.171286  2.52129 	Dead: 0
2.77073   0.0291931   0.148198  2.52129 	Dead: 0
2.74115   0.0264201   0.134121  2.52129 	Dead: 0
2.74028   0.0270269   0.137201  2.49778 	Dead: 0
2.75526   0.0297262   0.150904  2.49778 	Dead: 0
2.74451   0.0298147   0.151354  2.49778 	Dead: 0
2.76252   0.0317072   0.160961  2.47858 	Dead: 0
2.74761   0.0323786   0.164369  2.46016 	Dead: 0
2.75243   0.0324235   0.164597  2.46016 	Dead: 0
2.71775   0.0274797   0.1395    2.46016 	Dead: 0
2.71538   0.0274465   0.139331  2.46016 	Dead: 0
2.74212   0.0319449   0.162167  2.46016 	Dead: 0
2.77295   0.035587    0.180656  2.46016 	Dead: 0
2.7207    0.0289518   0.146973  2.46016 	Dead: 0
2.72036   0.0299753   0.152169  2.46016 	Dead: 0
2.7203    0.0264123   0.134081  2.46016 	Dead: 0
2.72981   0.0290411   0.147426  2.46016 	Dead: 0
2.73249   0.0299406   0.151993  2.46016 	Dead: 0
2.72313   0.0287484   0.14594   2.46016 	Dead: 0
2.73696   0.03254     0.165188  2.46016 	Dead: 0
2.73317   0.0311483   0.158124  2.46016 	Dead: 0
2.7171    0.0254814   0.129355  2.46016 	Dead: 0
2.71887   0.0284299   0.144323  2.46016 	Dead: 0
2.73853   0.0294352   0.149427  2.46016 	Dead: 0
2.72031   0.0298896   0.151733  2.46016 	Dead: 0
2.73894   0.0327607   0.166308  2.46016 	Dead: 0
2.72225   0.02798     0.142039  2.46016 	Dead: 0
2.72127   0.0298192   0.151376  2.46016 	Dead: 0
2.72201   0.0316268   0.160552  2.46016 	Dead: 0
2.70526   0.0279119   0.141694  2.46016 	Dead: 0
2.71738   0.0353169   0.179285  2.46016 	Dead: 0
2.69877   0.0265962   0.135015  2.46016 	Dead: 0
2.71973   0.0322659   0.163797  2.46016 	Dead: 0
2.7012    0.0288287   0.146348  2.46016 	Dead: 0
2.70008   0.0329889   0.167467  2.46016 	Dead: 0
2.71092   0.0302255   0.153439  2.46016 	Dead: 0
2.6996    0.0269629   0.136876  2.46016 	Dead: 0
2.71587   0.0311142   0.15795   2.46016 	Dead: 0
2.71797   0.0316231   0.160534  2.46016 	Dead: 0
2.69639   0.0255914   0.129914  2.46016 	Dead: 0
2.70843   0.0291216   0.147835  2.46016 	Dead: 0
2.71218   0.0300735   0.152667  2.46016 	Dead: 0
