10.8056   0.145282    0.73752   8.96277 	Dead: 0
6.264     0.120323    0.610817  4.99227 	Dead: 0
3.35078   0.0463718   0.235405  2.8931  	Dead: 0
3.016     0.0539583   0.273918  2.69811 	Dead: 0
2.88721   0.061486    0.312132  2.581   	Dead: 0
2.77734   0.0420317   0.213373  2.47837 	Dead: 0
2.74609   0.0568491   0.288593  2.42241 	Dead: 0
2.65502   0.048574    0.246584  2.35861 	Dead: 0
2.63548   0.0639218   0.324497  2.27301 	Dead: 0
2.53144   0.0622531   0.316026  2.21781 	Dead: 0
2.52815   0.0750341   0.380908  2.16949 	Dead: 0
2.52016   0.0718344   0.364665  2.16949 	Dead: 0
2.52326   0.0810765   0.411582  2.16949 	Dead: 0
2.43434   0.0594178   0.301632  2.16949 	Dead: 0
2.43672   0.0642531   0.326179  2.14235 	Dead: 0
2.39617   0.0817738   0.415122  2.08745 	Dead: 0
2.41234   0.0793914   0.403028  2.08745 	Dead: 0
2.32722   0.0450303   0.228595  2.08745 	Dead: 0
2.34665   0.0704511   0.357642  2.04218 	Dead: 0
2.30501   0.0637401   0.323575  2.04218 	Dead: 0
2.37544   0.0883803   0.44866   2.00032 	Dead: 0
2.29398   0.0584481   0.29671   2.00032 	Dead: 0
2.2922    0.0744077   0.377728  1.99991 	Dead: 0
2.27508   0.0579461   0.294161  1.99991 	Dead: 0
2.31142   0.104046    0.528188  1.93069 	Dead: 0
2.28991   0.0686064   0.348278  1.93069 	Dead: 0
2.32189   0.0854604   0.433837  1.93069 	Dead: 0
2.29977   0.080252    0.407397  1.93069 	Dead: 0
2.25274   0.0478763   0.243042  1.93069 	Dead: 0
2.36616   0.116754    0.592699  1.93069 	Dead: 0
2.31343   0.116089    0.589324  1.93069 	Dead: 0
2.25091   0.0525333   0.266683  1.93069 	Dead: 0
2.2685    0.0681029   0.345722  1.93069 	Dead: 0
2.26859   0.0699085   0.354888  1.93069 	Dead: 0
2.29393   0.097368    0.494285  1.93069 	Dead: 0
2.27045   0.0659062   0.33457   1.93069 	Dead: 0
2.3742    0.113798    0.577692  1.93069 	Dead: 0
2.31197   0.0906555   0.46021   1.93069 	Dead: 0
2.25419   0.0658996   0.334537  1.93069 	Dead: 0
2.31006   0.080904    0.410706  1.93069 	Dead: 0
2.31067   0.0977661   0.496306  1.93069 	Dead: 0
2.37575   0.127397    0.646726  1.93069 	Dead: 0
2.29964   0.0984865   0.499963  1.93069 	Dead: 0
2.29712   0.08297     0.421194  1.93069 	Dead: 0
2.24899   0.0674541   0.342429  1.93069 	Dead: 0
2.27214   0.0844339   0.428626  1.93069 	Dead: 0
2.29232   0.0871354   0.44234   1.93069 	Dead: 0
2.28244   0.0847325   0.430142  1.93069 	Dead: 0
2.26996   0.0960599   0.487645  1.93069 	Dead: 0
2.23823   0.0669948   0.340097  1.93069 	Dead: 0
2.23      0.0543598   0.275956  1.93069 	Dead: 0
2.21466   0.0596726   0.302926  1.93069 	Dead: 0
2.25161   0.0665227   0.3377    1.93069 	Dead: 0
2.26599   0.0891583   0.452609  1.93069 	Dead: 0
2.21869   0.0559494   0.284025  1.93069 	Dead: 0
2.30138   0.093619    0.475253  1.93069 	Dead: 0
2.2325    0.0632017   0.320841  1.93069 	Dead: 0
2.26459   0.076542    0.388563  1.93069 	Dead: 0
2.26667   0.103303    0.524413  1.93069 	Dead: 0
2.2252    0.0608552   0.308929  1.93069 	Dead: 0
2.24278   0.070649    0.358647  1.93069 	Dead: 0
2.25157   0.0701224   0.355974  1.93069 	Dead: 0
2.23707   0.0722904   0.36698   1.93069 	Dead: 0
2.29591   0.0943879   0.479157  1.92688 	Dead: 0
2.22557   0.063365    0.32167   1.92688 	Dead: 0
2.24484   0.0892295   0.45297   1.92688 	Dead: 0
2.20057   0.0485129   0.246274  1.92688 	Dead: 0
2.22858   0.0728268   0.369703  1.92688 	Dead: 0
2.33169   0.127653    0.648028  1.92688 	Dead: 0
2.23762   0.069754    0.354104  1.92688 	Dead: 0
2.29547   0.103082    0.52329   1.92688 	Dead: 0
2.24117   0.0842394   0.427639  1.92688 	Dead: 0
2.26785   0.0949851   0.482189  1.92688 	Dead: 0
2.29271   0.089405    0.453862  1.92688 	Dead: 0
2.23801   0.0656308   0.333172  1.88257 	Dead: 0
2.28546   0.105808    0.537129  1.88257 	Dead: 0
2.20909   0.05718     0.290273  1.88257 	Dead: 0
2.25181   0.0763061   0.387365  1.88257 	Dead: 0
2.23276   0.0605304   0.307281  1.88257 	Dead: 0
2.29391   0.0925657   0.469906  1.88257 	Dead: 0
2.26724   0.095448    0.484539  1.88257 	Dead: 0
2.25842   0.0953904   0.484246  1.88257 	Dead: 0
2.24715   0.0862297   0.437742  1.88257 	Dead: 0
2.23999   0.0920597   0.467338  1.88257 	Dead: 0
2.25925   0.0918903   0.466478  1.88257 	Dead: 0
2.20965   0.0782486   0.397226  1.88257 	Dead: 0
2.21497   0.0639337   0.324557  1.88257 	Dead: 0
2.21339   0.0554551   0.281516  1.88257 	Dead: 0
2.20882   0.0600411   0.304797  1.88257 	Dead: 0
2.26303   0.0802814   0.407546  1.88257 	Dead: 0
2.27402   0.0904535   0.459184  1.88257 	Dead: 0
2.24469   0.0720972   0.365999  1.88257 	Dead: 0
2.2379    0.0885961   0.449755  1.88257 	Dead: 0
2.18579   0.0598337   0.303744  1.88257 	Dead: 0
2.23481   0.0979536   0.497258  1.88257 	Dead: 0
2.2757    0.119982    0.609083  1.88257 	Dead: 0
2.20172   0.103456    0.525192  1.88257 	Dead: 0
2.22158   0.0790549   0.40132   1.88257 	Dead: 0
2.19937   0.0670117   0.340183  1.88257 	Dead: 0
2.21021   0.0691331   0.350952  1.88257 	Dead: 0
2.19226   0.0733866   0.372544  1.88257 	Dead: 0
