10.1584   0.083326    0.423001  9.02099 	Dead: 0
5.67042   0.0472599   0.239913  5.28462 	Dead: 0
5.12897   0.0398806   0.202452  4.58452 	Dead: 0
4.7912    0.0344893   0.175084  4.45217 	Dead: 0
4.59296   0.035884    0.182164  4.37274 	Dead: 0
4.40964   0.0285715   0.145042  4.18988 	Dead: 0
4.3604    0.038708    0.1965    4.08381 	Dead: 0
4.28142   0.0404468   0.205327  3.99891 	Dead: 0
4.21092   0.0300206   0.152399  3.99891 	Dead: 0
4.23062   0.0487492   0.247474  3.91766 	Dead: 0
4.13564   0.0437802   0.222249  3.76267 	Dead: 0
3.99011   0.0716812   0.363887  3.57097 	Dead: 0
3.66203   0.0543724   0.27602   3.3333  	Dead: 0
3.58114   0.054086    0.274566  3.29433 	Dead: 0
3.54877   0.0757193   0.384387  3.19858 	Dead: 0
3.49527   0.052219    0.265088  3.09746 	Dead: 0
3.44846   0.0646486   0.328187  3.09746 	Dead: 0
3.34675   0.0556552   0.282532  3.03198 	Dead: 0
3.39817   0.066383    0.336991  3.03198 	Dead: 0
3.39499   0.0928694   0.471449  3.03198 	Dead: 0
3.34183   0.0776506   0.394191  3.03198 	Dead: 0
3.29952   0.0826573   0.419607  3.03198 	Dead: 0
3.35119   0.0903249   0.458531  3.03198 	Dead: 0
3.38452   0.0967146   0.490968  2.98671 	Dead: 0
3.31127   0.0771098   0.391445  2.98671 	Dead: 0
3.31903   0.0880263   0.446863  2.98671 	Dead: 0
3.3336    0.0987871   0.50149   2.98671 	Dead: 0
3.27078   0.0745645   0.378524  2.94036 	Dead: 0
3.22914   0.0567692   0.288187  2.94036 	Dead: 0
3.19465   0.0608271   0.308787  2.94036 	Dead: 0
3.23483   0.064689    0.328391  2.94036 	Dead: 0
3.18406   0.0479056   0.243191  2.90543 	Dead: 0
3.25014   0.0793541   0.402839  2.90543 	Dead: 0
3.24798   0.0858522   0.435826  2.90543 	Dead: 0
3.30931   0.100121    0.508262  2.90543 	Dead: 0
3.21008   0.065416    0.332082  2.86886 	Dead: 0
3.2311    0.0926325   0.470246  2.86886 	Dead: 0
3.20483   0.0696876   0.353767  2.86886 	Dead: 0
3.23115   0.078468    0.39834   2.86886 	Dead: 0
3.21297   0.0719015   0.365006  2.86886 	Dead: 0
3.22587   0.0728674   0.369909  2.86886 	Dead: 0
3.22988   0.0889535   0.451569  2.86886 	Dead: 0
3.23557   0.0861697   0.437438  2.82551 	Dead: 0
3.20945   0.070844    0.359637  2.82551 	Dead: 0
3.17186   0.0686731   0.348617  2.82551 	Dead: 0
3.16913   0.060652    0.307898  2.82551 	Dead: 0
3.17465   0.071015    0.360505  2.82551 	Dead: 0
3.24631   0.0867191   0.440227  2.82551 	Dead: 0
3.17025   0.0591783   0.300417  2.82551 	Dead: 0
3.24228   0.0941727   0.478065  2.82551 	Dead: 0
3.28511   0.113122    0.574262  2.82551 	Dead: 0
3.24047   0.10393     0.527598  2.82551 	Dead: 0
3.1589    0.0566357   0.287509  2.82551 	Dead: 0
3.19487   0.068462    0.347545  2.82551 	Dead: 0
3.23812   0.0984416   0.499735  2.82551 	Dead: 0
3.2034    0.0860638   0.4369    2.82551 	Dead: 0
3.16644   0.0576069   0.292439  2.82551 	Dead: 0
3.26021   0.0929583   0.4719    2.82551 	Dead: 0
3.26966   0.105554    0.535843  2.82551 	Dead: 0
3.18246   0.0691013   0.350791  2.82551 	Dead: 0
3.19896   0.0777438   0.394664  2.81793 	Dead: 0
3.17054   0.0880292   0.446877  2.81793 	Dead: 0
3.12399   0.0615935   0.312677  2.81793 	Dead: 0
3.13621   0.0694865   0.352746  2.81793 	Dead: 0
3.20426   0.0966013   0.490393  2.81793 	Dead: 0
3.13571   0.0721175   0.366102  2.81793 	Dead: 0
3.15125   0.0828666   0.42067   2.81793 	Dead: 0
3.15353   0.0763227   0.38745   2.81793 	Dead: 0
3.24277   0.134211    0.681319  2.81793 	Dead: 0
3.18921   0.094427    0.479356  2.81793 	Dead: 0
3.19318   0.0891093   0.452361  2.81793 	Dead: 0
3.12016   0.0620338   0.314913  2.81793 	Dead: 0
3.0977    0.0578772   0.293812  2.81793 	Dead: 0
3.15428   0.089396    0.453816  2.81793 	Dead: 0
3.18524   0.0992538   0.503859  2.81793 	Dead: 0
3.17407   0.0839072   0.425952  2.81793 	Dead: 0
3.15352   0.0860187   0.436671  2.81793 	Dead: 0
3.2062    0.0999692   0.50749   2.81793 	Dead: 0
3.11195   0.0665914   0.338049  2.81793 	Dead: 0
3.14711   0.0800441   0.406341  2.81793 	Dead: 0
3.13269   0.0653468   0.331731  2.81793 	Dead: 0
3.18486   0.0870664   0.44199   2.81793 	Dead: 0
3.22399   0.113189    0.574602  2.81793 	Dead: 0
3.09403   0.0475441   0.241356  2.81793 	Dead: 0
3.12813   0.0792345   0.402231  2.81793 	Dead: 0
3.14205   0.0856883   0.434994  2.81793 	Dead: 0
3.13801   0.0650208   0.330076  2.81793 	Dead: 0
3.15072   0.0872616   0.44298   2.81793 	Dead: 0
3.13744   0.0677173   0.343764  2.81793 	Dead: 0
3.12921   0.0724834   0.36796   2.81793 	Dead: 0
3.09325   0.0638707   0.324237  2.81793 	Dead: 0
3.09579   0.0605118   0.307186  2.81793 	Dead: 0
3.15233   0.0827583   0.42012   2.80614 	Dead: 0
3.10738   0.0648555   0.329237  2.80614 	Dead: 0
3.07821   0.058691    0.297943  2.80614 	Dead: 0
3.07547   0.0561129   0.284855  2.80614 	Dead: 0
3.10698   0.0691984   0.351283  2.80614 	Dead: 0
3.13774   0.0763015   0.387342  2.80614 	Dead: 0
3.12779   0.0717719   0.364348  2.80614 	Dead: 0
3.09982   0.0632885   0.321282  2.80614 	Dead: 0
3.09634   0.0644001   0.326925  2.80614 	Dead: 0
