5.29766   0.0941314   0.477855  4.40448 	Dead: 0
3.69493   0.0278851   0.141558  3.36089 	Dead: 0
3.33967   0.0260315   0.132148  3.06012 	Dead: 0
3.26674   0.0348432   0.17688   3.03063 	Dead: 0
3.19252   0.0357885   0.181679  2.86855 	Dead: 0
3.19463   0.0439972   0.22335   2.86855 	Dead: 0
3.14822   0.0305483   0.155077  2.86855 	Dead: 0
3.14868   0.0347352   0.176332  2.86855 	Dead: 0
3.15839   0.0415878   0.211119  2.81405 	Dead: 0
3.16025   0.0422125   0.21429   2.81405 	Dead: 0
3.12981   0.04548     0.230878  2.77891 	Dead: 0
3.09436   0.0355533   0.180485  2.77891 	Dead: 0
3.12228   0.0449893   0.228387  2.77891 	Dead: 0
3.07874   0.034737    0.176341  2.77891 	Dead: 0
3.11346   0.0491023   0.249266  2.7618  	Dead: 0
3.06397   0.0359017   0.182254  2.7618  	Dead: 0
3.07349   0.0382751   0.194302  2.7618  	Dead: 0
3.05457   0.0387109   0.196514  2.7618  	Dead: 0
3.04981   0.0389533   0.197745  2.7618  	Dead: 0
3.02257   0.0361015   0.183268  2.7618  	Dead: 0
3.05099   0.0452101   0.229507  2.7618  	Dead: 0
3.03687   0.0371644   0.188664  2.7618  	Dead: 0
3.0451    0.0401896   0.204021  2.74457 	Dead: 0
3.03221   0.0414281   0.210308  2.74457 	Dead: 0
3.04632   0.0383245   0.194553  2.74457 	Dead: 0
3.04138   0.0387602   0.196765  2.74457 	Dead: 0
3.05686   0.0436796   0.221738  2.74457 	Dead: 0
3.05533   0.0398454   0.202274  2.74457 	Dead: 0
3.04055   0.0383776   0.194823  2.74457 	Dead: 0
3.04989   0.0438329   0.222516  2.74457 	Dead: 0
3.04198   0.0417252   0.211817  2.74457 	Dead: 0
3.07083   0.0477976   0.242643  2.74457 	Dead: 0
3.02597   0.0383415   0.194639  2.74457 	Dead: 0
3.05586   0.0476861   0.242077  2.74457 	Dead: 0
3.04562   0.0414011   0.210171  2.74457 	Dead: 0
3.03737   0.0435631   0.221146  2.74457 	Dead: 0
3         0.0363126   0.18434   2.74457 	Dead: 0
3.04449   0.0477954   0.242632  2.69997 	Dead: 0
3.02793   0.0451614   0.229261  2.69997 	Dead: 0
2.98093   0.038671    0.196312  2.69312 	Dead: 0
2.99032   0.0444085   0.225438  2.69312 	Dead: 0
2.96863   0.046256    0.234817  2.66955 	Dead: 0
2.95636   0.0495664   0.251622  2.61843 	Dead: 0
2.94718   0.0472023   0.239621  2.60911 	Dead: 0
2.87733   0.0393809   0.199916  2.56879 	Dead: 0
2.87573   0.0407113   0.20667   2.556   	Dead: 0
2.88212   0.0443857   0.225323  2.556   	Dead: 0
2.85524   0.0382519   0.194184  2.556   	Dead: 0
2.83396   0.0354343   0.179881  2.556   	Dead: 0
2.884     0.0478127   0.24272   2.556   	Dead: 0
2.81376   0.0350107   0.177731  2.556   	Dead: 0
2.84723   0.0498622   0.253124  2.556   	Dead: 0
2.82808   0.0420783   0.213609  2.49376 	Dead: 0
2.81228   0.0371062   0.188368  2.49376 	Dead: 0
2.81591   0.0401673   0.203908  2.49376 	Dead: 0
2.81833   0.0594711   0.301903  2.40673 	Dead: 0
2.79104   0.0415687   0.211022  2.40673 	Dead: 0
2.78488   0.0441463   0.224107  2.40673 	Dead: 0
2.74956   0.0345478   0.175381  2.40673 	Dead: 0
2.79557   0.0497262   0.252433  2.40673 	Dead: 0
2.79871   0.0557753   0.283141  2.40673 	Dead: 0
2.79121   0.055532    0.281906  2.40673 	Dead: 0
2.74067   0.0438803   0.222757  2.40673 	Dead: 0
2.71992   0.0391368   0.198677  2.40673 	Dead: 0
2.72404   0.0464506   0.235805  2.40673 	Dead: 0
2.70932   0.0384891   0.195389  2.40673 	Dead: 0
2.71642   0.0506255   0.256999  2.40673 	Dead: 0
2.68869   0.0422622   0.214542  2.40673 	Dead: 0
2.69314   0.0400257   0.203189  2.39825 	Dead: 0
2.67233   0.0466727   0.236932  2.39825 	Dead: 0
2.68645   0.037054    0.188103  2.39825 	Dead: 0
2.6967    0.0531048   0.269585  2.39825 	Dead: 0
2.69259   0.0532713   0.27043   2.39825 	Dead: 0
2.68551   0.0383678   0.194773  2.39825 	Dead: 0
2.67695   0.0385471   0.195683  2.39825 	Dead: 0
2.6864    0.0466006   0.236566  2.39825 	Dead: 0
2.68413   0.0423566   0.215022  2.39825 	Dead: 0
2.65297   0.0352435   0.178912  2.3933  	Dead: 0
2.67399   0.0413421   0.209872  2.3933  	Dead: 0
2.69669   0.0471579   0.239396  2.3933  	Dead: 0
2.64045   0.0341123   0.17317   2.38854 	Dead: 0
2.65927   0.0370673   0.188171  2.38854 	Dead: 0
2.6768    0.0501973   0.254825  2.38854 	Dead: 0
2.66879   0.0379709   0.192758  2.38854 	Dead: 0
2.63563   0.0355959   0.180701  2.38854 	Dead: 0
2.64274   0.0410315   0.208295  2.38854 	Dead: 0
2.65471   0.0396106   0.201082  2.34351 	Dead: 0
2.64153   0.0507113   0.257434  2.34351 	Dead: 0
2.62138   0.0355413   0.180424  2.2843  	Dead: 0
2.62106   0.0411651   0.208973  2.2843  	Dead: 0
2.61915   0.0397746   0.201915  2.2843  	Dead: 0
2.61166   0.0347755   0.176537  2.2843  	Dead: 0
2.62344   0.0452745   0.229834  2.2843  	Dead: 0
2.61449   0.0392377   0.199189  2.2843  	Dead: 0
2.5996    0.0381386   0.193609  2.2843  	Dead: 0
2.58797   0.0348465   0.176897  2.2843  	Dead: 0
2.60943   0.0398719   0.202408  2.2843  	Dead: 0
2.58798   0.0351116   0.178243  2.2843  	Dead: 0
2.63437   0.0487288   0.24737   2.2843  	Dead: 0
2.5604    0.0363228   0.184392  2.2843  	Dead: 0
2.61651   0.0409152   0.207705  2.2843  	Dead: 0
