7.98068   0.0320732   0.162819  7.39617 	Dead: 0
6.63312   0.035859    0.182037  6.29882 	Dead: 0
6.42125   0.0398965   0.202533  5.98131 	Dead: 0
6.31947   0.0432724   0.219671  5.90224 	Dead: 0
6.32291   0.0493388   0.250467  5.86832 	Dead: 0
6.23255   0.047678    0.242036  5.76528 	Dead: 0
6.12123   0.0515169   0.261524  5.65199 	Dead: 0
5.88642   0.0448132   0.227493  5.50147 	Dead: 0
5.75619   0.0447177   0.227008  5.37075 	Dead: 0
5.69731   0.0525112   0.266571  5.29043 	Dead: 0
5.54614   0.0491818   0.24967   5.01427 	Dead: 0
5.50067   0.0557945   0.283239  5.01427 	Dead: 0
5.449     0.0573854   0.291315  4.87861 	Dead: 0
5.41103   0.0599003   0.304082  4.87861 	Dead: 0
5.434     0.0645981   0.32793   4.87861 	Dead: 0
5.39289   0.0588876   0.298941  4.87861 	Dead: 0
5.36453   0.0613214   0.311296  4.87036 	Dead: 0
5.38209   0.0632004   0.320835  4.85651 	Dead: 0
5.33292   0.063011    0.319873  4.85651 	Dead: 0
5.34264   0.0623416   0.316475  4.85651 	Dead: 0
5.34169   0.0666976   0.338588  4.85651 	Dead: 0
5.35268   0.0654763   0.332388  4.84739 	Dead: 0
5.32162   0.0634178   0.321939  4.84739 	Dead: 0
5.33675   0.0617391   0.313416  4.79265 	Dead: 0
5.35035   0.0659885   0.334988  4.79265 	Dead: 0
5.28229   0.0592633   0.300848  4.79265 	Dead: 0
5.26329   0.0673454   0.341877  4.69419 	Dead: 0
5.28793   0.0670258   0.340254  4.69419 	Dead: 0
5.27318   0.0619029   0.314248  4.69419 	Dead: 0
5.2934    0.0738442   0.374868  4.69419 	Dead: 0
5.29045   0.0723146   0.367102  4.65693 	Dead: 0
5.22683   0.0634218   0.321959  4.65693 	Dead: 0
5.21719   0.0625342   0.317453  4.65693 	Dead: 0
5.24284   0.0651168   0.330563  4.65693 	Dead: 0
5.20626   0.0628473   0.319042  4.65693 	Dead: 0
5.19699   0.0627344   0.318469  4.65693 	Dead: 0
5.20402   0.0642765   0.326297  4.65693 	Dead: 0
5.21659   0.065817    0.334118  4.65693 	Dead: 0
5.1893    0.0653597   0.331796  4.65693 	Dead: 0
5.18668   0.0636711   0.323224  4.65693 	Dead: 0
5.15835   0.0677558   0.34396   4.65693 	Dead: 0
5.15356   0.0637856   0.323806  4.6087  	Dead: 0
5.15745   0.0631653   0.320656  4.6087  	Dead: 0
5.16791   0.070989    0.360373  4.56508 	Dead: 0
5.1788    0.0648718   0.32932   4.56508 	Dead: 0
5.15994   0.0683724   0.34709   4.56508 	Dead: 0
5.12421   0.0606144   0.307707  4.56508 	Dead: 0
5.13283   0.0649129   0.329528  4.56508 	Dead: 0
5.13057   0.0648488   0.329203  4.56508 	Dead: 0
5.1642    0.0690542   0.350551  4.56508 	Dead: 0
5.11966   0.0647371   0.328636  4.56508 	Dead: 0
5.16306   0.0681365   0.345893  4.56508 	Dead: 0
5.11238   0.0619425   0.314449  4.56508 	Dead: 0
5.12807   0.0633283   0.321484  4.56508 	Dead: 0
5.11223   0.0667744   0.338978  4.56508 	Dead: 0
5.15448   0.0671926   0.341101  4.56508 	Dead: 0
5.13331   0.0665629   0.337904  4.5261  	Dead: 0
5.16808   0.0684554   0.347512  4.5261  	Dead: 0
5.10689   0.0635721   0.322722  4.5261  	Dead: 0
5.13165   0.0660287   0.335192  4.5261  	Dead: 0
5.1236    0.0672881   0.341586  4.5261  	Dead: 0
5.1074    0.0635879   0.322802  4.5261  	Dead: 0
5.08299   0.0651783   0.330876  4.5261  	Dead: 0
5.12476   0.073867    0.374984  4.5261  	Dead: 0
5.09925   0.0671581   0.340926  4.5261  	Dead: 0
5.12901   0.0727783   0.369457  4.5261  	Dead: 0
5.09388   0.0667846   0.33903   4.5261  	Dead: 0
5.11539   0.0751323   0.381407  4.5261  	Dead: 0
5.12558   0.0743663   0.377518  4.5261  	Dead: 0
5.07254   0.0672908   0.3416    4.5261  	Dead: 0
5.11673   0.0719097   0.365047  4.5261  	Dead: 0
5.10652   0.0730678   0.370926  4.5261  	Dead: 0
5.09983   0.0721181   0.366105  4.5261  	Dead: 0
5.0722    0.0665561   0.33787   4.5261  	Dead: 0
5.06689   0.0678375   0.344375  4.5261  	Dead: 0
5.03177   0.062552    0.317543  4.5261  	Dead: 0
5.13016   0.0779083   0.395499  4.5261  	Dead: 0
4.99569   0.0577073   0.292949  4.5261  	Dead: 0
5.0593    0.0667384   0.338795  4.5261  	Dead: 0
5.04606   0.0678293   0.344333  4.5261  	Dead: 0
5.03945   0.0672274   0.341278  4.5261  	Dead: 0
5.06218   0.0699624   0.355162  4.5261  	Dead: 0
5.05865   0.0686714   0.348608  4.5261  	Dead: 0
5.0397    0.0662559   0.336346  4.43936 	Dead: 0
5.04961   0.0656285   0.333161  4.43936 	Dead: 0
4.99156   0.0656191   0.333113  4.36415 	Dead: 0
5.03332   0.0705978   0.358388  4.36415 	Dead: 0
5.06274   0.0723208   0.367134  4.36415 	Dead: 0
5.01166   0.0683585   0.34702   4.36415 	Dead: 0
5.00045   0.0686595   0.348548  4.36415 	Dead: 0
5.0305    0.071157    0.361226  4.36415 	Dead: 0
5.00877   0.069489    0.352758  4.36415 	Dead: 0
5.00461   0.069704    0.35385   4.36415 	Dead: 0
4.99106   0.0650072   0.330007  4.36415 	Dead: 0
5.00659   0.0708696   0.359767  4.36415 	Dead: 0
4.97289   0.0664694   0.337429  4.36415 	Dead: 0
4.94295   0.0611349   0.310349  4.36415 	Dead: 0
4.97169   0.0655164   0.332592  4.36415 	Dead: 0
4.96088   0.0674707   0.342513  4.36415 	Dead: 0
4.96411   0.0627522   0.31856   4.36415 	Dead: 0
4.95457   0.0661925   0.336024  4.36415 	Dead: 0
