7.95552   0.0349927   0.177639  7.46485 	Dead: 0
6.3991    0.0471124   0.239164  5.92953 	Dead: 0
5.96808   0.0484583   0.245997  5.36726 	Dead: 0
5.76169   0.0538112   0.273171  5.2077  	Dead: 0
5.6083    0.0485663   0.246545  5.2077  	Dead: 0
5.58532   0.0518723   0.263328  4.96774 	Dead: 0
5.5527    0.0514265   0.261065  4.96774 	Dead: 0
5.55252   0.0624045   0.316794  4.96774 	Dead: 0
5.50773   0.0536237   0.272219  4.96774 	Dead: 0
5.52709   0.0639359   0.324568  4.96774 	Dead: 0
5.49723   0.0574843   0.291817  4.96774 	Dead: 0
5.4814    0.064681    0.328351  4.96774 	Dead: 0
5.43931   0.0652757   0.33137   4.94013 	Dead: 0
5.40587   0.0626818   0.318202  4.94013 	Dead: 0
5.37512   0.0632007   0.320836  4.94013 	Dead: 0
5.31799   0.0631387   0.320521  4.71398 	Dead: 0
5.23839   0.0597864   0.303504  4.71398 	Dead: 0
5.23027   0.0605231   0.307244  4.71398 	Dead: 0
5.20482   0.0560313   0.284441  4.71398 	Dead: 0
5.15542   0.0567816   0.28825   4.71398 	Dead: 0
5.1548    0.0678446   0.344411  4.70905 	Dead: 0
5.1136    0.0604621   0.306934  4.59866 	Dead: 0
5.05398   0.0617545   0.313494  4.58899 	Dead: 0
5.0089    0.0578247   0.293545  4.48856 	Dead: 0
4.96624   0.0601519   0.305359  4.48856 	Dead: 0
4.97959   0.0591949   0.300501  4.48856 	Dead: 0
4.93539   0.0532569   0.270357  4.37917 	Dead: 0
4.93826   0.0621118   0.315308  4.37917 	Dead: 0
4.92206   0.0585192   0.297071  4.37917 	Dead: 0
4.91985   0.0583835   0.296382  4.37917 	Dead: 0
4.87907   0.0590421   0.299725  4.37917 	Dead: 0
4.91666   0.06212     0.31535   4.37917 	Dead: 0
4.91855   0.0629098   0.319359  4.37917 	Dead: 0
4.88009   0.0572504   0.29063   4.37917 	Dead: 0
4.89203   0.0567682   0.288182  4.37917 	Dead: 0
4.88638   0.0611974   0.310666  4.37917 	Dead: 0
4.89159   0.0594093   0.301589  4.37917 	Dead: 0
4.91675   0.0641952   0.325885  4.37917 	Dead: 0
4.85037   0.0576457   0.292636  4.37917 	Dead: 0
4.86086   0.0627362   0.318478  4.37917 	Dead: 0
4.88166   0.0631698   0.320679  4.37917 	Dead: 0
4.89471   0.0669051   0.339641  4.37917 	Dead: 0
4.88011   0.0622041   0.315777  4.37917 	Dead: 0
4.88042   0.0624128   0.316836  4.37917 	Dead: 0
4.90646   0.0612246   0.310804  4.37917 	Dead: 0
4.85306   0.0588912   0.298959  4.37917 	Dead: 0
4.91075   0.0609917   0.309622  4.37917 	Dead: 0
4.90145   0.0590729   0.299882  4.37917 	Dead: 0
4.89934   0.0621562   0.315534  4.3281  	Dead: 0
4.85653   0.0627064   0.318327  4.3281  	Dead: 0
4.86151   0.0611206   0.310277  4.3281  	Dead: 0
4.87832   0.0637852   0.323804  4.3156  	Dead: 0
4.88237   0.0617848   0.313649  4.3156  	Dead: 0
4.89575   0.0665856   0.338019  4.3156  	Dead: 0
4.86441   0.060258    0.305898  4.3156  	Dead: 0
4.8767    0.0664734   0.33745   4.3156  	Dead: 0
4.86819   0.0631045   0.320348  4.3156  	Dead: 0
4.85101   0.0604102   0.30667   4.3156  	Dead: 0
4.87576   0.0646564   0.328226  4.3156  	Dead: 0
4.8826    0.0687683   0.3491    4.3156  	Dead: 0
4.878     0.0625948   0.31776   4.3156  	Dead: 0
4.86218   0.0562246   0.285422  4.3156  	Dead: 0
4.90747   0.0636099   0.322913  4.3156  	Dead: 0
4.85145   0.0597369   0.303253  4.3156  	Dead: 0
4.84565   0.0595959   0.302537  4.3156  	Dead: 0
4.81687   0.0620356   0.314922  4.3156  	Dead: 0
4.84938   0.0620377   0.314932  4.3156  	Dead: 0
4.83224   0.059395    0.301517  4.3156  	Dead: 0
4.84717   0.0661687   0.335903  4.29716 	Dead: 0
4.84871   0.0629033   0.319327  4.29716 	Dead: 0
4.84194   0.0647994   0.328952  4.29716 	Dead: 0
4.82331   0.0602356   0.305784  4.29716 	Dead: 0
4.81999   0.0651711   0.330839  4.29716 	Dead: 0
4.84443   0.0627696   0.318648  4.29716 	Dead: 0
4.81481   0.060071    0.304948  4.29716 	Dead: 0
4.84568   0.062878    0.319198  4.29716 	Dead: 0
4.8039    0.0577768   0.293302  4.29716 	Dead: 0
4.8391    0.0720178   0.365596  4.29716 	Dead: 0
4.79804   0.0588897   0.298952  4.29716 	Dead: 0
4.79855   0.0612711   0.31104   4.29716 	Dead: 0
4.80656   0.0591303   0.300173  4.24914 	Dead: 0
4.80815   0.0641103   0.325454  4.24914 	Dead: 0
4.7709    0.0590433   0.299732  4.24914 	Dead: 0
4.75925   0.0624632   0.317092  4.24914 	Dead: 0
4.7725    0.0678219   0.344296  4.24914 	Dead: 0
4.77525   0.0599174   0.304169  4.24914 	Dead: 0
4.7676    0.0664795   0.337481  4.24914 	Dead: 0
4.74638   0.0637877   0.323816  4.24914 	Dead: 0
4.74845   0.0608999   0.309157  4.24914 	Dead: 0
4.75908   0.0618116   0.313784  4.24914 	Dead: 0
4.76547   0.0685566   0.348025  4.24914 	Dead: 0
4.74921   0.0656512   0.333276  4.24914 	Dead: 0
4.77761   0.0666587   0.338391  4.24914 	Dead: 0
4.77634   0.0664469   0.337315  4.24914 	Dead: 0
4.75335   0.0580789   0.294836  4.24914 	Dead: 0
4.75864   0.0574853   0.291822  4.24914 	Dead: 0
4.76797   0.063088    0.320264  4.24914 	Dead: 0
4.79973   0.0718408   0.364697  4.12469 	Dead: 0
4.78147   0.0644468   0.327162  4.12469 	Dead: 0
4.78707   0.0691503   0.351039  4.12469 	Dead: 0
4.73177   0.0616524   0.312976  4.12233 	Dead: 0
