7.253     0.133329    0.676838  6.06321 	Dead: 0
5.77208   0.0386815   0.196365  5.38054 	Dead: 0
5.67307   0.0437438   0.222064  5.33708 	Dead: 0
5.54156   0.0457204   0.232098  5.12616 	Dead: 0
5.43548   0.0434994   0.220823  5.07129 	Dead: 0
5.38072   0.0459681   0.233356  5.05746 	Dead: 0
5.35084   0.0431157   0.218875  4.98554 	Dead: 0
5.32131   0.0426488   0.216505  4.98554 	Dead: 0
5.29759   0.044927    0.228071  4.86344 	Dead: 0
5.26071   0.0433465   0.220047  4.86344 	Dead: 0
5.28209   0.0492745   0.250141  4.86344 	Dead: 0
5.22714   0.0428741   0.217649  4.79962 	Dead: 0
5.24627   0.0460265   0.233652  4.79962 	Dead: 0
5.23314   0.0513193   0.260521  4.76626 	Dead: 0
5.23648   0.0494705   0.251135  4.76626 	Dead: 0
5.23259   0.0500351   0.254002  4.76626 	Dead: 0
5.26907   0.0630996   0.320323  4.71322 	Dead: 0
5.17724   0.0454813   0.230884  4.71322 	Dead: 0
5.16405   0.0459448   0.233237  4.71322 	Dead: 0
5.19445   0.0510957   0.259386  4.71322 	Dead: 0
5.17774   0.0491738   0.249629  4.71322 	Dead: 0
5.17479   0.0542241   0.275267  4.71322 	Dead: 0
5.16741   0.0499898   0.253772  4.71322 	Dead: 0
5.13661   0.0515072   0.261475  4.71322 	Dead: 0
5.17003   0.051155    0.259686  4.71322 	Dead: 0
5.14675   0.053502    0.271601  4.71322 	Dead: 0
5.12926   0.0462051   0.234559  4.71322 	Dead: 0
5.12869   0.0502674   0.255181  4.71322 	Dead: 0
5.1315    0.0480404   0.243875  4.71322 	Dead: 0
5.13575   0.0608739   0.309024  4.68611 	Dead: 0
5.0908    0.0518548   0.263239  4.68314 	Dead: 0
5.07641   0.0499004   0.253318  4.68314 	Dead: 0
5.06361   0.0522509   0.26525   4.54787 	Dead: 0
5.07129   0.0513579   0.260717  4.54787 	Dead: 0
5.04188   0.0462847   0.234963  4.54787 	Dead: 0
5.07451   0.0529005   0.268548  4.54787 	Dead: 0
5.06841   0.0521131   0.26455   4.54787 	Dead: 0
5.05888   0.0544164   0.276243  4.54787 	Dead: 0
5.04118   0.0515122   0.2615    4.54787 	Dead: 0
5.07606   0.0580909   0.294896  4.54787 	Dead: 0
5.0929    0.0574447   0.291616  4.54787 	Dead: 0
5.04024   0.0557228   0.282875  4.53825 	Dead: 0
5.04553   0.0515831   0.26186   4.53825 	Dead: 0
5.00812   0.0473507   0.240374  4.53825 	Dead: 0
5.05622   0.0531723   0.269927  4.53825 	Dead: 0
5.01267   0.0501083   0.254373  4.53825 	Dead: 0
5.02277   0.0532304   0.270222  4.53825 	Dead: 0
5.03908   0.0530231   0.26917   4.53825 	Dead: 0
5.02078   0.0497301   0.252453  4.53825 	Dead: 0
5.02424   0.0516244   0.26207   4.53825 	Dead: 0
5.01265   0.0471066   0.239135  4.53825 	Dead: 0
5.04079   0.0555306   0.281899  4.53825 	Dead: 0
5.02843   0.0478068   0.24269   4.53825 	Dead: 0
5.02438   0.0473812   0.240529  4.53825 	Dead: 0
5.04001   0.0502091   0.254885  4.53825 	Dead: 0
5.04805   0.0531654   0.269892  4.53825 	Dead: 0
5.04194   0.0560134   0.28435   4.53825 	Dead: 0
5.0125    0.0492456   0.249994  4.53825 	Dead: 0
5.04786   0.0530503   0.269308  4.53825 	Dead: 0
5.02945   0.0540014   0.274136  4.53825 	Dead: 0
5.03508   0.0549078   0.278738  4.53825 	Dead: 0
5.02026   0.0516909   0.262407  4.53825 	Dead: 0
5.04355   0.0560776   0.284676  4.53825 	Dead: 0
5.01581   0.0546258   0.277306  4.53825 	Dead: 0
5.04194   0.0538615   0.273426  4.53825 	Dead: 0
5.02047   0.0560815   0.284696  4.53825 	Dead: 0
5.02593   0.056926    0.288983  4.53825 	Dead: 0
5.02523   0.0566894   0.287782  4.53825 	Dead: 0
5.01292   0.0539274   0.27376   4.53825 	Dead: 0
4.98782   0.0523209   0.265605  4.53825 	Dead: 0
5.02681   0.0564406   0.286519  4.53825 	Dead: 0
5.03412   0.0595493   0.3023    4.53825 	Dead: 0
5.01283   0.0575661   0.292232  4.53825 	Dead: 0
4.98395   0.0476824   0.242058  4.53825 	Dead: 0
4.99073   0.0543606   0.27596   4.53825 	Dead: 0
4.96094   0.0541566   0.274924  4.53825 	Dead: 0
5.00305   0.0584372   0.296654  4.53825 	Dead: 0
5.02924   0.0581914   0.295406  4.53825 	Dead: 0
4.99355   0.0507354   0.257557  4.53825 	Dead: 0
5.00398   0.0561978   0.285286  4.53825 	Dead: 0
4.99809   0.0574371   0.291577  4.53825 	Dead: 0
4.99388   0.0556831   0.282673  4.53825 	Dead: 0
4.9767    0.0495783   0.251682  4.53825 	Dead: 0
4.99646   0.0536488   0.272346  4.53825 	Dead: 0
4.99311   0.0530876   0.269497  4.53825 	Dead: 0
4.97989   0.0475228   0.241248  4.53825 	Dead: 0
4.98163   0.0501916   0.254796  4.53825 	Dead: 0
4.99693   0.0547858   0.278118  4.53825 	Dead: 0
4.97759   0.0513454   0.260653  4.53825 	Dead: 0
5.02381   0.0566178   0.287418  4.53825 	Dead: 0
4.99472   0.0636865   0.323302  4.53825 	Dead: 0
4.9907    0.0561885   0.285239  4.53825 	Dead: 0
4.97435   0.0530997   0.269559  4.52557 	Dead: 0
4.96238   0.0520244   0.2641    4.52557 	Dead: 0
4.98504   0.0573609   0.29119   4.52557 	Dead: 0
4.97018   0.0577512   0.293172  4.52557 	Dead: 0
4.95634   0.0554546   0.281514  4.52557 	Dead: 0
4.94313   0.0497184   0.252394  4.52557 	Dead: 0
5.02436   0.0586133   0.297549  4.52557 	Dead: 0
4.98317   0.0536362   0.272282  4.52557 	Dead: 0
4.93989   0.0469355   0.238267  4.52557 	Dead: 0
