7.12321   0.133365    0.677024  5.65432 	Dead: 0
5.70527   0.0430918   0.218754  5.31339 	Dead: 0
5.52907   0.043946    0.22309   5.13906 	Dead: 0
5.48701   0.0394075   0.200051  5.13906 	Dead: 0
5.39324   0.0433622   0.220127  4.82454 	Dead: 0
5.34587   0.040396    0.205069  4.82454 	Dead: 0
5.31493   0.040752    0.206876  4.82454 	Dead: 0
5.34458   0.0588092   0.298543  4.82454 	Dead: 0
5.31683   0.0478053   0.242682  4.82454 	Dead: 0
5.27525   0.0429974   0.218275  4.82454 	Dead: 0
5.23677   0.0441937   0.224348  4.82454 	Dead: 0
5.24835   0.0498552   0.253088  4.82454 	Dead: 0
5.2164    0.0504525   0.25612   4.77744 	Dead: 0
5.19255   0.049845    0.253036  4.77744 	Dead: 0
5.18527   0.0490331   0.248915  4.77744 	Dead: 0
5.1501    0.0558693   0.283619  4.65659 	Dead: 0
5.16675   0.0528015   0.268045  4.65659 	Dead: 0
5.11082   0.0466863   0.237001  4.65659 	Dead: 0
5.07988   0.0423885   0.215184  4.65659 	Dead: 0
5.08049   0.0458148   0.232577  4.65659 	Dead: 0
5.09074   0.047263    0.239929  4.65659 	Dead: 0
5.0726    0.0505481   0.256606  4.52807 	Dead: 0
5.08031   0.054567    0.277008  4.52807 	Dead: 0
5.09515   0.0524555   0.266289  4.52807 	Dead: 0
5.10622   0.0548998   0.278697  4.52807 	Dead: 0
5.03836   0.047215    0.239685  4.52807 	Dead: 0
5.03145   0.0470924   0.239063  4.52807 	Dead: 0
5.04268   0.0472911   0.240071  4.52807 	Dead: 0
5.08146   0.053777    0.272997  4.52807 	Dead: 0
5.00859   0.0470819   0.23901   4.52807 	Dead: 0
5.01019   0.0462611   0.234843  4.52807 	Dead: 0
5.00516   0.0467153   0.237149  4.52807 	Dead: 0
5.0256    0.0640701   0.32525   4.52807 	Dead: 0
4.97238   0.0462659   0.234867  4.52807 	Dead: 0
4.98233   0.051157    0.259697  4.52807 	Dead: 0
4.98538   0.0500613   0.254134  4.52807 	Dead: 0
4.98042   0.0506042   0.25689   4.52807 	Dead: 0
4.96848   0.0469389   0.238284  4.52807 	Dead: 0
4.96519   0.0467483   0.237316  4.52807 	Dead: 0
4.95006   0.0454024   0.230484  4.52807 	Dead: 0
4.98516   0.0575234   0.292015  4.52807 	Dead: 0
4.97868   0.0526198   0.267123  4.52807 	Dead: 0
4.98175   0.0504697   0.256208  4.52807 	Dead: 0
4.98053   0.0466818   0.236979  4.52807 	Dead: 0
4.97767   0.0492438   0.249984  4.52807 	Dead: 0
4.98227   0.0485698   0.246563  4.52807 	Dead: 0
4.96179   0.0494211   0.250885  4.52807 	Dead: 0
4.95557   0.0493521   0.250534  4.52807 	Dead: 0
4.94318   0.0497582   0.252596  4.52807 	Dead: 0
4.95139   0.0516509   0.262204  4.52807 	Dead: 0
4.9684    0.050142    0.254544  4.52807 	Dead: 0
4.97951   0.0532939   0.270545  4.52807 	Dead: 0
4.94907   0.0457371   0.232183  4.52807 	Dead: 0
4.97064   0.0526836   0.267446  4.52807 	Dead: 0
4.93272   0.0465304   0.23621   4.52807 	Dead: 0
4.93631   0.0506445   0.257095  4.52807 	Dead: 0
4.95562   0.0502229   0.254955  4.52807 	Dead: 0
4.93496   0.0489227   0.248354  4.52807 	Dead: 0
4.9404    0.0493913   0.250733  4.44813 	Dead: 0
4.94125   0.0455066   0.231013  4.44813 	Dead: 0
4.96149   0.0520912   0.264439  4.44813 	Dead: 0
4.94754   0.0502621   0.255154  4.44813 	Dead: 0
4.93858   0.050344    0.25557   4.44813 	Dead: 0
4.95245   0.0476164   0.241723  4.44813 	Dead: 0
4.95093   0.0549195   0.278797  4.44813 	Dead: 0
4.97      0.0671275   0.340771  4.44813 	Dead: 0
4.96449   0.0589435   0.299225  4.44813 	Dead: 0
4.94942   0.0539063   0.273654  4.44813 	Dead: 0
4.91514   0.0459224   0.233123  4.44813 	Dead: 0
4.92348   0.0467377   0.237262  4.44813 	Dead: 0
4.95008   0.0525396   0.266716  4.44813 	Dead: 0
4.93036   0.0481421   0.244392  4.44813 	Dead: 0
4.94643   0.056014    0.284353  4.44813 	Dead: 0
4.97625   0.0574405   0.291595  4.44813 	Dead: 0
4.95817   0.0520343   0.26415   4.44813 	Dead: 0
4.9688    0.0564208   0.286418  4.44813 	Dead: 0
4.9526    0.0518258   0.263092  4.44813 	Dead: 0
4.96361   0.0583246   0.296083  4.44813 	Dead: 0
4.92469   0.0494816   0.251192  4.44813 	Dead: 0
4.92289   0.047423    0.240741  4.44813 	Dead: 0
4.94348   0.0558166   0.283351  4.44813 	Dead: 0
4.9603    0.0509301   0.258545  4.44813 	Dead: 0
4.93599   0.0508175   0.257973  4.44813 	Dead: 0
4.9217    0.0482553   0.244966  4.44813 	Dead: 0
4.9554    0.0564836   0.286737  4.44813 	Dead: 0
4.91973   0.0507119   0.257437  4.44813 	Dead: 0
4.95343   0.0581819   0.295358  4.44813 	Dead: 0
4.93067   0.0496714   0.252155  4.44813 	Dead: 0
4.95655   0.0567087   0.28788   4.44813 	Dead: 0
4.94024   0.0524051   0.266033  4.44813 	Dead: 0
4.93728   0.052135    0.264662  4.44813 	Dead: 0
4.94291   0.0518126   0.263025  4.44813 	Dead: 0
4.93215   0.0610052   0.309691  4.44813 	Dead: 0
4.95151   0.0597345   0.30324   4.44813 	Dead: 0
4.94741   0.0505865   0.2568    4.44813 	Dead: 0
4.95485   0.0536847   0.272528  4.44813 	Dead: 0
4.99833   0.0627635   0.318617  4.44813 	Dead: 0
4.92784   0.0520174   0.264064  4.44813 	Dead: 0
4.92729   0.0559791   0.284176  4.44813 	Dead: 0
4.92326   0.0519385   0.263664  4.44813 	Dead: 0
4.95088   0.059658    0.302852  4.44813 	Dead: 0
