12.4812   0.0482427   0.244902  11.8537 	Dead: 0
11.3338   0.0229352   0.11643   10.9796 	Dead: 0
10.6138   0.0217527   0.110427  10.3407 	Dead: 0
10.2466   0.0246546   0.125158  9.97578 	Dead: 0
9.9806    0.0279514   0.141894  9.78032 	Dead: 0
9.62908   0.0222656   0.113031  9.44158 	Dead: 0
9.44956   0.0260041   0.132009  9.26811 	Dead: 0
9.1875    0.0305158   0.154913  8.91645 	Dead: 0
8.80441   0.0273684   0.138935  8.59797 	Dead: 0
8.67336   0.034162    0.173422  8.41005 	Dead: 0
8.34084   0.0413011   0.209664  8.03033 	Dead: 0
8.00554   0.0493516   0.250532  7.67259 	Dead: 0
7.41586   0.0540484   0.274375  6.99771 	Dead: 0
7.12825   0.0668219   0.339219  6.75063 	Dead: 0
6.89081   0.0513251   0.26055   6.47654 	Dead: 0
6.70817   0.0754323   0.38293   6.24937 	Dead: 0
6.55745   0.0626732   0.318158  6.23993 	Dead: 0
6.50513   0.0508992   0.258388  6.23993 	Dead: 0
6.5214    0.0677994   0.344181  6.21185 	Dead: 0
6.51944   0.0838251   0.425535  6.12459 	Dead: 0
6.4265    0.0858538   0.435834  6.01429 	Dead: 0
6.30957   0.0633345   0.321515  6.00724 	Dead: 0
6.27369   0.071592    0.363435  5.97063 	Dead: 0
6.28667   0.0822878   0.417731  5.92749 	Dead: 0
6.3308    0.0966687   0.490735  5.90005 	Dead: 0
6.20481   0.0750492   0.380985  5.89423 	Dead: 0
6.24685   0.0900133   0.45695   5.83261 	Dead: 0
6.15169   0.09213     0.467695  5.78227 	Dead: 0
6.10594   0.0966496   0.490639  5.69165 	Dead: 0
6.02769   0.0997253   0.506252  5.56778 	Dead: 0
5.85416   0.0820936   0.416745  5.40778 	Dead: 0
5.71531   0.1057      0.536585  5.22567 	Dead: 0
5.68302   0.11766     0.597295  5.19627 	Dead: 0
5.62619   0.132046    0.670326  5.00092 	Dead: 0
5.32635   0.119016    0.604178  4.80132 	Dead: 0
5.12896   0.109759    0.55719   4.56349 	Dead: 0
5.09145   0.136369    0.692272  4.53667 	Dead: 0
4.9524    0.115022    0.583906  4.36326 	Dead: 0
4.87188   0.127114    0.645288  4.36326 	Dead: 0
4.9408    0.161346    0.81907   4.30355 	Dead: 0
4.83361   0.12606     0.639939  4.30355 	Dead: 0
4.88285   0.152223    0.772754  4.24692 	Dead: 0
4.79508   0.149137    0.757088  4.19343 	Dead: 0
4.92393   0.168753    0.856671  4.19343 	Dead: 0
4.82704   0.155738    0.790601  4.16588 	Dead: 0
4.89097   0.157516    0.799623  4.16588 	Dead: 0
4.8306    0.155808    0.790955  4.16588 	Dead: 0
4.62688   0.131655    0.668341  4.11827 	Dead: 0
4.70585   0.145447    0.738359  4.08448 	Dead: 0
4.75098   0.174289    0.884773  4.04525 	Dead: 0
4.6519    0.130484    0.662397  4.04525 	Dead: 0
4.69883   0.160097    0.812728  4.04525 	Dead: 0
4.73735   0.153951    0.781529  4.03113 	Dead: 0
4.65338   0.156551    0.794724  3.97723 	Dead: 0
4.56332   0.16322     0.82858   3.96692 	Dead: 0
4.51885   0.160661    0.81559   3.93018 	Dead: 0
4.55262   0.180533    0.916468  3.93018 	Dead: 0
4.73726   0.18455     0.936862  3.91882 	Dead: 0
4.60659   0.1764      0.895491  3.87304 	Dead: 0
4.57829   0.183285    0.930441  3.87304 	Dead: 0
4.51114   0.163518    0.830092  3.85246 	Dead: 0
4.78857   0.200737    1.01903   3.85246 	Dead: 0
4.51745   0.180428    0.915935  3.8232  	Dead: 0
4.47714   0.164907    0.837147  3.8232  	Dead: 0
4.51543   0.189766    0.963342  3.8232  	Dead: 0
4.48948   0.170972    0.867931  3.8232  	Dead: 0
4.47502   0.170515    0.865612  3.80368 	Dead: 0
4.54766   0.188015    0.95445   3.79984 	Dead: 0
4.55006   0.190852    0.968854  3.79984 	Dead: 0
4.46387   0.163094    0.827941  3.76897 	Dead: 0
4.42933   0.163641    0.830719  3.76075 	Dead: 0
4.67797   0.210385    1.06801   3.68959 	Dead: 0
4.34555   0.173268    0.87959   3.68959 	Dead: 0
4.43171   0.192322    0.976317  3.6481  	Dead: 0
4.48578   0.200753    1.01912   3.62995 	Dead: 0
4.36051   0.179173    0.909565  3.62995 	Dead: 0
4.27408   0.165415    0.839725  3.60447 	Dead: 0
4.27915   0.177899    0.903099  3.4546  	Dead: 0
4.31644   0.204774    1.03953   3.4546  	Dead: 0
4.22236   0.21549     1.09393   3.4546  	Dead: 0
4.14276   0.191887    0.974108  3.44452 	Dead: 0
4.36448   0.222676    1.13041   3.42885 	Dead: 0
4.15073   0.179982    0.913675  3.35801 	Dead: 0
4.28612   0.225622    1.14536   3.35801 	Dead: 0
4.28837   0.233825    1.18701   3.35801 	Dead: 0
4.20524   0.220498    1.11935   3.35801 	Dead: 0
4.34716   0.23791     1.20774   3.35801 	Dead: 0
4.20725   0.233179    1.18373   3.3487  	Dead: 0
4.0796    0.217675    1.10502   3.3487  	Dead: 0
4.46084   0.253529    1.28703   3.34384 	Dead: 0
4.12322   0.223374    1.13395   3.2468  	Dead: 0
4.1642    0.21582     1.0956    3.2468  	Dead: 0
4.10812   0.226267    1.14864   3.2468  	Dead: 0
4.03594   0.230108    1.16814   3.2468  	Dead: 0
4.13838   0.219772    1.11566   3.17378 	Dead: 0
4.14322   0.255113    1.29507   3.17378 	Dead: 0
3.95323   0.215001    1.09145   3.14858 	Dead: 0
4.00671   0.237515    1.20574   3.14858 	Dead: 0
4.01371   0.248797    1.26301   3.06469 	Dead: 0
4.02125   0.261491    1.32745   3.06469 	Dead: 0
4.18743   0.264544    1.34295   3.06469 	Dead: 0
