11.933    0.0633217   0.321451  11.1171 	Dead: 0
10.5816   0.0569552   0.289131  9.97256 	Dead: 0
10.0134   0.0536724   0.272466  9.48793 	Dead: 0
9.70663   0.0577806   0.293321  9.21662 	Dead: 0
9.36855   0.0592941   0.301004  8.60606 	Dead: 0
9.26724   0.0745238   0.378318  8.60606 	Dead: 0
9.18046   0.0650169   0.330056  8.60606 	Dead: 0
9.09071   0.0683607   0.347031  8.42946 	Dead: 0
9.01952   0.0708603   0.35972   8.30971 	Dead: 0
8.97878   0.0666499   0.338346  8.2622  	Dead: 0
8.9807    0.0739816   0.375565  8.2622  	Dead: 0
9.00233   0.0864917   0.439072  8.2622  	Dead: 0
8.97607   0.0770996   0.391394  8.2622  	Dead: 0
8.9786    0.0835918   0.424351  8.2622  	Dead: 0
8.9343    0.0767864   0.389804  8.08695 	Dead: 0
8.94815   0.0836275   0.424532  8.08695 	Dead: 0
8.94805   0.0902254   0.458026  8.08695 	Dead: 0
8.8898    0.0744916   0.378154  8.08695 	Dead: 0
8.92831   0.0790221   0.401153  8.08695 	Dead: 0
8.91672   0.0786723   0.399378  8.08695 	Dead: 0
8.88702   0.0801495   0.406876  8.08695 	Dead: 0
8.88908   0.0726373   0.368741  8.08695 	Dead: 0
8.91606   0.0763254   0.387463  8.08695 	Dead: 0
8.8801    0.0757469   0.384527  8.08695 	Dead: 0
8.90121   0.0822042   0.417307  8.08695 	Dead: 0
8.8606    0.0742279   0.376816  8.08695 	Dead: 0
8.85345   0.0791213   0.401656  8.08695 	Dead: 0
8.84256   0.0829607   0.421147  8.08695 	Dead: 0
8.8709    0.0741797   0.376571  8.08695 	Dead: 0
8.82202   0.0729717   0.370438  8.08695 	Dead: 0
8.90093   0.0859053   0.436095  8.08695 	Dead: 0
8.86039   0.0801075   0.406663  8.08695 	Dead: 0
8.83489   0.0769492   0.39063   8.08695 	Dead: 0
8.82791   0.0785262   0.398636  8.08695 	Dead: 0
8.8556    0.0833598   0.423173  8.08695 	Dead: 0
8.80719   0.0795128   0.403644  8.08695 	Dead: 0
8.86795   0.0861214   0.437193  8.08695 	Dead: 0
8.86124   0.0861748   0.437464  8.08695 	Dead: 0
8.80823   0.0860871   0.437018  8.08695 	Dead: 0
8.84111   0.0914653   0.46432   8.08695 	Dead: 0
8.80597   0.0873708   0.443535  8.08695 	Dead: 0
8.83141   0.0845812   0.429374  8.08695 	Dead: 0
8.83408   0.0861131   0.43715   8.08695 	Dead: 0
8.76378   0.0771353   0.391575  8.08695 	Dead: 0
8.80235   0.0891243   0.452437  8.08695 	Dead: 0
8.71833   0.0761058   0.386349  8.08695 	Dead: 0
8.75237   0.0896578   0.455145  8.08695 	Dead: 0
8.74416   0.0818708   0.415614  8.08695 	Dead: 0
8.77241   0.0805208   0.408761  8.08695 	Dead: 0
8.76104   0.0852483   0.43276   8.08695 	Dead: 0
8.75247   0.08335     0.423123  8.08695 	Dead: 0
8.78811   0.0886857   0.45021   8.08695 	Dead: 0
8.71871   0.0745773   0.378589  8.06769 	Dead: 0
8.72447   0.0855229   0.434154  8.04393 	Dead: 0
8.67893   0.0749783   0.380625  8.04393 	Dead: 0
8.72165   0.084025    0.42655   8.04393 	Dead: 0
8.72007   0.0785246   0.398628  8.04393 	Dead: 0
8.71176   0.0817907   0.415208  8.01644 	Dead: 0
8.73419   0.0868461   0.440871  8.01644 	Dead: 0
8.72811   0.0849156   0.431071  8.01644 	Dead: 0
8.68439   0.0776664   0.394271  8.01644 	Dead: 0
8.71035   0.0847053   0.430004  7.96819 	Dead: 0
8.73123   0.0832876   0.422807  7.96819 	Dead: 0
8.71721   0.0766973   0.389351  7.96819 	Dead: 0
8.69005   0.0757538   0.384561  7.96819 	Dead: 0
8.69108   0.0743367   0.377368  7.96819 	Dead: 0
8.69773   0.085119    0.432104  7.94877 	Dead: 0
8.69825   0.0861526   0.437351  7.94877 	Dead: 0
8.68397   0.0828571   0.420621  7.94877 	Dead: 0
8.71096   0.0822899   0.417742  7.94877 	Dead: 0
8.7033    0.0825295   0.418958  7.94877 	Dead: 0
8.46762   0.0814649   0.413554  7.69978 	Dead: 0
8.18524   0.0901953   0.457873  7.28774 	Dead: 0
7.86248   0.0603327   0.306277  7.28774 	Dead: 0
7.86661   0.0896139   0.454922  7.15235 	Dead: 0
7.75495   0.0933067   0.473669  7.11716 	Dead: 0
7.67647   0.0846925   0.429939  7.11716 	Dead: 0
7.69898   0.107785    0.547165  6.94165 	Dead: 0
7.64768   0.0920674   0.467377  6.94165 	Dead: 0
7.64036   0.092611    0.470137  6.86582 	Dead: 0
7.66765   0.0953848   0.484218  6.86582 	Dead: 0
7.59627   0.0942117   0.478262  6.86582 	Dead: 0
7.5521    0.0893167   0.453413  6.85035 	Dead: 0
7.48668   0.0868335   0.440808  6.85035 	Dead: 0
7.53096   0.0969216   0.492019  6.85035 	Dead: 0
7.3881    0.0795416   0.40379   6.8385  	Dead: 0
7.43346   0.095748    0.486062  6.68615 	Dead: 0
7.39711   0.0954219   0.484406  6.68615 	Dead: 0
7.35994   0.0835589   0.424184  6.68615 	Dead: 0
7.39611   0.0915906   0.464957  6.68615 	Dead: 0
7.40076   0.0957122   0.48588   6.68615 	Dead: 0
7.31005   0.0828898   0.420787  6.3064  	Dead: 0
7.29383   0.0848613   0.430795  6.3064  	Dead: 0
7.31565   0.091445    0.464217  6.3064  	Dead: 0
7.32283   0.110754    0.562237  6.3064  	Dead: 0
7.32698   0.0981927   0.498472  6.3064  	Dead: 0
7.26891   0.0946824   0.480652  6.3064  	Dead: 0
7.27021   0.0989233   0.502181  6.3064  	Dead: 0
7.2804    0.105801    0.537097  6.3064  	Dead: 0
7.37387   0.122808    0.623428  6.3064  	Dead: 0
7.30776   0.104219    0.529064  6.3064  	Dead: 0
