7.46793   0.0459212   0.233118  6.95481 	Dead: 0
6.94821   0.0212134   0.107689  6.74513 	Dead: 0
6.88868   0.020428    0.103702  6.73615 	Dead: 0
6.85878   0.0207099   0.105133  6.64378 	Dead: 0
6.87053   0.0243552   0.123638  6.64378 	Dead: 0
6.85838   0.022607    0.114764  6.64378 	Dead: 0
6.84709   0.022013    0.111748  6.64378 	Dead: 0
6.84917   0.0228468   0.115981  6.64378 	Dead: 0
6.84331   0.0208467   0.105828  6.64378 	Dead: 0
6.82359   0.0222317   0.112858  6.64378 	Dead: 0
6.82031   0.0226345   0.114903  6.60502 	Dead: 0
6.81974   0.020936    0.106281  6.60502 	Dead: 0
6.82978   0.0237348   0.120489  6.60502 	Dead: 0
6.82785   0.0238305   0.120974  6.60502 	Dead: 0
6.82051   0.024308    0.123399  6.60502 	Dead: 0
6.82225   0.0241962   0.122831  6.60502 	Dead: 0
6.82763   0.0234169   0.118875  6.60502 	Dead: 0
6.80294   0.0203724   0.10342   6.60502 	Dead: 0
6.81707   0.0219087   0.111219  6.60502 	Dead: 0
6.82748   0.0233846   0.118711  6.60502 	Dead: 0
6.81477   0.0228902   0.116201  6.60502 	Dead: 0
6.81618   0.0229699   0.116606  6.60502 	Dead: 0
6.8042    0.0223292   0.113353  6.60502 	Dead: 0
6.80223   0.0218544   0.110943  6.60502 	Dead: 0
6.80984   0.0225403   0.114425  6.60502 	Dead: 0
6.79925   0.0214398   0.108838  6.60502 	Dead: 0
6.80791   0.0240946   0.122315  6.60502 	Dead: 0
6.80746   0.0245519   0.124637  6.60502 	Dead: 0
6.79612   0.0218313   0.110826  6.60502 	Dead: 0
6.78817   0.0201438   0.102259  6.60502 	Dead: 0
6.80381   0.023611    0.119861  6.60502 	Dead: 0
6.80103   0.0228949   0.116225  6.60502 	Dead: 0
6.79938   0.0240414   0.122045  6.60502 	Dead: 0
6.79058   0.0223957   0.113691  6.60502 	Dead: 0
6.78536   0.0216235   0.109771  6.60502 	Dead: 0
6.80886   0.0248875   0.12634   6.60502 	Dead: 0
6.79908   0.0238622   0.121136  6.60502 	Dead: 0
6.80238   0.0244805   0.124275  6.60502 	Dead: 0
6.78341   0.0236534   0.120076  6.60502 	Dead: 0
6.78252   0.0218795   0.111071  6.60502 	Dead: 0
6.77256   0.0218074   0.110705  6.60502 	Dead: 0
6.77521   0.0218679   0.111012  6.60487 	Dead: 0
6.77046   0.020144    0.10226   6.60487 	Dead: 0
6.76671   0.0200841   0.101956  6.60487 	Dead: 0
6.76133   0.0218718   0.111031  6.60487 	Dead: 0
6.76933   0.0232785   0.118172  6.51719 	Dead: 0
6.76673   0.0247451   0.125618  6.51719 	Dead: 0
6.75629   0.0222219   0.112809  6.51719 	Dead: 0
6.76581   0.0233      0.118282  6.51719 	Dead: 0
6.75555   0.0236316   0.119965  6.51719 	Dead: 0
6.76772   0.0236349   0.119982  6.51719 	Dead: 0
6.7697    0.0253174   0.128523  6.51719 	Dead: 0
6.76515   0.0226929   0.1152    6.51719 	Dead: 0
6.75302   0.0230357   0.11694   6.51719 	Dead: 0
6.75559   0.0217469   0.110398  6.51719 	Dead: 0
6.75785   0.0241319   0.122505  6.51719 	Dead: 0
6.74853   0.0242011   0.122856  6.51719 	Dead: 0
6.73789   0.0248362   0.12608   6.461   	Dead: 0
6.75101   0.0247569   0.125677  6.461   	Dead: 0
6.74377   0.0244607   0.124174  6.461   	Dead: 0
6.74638   0.025936    0.131663  6.461   	Dead: 0
6.73649   0.02375     0.120566  6.461   	Dead: 0
6.72153   0.0235891   0.119749  6.461   	Dead: 0
6.74695   0.0261408   0.132703  6.461   	Dead: 0
6.73563   0.0238561   0.121105  6.461   	Dead: 0
6.74348   0.0270811   0.137476  6.461   	Dead: 0
6.72893   0.0254695   0.129295  6.461   	Dead: 0
6.72805   0.0224537   0.113986  6.461   	Dead: 0
6.72574   0.0234527   0.119057  6.461   	Dead: 0
6.73908   0.0260297   0.132139  6.461   	Dead: 0
6.74059   0.0249778   0.126799  6.461   	Dead: 0
6.73342   0.0265157   0.134606  6.461   	Dead: 0
6.73176   0.0272372   0.138268  6.461   	Dead: 0
6.72191   0.0245695   0.124726  6.461   	Dead: 0
6.73579   0.0268269   0.136186  6.461   	Dead: 0
6.72606   0.0235313   0.119456  6.461   	Dead: 0
6.73314   0.0255521   0.129714  6.461   	Dead: 0
6.73807   0.0246878   0.125327  6.461   	Dead: 0
6.72608   0.0246301   0.125034  6.461   	Dead: 0
6.73121   0.0280623   0.142458  6.461   	Dead: 0
6.71837   0.0241479   0.122586  6.461   	Dead: 0
6.72605   0.0264054   0.134046  6.461   	Dead: 0
6.72484   0.0254636   0.129265  6.461   	Dead: 0
6.71831   0.0249021   0.126415  6.461   	Dead: 0
6.73216   0.0267522   0.135807  6.461   	Dead: 0
6.72692   0.0243064   0.123391  6.461   	Dead: 0
6.73009   0.0259635   0.131803  6.461   	Dead: 0
6.72544   0.0246307   0.125037  6.461   	Dead: 0
6.70798   0.0235418   0.119509  6.461   	Dead: 0
6.72423   0.0262138   0.133074  6.461   	Dead: 0
6.72777   0.0261843   0.132924  6.461   	Dead: 0
6.72634   0.0252375   0.128117  6.461   	Dead: 0
6.73001   0.0250115   0.12697   6.461   	Dead: 0
6.73059   0.0263879   0.133957  6.461   	Dead: 0
6.72204   0.0271936   0.138047  6.461   	Dead: 0
6.71551   0.0243896   0.123813  6.461   	Dead: 0
6.72232   0.0263425   0.133727  6.461   	Dead: 0
6.71361   0.0256359   0.13014   6.461   	Dead: 0
6.72424   0.0261359   0.132678  6.461   	Dead: 0
6.72047   0.0258789   0.131373  6.461   	Dead: 0
6.7255    0.0274706   0.139454  6.461   	Dead: 0
