8.50338   0.0543933   0.276126  7.72074 	Dead: 0
6.81735   0.0654287   0.332146  6.0514  	Dead: 0
6.22882   0.0618464   0.313961  5.54528 	Dead: 0
5.90549   0.0638222   0.323991  5.23393 	Dead: 0
5.69677   0.0685863   0.348176  5.17903 	Dead: 0
5.49521   0.0606538   0.307907  4.98425 	Dead: 0
5.4388    0.066347    0.336808  4.91087 	Dead: 0
5.45194   0.0820422   0.416485  4.72938 	Dead: 0
5.35524   0.0595819   0.302466  4.72938 	Dead: 0
5.36307   0.0793434   0.402784  4.71996 	Dead: 0
5.31554   0.0757344   0.384463  4.71996 	Dead: 0
5.31538   0.0825341   0.418982  4.71996 	Dead: 0
5.3154    0.0805857   0.409091  4.67599 	Dead: 0
5.29529   0.0748068   0.379754  4.67599 	Dead: 0
5.25602   0.0765214   0.388458  4.61643 	Dead: 0
5.19737   0.0777102   0.394493  4.61643 	Dead: 0
5.28201   0.0891159   0.452394  4.61643 	Dead: 0
5.17941   0.070393    0.357348  4.61643 	Dead: 0
5.20759   0.079727    0.404731  4.59771 	Dead: 0
5.1947    0.0868249   0.440764  4.55989 	Dead: 0
5.14863   0.0890124   0.451868  4.54373 	Dead: 0
5.0232    0.0780248   0.396091  4.4121  	Dead: 0
4.91722   0.0755232   0.383391  4.29444 	Dead: 0
4.95644   0.0893407   0.453535  4.29444 	Dead: 0
4.89847   0.0839123   0.425978  4.29444 	Dead: 0
4.92382   0.0805438   0.408878  4.29444 	Dead: 0
4.79955   0.0667787   0.339     4.23707 	Dead: 0
4.87977   0.0828613   0.420643  4.23707 	Dead: 0
4.85038   0.0823686   0.418141  4.23707 	Dead: 0
4.80675   0.0814446   0.413451  4.23707 	Dead: 0
4.76556   0.0770189   0.390984  4.23707 	Dead: 0
4.79988   0.0817097   0.414797  4.09595 	Dead: 0
4.81136   0.0883919   0.448718  4.09595 	Dead: 0
4.74476   0.0740436   0.37588   4.09595 	Dead: 0
4.78257   0.0832117   0.422422  4.09595 	Dead: 0
4.81901   0.0981403   0.498206  4.09595 	Dead: 0
4.76996   0.0851345   0.432183  4.09595 	Dead: 0
4.77145   0.08546     0.433835  4.09595 	Dead: 0
4.7733    0.0828682   0.420678  4.09595 	Dead: 0
4.71906   0.0822865   0.417725  4.09595 	Dead: 0
4.72529   0.0843062   0.427977  4.09595 	Dead: 0
4.68653   0.0808225   0.410293  3.98473 	Dead: 0
4.7374    0.086495    0.439089  3.98473 	Dead: 0
4.65157   0.0702874   0.356812  3.98473 	Dead: 0
4.7063    0.0874865   0.444122  3.98473 	Dead: 0
4.63145   0.0746537   0.378977  3.98473 	Dead: 0
4.67585   0.0897289   0.455506  3.98473 	Dead: 0
4.66778   0.0832403   0.422567  3.98473 	Dead: 0
4.67682   0.0737943   0.374614  3.98473 	Dead: 0
4.66901   0.0819519   0.416026  3.98473 	Dead: 0
4.63022   0.0760818   0.386227  3.98473 	Dead: 0
4.64437   0.0694138   0.352377  3.98473 	Dead: 0
4.66462   0.0837335   0.42507   3.98473 	Dead: 0
4.66304   0.08103     0.411346  3.98473 	Dead: 0
4.66992   0.0829235   0.420958  3.98473 	Dead: 0
4.67753   0.0884781   0.449156  3.98473 	Dead: 0
4.66283   0.0863575   0.438391  3.98473 	Dead: 0
4.65102   0.0850312   0.431658  3.98473 	Dead: 0
4.63779   0.0804106   0.408202  3.98473 	Dead: 0
4.66711   0.0845073   0.428998  3.98473 	Dead: 0
4.62333   0.0851609   0.432317  3.98473 	Dead: 0
4.60579   0.0803753   0.408022  3.98473 	Dead: 0
4.6918    0.092347    0.468796  3.98473 	Dead: 0
4.58219   0.081712    0.414808  3.98473 	Dead: 0
4.63426   0.0767468   0.389602  3.98473 	Dead: 0
4.70178   0.0980936   0.497969  3.98473 	Dead: 0
4.61112   0.0855553   0.434318  3.98473 	Dead: 0
4.66597   0.0940014   0.477195  3.98473 	Dead: 0
4.61075   0.0864261   0.438739  3.98473 	Dead: 0
4.57629   0.0777194   0.39454   3.94133 	Dead: 0
4.61365   0.088199    0.447739  3.94133 	Dead: 0
4.59477   0.0813994   0.413221  3.94133 	Dead: 0
4.58835   0.0826826   0.419736  3.94133 	Dead: 0
4.60815   0.0926357   0.470262  3.94133 	Dead: 0
4.65031   0.0940216   0.477298  3.94133 	Dead: 0
4.6221    0.0829644   0.421166  3.94133 	Dead: 0
4.59188   0.0768652   0.390204  3.94133 	Dead: 0
4.58501   0.0828041   0.420352  3.94133 	Dead: 0
4.61355   0.0944582   0.479514  3.94133 	Dead: 0
4.57814   0.0820759   0.416655  3.94133 	Dead: 0
4.58182   0.0785589   0.398802  3.94133 	Dead: 0
4.58438   0.0895866   0.454784  3.94133 	Dead: 0
4.52362   0.0771011   0.391401  3.94133 	Dead: 0
4.56105   0.0798772   0.405494  3.94133 	Dead: 0
4.54604   0.0771355   0.391576  3.94133 	Dead: 0
4.56838   0.0813713   0.413079  3.92798 	Dead: 0
4.49378   0.0747137   0.379282  3.88412 	Dead: 0
4.47356   0.0714738   0.362835  3.88412 	Dead: 0
4.51947   0.0945021   0.479737  3.88412 	Dead: 0
4.51545   0.0864004   0.438609  3.88412 	Dead: 0
4.48689   0.0846315   0.429629  3.88412 	Dead: 0
4.5159    0.0910054   0.461986  3.88412 	Dead: 0
4.45935   0.077361    0.392721  3.88412 	Dead: 0
4.4088    0.0703225   0.35699   3.81967 	Dead: 0
4.42754   0.0847937   0.430453  3.57091 	Dead: 0
4.40456   0.0863215   0.438208  3.57091 	Dead: 0
4.40978   0.0837461   0.425134  3.57091 	Dead: 0
4.37906   0.0836282   0.424536  3.57091 	Dead: 0
4.38745   0.0851977   0.432503  3.57091 	Dead: 0
4.35239   0.0796372   0.404276  3.57091 	Dead: 0
4.40259   0.0904034   0.45893   3.57091 	Dead: 0
