8.91469   0.0997911   0.506586  7.82835 	Dead: 0
5.62506   0.0557062   0.282791  4.85337 	Dead: 0
4.59648   0.0669154   0.339694  3.92288 	Dead: 0
3.6274    0.0603674   0.306453  3.25909 	Dead: 0
3.41071   0.061049    0.309913  3.10083 	Dead: 0
3.24441   0.0620479   0.314984  2.80022 	Dead: 0
3.15646   0.0807881   0.410118  2.75256 	Dead: 0
3.04998   0.057754    0.293186  2.54714 	Dead: 0
3.00017   0.0632744   0.32121   2.54714 	Dead: 0
2.86582   0.0465566   0.236343  2.54714 	Dead: 0
2.93673   0.0756166   0.383865  2.54714 	Dead: 0
2.90074   0.090357    0.458694  2.4394  	Dead: 0
2.84777   0.0737248   0.374261  2.4394  	Dead: 0
2.8441    0.0836911   0.424855  2.4394  	Dead: 0
2.81163   0.0838641   0.425733  2.4394  	Dead: 0
2.76251   0.0736637   0.373951  2.4394  	Dead: 0
2.8208    0.105989    0.538049  2.43542 	Dead: 0
2.76686   0.0838239   0.425529  2.36861 	Dead: 0
2.75776   0.0880144   0.446802  2.36861 	Dead: 0
2.75281   0.093097    0.472604  2.33635 	Dead: 0
2.64376   0.0602238   0.305724  2.33635 	Dead: 0
2.68642   0.0900825   0.457301  2.32174 	Dead: 0
2.71891   0.106409    0.540181  2.32174 	Dead: 0
2.65154   0.0851224   0.432121  2.30034 	Dead: 0
2.59562   0.0806415   0.409374  2.26936 	Dead: 0
2.57489   0.0691532   0.351054  2.26311 	Dead: 0
2.57123   0.076695    0.38934   2.26311 	Dead: 0
2.57257   0.0774934   0.393393  2.25122 	Dead: 0
2.61122   0.116384    0.590821  2.21108 	Dead: 0
2.53401   0.0743211   0.377289  2.21108 	Dead: 0
2.56138   0.0813231   0.412834  2.21108 	Dead: 0
2.57801   0.0890294   0.451955  2.21108 	Dead: 0
2.57724   0.0801678   0.406969  2.17706 	Dead: 0
2.55018   0.101031    0.512878  2.14708 	Dead: 0
2.5363    0.0757154   0.384367  2.14708 	Dead: 0
2.58629   0.0894092   0.453883  2.14708 	Dead: 0
2.5162    0.0773346   0.392586  2.14708 	Dead: 0
2.50883   0.103174    0.523758  2.14708 	Dead: 0
2.60085   0.13373     0.678876  2.14708 	Dead: 0
2.4499    0.0739658   0.375485  2.12458 	Dead: 0
2.46885   0.084569    0.429312  2.12458 	Dead: 0
2.51069   0.106768    0.542005  2.12458 	Dead: 0
2.50329   0.0963561   0.489149  2.12458 	Dead: 0
2.49084   0.102454    0.520106  2.12458 	Dead: 0
2.55997   0.130038    0.660132  2.11941 	Dead: 0
2.47046   0.126889    0.644145  2.11569 	Dead: 0
2.38887   0.0619954   0.314718  2.11569 	Dead: 0
2.42144   0.0804333   0.408317  2.10531 	Dead: 0
2.43883   0.0839611   0.426226  2.0746  	Dead: 0
2.47898   0.0949034   0.481774  2.0746  	Dead: 0
2.45763   0.118122    0.599642  2.0746  	Dead: 0
2.50147   0.145218    0.737197  2.02604 	Dead: 0
2.38693   0.0759319   0.385466  2.02604 	Dead: 0
2.45298   0.115423    0.585941  2.02604 	Dead: 0
2.36568   0.0787955   0.400003  2.02604 	Dead: 0
2.3302    0.0739063   0.375183  2.02604 	Dead: 0
2.48184   0.132237    0.671295  2.02604 	Dead: 0
2.40358   0.110618    0.561549  2.01444 	Dead: 0
2.32385   0.0706301   0.358551  2.01444 	Dead: 0
2.33648   0.077869    0.395299  2.01444 	Dead: 0
2.37424   0.0992111   0.503642  2.01444 	Dead: 0
2.27586   0.0576467   0.292641  2.01444 	Dead: 0
2.42401   0.125564    0.63742   2.01444 	Dead: 0
2.31815   0.0837855   0.425334  2.01444 	Dead: 0
2.40418   0.107186    0.544128  1.99266 	Dead: 0
2.44647   0.153073    0.77707   1.98011 	Dead: 0
2.26498   0.0623604   0.316571  1.98011 	Dead: 0
2.30425   0.0719281   0.36514   1.98011 	Dead: 0
2.36183   0.0978565   0.496765  1.98011 	Dead: 0
2.43704   0.142387    0.722821  1.98011 	Dead: 0
2.38461   0.126178    0.640541  1.98011 	Dead: 0
2.28913   0.0871339   0.442332  1.98011 	Dead: 0
2.32916   0.0999239   0.50726   1.98011 	Dead: 0
2.32927   0.100056    0.507929  1.96898 	Dead: 0
2.40436   0.144409    0.733088  1.96898 	Dead: 0
2.39778   0.166742    0.84646   1.96017 	Dead: 0
2.43418   0.139472    0.708026  1.96017 	Dead: 0
2.29443   0.0909167   0.461536  1.96017 	Dead: 0
2.30859   0.10035     0.509423  1.96017 	Dead: 0
2.34342   0.123717    0.628044  1.96017 	Dead: 0
2.22795   0.0598021   0.303584  1.96017 	Dead: 0
2.20308   0.0569146   0.288925  1.96017 	Dead: 0
2.2887    0.0979706   0.497345  1.90944 	Dead: 0
2.24541   0.0732783   0.371995  1.90944 	Dead: 0
2.29986   0.0995184   0.505202  1.90944 	Dead: 0
2.20753   0.0739395   0.375352  1.90944 	Dead: 0
2.29409   0.139522    0.708278  1.90944 	Dead: 0
2.26479   0.0923572   0.468848  1.89705 	Dead: 0
2.36312   0.137379    0.697402  1.89705 	Dead: 0
2.20077   0.0834341   0.42355   1.89705 	Dead: 0
2.2449    0.101779    0.516678  1.89705 	Dead: 0
2.25026   0.0953057   0.483816  1.89705 	Dead: 0
2.24761   0.102731    0.521512  1.88684 	Dead: 0
2.18018   0.0675934   0.343136  1.88684 	Dead: 0
2.12819   0.0610522   0.309929  1.88684 	Dead: 0
2.28752   0.103973    0.527815  1.88684 	Dead: 0
2.34117   0.144939    0.735777  1.88684 	Dead: 0
2.22981   0.0852372   0.432704  1.88684 	Dead: 0
2.36735   0.163742    0.831231  1.88684 	Dead: 0
2.14295   0.0682023   0.346227  1.88684 	Dead: 0
2.27038   0.128535    0.652501  1.85664 	Dead: 0
