8.9937    0.118008    0.599062  7.66925 	Dead: 0
5.30783   0.0678281   0.344327  4.56783 	Dead: 0
3.64266   0.0384603   0.195243  3.2528  	Dead: 0
3.26078   0.0625612   0.31759   2.92003 	Dead: 0
3.08531   0.067569    0.343012  2.76841 	Dead: 0
2.94805   0.0620339   0.314913  2.64603 	Dead: 0
2.86006   0.0650531   0.33024   2.55846 	Dead: 0
2.84777   0.0727095   0.369108  2.52094 	Dead: 0
2.888     0.0848097   0.430534  2.51674 	Dead: 0
2.75165   0.0538674   0.273456  2.49191 	Dead: 0
2.76085   0.0714257   0.36259   2.47903 	Dead: 0
2.77569   0.0725596   0.368347  2.47903 	Dead: 0
2.70277   0.0592061   0.300558  2.36362 	Dead: 0
2.68547   0.0761855   0.386753  2.28754 	Dead: 0
2.6366    0.0687846   0.349183  2.28754 	Dead: 0
2.60215   0.0597279   0.303207  2.28754 	Dead: 0
2.6019    0.0680757   0.345584  2.28754 	Dead: 0
2.59712   0.0709793   0.360324  2.28608 	Dead: 0
2.65105   0.112177    0.569463  2.20957 	Dead: 0
2.56612   0.080087    0.406559  2.20957 	Dead: 0
2.55423   0.0942685   0.478551  2.20957 	Dead: 0
2.51136   0.0676415   0.34338   2.16955 	Dead: 0
2.49354   0.0703451   0.357105  2.16955 	Dead: 0
2.45618   0.0751655   0.381575  2.16955 	Dead: 0
2.51172   0.0917229   0.465628  2.16955 	Dead: 0
2.477     0.0792993   0.40256   2.16441 	Dead: 0
2.49559   0.09207     0.46739   2.15856 	Dead: 0
2.51317   0.114409    0.580796  2.1054  	Dead: 0
2.41456   0.100312    0.509228  2.09396 	Dead: 0
2.42802   0.0920867   0.467475  2.09396 	Dead: 0
2.3992    0.11605     0.589125  2.06953 	Dead: 0
2.4193    0.0949093   0.481804  2.05511 	Dead: 0
2.34171   0.0754643   0.383092  2.04219 	Dead: 0
2.43758   0.117768    0.597847  2.04219 	Dead: 0
2.39289   0.109623    0.556497  2.04219 	Dead: 0
2.31086   0.087683    0.44512   2.04219 	Dead: 0
2.38611   0.0967462   0.491129  2.02126 	Dead: 0
2.30608   0.0885753   0.44965   2.02126 	Dead: 0
2.33948   0.0973699   0.494295  2.00682 	Dead: 0
2.36081   0.10346     0.525209  2.00682 	Dead: 0
2.34633   0.0870333   0.441821  2.00682 	Dead: 0
2.2872    0.0740238   0.375779  2.00682 	Dead: 0
2.23543   0.0594652   0.301873  1.96045 	Dead: 0
2.25989   0.0786207   0.399116  1.96045 	Dead: 0
2.23973   0.0635756   0.32274   1.96045 	Dead: 0
2.40686   0.118443    0.601273  1.96045 	Dead: 0
2.28482   0.107934    0.547925  1.96045 	Dead: 0
2.32519   0.105938    0.53779   1.94524 	Dead: 0
2.34128   0.117271    0.595322  1.94524 	Dead: 0
2.24895   0.0916203   0.465107  1.94524 	Dead: 0
2.23437   0.0710869   0.36087   1.94524 	Dead: 0
2.27353   0.0906791   0.460329  1.94524 	Dead: 0
2.36913   0.129679    0.65831   1.94524 	Dead: 0
2.29799   0.100874    0.512086  1.94524 	Dead: 0
2.27155   0.0979292   0.497134  1.94524 	Dead: 0
2.2077    0.0630335   0.319988  1.94524 	Dead: 0
2.24905   0.0710649   0.360759  1.94524 	Dead: 0
2.3362    0.120655    0.612499  1.94524 	Dead: 0
2.29432   0.110205    0.559453  1.94524 	Dead: 0
2.18325   0.0699695   0.355198  1.94524 	Dead: 0
2.19139   0.0496824   0.252211  1.94524 	Dead: 0
2.1625    0.0482534   0.244957  1.94524 	Dead: 0
2.30088   0.129461    0.657206  1.94524 	Dead: 0
2.30585   0.102993    0.52284   1.94524 	Dead: 0
2.28064   0.0890568   0.452094  1.94524 	Dead: 0
2.21941   0.0741569   0.376455  1.94524 	Dead: 0
2.19647   0.0568204   0.288447  1.86845 	Dead: 0
2.22206   0.0718805   0.364899  1.86845 	Dead: 0
2.29214   0.114766    0.582608  1.86845 	Dead: 0
2.28388   0.0960501   0.487595  1.86845 	Dead: 0
2.2916    0.115442    0.586038  1.86845 	Dead: 0
2.28251   0.104605    0.531022  1.86845 	Dead: 0
2.19882   0.0729653   0.370406  1.86845 	Dead: 0
2.24319   0.0804203   0.408251  1.86845 	Dead: 0
2.30436   0.102288    0.519263  1.86845 	Dead: 0
2.26468   0.0992126   0.50365   1.86845 	Dead: 0
2.21994   0.0827669   0.420163  1.86845 	Dead: 0
2.24902   0.0914364   0.464174  1.86845 	Dead: 0
2.27032   0.0974365   0.494633  1.86845 	Dead: 0
2.28565   0.0988705   0.501913  1.86845 	Dead: 0
2.22631   0.105896    0.537576  1.86845 	Dead: 0
2.22177   0.0843201   0.428048  1.86845 	Dead: 0
2.23282   0.0892633   0.453142  1.86845 	Dead: 0
2.18543   0.0946255   0.480363  1.86845 	Dead: 0
2.2587    0.0983039   0.499036  1.86845 	Dead: 0
2.15109   0.0670618   0.340437  1.86845 	Dead: 0
2.14447   0.0661527   0.335822  1.86845 	Dead: 0
2.14906   0.0728026   0.36958   1.86845 	Dead: 0
2.13524   0.0761985   0.386819  1.86845 	Dead: 0
2.18023   0.0977686   0.496319  1.86845 	Dead: 0
2.16244   0.0778182   0.395042  1.85686 	Dead: 0
2.15381   0.0783699   0.397842  1.82838 	Dead: 0
2.08929   0.0567744   0.288214  1.82838 	Dead: 0
2.1092    0.0692792   0.351694  1.82838 	Dead: 0
2.12917   0.0818152   0.415332  1.82838 	Dead: 0
2.19149   0.10729     0.544652  1.82838 	Dead: 0
2.10647   0.0655838   0.332934  1.82838 	Dead: 0
2.04526   0.0483706   0.245552  1.82838 	Dead: 0
2.12037   0.098446    0.499758  1.82838 	Dead: 0
2.11654   0.0619443   0.314458  1.82721 	Dead: 0
2.20235   0.109213    0.554417  1.82721 	Dead: 0
