17.1877   0.0820902   0.416728  16.3954 	Dead: 0
15.2436   0.0397075   0.201574  14.7476 	Dead: 0
14.7188   0.034938    0.177362  14.3722 	Dead: 0
14.6344   0.0358686   0.182086  14.3049 	Dead: 0
14.4502   0.0327349   0.166177  14.1198 	Dead: 0
14.2376   0.0312923   0.158854  13.8375 	Dead: 0
14.1104   0.0401859   0.204002  13.6764 	Dead: 0
14.0531   0.0399313   0.20271   13.6764 	Dead: 0
14.0037   0.0327771   0.166392  13.6308 	Dead: 0
14.0174   0.0409113   0.207685  13.6308 	Dead: 0
13.9597   0.0349656   0.177502  13.6308 	Dead: 0
13.9497   0.0421612   0.21403   13.6222 	Dead: 0
13.9038   0.048611    0.246772  13.6125 	Dead: 0
13.8237   0.0394025   0.200025  13.5842 	Dead: 0
13.8225   0.0428408   0.21748   13.4567 	Dead: 0
13.8006   0.0479546   0.24344   13.4567 	Dead: 0
13.7522   0.0392986   0.199498  13.4567 	Dead: 0
13.7165   0.045552    0.231243  13.2474 	Dead: 0
13.6963   0.0510474   0.259141  13.2474 	Dead: 0
13.6166   0.0385962   0.195932  13.2474 	Dead: 0
13.4142   0.0493217   0.25038   12.9946 	Dead: 0
13.3576   0.0485075   0.246247  12.978  	Dead: 0
13.3367   0.0480023   0.243682  12.978  	Dead: 0
13.341    0.0544885   0.276609  12.978  	Dead: 0
13.3583   0.0652502   0.33124   12.9177 	Dead: 0
13.305    0.0481029   0.244193  12.9177 	Dead: 0
13.2899   0.050296    0.255326  12.9177 	Dead: 0
13.2859   0.0498056   0.252836  12.9115 	Dead: 0
13.298    0.0562298   0.285449  12.8071 	Dead: 0
13.2401   0.0564738   0.286687  12.7584 	Dead: 0
13.2276   0.058737    0.298176  12.7172 	Dead: 0
13.2119   0.0564377   0.286504  12.7172 	Dead: 0
13.1872   0.0541132   0.274704  12.7172 	Dead: 0
13.1887   0.0507699   0.257732  12.7172 	Dead: 0
13.2157   0.0573242   0.291004  12.7172 	Dead: 0
13.1594   0.0530673   0.269394  12.7172 	Dead: 0
13.1814   0.0596469   0.302795  12.7172 	Dead: 0
13.1358   0.0551246   0.279838  12.6966 	Dead: 0
13.1364   0.0548985   0.27869   12.6744 	Dead: 0
13.1323   0.0641879   0.325848  12.6744 	Dead: 0
13.0755   0.0568882   0.288791  12.6174 	Dead: 0
12.8478   0.0595261   0.302182  12.37   	Dead: 0
12.7609   0.0629818   0.319725  12.268  	Dead: 0
12.7619   0.0687191   0.34885   12.205  	Dead: 0
12.6822   0.0651054   0.330505  12.205  	Dead: 0
12.6933   0.0687899   0.34921   12.205  	Dead: 0
12.6735   0.0690981   0.350774  12.205  	Dead: 0
12.6931   0.0796901   0.404544  12.1641 	Dead: 0
12.6077   0.0568283   0.288487  12.073  	Dead: 0
12.5889   0.0607901   0.308599  12.0677 	Dead: 0
12.639    0.0736292   0.373776  12.0677 	Dead: 0
12.5651   0.0668503   0.339363  12.0677 	Dead: 0
12.5829   0.0647748   0.328827  12.0677 	Dead: 0
12.5679   0.0548329   0.278357  12.0677 	Dead: 0
12.5849   0.0612966   0.31117   12.0677 	Dead: 0
12.5967   0.0758183   0.384889  12.0677 	Dead: 0
12.5826   0.0775596   0.393729  12.0677 	Dead: 0
12.545    0.0702543   0.356644  12.0677 	Dead: 0
12.5526   0.094994    0.482234  12.0677 	Dead: 0
12.5215   0.0644634   0.327246  12.0677 	Dead: 0
12.5782   0.0938117   0.476232  12.0677 	Dead: 0
12.4824   0.0627462   0.318529  12.0029 	Dead: 0
12.4137   0.0711228   0.361053  11.8046 	Dead: 0
12.3814   0.0620088   0.314786  11.8046 	Dead: 0
12.2719   0.0731232   0.371207  11.8046 	Dead: 0
12.1672   0.0816717   0.414604  11.6545 	Dead: 0
12.1062   0.0794994   0.403576  11.6246 	Dead: 0
12.0156   0.0760263   0.385945  11.5611 	Dead: 0
11.9672   0.0667594   0.338902  11.5535 	Dead: 0
11.9782   0.0725555   0.368325  11.5535 	Dead: 0
11.956    0.0711436   0.361158  11.5096 	Dead: 0
11.9644   0.0809622   0.411002  11.4862 	Dead: 0
11.875    0.064716    0.328529  11.3955 	Dead: 0
11.8613   0.0629318   0.319471  11.3955 	Dead: 0
11.8281   0.0656242   0.333139  11.3955 	Dead: 0
11.8463   0.0656201   0.333118  11.3955 	Dead: 0
11.8108   0.0689777   0.350163  11.3955 	Dead: 0
11.8332   0.065891    0.334493  11.3955 	Dead: 0
11.8246   0.0811086   0.411745  11.2267 	Dead: 0
11.8882   0.112339    0.570284  11.2267 	Dead: 0
11.7984   0.0763927   0.387805  11.2267 	Dead: 0
11.7564   0.0617838   0.313644  11.2267 	Dead: 0
11.8177   0.0798549   0.405381  11.2267 	Dead: 0
11.7466   0.0722603   0.366827  11.2267 	Dead: 0
11.7921   0.0749589   0.380526  11.2267 	Dead: 0
11.7827   0.0736554   0.373909  11.2267 	Dead: 0
11.855    0.127655    0.648038  11.2267 	Dead: 0
11.8218   0.0797518   0.404857  11.2267 	Dead: 0
11.7915   0.0751026   0.381256  11.2267 	Dead: 0
11.7393   0.0648348   0.329132  11.2267 	Dead: 0
11.7813   0.0800936   0.406592  11.2267 	Dead: 0
11.7605   0.0659527   0.334807  11.2267 	Dead: 0
11.7927   0.0849595   0.431294  11.2267 	Dead: 0
11.7535   0.0636337   0.323034  11.2267 	Dead: 0
11.803    0.0836288   0.424539  11.2267 	Dead: 0
11.7834   0.0879301   0.446374  11.2267 	Dead: 0
11.725    0.0830537   0.421619  11.1993 	Dead: 0
11.701    0.0910351   0.462137  11.1962 	Dead: 0
11.6852   0.0741991   0.376669  11.1091 	Dead: 0
11.6688   0.087818    0.445805  11.1091 	Dead: 0
11.5928   0.0770091   0.390934  11.0002 	Dead: 0
