8.55171   0.109667    0.556723  7.48332 	Dead: 0
6.73629   0.0362154   0.183846  6.20108 	Dead: 0
5.97046   0.0393429   0.199723  5.5445  	Dead: 0
4.79121   0.0480658   0.244004  4.26481 	Dead: 0
4.16511   0.0479632   0.243484  3.77762 	Dead: 0
3.78719   0.0417086   0.211732  3.47578 	Dead: 0
3.67614   0.0422392   0.214426  3.33688 	Dead: 0
3.62826   0.0459451   0.233239  3.29837 	Dead: 0
3.54777   0.0462587   0.234831  3.23047 	Dead: 0
3.47573   0.0412702   0.209507  3.21068 	Dead: 0
3.42634   0.0385031   0.19546   3.18588 	Dead: 0
3.42496   0.0487997   0.24773   3.11541 	Dead: 0
3.34704   0.0420185   0.213306  3.10378 	Dead: 0
3.31793   0.0474167   0.240709  3.02352 	Dead: 0
3.29417   0.0437602   0.222147  3.02352 	Dead: 0
3.29255   0.0489672   0.24858   3.02352 	Dead: 0
3.18218   0.0351607   0.178492  2.91982 	Dead: 0
3.12891   0.03559     0.180671  2.90759 	Dead: 0
3.16355   0.0462851   0.234965  2.89817 	Dead: 0
3.10839   0.0492759   0.250147  2.77112 	Dead: 0
3.10379   0.048563    0.246528  2.74373 	Dead: 0
3.03657   0.0367573   0.186597  2.74373 	Dead: 0
2.99788   0.0434455   0.22055   2.64102 	Dead: 0
3.00695   0.0519565   0.263755  2.64102 	Dead: 0
2.89179   0.0424129   0.215308  2.63119 	Dead: 0
2.82475   0.0481612   0.244489  2.5307  	Dead: 0
2.65798   0.0338658   0.171919  2.37831 	Dead: 0
2.64612   0.0470505   0.23885   2.37831 	Dead: 0
2.61991   0.0419919   0.21317   2.35393 	Dead: 0
2.59138   0.0436329   0.221501  2.34384 	Dead: 0
2.56838   0.0370037   0.187848  2.29072 	Dead: 0
2.59995   0.0477786   0.242546  2.29072 	Dead: 0
2.56256   0.0454647   0.2308    2.29011 	Dead: 0
2.53628   0.0427193   0.216863  2.2059  	Dead: 0
2.54248   0.0456808   0.231897  2.2059  	Dead: 0
2.52816   0.042533    0.215918  2.2059  	Dead: 0
2.51573   0.0437072   0.221878  2.2059  	Dead: 0
2.48376   0.0357051   0.181256  2.2059  	Dead: 0
2.49998   0.0430337   0.218459  2.2059  	Dead: 0
2.482     0.0437579   0.222136  2.2059  	Dead: 0
2.47364   0.0442848   0.22481   2.2059  	Dead: 0
2.46324   0.0399528   0.202819  2.2059  	Dead: 0
2.47746   0.0467247   0.237196  2.2059  	Dead: 0
2.48207   0.0453653   0.230295  2.2059  	Dead: 0
2.46973   0.0468419   0.237791  2.2059  	Dead: 0
2.46968   0.0474473   0.240864  2.15462 	Dead: 0
2.45556   0.0432536   0.219576  2.15462 	Dead: 0
2.43019   0.0400169   0.203144  2.15462 	Dead: 0
2.42644   0.0437804   0.22225   2.15462 	Dead: 0
2.43649   0.0472907   0.24007   2.15462 	Dead: 0
2.43704   0.0409716   0.207991  2.15462 	Dead: 0
2.42492   0.0401558   0.20385   2.15462 	Dead: 0
2.38019   0.0374451   0.190089  2.15462 	Dead: 0
2.40072   0.0444071   0.225431  2.15462 	Dead: 0
2.39986   0.0434698   0.220673  2.15462 	Dead: 0
2.41667   0.0433431   0.22003   2.13751 	Dead: 0
2.4021    0.0439176   0.222946  2.11272 	Dead: 0
2.36743   0.0414621   0.210481  2.10485 	Dead: 0
2.35149   0.0394537   0.200286  2.04058 	Dead: 0
2.34618   0.0442105   0.224433  2.04058 	Dead: 0
2.33085   0.0405099   0.205647  2.04058 	Dead: 0
2.35474   0.0440143   0.223437  2.04058 	Dead: 0
2.35219   0.0456754   0.23187   2.04058 	Dead: 0
2.31281   0.0430272   0.218426  2.04058 	Dead: 0
2.29369   0.0376133   0.190943  2.04058 	Dead: 0
2.30339   0.045779    0.232396  2.04058 	Dead: 0
2.32471   0.0469688   0.238435  2.02123 	Dead: 0
2.29998   0.045684    0.231913  2.02123 	Dead: 0
2.29154   0.0398266   0.202179  2.02123 	Dead: 0
2.29089   0.0424102   0.215294  2.00027 	Dead: 0
2.32956   0.0499874   0.253759  2.00027 	Dead: 0
2.30772   0.045714    0.232065  1.99357 	Dead: 0
2.2866    0.0413046   0.209681  1.99357 	Dead: 0
2.28313   0.0427853   0.217198  1.99357 	Dead: 0
2.29395   0.0499241   0.253438  1.99357 	Dead: 0
2.29637   0.0484493   0.245951  1.99357 	Dead: 0
2.27663   0.0413553   0.209939  1.99357 	Dead: 0
2.28406   0.0405334   0.205766  1.99357 	Dead: 0
2.30424   0.0449506   0.22819   1.99357 	Dead: 0
2.27427   0.0423514   0.214996  1.99357 	Dead: 0
2.30103   0.0429911   0.218243  1.99357 	Dead: 0
2.27977   0.0432517   0.219566  1.99357 	Dead: 0
2.28372   0.0459806   0.233419  1.99357 	Dead: 0
2.31797   0.0501754   0.254714  1.97462 	Dead: 0
2.25516   0.0390041   0.198003  1.97462 	Dead: 0
2.28427   0.0412192   0.209248  1.97462 	Dead: 0
2.26214   0.0396074   0.201066  1.97462 	Dead: 0
2.27916   0.0458723   0.232869  1.97462 	Dead: 0
2.26235   0.0471922   0.23957   1.97462 	Dead: 0
2.2623    0.0399264   0.202685  1.97462 	Dead: 0
2.265     0.0448635   0.227748  1.97462 	Dead: 0
2.27119   0.0457963   0.232484  1.97462 	Dead: 0
2.29903   0.0499727   0.253685  1.97462 	Dead: 0
2.27976   0.0431247   0.218921  1.97462 	Dead: 0
2.28419   0.0452097   0.229506  1.97462 	Dead: 0
2.29564   0.0493513   0.25053   1.97462 	Dead: 0
2.26154   0.0451386   0.229145  1.97462 	Dead: 0
2.27587   0.0481339   0.24435   1.97462 	Dead: 0
2.30958   0.0531662   0.269896  1.97462 	Dead: 0
2.25502   0.0391351   0.198668  1.97462 	Dead: 0
2.25373   0.0388608   0.197275  1.97462 	Dead: 0
