8.45006   0.103661    0.52623   7.34398 	Dead: 0
6.43701   0.0331668   0.16837   5.94002 	Dead: 0
5.48346   0.0378996   0.192396  4.83257 	Dead: 0
4.94356   0.0364942   0.185261  4.60891 	Dead: 0
4.38732   0.0278941   0.141604  4.12155 	Dead: 0
4.05184   0.0338924   0.172054  3.71503 	Dead: 0
3.6965    0.0427408   0.216972  3.34297 	Dead: 0
3.44988   0.0459402   0.233214  3.13396 	Dead: 0
3.34146   0.043583    0.221247  3.03224 	Dead: 0
3.25326   0.0445534   0.226174  2.89656 	Dead: 0
3.17032   0.0407456   0.206843  2.89656 	Dead: 0
3.16584   0.0511126   0.259471  2.87302 	Dead: 0
3.12003   0.0435273   0.220965  2.79538 	Dead: 0
3.06843   0.0439781   0.223253  2.79538 	Dead: 0
3.07643   0.0436479   0.221577  2.79538 	Dead: 0
3.05533   0.043443    0.220537  2.78149 	Dead: 0
3.02585   0.0392031   0.199013  2.67519 	Dead: 0
3.05617   0.0467216   0.237181  2.67519 	Dead: 0
2.99384   0.0403917   0.205047  2.67519 	Dead: 0
2.97966   0.0501572   0.254621  2.67519 	Dead: 0
2.98242   0.0475168   0.241218  2.67519 	Dead: 0
2.97609   0.0490744   0.249124  2.67519 	Dead: 0
2.94591   0.0455941   0.231457  2.67519 	Dead: 0
2.9116    0.0411625   0.20896   2.67519 	Dead: 0
2.90528   0.0398328   0.20221   2.64034 	Dead: 0
2.87917   0.041812    0.212257  2.64034 	Dead: 0
2.88083   0.037622    0.190987  2.64034 	Dead: 0
2.89318   0.0421856   0.214154  2.64034 	Dead: 0
2.88529   0.0464991   0.236051  2.62764 	Dead: 0
2.86998   0.0465191   0.236153  2.6145  	Dead: 0
2.84938   0.0414681   0.210511  2.57356 	Dead: 0
2.8438    0.0376994   0.19138   2.57356 	Dead: 0
2.81347   0.0407137   0.206682  2.57356 	Dead: 0
2.84069   0.0383387   0.194625  2.57356 	Dead: 0
2.81452   0.0445849   0.226334  2.46928 	Dead: 0
2.79516   0.042839    0.217471  2.46928 	Dead: 0
2.80097   0.0428696   0.217626  2.46928 	Dead: 0
2.80921   0.0431128   0.218861  2.46928 	Dead: 0
2.77326   0.0390273   0.198121  2.46928 	Dead: 0
2.77178   0.0377636   0.191705  2.46928 	Dead: 0
2.80165   0.04249     0.215699  2.46928 	Dead: 0
2.78024   0.0440781   0.223761  2.44895 	Dead: 0
2.75334   0.0413468   0.209896  2.44895 	Dead: 0
2.78189   0.0461175   0.234114  2.44895 	Dead: 0
2.75786   0.0413205   0.209762  2.44895 	Dead: 0
2.74725   0.0365454   0.185522  2.44895 	Dead: 0
2.76079   0.0516457   0.262178  2.44895 	Dead: 0
2.76937   0.0452686   0.229804  2.44895 	Dead: 0
2.75093   0.0419634   0.213026  2.44895 	Dead: 0
2.73982   0.0425497   0.216002  2.44895 	Dead: 0
2.7496    0.0380147   0.19298   2.44895 	Dead: 0
2.75014   0.0409433   0.207848  2.44895 	Dead: 0
2.75139   0.0426914   0.216722  2.44895 	Dead: 0
2.71105   0.0403852   0.205014  2.3953  	Dead: 0
2.73714   0.0425943   0.216228  2.3953  	Dead: 0
2.69866   0.0362034   0.183786  2.3953  	Dead: 0
2.70552   0.0449775   0.228327  2.3953  	Dead: 0
2.67914   0.0399522   0.202816  2.3953  	Dead: 0
2.66882   0.0373964   0.189842  2.3953  	Dead: 0
2.70722   0.0484782   0.246098  2.3953  	Dead: 0
2.65674   0.0342531   0.173885  2.3953  	Dead: 0
2.70269   0.0492407   0.249969  2.3953  	Dead: 0
2.67009   0.0387026   0.196473  2.3953  	Dead: 0
2.66503   0.0444351   0.225573  2.3953  	Dead: 0
2.65148   0.0398742   0.20242   2.3953  	Dead: 0
2.66162   0.0412316   0.209311  2.3953  	Dead: 0
2.66054   0.0387044   0.196482  2.3953  	Dead: 0
2.6599    0.0414216   0.210275  2.3953  	Dead: 0
2.65224   0.0421211   0.213826  2.3953  	Dead: 0
2.63278   0.0360181   0.182845  2.35708 	Dead: 0
2.67048   0.0492605   0.250069  2.35708 	Dead: 0
2.64337   0.0379424   0.192614  2.35708 	Dead: 0
2.65618   0.0413685   0.210006  2.35708 	Dead: 0
2.62958   0.0415589   0.210972  2.35708 	Dead: 0
2.65756   0.0484411   0.24591   2.35708 	Dead: 0
2.63804   0.0414278   0.210307  2.35708 	Dead: 0
2.65636   0.0438154   0.222428  2.33156 	Dead: 0
2.63258   0.0453462   0.230198  2.31595 	Dead: 0
2.59787   0.0418959   0.212683  2.31595 	Dead: 0
2.62323   0.0486758   0.247101  2.31595 	Dead: 0
2.60572   0.0429131   0.217847  2.31595 	Dead: 0
2.62254   0.0500917   0.254289  2.31595 	Dead: 0
2.61179   0.0445064   0.225935  2.31595 	Dead: 0
2.61366   0.0472294   0.239759  2.31595 	Dead: 0
2.61847   0.0428502   0.217528  2.31595 	Dead: 0
2.59683   0.0428369   0.21746   2.31595 	Dead: 0
2.61479   0.045496    0.230959  2.31595 	Dead: 0
2.59256   0.0396711   0.201389  2.31595 	Dead: 0
2.62381   0.0529903   0.269004  2.31595 	Dead: 0
2.61706   0.043511    0.220882  2.31595 	Dead: 0
2.6165    0.0432754   0.219686  2.31595 	Dead: 0
2.58572   0.0386076   0.19599   2.31595 	Dead: 0
2.61751   0.0479527   0.24343   2.31595 	Dead: 0
2.60467   0.0467963   0.23756   2.31595 	Dead: 0
2.60107   0.0443493   0.225138  2.31595 	Dead: 0
2.60154   0.0445223   0.226016  2.31241 	Dead: 0
2.62313   0.04827     0.245041  2.31241 	Dead: 0
2.60135   0.0503983   0.255845  2.31241 	Dead: 0
2.61136   0.0557743   0.283136  2.31241 	Dead: 0
2.56377   0.0367124   0.186369  2.31241 	Dead: 0
2.62079   0.0466273   0.236702  2.31241 	Dead: 0
