8.46564   0.0926746   0.470459  7.6086  	Dead: 0
6.64093   0.0353754   0.179582  6.24046 	Dead: 0
5.86585   0.0378677   0.192234  5.28726 	Dead: 0
4.96446   0.0380547   0.193183  4.50939 	Dead: 0
4.32561   0.0429052   0.217807  3.96604 	Dead: 0
3.68401   0.0375194   0.190466  3.41691 	Dead: 0
3.57085   0.0448722   0.227792  3.28569 	Dead: 0
3.28545   0.0381158   0.193493  2.95455 	Dead: 0
3.11492   0.0407386   0.206808  2.81616 	Dead: 0
2.84068   0.0322758   0.163847  2.59481 	Dead: 0
2.75943   0.0351513   0.178444  2.48098 	Dead: 0
2.73199   0.039723    0.201652  2.45536 	Dead: 0
2.67904   0.0416634   0.211503  2.36137 	Dead: 0
2.68339   0.0504643   0.25618   2.36137 	Dead: 0
2.58858   0.0435109   0.220882  2.35974 	Dead: 0
2.55277   0.0391113   0.198547  2.29906 	Dead: 0
2.49388   0.0387874   0.196903  2.25178 	Dead: 0
2.4747    0.0343946   0.174603  2.23475 	Dead: 0
2.51293   0.0476862   0.242077  2.19816 	Dead: 0
2.48172   0.0489131   0.248306  2.19816 	Dead: 0
2.44869   0.0387064   0.196492  2.19816 	Dead: 0
2.4301    0.035452    0.179971  2.19816 	Dead: 0
2.47489   0.0446792   0.226813  2.19816 	Dead: 0
2.43892   0.0398331   0.202211  2.19816 	Dead: 0
2.47734   0.0472035   0.239627  2.19816 	Dead: 0
2.48524   0.0502321   0.255002  2.19816 	Dead: 0
2.45512   0.0459844   0.233438  2.19032 	Dead: 0
2.43854   0.0379866   0.192838  2.19032 	Dead: 0
2.42994   0.0389334   0.197644  2.12698 	Dead: 0
2.44338   0.0474717   0.240988  2.12698 	Dead: 0
2.42962   0.0438733   0.222721  2.12698 	Dead: 0
2.40401   0.0357151   0.181307  2.12698 	Dead: 0
2.45428   0.0497032   0.252316  2.12698 	Dead: 0
2.43648   0.0518868   0.263401  2.12698 	Dead: 0
2.43827   0.0442879   0.224826  2.12698 	Dead: 0
2.4087    0.0382448   0.194149  2.12698 	Dead: 0
2.45596   0.0463661   0.235376  2.12698 	Dead: 0
2.43208   0.0478584   0.242952  2.12698 	Dead: 0
2.42054   0.0438855   0.222783  2.12698 	Dead: 0
2.42442   0.0418907   0.212657  2.12698 	Dead: 0
2.40578   0.043027    0.218425  2.12698 	Dead: 0
2.41985   0.0503924   0.255816  2.12698 	Dead: 0
2.41594   0.041091    0.208597  2.12698 	Dead: 0
2.42508   0.0445085   0.225946  2.12698 	Dead: 0
2.36561   0.0387703   0.196816  2.11487 	Dead: 0
2.38479   0.0428772   0.217665  2.11487 	Dead: 0
2.34463   0.03553     0.180367  2.11487 	Dead: 0
2.36343   0.0408547   0.207398  2.07853 	Dead: 0
2.32757   0.0382024   0.193933  2.07853 	Dead: 0
2.3326    0.0410843   0.208563  2.07853 	Dead: 0
2.35245   0.0495184   0.251379  2.07853 	Dead: 0
2.31121   0.0397955   0.202021  1.98205 	Dead: 0
2.30787   0.0410711   0.208496  1.98205 	Dead: 0
2.27483   0.0356287   0.180868  1.98205 	Dead: 0
2.31486   0.047319    0.240213  1.98205 	Dead: 0
2.30724   0.0422585   0.214524  1.98205 	Dead: 0
2.30686   0.0406076   0.206143  1.98205 	Dead: 0
2.31149   0.0437199   0.221943  1.98205 	Dead: 0
2.27634   0.0358739   0.182113  1.98205 	Dead: 0
2.25888   0.0311114   0.157936  1.98205 	Dead: 0
2.26782   0.0378392   0.19209   1.98205 	Dead: 0
2.29321   0.0449784   0.228332  1.98205 	Dead: 0
2.25388   0.0337078   0.171117  1.98205 	Dead: 0
2.30072   0.0433324   0.219976  1.98205 	Dead: 0
2.29553   0.0407574   0.206903  1.98205 	Dead: 0
2.27524   0.0416469   0.211419  1.98205 	Dead: 0
2.31218   0.0499779   0.253711  1.98205 	Dead: 0
2.30282   0.041325    0.209785  1.98205 	Dead: 0
2.26316   0.0356495   0.180974  1.98205 	Dead: 0
2.28507   0.04189     0.212653  1.98205 	Dead: 0
2.28529   0.0422529   0.214495  1.98205 	Dead: 0
2.23565   0.0330998   0.16803   1.98205 	Dead: 0
2.27846   0.0400323   0.203223  1.98205 	Dead: 0
2.27647   0.0460751   0.233899  1.98205 	Dead: 0
2.27738   0.0437941   0.222319  1.98205 	Dead: 0
2.26084   0.0368668   0.187153  1.98205 	Dead: 0
2.25292   0.0416648   0.21151   1.98205 	Dead: 0
2.26075   0.0438965   0.222839  1.98205 	Dead: 0
2.27053   0.0418163   0.212279  1.98205 	Dead: 0
2.27296   0.0377832   0.191805  1.98205 	Dead: 0
2.27041   0.0389621   0.19779   1.98205 	Dead: 0
2.28176   0.0388686   0.197315  1.98205 	Dead: 0
2.29034   0.0474064   0.240657  1.98205 	Dead: 0
2.26142   0.042672    0.216623  1.98205 	Dead: 0
2.26125   0.0417739   0.212064  1.98205 	Dead: 0
2.29824   0.0463888   0.235491  1.98205 	Dead: 0
2.27626   0.0400438   0.203281  1.98205 	Dead: 0
2.28123   0.0413897   0.210114  1.98205 	Dead: 0
2.25596   0.0387061   0.19649   1.98205 	Dead: 0
2.27036   0.0462535   0.234804  1.98205 	Dead: 0
2.25143   0.0385906   0.195904  1.98205 	Dead: 0
2.27422   0.047529    0.241279  1.98205 	Dead: 0
2.2692    0.0391413   0.198699  1.98205 	Dead: 0
2.24506   0.0374237   0.18998   1.98205 	Dead: 0
2.2833    0.0439382   0.223051  1.98205 	Dead: 0
2.26369   0.0410683   0.208482  1.98205 	Dead: 0
2.25899   0.0402627   0.204392  1.98205 	Dead: 0
2.29589   0.0454379   0.230664  1.98205 	Dead: 0
2.28019   0.0438947   0.22283   1.98205 	Dead: 0
2.25968   0.0408484   0.207365  1.98205 	Dead: 0
2.29842   0.0481576   0.244471  1.98205 	Dead: 0
