8.38705   0.107854    0.547515  6.85789 	Dead: 0
5.95523   0.0537673   0.272948  5.43139 	Dead: 0
5.37613   0.0498376   0.252999  4.92828 	Dead: 0
5.32753   0.0571943   0.290345  4.81071 	Dead: 0
5.24861   0.0625277   0.31742   4.765   	Dead: 0
5.2795    0.0616708   0.31307   4.67761 	Dead: 0
5.22043   0.0590416   0.299723  4.67761 	Dead: 0
5.20726   0.0609216   0.309267  4.67761 	Dead: 0
5.18375   0.0612028   0.310694  4.67761 	Dead: 0
5.16099   0.0676649   0.343498  4.61636 	Dead: 0
4.88354   0.0657359   0.333706  4.33718 	Dead: 0
4.60307   0.0494406   0.250983  4.0773  	Dead: 0
4.60896   0.0668906   0.339568  3.9464  	Dead: 0
4.46655   0.0787962   0.400006  3.78423 	Dead: 0
4.10059   0.0768576   0.390165  3.7185  	Dead: 0
3.96498   0.073014    0.370653  3.47843 	Dead: 0
3.82254   0.0436242   0.221457  3.38935 	Dead: 0
3.83092   0.0649914   0.329926  3.38935 	Dead: 0
3.7445    0.0518347   0.263137  3.30085 	Dead: 0
3.70262   0.0510989   0.259402  3.25318 	Dead: 0
3.68373   0.0615614   0.312515  3.25318 	Dead: 0
3.62889   0.0484522   0.245966  3.25318 	Dead: 0
3.63706   0.0577422   0.293126  3.25318 	Dead: 0
3.64229   0.0580593   0.294736  3.25318 	Dead: 0
3.61203   0.0548915   0.278655  3.25318 	Dead: 0
3.66392   0.0824421   0.418515  3.23566 	Dead: 0
3.63859   0.0593167   0.301119  3.23566 	Dead: 0
3.60404   0.0568369   0.28853   3.23566 	Dead: 0
3.67273   0.090437    0.4591    3.18674 	Dead: 0
3.60781   0.0591546   0.300296  3.16352 	Dead: 0
3.57116   0.061688    0.313157  3.16352 	Dead: 0
3.5514    0.0583494   0.296209  3.15633 	Dead: 0
3.52899   0.0646907   0.3284    3.15633 	Dead: 0
3.51579   0.0563321   0.285968  3.12954 	Dead: 0
3.48771   0.0672801   0.341545  3.12613 	Dead: 0
3.48846   0.0553358   0.28091   3.12613 	Dead: 0
3.47878   0.0591082   0.300061  3.03728 	Dead: 0
3.47714   0.0605915   0.307591  3.03728 	Dead: 0
3.42293   0.057057    0.289648  3.03728 	Dead: 0
3.45897   0.0555811   0.282156  3.03728 	Dead: 0
3.42174   0.0477419   0.24236   3.03728 	Dead: 0
3.41426   0.0445034   0.22592   3.03728 	Dead: 0
3.47919   0.0753726   0.382626  3.03728 	Dead: 0
3.45192   0.0724228   0.367652  3.03728 	Dead: 0
3.41652   0.0508201   0.257986  3.03728 	Dead: 0
3.42788   0.0585611   0.297283  3.03728 	Dead: 0
3.40935   0.0586223   0.297594  2.955   	Dead: 0
3.48947   0.0805863   0.409094  2.955   	Dead: 0
3.4428    0.0742824   0.377092  2.955   	Dead: 0
3.46828   0.0623899   0.31672   2.955   	Dead: 0
3.41208   0.0632478   0.321075  2.94382 	Dead: 0
3.40641   0.0632601   0.321138  2.94382 	Dead: 0
3.3703    0.0495913   0.251749  2.94382 	Dead: 0
3.36207   0.0487696   0.247577  2.94382 	Dead: 0
3.40716   0.0678071   0.34422   2.94382 	Dead: 0
3.3768    0.057433    0.291557  2.94382 	Dead: 0
3.40578   0.0742036   0.376692  2.94382 	Dead: 0
3.33645   0.0455935   0.231454  2.94382 	Dead: 0
3.39376   0.0604659   0.306953  2.94382 	Dead: 0
3.37854   0.0580477   0.294677  2.94382 	Dead: 0
3.38593   0.0632562   0.321118  2.94382 	Dead: 0
3.36813   0.0537397   0.272808  2.94382 	Dead: 0
3.36971   0.0577902   0.29337   2.94382 	Dead: 0
3.35618   0.0543022   0.275664  2.94382 	Dead: 0
3.38473   0.0590129   0.299577  2.93016 	Dead: 0
3.36315   0.0575114   0.291955  2.93016 	Dead: 0
3.33412   0.0578713   0.293782  2.93016 	Dead: 0
3.38675   0.0857973   0.435547  2.93016 	Dead: 0
3.37685   0.0783592   0.397788  2.93016 	Dead: 0
3.39424   0.0595118   0.302109  2.93016 	Dead: 0
3.38455   0.0618199   0.313827  2.93016 	Dead: 0
3.3765    0.0698133   0.354405  2.93016 	Dead: 0
3.40069   0.0618176   0.313815  2.93016 	Dead: 0
3.3549    0.0601284   0.30524   2.93016 	Dead: 0
3.37347   0.0568719   0.288708  2.93016 	Dead: 0
3.34189   0.0549211   0.278805  2.93016 	Dead: 0
3.42436   0.0884084   0.448802  2.93016 	Dead: 0
3.38648   0.0670219   0.340235  2.93016 	Dead: 0
3.34419   0.0545401   0.276871  2.93016 	Dead: 0
3.39434   0.0835047   0.423909  2.93016 	Dead: 0
3.41425   0.0709179   0.360012  2.93016 	Dead: 0
3.37612   0.0556013   0.282258  2.93016 	Dead: 0
3.33642   0.0516909   0.262407  2.93016 	Dead: 0
3.37466   0.0646304   0.328094  2.85431 	Dead: 0
3.39056   0.0719356   0.365179  2.85431 	Dead: 0
3.39204   0.0622222   0.315869  2.85431 	Dead: 0
3.34651   0.0583812   0.29637   2.85431 	Dead: 0
3.40941   0.060597    0.307619  2.85431 	Dead: 0
3.41357   0.0942583   0.478499  2.85431 	Dead: 0
3.37621   0.0675472   0.342901  2.85431 	Dead: 0
3.3896    0.0658968   0.334523  2.85431 	Dead: 0
3.36492   0.0590293   0.29966   2.85431 	Dead: 0
3.38337   0.0757851   0.384721  2.85431 	Dead: 0
3.3833    0.0666332   0.338261  2.85431 	Dead: 0
3.37002   0.0612055   0.310708  2.85431 	Dead: 0
3.39116   0.0620131   0.314808  2.85431 	Dead: 0
3.33249   0.0544525   0.276426  2.85431 	Dead: 0
3.34019   0.0579318   0.294089  2.85431 	Dead: 0
3.33546   0.0555099   0.281794  2.85431 	Dead: 0
3.33877   0.0557606   0.283067  2.85431 	Dead: 0
3.36839   0.0625738   0.317654  2.85431 	Dead: 0
