13.4979   0.0584987   0.296967  12.9093 	Dead: 0
11.7604   0.0432332   0.219472  11.1696 	Dead: 0
11.2355   0.0506502   0.257124  10.7497 	Dead: 0
10.5115   0.0656762   0.333403  9.59103 	Dead: 0
10.0664   0.0738278   0.374784  9.32359 	Dead: 0
9.67084   0.0715462   0.363202  8.80613 	Dead: 0
9.43711   0.0953637   0.484111  8.55899 	Dead: 0
9.14474   0.0784032   0.398011  8.34062 	Dead: 0
8.87921   0.0937312   0.475823  7.7304  	Dead: 0
8.68266   0.0972252   0.49356   7.7304  	Dead: 0
8.14138   0.0992167   0.50367   7.20702 	Dead: 0
7.55598   0.105894    0.537569  6.75092 	Dead: 0
7.41221   0.115732    0.587509  6.31011 	Dead: 0
7.26627   0.128668    0.65318   6.19476 	Dead: 0
7.27506   0.139798    0.709679  6.19476 	Dead: 0
7.20643   0.1291      0.655371  6.19476 	Dead: 0
7.12575   0.118332    0.600707  6.19476 	Dead: 0
7.07829   0.141558    0.718615  6.19476 	Dead: 0
7.02438   0.125976    0.63951   6.09848 	Dead: 0
7.0141    0.135638    0.688564  6.09848 	Dead: 0
6.99213   0.130294    0.661432  6.0899  	Dead: 0
7.02254   0.147817    0.750387  6.02885 	Dead: 0
6.86171   0.127183    0.645638  5.74929 	Dead: 0
6.79783   0.114438    0.580943  5.74929 	Dead: 0
6.91507   0.151113    0.767121  5.72851 	Dead: 0
6.70748   0.12489     0.633999  5.55936 	Dead: 0
6.68645   0.126516    0.642254  5.55936 	Dead: 0
6.69871   0.128359    0.651608  5.55936 	Dead: 0
6.65786   0.13793     0.700196  5.55936 	Dead: 0
6.65187   0.146366    0.743023  5.52304 	Dead: 0
6.49175   0.116136    0.589559  5.52304 	Dead: 0
6.5492    0.141647    0.719067  5.52304 	Dead: 0
6.62678   0.146835    0.745404  5.52304 	Dead: 0
6.43123   0.122099    0.619831  5.52304 	Dead: 0
6.45903   0.150384    0.763417  5.52304 	Dead: 0
6.42915   0.137509    0.698058  5.52304 	Dead: 0
6.5057    0.148404    0.753369  5.41175 	Dead: 0
6.43679   0.144899    0.735573  5.41175 	Dead: 0
6.52545   0.1384      0.702584  5.41175 	Dead: 0
6.42341   0.137475    0.697886  5.41175 	Dead: 0
6.36087   0.12587     0.638976  5.41175 	Dead: 0
6.41952   0.142646    0.724139  5.41175 	Dead: 0
6.36578   0.125143    0.635284  5.41041 	Dead: 0
6.33063   0.136468    0.692776  5.41041 	Dead: 0
6.37813   0.135051    0.685582  5.29856 	Dead: 0
6.31113   0.119167    0.604946  5.29856 	Dead: 0
6.40277   0.165279    0.839031  5.29856 	Dead: 0
6.26408   0.122188    0.620284  5.29856 	Dead: 0
6.23767   0.112608    0.571651  5.29856 	Dead: 0
6.30983   0.128124    0.650415  5.29856 	Dead: 0
6.32562   0.138346    0.70231   5.12502 	Dead: 0
6.31162   0.132498    0.672621  5.12502 	Dead: 0
6.30242   0.141144    0.716513  5.12502 	Dead: 0
6.47968   0.154526    0.784446  5.12502 	Dead: 0
6.3128    0.14097     0.715629  5.12502 	Dead: 0
6.25963   0.135903    0.689906  5.12502 	Dead: 0
6.2666    0.143406    0.727997  5.12502 	Dead: 0
6.19633   0.14386     0.7303    5.12502 	Dead: 0
6.11643   0.143011    0.725992  5.10576 	Dead: 0
6.05137   0.127124    0.645339  5.02735 	Dead: 0
6.09152   0.121016    0.614331  5.02735 	Dead: 0
5.9197    0.115867    0.588195  5.02735 	Dead: 0
6.0147    0.14934     0.75812   4.99135 	Dead: 0
5.97403   0.132084    0.670522  4.99135 	Dead: 0
5.85416   0.117216    0.595045  4.99135 	Dead: 0
5.88535   0.126551    0.642433  4.99135 	Dead: 0
5.9587    0.142384    0.722809  4.99135 	Dead: 0
5.8426    0.125026    0.634689  4.99135 	Dead: 0
5.86988   0.128726    0.653471  4.84595 	Dead: 0
5.87753   0.137484    0.69793   4.84595 	Dead: 0
5.84237   0.120948    0.613988  4.84595 	Dead: 0
5.93715   0.142297    0.722367  4.84595 	Dead: 0
5.87267   0.145833    0.740316  4.84595 	Dead: 0
5.93156   0.154882    0.786254  4.84595 	Dead: 0
5.85282   0.140194    0.711691  4.84595 	Dead: 0
5.85232   0.154785    0.78576   4.83689 	Dead: 0
5.82613   0.128605    0.652861  4.83689 	Dead: 0
5.83715   0.129963    0.659752  4.83689 	Dead: 0
5.8184    0.140611    0.713805  4.81703 	Dead: 0
5.92168   0.146782    0.745136  4.81703 	Dead: 0
5.72915   0.114855    0.583056  4.81703 	Dead: 0
5.78696   0.134366    0.682103  4.81703 	Dead: 0
5.86778   0.137244    0.696712  4.81703 	Dead: 0
5.7959    0.120146    0.609915  4.81703 	Dead: 0
5.76493   0.136805    0.694485  4.81703 	Dead: 0
5.72526   0.116836    0.593113  4.81703 	Dead: 0
5.75084   0.130485    0.662404  4.81703 	Dead: 0
5.79463   0.117973    0.598886  4.67083 	Dead: 0
5.69098   0.119599    0.607139  4.67083 	Dead: 0
5.79904   0.147442    0.748485  4.67083 	Dead: 0
5.8053    0.130303    0.66148   4.67083 	Dead: 0
5.61839   0.113409    0.575715  4.67083 	Dead: 0
5.74528   0.145057    0.736378  4.67083 	Dead: 0
5.64426   0.133161    0.67599   4.67083 	Dead: 0
5.69799   0.142439    0.723085  4.67083 	Dead: 0
5.67223   0.129033    0.655031  4.67083 	Dead: 0
5.81807   0.154574    0.784688  4.67083 	Dead: 0
5.64706   0.132706    0.673677  4.67083 	Dead: 0
5.68728   0.136135    0.691082  4.67083 	Dead: 0
5.73213   0.135474    0.687731  4.67083 	Dead: 0
5.71882   0.144436    0.733223  4.67083 	Dead: 0
