6.92518   0.0492148   0.249837  6.316   	Dead: 0
5.99167   0.0589532   0.299274  5.47183 	Dead: 0
5.16982   0.0391463   0.198725  4.67805 	Dead: 0
4.88198   0.0425892   0.216203  4.30757 	Dead: 0
4.47445   0.0472089   0.239654  4.06178 	Dead: 0
4.0776    0.0406502   0.206359  3.71694 	Dead: 0
3.78918   0.032765    0.16633   3.47002 	Dead: 0
3.55152   0.0361747   0.18364   3.2667  	Dead: 0
3.50792   0.0503627   0.255664  3.20017 	Dead: 0
3.42824   0.0399317   0.202712  3.07674 	Dead: 0
3.30593   0.0398152   0.202121  2.98009 	Dead: 0
3.1639    0.0433435   0.220032  2.84876 	Dead: 0
3.03075   0.0441633   0.224193  2.63321 	Dead: 0
2.92516   0.0436694   0.221686  2.57542 	Dead: 0
2.87616   0.0401011   0.203572  2.57222 	Dead: 0
2.86267   0.03771     0.191433  2.57222 	Dead: 0
2.85854   0.041375    0.210039  2.4461  	Dead: 0
2.80695   0.0413461   0.209892  2.4461  	Dead: 0
2.82389   0.0439029   0.222872  2.4461  	Dead: 0
2.81226   0.042311    0.21479   2.4461  	Dead: 0
2.77236   0.0415234   0.210792  2.4461  	Dead: 0
2.77151   0.0369594   0.187623  2.4461  	Dead: 0
2.75611   0.0436387   0.22153   2.4461  	Dead: 0
2.76057   0.0455906   0.231439  2.4461  	Dead: 0
2.71856   0.0403291   0.204729  2.4461  	Dead: 0
2.73632   0.0404898   0.205545  2.4461  	Dead: 0
2.72842   0.043065    0.218618  2.43711 	Dead: 0
2.72462   0.0422217   0.214337  2.39929 	Dead: 0
2.72437   0.0407624   0.206929  2.39929 	Dead: 0
2.70505   0.039784    0.201962  2.39929 	Dead: 0
2.74118   0.0457701   0.23235   2.39929 	Dead: 0
2.7212    0.0449194   0.228032  2.39929 	Dead: 0
2.70864   0.0389578   0.197768  2.39929 	Dead: 0
2.74108   0.0491721   0.249621  2.39929 	Dead: 0
2.70389   0.0410986   0.208636  2.35207 	Dead: 0
2.69494   0.041287    0.209592  2.35207 	Dead: 0
2.70028   0.0403877   0.205027  2.35207 	Dead: 0
2.69459   0.0411968   0.209134  2.35207 	Dead: 0
2.70386   0.0484389   0.245898  2.35207 	Dead: 0
2.63529   0.0385422   0.195658  2.31888 	Dead: 0
2.64869   0.0471902   0.23956   2.31888 	Dead: 0
2.60228   0.0393033   0.199522  2.31888 	Dead: 0
2.62566   0.0448097   0.227475  2.31888 	Dead: 0
2.5891    0.0383438   0.194651  2.31888 	Dead: 0
2.59956   0.0402026   0.204087  2.31888 	Dead: 0
2.58096   0.0370938   0.188305  2.28741 	Dead: 0
2.54684   0.0363567   0.184564  2.28741 	Dead: 0
2.55822   0.0393065   0.199538  2.25456 	Dead: 0
2.52829   0.0341165   0.173191  2.25456 	Dead: 0
2.53963   0.0382874   0.194365  2.25456 	Dead: 0
2.55445   0.0433141   0.219883  2.18833 	Dead: 0
2.5451    0.0442388   0.224577  2.18833 	Dead: 0
2.53286   0.0431207   0.218901  2.18833 	Dead: 0
2.54001   0.0398456   0.202275  2.18833 	Dead: 0
2.5178    0.0387938   0.196935  2.18833 	Dead: 0
2.53103   0.04216     0.214024  2.18833 	Dead: 0
2.53774   0.0412092   0.209197  2.18833 	Dead: 0
2.52647   0.0401044   0.203588  2.18833 	Dead: 0
2.52793   0.0411022   0.208654  2.18833 	Dead: 0
2.51209   0.0368506   0.187071  2.18833 	Dead: 0
2.53311   0.0437839   0.222268  2.18833 	Dead: 0
2.50765   0.0380136   0.192975  2.18833 	Dead: 0
2.49642   0.0378377   0.192082  2.18833 	Dead: 0
2.46972   0.0333657   0.16938   2.18833 	Dead: 0
2.509     0.0406787   0.206504  2.13983 	Dead: 0
2.49126   0.042678    0.216653  2.13983 	Dead: 0
2.49275   0.0422289   0.214374  2.13983 	Dead: 0
2.50006   0.0435115   0.220885  2.13983 	Dead: 0
2.44701   0.036369    0.184626  2.13983 	Dead: 0
2.42836   0.0376033   0.190892  2.13983 	Dead: 0
2.4443    0.0397227   0.201651  2.13983 	Dead: 0
2.42254   0.0379434   0.192618  2.13983 	Dead: 0
2.42352   0.0378092   0.191937  2.13983 	Dead: 0
2.43354   0.0410707   0.208494  2.13983 	Dead: 0
2.42487   0.0416653   0.211513  2.13983 	Dead: 0
2.44594   0.0418643   0.212523  2.13983 	Dead: 0
2.39664   0.0350285   0.177821  2.13983 	Dead: 0
2.42375   0.0426607   0.216566  2.13983 	Dead: 0
2.39167   0.0323495   0.164221  2.13983 	Dead: 0
2.41019   0.0394926   0.200483  2.04836 	Dead: 0
2.42143   0.0431774   0.219189  2.04836 	Dead: 0
2.37818   0.0350467   0.177913  2.04836 	Dead: 0
2.38664   0.0406143   0.206177  2.04836 	Dead: 0
2.38598   0.036096    0.18324   2.04836 	Dead: 0
2.38036   0.0361583   0.183556  2.04836 	Dead: 0
2.38557   0.0390049   0.198007  2.04836 	Dead: 0
2.40607   0.0420645   0.213539  2.04836 	Dead: 0
2.38573   0.0404506   0.205346  2.04836 	Dead: 0
2.3818    0.0376453   0.191105  2.04836 	Dead: 0
2.40423   0.0413077   0.209697  2.04836 	Dead: 0
2.37846   0.0382212   0.194028  2.04836 	Dead: 0
2.38091   0.0392317   0.199159  2.04836 	Dead: 0
2.39552   0.043337    0.219999  2.04836 	Dead: 0
2.39711   0.0454682   0.230818  2.04836 	Dead: 0
2.39289   0.0435536   0.221098  2.04836 	Dead: 0
2.38642   0.0417494   0.211939  2.04836 	Dead: 0
2.36784   0.0371692   0.188688  2.04836 	Dead: 0
2.36414   0.0410409   0.208343  2.04836 	Dead: 0
2.36417   0.0375482   0.190612  2.04836 	Dead: 0
2.38989   0.0471251   0.239229  2.04836 	Dead: 0
2.35917   0.037593    0.190839  2.04836 	Dead: 0
