6.91986   0.0564789   0.286713  6.04982 	Dead: 0
5.96832   0.0525349   0.266692  5.55752 	Dead: 0
5.32024   0.0467332   0.237239  4.68373 	Dead: 0
4.67697   0.033736    0.17126   4.31481 	Dead: 0
4.53441   0.0462069   0.234568  4.13206 	Dead: 0
4.29205   0.0391798   0.198895  3.9278  	Dead: 0
4.07029   0.0406821   0.206521  3.75257 	Dead: 0
3.90828   0.0365073   0.185328  3.62842 	Dead: 0
3.80022   0.0418295   0.212346  3.45855 	Dead: 0
3.71994   0.0397511   0.201795  3.37791 	Dead: 0
3.59911   0.0445638   0.226227  3.24239 	Dead: 0
3.5397    0.0399336   0.202722  3.24239 	Dead: 0
3.4883    0.0420701   0.213567  3.14921 	Dead: 0
3.45903   0.0407357   0.206793  3.14921 	Dead: 0
3.42787   0.0431813   0.219209  2.99557 	Dead: 0
3.36318   0.0423924   0.215204  2.99557 	Dead: 0
3.19287   0.0432501   0.219558  2.80679 	Dead: 0
3.05036   0.0447364   0.227103  2.71711 	Dead: 0
2.98767   0.0432629   0.219623  2.66139 	Dead: 0
2.91007   0.0401195   0.203665  2.66139 	Dead: 0
2.90552   0.0344361   0.174814  2.66139 	Dead: 0
2.89784   0.0411112   0.2087    2.58396 	Dead: 0
2.86454   0.0411702   0.208999  2.58396 	Dead: 0
2.86271   0.041831    0.212353  2.57318 	Dead: 0
2.8452    0.0444364   0.22558   2.53564 	Dead: 0
2.79557   0.0381812   0.193826  2.53564 	Dead: 0
2.81654   0.0414837   0.21059   2.53352 	Dead: 0
2.79961   0.040328    0.204724  2.48804 	Dead: 0
2.7793    0.0420717   0.213575  2.48773 	Dead: 0
2.78522   0.0465412   0.236265  2.45117 	Dead: 0
2.77121   0.0456153   0.231565  2.45117 	Dead: 0
2.76223   0.0474254   0.240753  2.45117 	Dead: 0
2.72445   0.0423969   0.215226  2.45117 	Dead: 0
2.74245   0.0426733   0.216629  2.45117 	Dead: 0
2.73754   0.0438621   0.222664  2.45117 	Dead: 0
2.72913   0.0466861   0.237001  2.4441  	Dead: 0
2.70511   0.0395735   0.200893  2.4441  	Dead: 0
2.69061   0.0399385   0.202746  2.4124  	Dead: 0
2.71258   0.0444871   0.225837  2.4124  	Dead: 0
2.69761   0.0371541   0.188611  2.4124  	Dead: 0
2.7015    0.0384676   0.195279  2.4124  	Dead: 0
2.70798   0.0473608   0.240426  2.39921 	Dead: 0
2.69141   0.0406332   0.206273  2.39413 	Dead: 0
2.68052   0.0449886   0.228383  2.27959 	Dead: 0
2.68878   0.0454588   0.23077   2.27959 	Dead: 0
2.673     0.0457486   0.232241  2.27959 	Dead: 0
2.63453   0.040483    0.205511  2.27959 	Dead: 0
2.65958   0.0449163   0.228016  2.27959 	Dead: 0
2.65724   0.0457441   0.232218  2.27959 	Dead: 0
2.6181    0.0425423   0.215965  2.27959 	Dead: 0
2.62333   0.0431436   0.219017  2.26086 	Dead: 0
2.5828    0.040709    0.206658  2.23199 	Dead: 0
2.58191   0.0386341   0.196125  2.23199 	Dead: 0
2.59974   0.041867    0.212536  2.22629 	Dead: 0
2.56114   0.0437247   0.221967  2.22629 	Dead: 0
2.52104   0.0344335   0.1748    2.22629 	Dead: 0
2.5374    0.0429133   0.217848  2.22629 	Dead: 0
2.52787   0.0387551   0.196739  2.2022  	Dead: 0
2.49819   0.0350232   0.177794  2.2022  	Dead: 0
2.51203   0.03636     0.184581  2.2022  	Dead: 0
2.51069   0.0383161   0.194511  2.17084 	Dead: 0
2.49593   0.0368608   0.187123  2.17084 	Dead: 0
2.48564   0.0361998   0.183767  2.17084 	Dead: 0
2.49298   0.0387429   0.196677  2.17084 	Dead: 0
2.49926   0.0403093   0.204629  2.17084 	Dead: 0
2.49328   0.0414074   0.210203  2.17084 	Dead: 0
2.50008   0.0403248   0.204708  2.17084 	Dead: 0
2.50531   0.0375549   0.190646  2.17084 	Dead: 0
2.48906   0.0408729   0.20749   2.17084 	Dead: 0
2.49193   0.0399159   0.202632  2.17084 	Dead: 0
2.4696    0.0381795   0.193817  2.17084 	Dead: 0
2.4825    0.0410596   0.208438  2.17084 	Dead: 0
2.47646   0.0385004   0.195446  2.17084 	Dead: 0
2.48979   0.0417681   0.212035  2.17084 	Dead: 0
2.48833   0.0403788   0.204982  2.17084 	Dead: 0
2.47082   0.0396803   0.201436  2.17084 	Dead: 0
2.47286   0.0374886   0.190309  2.17084 	Dead: 0
2.45721   0.0351012   0.17819   2.17084 	Dead: 0
2.47103   0.0421925   0.214189  2.17084 	Dead: 0
2.4836    0.0422321   0.21439   2.17084 	Dead: 0
2.4712    0.0378786   0.192289  2.17084 	Dead: 0
2.45643   0.0372919   0.189311  2.17084 	Dead: 0
2.49213   0.0458801   0.232909  2.17084 	Dead: 0
2.45588   0.0414539   0.210439  2.17084 	Dead: 0
2.48177   0.0425143   0.215822  2.17084 	Dead: 0
2.45951   0.0356184   0.180816  2.17084 	Dead: 0
2.43693   0.0359581   0.18254   2.17084 	Dead: 0
2.4531    0.0379519   0.192662  2.17084 	Dead: 0
2.47115   0.0403237   0.204702  2.17084 	Dead: 0
2.46112   0.040111    0.203622  2.17084 	Dead: 0
2.4594    0.0382044   0.193943  2.17084 	Dead: 0
2.46128   0.0376292   0.191023  2.17084 	Dead: 0
2.481     0.0405406   0.205803  2.17084 	Dead: 0
2.45046   0.0398608   0.202352  2.17084 	Dead: 0
2.45741   0.0382387   0.194117  2.17084 	Dead: 0
2.43741   0.0351834   0.178607  2.16841 	Dead: 0
2.45198   0.0371812   0.188749  2.16841 	Dead: 0
2.48193   0.0412164   0.209234  2.16841 	Dead: 0
2.4515    0.038539    0.195642  2.16841 	Dead: 0
2.44295   0.0336989   0.171071  2.16841 	Dead: 0
2.46372   0.0424568   0.215531  2.16841 	Dead: 0
