8.32526   0.0926045   0.470103  7.2169  	Dead: 0
7.03876   0.0648448   0.329183  6.45411 	Dead: 0
6.89528   0.0692123   0.351354  6.14727 	Dead: 0
6.85973   0.0772244   0.392027  6.14727 	Dead: 0
6.73594   0.0657343   0.333698  6.07249 	Dead: 0
6.73435   0.0704069   0.357418  6.07249 	Dead: 0
6.68604   0.0735819   0.373536  6.01378 	Dead: 0
6.65064   0.080763    0.409991  5.82016 	Dead: 0
6.63312   0.0793001   0.402564  5.82016 	Dead: 0
6.65767   0.0756159   0.383861  5.82016 	Dead: 0
6.6026    0.0806967   0.409654  5.82016 	Dead: 0
6.64394   0.087874    0.446089  5.82016 	Dead: 0
6.59223   0.0812471   0.412448  5.82016 	Dead: 0
6.59234   0.0879755   0.446605  5.80119 	Dead: 0
6.57287   0.0832959   0.422849  5.80119 	Dead: 0
6.57354   0.0844896   0.428909  5.80119 	Dead: 0
6.54133   0.0836351   0.424571  5.80119 	Dead: 0
6.58652   0.0837831   0.425322  5.80119 	Dead: 0
6.5986    0.0841588   0.427229  5.80119 	Dead: 0
6.54012   0.0838589   0.425707  5.80119 	Dead: 0
6.4937    0.0798135   0.40517   5.80119 	Dead: 0
6.55144   0.0863738   0.438474  5.80119 	Dead: 0
6.58135   0.0924806   0.469475  5.80119 	Dead: 0
6.52311   0.0874012   0.443689  5.80119 	Dead: 0
6.51559   0.0843456   0.428177  5.80119 	Dead: 0
6.48378   0.0800751   0.406498  5.80119 	Dead: 0
6.48584   0.0813533   0.412987  5.80119 	Dead: 0
6.50255   0.0841207   0.427036  5.80119 	Dead: 0
6.52038   0.081796    0.415235  5.80119 	Dead: 0
6.51377   0.0863134   0.438167  5.80119 	Dead: 0
6.48927   0.0874264   0.443817  5.80119 	Dead: 0
6.52439   0.086554    0.439389  5.80119 	Dead: 0
6.54132   0.087069    0.442003  5.80119 	Dead: 0
6.46013   0.0813177   0.412806  5.80119 	Dead: 0
6.48768   0.0836023   0.424404  5.80119 	Dead: 0
6.47339   0.0805377   0.408847  5.68549 	Dead: 0
6.44059   0.0815183   0.413825  5.68549 	Dead: 0
6.54562   0.0902956   0.458382  5.68549 	Dead: 0
6.5183    0.0899385   0.45657   5.68549 	Dead: 0
6.47212   0.0827678   0.420168  5.68549 	Dead: 0
6.47774   0.0892325   0.452986  5.68549 	Dead: 0
6.46365   0.0863008   0.438103  5.68549 	Dead: 0
6.4382    0.0887997   0.450789  5.68549 	Dead: 0
6.47201   0.0813177   0.412807  5.68549 	Dead: 0
6.46487   0.0829676   0.421182  5.68549 	Dead: 0
6.44946   0.0849369   0.431179  5.68549 	Dead: 0
6.42659   0.0845201   0.429064  5.68549 	Dead: 0
6.42076   0.0828336   0.420502  5.68549 	Dead: 0
6.36209   0.0769988   0.390882  5.57885 	Dead: 0
6.43679   0.0897634   0.455681  5.57885 	Dead: 0
6.40993   0.0845955   0.429446  5.57885 	Dead: 0
6.41885   0.0831531   0.422124  5.57885 	Dead: 0
6.37652   0.0830531   0.421616  5.57885 	Dead: 0
6.43197   0.0891812   0.452725  5.57885 	Dead: 0
6.43423   0.088421    0.448866  5.57885 	Dead: 0
6.40127   0.0822658   0.417619  5.57885 	Dead: 0
6.35754   0.0755541   0.383548  5.57885 	Dead: 0
6.33628   0.0833015   0.422877  5.57885 	Dead: 0
6.36966   0.0821212   0.416886  5.57885 	Dead: 0
6.39076   0.0847718   0.430341  5.57885 	Dead: 0
6.32317   0.0818025   0.415267  5.57885 	Dead: 0
6.3998    0.0884423   0.448975  5.57885 	Dead: 0
6.37139   0.0858432   0.43578   5.57885 	Dead: 0
6.30003   0.0796252   0.404214  5.57885 	Dead: 0
6.34413   0.0805939   0.409132  5.57885 	Dead: 0
6.36292   0.0832668   0.422701  5.57885 	Dead: 0
6.35021   0.0906775   0.460321  5.57885 	Dead: 0
6.34647   0.0847641   0.430302  5.57885 	Dead: 0
6.33713   0.0823834   0.418216  5.57885 	Dead: 0
6.3414    0.089368    0.453673  5.57885 	Dead: 0
6.31962   0.0836729   0.424763  5.57885 	Dead: 0
6.2973    0.0771125   0.391459  5.57885 	Dead: 0
6.35008   0.08667     0.439977  5.57885 	Dead: 0
6.32029   0.0868826   0.441057  5.57885 	Dead: 0
6.33725   0.0888332   0.450959  5.57885 	Dead: 0
6.32585   0.0881331   0.447405  5.57885 	Dead: 0
6.37493   0.0916896   0.465459  5.57885 	Dead: 0
6.33776   0.084168    0.427276  5.57885 	Dead: 0
6.34233   0.0872208   0.442774  5.57885 	Dead: 0
6.30216   0.0808918   0.410645  5.57885 	Dead: 0
6.35292   0.085537    0.434225  5.57885 	Dead: 0
6.28909   0.082022    0.416382  5.57885 	Dead: 0
6.35342   0.0929793   0.472007  5.57885 	Dead: 0
6.30083   0.0814081   0.413265  5.57885 	Dead: 0
6.3256    0.0822535   0.417557  5.57885 	Dead: 0
6.32628   0.0837514   0.425161  5.57885 	Dead: 0
6.34664   0.0850563   0.431785  5.57885 	Dead: 0
6.3415    0.0836308   0.424549  5.57885 	Dead: 0
6.29825   0.0890281   0.451948  5.57885 	Dead: 0
6.29151   0.0821335   0.416948  5.57885 	Dead: 0
6.2762    0.0786139   0.399081  5.57885 	Dead: 0
6.27385   0.0864076   0.438645  5.57885 	Dead: 0
6.27663   0.0824516   0.418563  5.56435 	Dead: 0
6.30069   0.0813769   0.413107  5.56435 	Dead: 0
6.30696   0.0912358   0.463155  5.56435 	Dead: 0
6.31572   0.0898913   0.45633   5.51552 	Dead: 0
6.28649   0.0921319   0.467704  5.51552 	Dead: 0
6.28494   0.0888188   0.450886  5.51552 	Dead: 0
6.28124   0.0971526   0.493192  5.494   	Dead: 0
6.2597    0.0865385   0.43931   5.494   	Dead: 0
6.30985   0.0953891   0.48424   5.494   	Dead: 0
