9.54115   0.132517    0.672717  7.92755 	Dead: 0
4.89513   0.0510744   0.259277  4.44618 	Dead: 0
3.79997   0.0553529   0.280997  3.31488 	Dead: 0
3.41111   0.0499029   0.25333   3.03079 	Dead: 0
2.98202   0.0440543   0.22364   2.67913 	Dead: 0
2.86233   0.0373732   0.189724  2.50021 	Dead: 0
2.80945   0.0590875   0.299955  2.50021 	Dead: 0
2.80251   0.0493565   0.250556  2.48918 	Dead: 0
2.782     0.0801056   0.406653  2.39061 	Dead: 0
2.71847   0.05793     0.29408   2.39061 	Dead: 0
2.70467   0.054391    0.276114  2.39061 	Dead: 0
2.65382   0.0439838   0.223282  2.3906  	Dead: 0
2.61504   0.0518114   0.263019  2.30279 	Dead: 0
2.61717   0.0604589   0.306918  2.29543 	Dead: 0
2.52594   0.0315162   0.159991  2.28558 	Dead: 0
2.52902   0.0452803   0.229864  2.28558 	Dead: 0
2.53716   0.0568948   0.288825  2.28558 	Dead: 0
2.49646   0.0448856   0.22786   2.23508 	Dead: 0
2.55548   0.0740703   0.376015  2.19431 	Dead: 0
2.49598   0.0504266   0.255989  2.19431 	Dead: 0
2.47455   0.0548809   0.278601  2.17254 	Dead: 0
2.49646   0.0816315   0.414399  2.17254 	Dead: 0
2.4713    0.0625614   0.317591  2.17254 	Dead: 0
2.46417   0.0567585   0.288133  2.17254 	Dead: 0
2.41534   0.0388828   0.197387  2.17254 	Dead: 0
2.46818   0.0639357   0.324567  2.17254 	Dead: 0
2.45669   0.054857    0.27848   2.13514 	Dead: 0
2.47049   0.0740766   0.376047  2.13514 	Dead: 0
2.43438   0.0641587   0.3257    2.13514 	Dead: 0
2.41022   0.0480573   0.243961  2.13514 	Dead: 0
2.47011   0.0727693   0.369411  2.13514 	Dead: 0
2.41803   0.0653594   0.331795  2.11556 	Dead: 0
2.41817   0.0687562   0.349039  2.11556 	Dead: 0
2.40697   0.0677196   0.343776  2.11556 	Dead: 0
2.38353   0.0680063   0.345232  2.11556 	Dead: 0
2.40941   0.0617966   0.313708  2.11556 	Dead: 0
2.40505   0.0641802   0.325809  2.11359 	Dead: 0
2.39066   0.0536314   0.272258  2.11359 	Dead: 0
2.39101   0.069496    0.352794  2.11229 	Dead: 0
2.38786   0.0712394   0.361644  2.11229 	Dead: 0
2.43263   0.0729937   0.37055   2.09095 	Dead: 0
2.39158   0.0552079   0.280261  2.09095 	Dead: 0
2.34353   0.0529181   0.268637  2.09095 	Dead: 0
2.33783   0.0480229   0.243787  2.09095 	Dead: 0
2.36955   0.061739    0.313416  2.06351 	Dead: 0
2.38013   0.0673524   0.341912  2.06351 	Dead: 0
2.30761   0.0397961   0.202024  2.06351 	Dead: 0
2.3522    0.0561191   0.284887  2.06351 	Dead: 0
2.35728   0.0640202   0.324997  2.06351 	Dead: 0
2.32875   0.047093    0.239066  2.06351 	Dead: 0
2.31833   0.0474326   0.24079   2.06351 	Dead: 0
2.38106   0.0693271   0.351936  2.06351 	Dead: 0
2.38912   0.094016    0.477269  2.06351 	Dead: 0
2.30242   0.0519888   0.263919  2.04345 	Dead: 0
2.26917   0.0441046   0.223895  2.04345 	Dead: 0
2.33205   0.0629144   0.319383  2.04345 	Dead: 0
2.34678   0.0672726   0.341507  2.04345 	Dead: 0
2.3555    0.0914708   0.464349  2.03996 	Dead: 0
2.33682   0.0715926   0.363437  2.03996 	Dead: 0
2.33135   0.0670642   0.340449  2.03996 	Dead: 0
2.32765   0.0632842   0.32126   2.03996 	Dead: 0
2.31799   0.0671405   0.340837  2.02379 	Dead: 0
2.31425   0.0567017   0.287844  1.99913 	Dead: 0
2.30528   0.0508137   0.257954  1.99913 	Dead: 0
2.32961   0.0689152   0.349846  1.99913 	Dead: 0
2.37415   0.0841858   0.427367  1.99913 	Dead: 0
2.3135    0.0689613   0.35008   1.99913 	Dead: 0
2.26162   0.0477574   0.242439  1.99913 	Dead: 0
2.29439   0.0582284   0.295594  1.99913 	Dead: 0
2.30148   0.0596835   0.302981  1.99913 	Dead: 0
2.29495   0.0698992   0.354841  1.99913 	Dead: 0
2.34411   0.101226    0.513871  1.97309 	Dead: 0
2.29224   0.0671495   0.340882  1.97309 	Dead: 0
2.28928   0.0648743   0.329332  1.97309 	Dead: 0
2.30357   0.0708144   0.359487  1.97309 	Dead: 0
2.27199   0.0614354   0.311875  1.97309 	Dead: 0
2.28525   0.0699293   0.354994  1.97309 	Dead: 0
2.2583    0.0697587   0.354127  1.97309 	Dead: 0
2.24963   0.0526955   0.267507  1.97309 	Dead: 0
2.22311   0.0472798   0.240014  1.95892 	Dead: 0
2.27532   0.0712175   0.361533  1.95892 	Dead: 0
2.22444   0.050339    0.255544  1.95892 	Dead: 0
2.24025   0.0627337   0.318465  1.95892 	Dead: 0
2.25517   0.0717646   0.364311  1.95892 	Dead: 0
2.2506    0.0529002   0.268546  1.95892 	Dead: 0
2.25832   0.0696936   0.353797  1.95892 	Dead: 0
2.20589   0.0523831   0.265921  1.95892 	Dead: 0
2.27854   0.0718425   0.364706  1.95892 	Dead: 0
2.23801   0.0514929   0.261402  1.95892 	Dead: 0
2.24623   0.0541227   0.274752  1.95892 	Dead: 0
2.24564   0.061964    0.314558  1.95892 	Dead: 0
2.28697   0.0738159   0.374724  1.95892 	Dead: 0
2.25203   0.0656233   0.333134  1.95892 	Dead: 0
2.21538   0.0486513   0.246977  1.95892 	Dead: 0
2.23771   0.0556      0.282251  1.95892 	Dead: 0
2.24838   0.0644272   0.327062  1.95892 	Dead: 0
2.28089   0.076184    0.386745  1.95892 	Dead: 0
2.20055   0.0410958   0.208621  1.95892 	Dead: 0
2.21947   0.063166    0.32066   1.95892 	Dead: 0
2.25293   0.0596691   0.302908  1.95892 	Dead: 0
2.24844   0.0601061   0.305127  1.95892 	Dead: 0
