15.9484   0.0615076   0.312241  15.0946 	Dead: 0
14.6458   0.0238284   0.120964  14.4448 	Dead: 0
14.3763   0.0264599   0.134323  14.0069 	Dead: 0
14.2003   0.0276476   0.140352  13.9623 	Dead: 0
14.1635   0.030915    0.156939  13.8265 	Dead: 0
14.1174   0.0281401   0.142852  13.8265 	Dead: 0
14.0725   0.0296036   0.150281  13.814  	Dead: 0
14.0362   0.0296885   0.150713  13.7487 	Dead: 0
14.0014   0.0327578   0.166294  13.7487 	Dead: 0
13.9871   0.0320294   0.162596  13.6962 	Dead: 0
13.9922   0.0415561   0.210958  13.624  	Dead: 0
13.9499   0.0364292   0.184931  13.624  	Dead: 0
13.9097   0.0347408   0.176361  13.5814 	Dead: 0
13.8872   0.0374515   0.190121  13.5649 	Dead: 0
13.8142   0.0322442   0.163686  13.5649 	Dead: 0
13.7816   0.0327113   0.166058  13.4954 	Dead: 0
13.7843   0.0394314   0.200172  13.4954 	Dead: 0
13.746    0.0348788   0.177061  13.4199 	Dead: 0
13.7333   0.0329443   0.16724   13.4199 	Dead: 0
13.7274   0.034524    0.17526   13.4199 	Dead: 0
13.7447   0.0379155   0.192477  13.4199 	Dead: 0
13.7318   0.0382904   0.19438   13.4199 	Dead: 0
13.691    0.0351331   0.178352  13.4199 	Dead: 0
13.6928   0.0374748   0.190239  13.3955 	Dead: 0
13.6763   0.0349494   0.17742   13.3955 	Dead: 0
13.6794   0.0405464   0.205832  13.3877 	Dead: 0
13.6442   0.0339288   0.172238  13.3877 	Dead: 0
13.6538   0.0345793   0.175541  13.3724 	Dead: 0
13.63     0.0341708   0.173467  13.3034 	Dead: 0
13.6305   0.0363117   0.184335  13.3034 	Dead: 0
13.6039   0.0353798   0.179604  13.3034 	Dead: 0
13.5914   0.0341674   0.17345   13.3023 	Dead: 0
13.5909   0.0376026   0.190888  13.3023 	Dead: 0
13.5409   0.0386275   0.196091  13.1619 	Dead: 0
13.534    0.0391332   0.198659  13.1619 	Dead: 0
13.5104   0.040639    0.206302  13.1619 	Dead: 0
13.5356   0.0493148   0.250345  13.1619 	Dead: 0
13.5213   0.0448679   0.227771  13.1619 	Dead: 0
13.5138   0.0450799   0.228847  13.1619 	Dead: 0
13.5014   0.04665     0.236817  13.1619 	Dead: 0
13.494    0.0417507   0.211946  13.1197 	Dead: 0
13.5034   0.0442979   0.224877  13.0973 	Dead: 0
13.5096   0.0456291   0.231634  13.0973 	Dead: 0
13.4683   0.0417302   0.211842  13.0973 	Dead: 0
13.5322   0.0494151   0.250854  13.0973 	Dead: 0
13.462    0.0440169   0.22345   13.0973 	Dead: 0
13.4617   0.0479114   0.243221  13.0973 	Dead: 0
13.4628   0.0469787   0.238486  13.0973 	Dead: 0
13.4164   0.0408416   0.207331  13.0901 	Dead: 0
13.4111   0.0426191   0.216355  13.0901 	Dead: 0
13.3966   0.0428735   0.217646  13.0683 	Dead: 0
13.4104   0.0438615   0.222661  13.0683 	Dead: 0
13.3868   0.0460569   0.233807  13.0576 	Dead: 0
13.3473   0.0390016   0.197991  12.9588 	Dead: 0
13.3553   0.0433117   0.21987   12.9588 	Dead: 0
13.3604   0.0430225   0.218402  12.9588 	Dead: 0
13.3785   0.0440655   0.223697  12.9588 	Dead: 0
13.3421   0.0432921   0.219771  12.8743 	Dead: 0
13.3223   0.0425532   0.21602   12.8743 	Dead: 0
13.3626   0.0478429   0.242873  12.8743 	Dead: 0
13.3566   0.0504921   0.256321  12.8743 	Dead: 0
13.3201   0.0443747   0.225267  12.8743 	Dead: 0
13.3479   0.0509398   0.258594  12.8743 	Dead: 0
13.3192   0.0458582   0.232798  12.8743 	Dead: 0
13.3472   0.0507112   0.257434  12.8743 	Dead: 0
13.3165   0.0432077   0.219342  12.8743 	Dead: 0
13.3176   0.0423501   0.214989  12.8743 	Dead: 0
13.3237   0.0464147   0.235623  12.8743 	Dead: 0
13.3032   0.0428666   0.217611  12.8743 	Dead: 0
13.2865   0.0435415   0.221037  12.8743 	Dead: 0
13.3307   0.0470581   0.238889  12.8743 	Dead: 0
13.3581   0.0497188   0.252396  12.8743 	Dead: 0
13.3635   0.0494331   0.250945  12.8743 	Dead: 0
13.3255   0.0463685   0.235388  12.8743 	Dead: 0
13.3821   0.0539475   0.273863  12.8743 	Dead: 0
13.3136   0.0433849   0.220242  12.8743 	Dead: 0
13.3229   0.0425884   0.216199  12.8743 	Dead: 0
13.3338   0.0484942   0.246179  12.8743 	Dead: 0
13.3228   0.0446244   0.226534  12.8743 	Dead: 0
13.2897   0.0432736   0.219677  12.8743 	Dead: 0
13.3078   0.0458396   0.232703  12.848  	Dead: 0
13.3038   0.0472098   0.239659  12.848  	Dead: 0
13.3076   0.0461387   0.234222  12.848  	Dead: 0
13.2872   0.0447149   0.226994  12.848  	Dead: 0
13.2753   0.0438808   0.222759  12.848  	Dead: 0
13.2731   0.0494166   0.250862  12.848  	Dead: 0
13.2906   0.048791    0.247686  12.848  	Dead: 0
13.3384   0.0517484   0.262699  12.848  	Dead: 0
13.3096   0.048516    0.24629   12.848  	Dead: 0
13.3235   0.0504451   0.256083  12.848  	Dead: 0
13.2784   0.0439455   0.223088  12.848  	Dead: 0
13.2941   0.0471731   0.239473  12.848  	Dead: 0
13.3236   0.0523519   0.265763  12.848  	Dead: 0
13.3004   0.0531801   0.269967  12.848  	Dead: 0
13.2928   0.0511334   0.259577  12.848  	Dead: 0
13.2519   0.0423422   0.214949  12.848  	Dead: 0
13.3004   0.0501172   0.254418  12.848  	Dead: 0
13.2565   0.0487475   0.247465  12.848  	Dead: 0
13.3068   0.053012    0.269114  12.848  	Dead: 0
13.2799   0.0500106   0.253877  12.848  	Dead: 0
13.2846   0.0572665   0.290711  12.848  	Dead: 0
