15.9743   0.0717106   0.364036  15.1429 	Dead: 0
14.6942   0.0243076   0.123397  14.5079 	Dead: 0
14.4492   0.0233493   0.118532  14.2295 	Dead: 0
14.2255   0.0290116   0.147276  13.9119 	Dead: 0
14.159    0.0302019   0.153319  13.8784 	Dead: 0
14.1293   0.0322512   0.163722  13.8174 	Dead: 0
14.0795   0.0325829   0.165406  13.7818 	Dead: 0
14.0382   0.0305837   0.155257  13.754  	Dead: 0
14.0182   0.0305886   0.155282  13.754  	Dead: 0
13.9823   0.0348178   0.176751  13.6541 	Dead: 0
13.9342   0.0328246   0.166633  13.6541 	Dead: 0
13.907    0.0325415   0.165196  13.6013 	Dead: 0
13.9096   0.0373634   0.189674  13.6013 	Dead: 0
13.885    0.035117    0.17827   13.5608 	Dead: 0
13.8445   0.0399491   0.2028    13.541  	Dead: 0
13.8158   0.0324813   0.16489   13.4832 	Dead: 0
13.805    0.037332    0.189515  13.4677 	Dead: 0
13.7524   0.0331416   0.168242  13.4677 	Dead: 0
13.7186   0.0329636   0.167339  13.4333 	Dead: 0
13.714    0.0353526   0.179466  13.4333 	Dead: 0
13.7149   0.0394913   0.200476  13.3571 	Dead: 0
13.6899   0.0359918   0.182711  13.3571 	Dead: 0
13.6714   0.0395645   0.200848  13.3571 	Dead: 0
13.6349   0.0351955   0.178669  13.2554 	Dead: 0
13.6409   0.0443415   0.225098  13.2554 	Dead: 0
13.6163   0.0398802   0.202451  13.2554 	Dead: 0
13.6217   0.0374943   0.190339  13.2554 	Dead: 0
13.5741   0.0359881   0.182693  13.2554 	Dead: 0
13.5495   0.0365465   0.185527  13.2554 	Dead: 0
13.5331   0.0329505   0.167272  13.2554 	Dead: 0
13.5433   0.0384399   0.195139  13.2232 	Dead: 0
13.5416   0.0389506   0.197731  13.2232 	Dead: 0
13.5576   0.0416884   0.21163   13.2232 	Dead: 0
13.5589   0.0383356   0.194609  13.2232 	Dead: 0
13.5206   0.0359467   0.182482  13.1556 	Dead: 0
13.539    0.0392117   0.199057  13.1556 	Dead: 0
13.5156   0.0412075   0.209189  13.1556 	Dead: 0
13.4999   0.0401096   0.203615  13.1556 	Dead: 0
13.526    0.0389833   0.197897  13.1556 	Dead: 0
13.5095   0.0404778   0.205484  13.1556 	Dead: 0
13.5027   0.0421777   0.214114  13.1556 	Dead: 0
13.4947   0.0379597   0.192701  13.1556 	Dead: 0
13.4917   0.0385351   0.195622  13.1556 	Dead: 0
13.48     0.0392128   0.199062  13.1556 	Dead: 0
13.497    0.0429398   0.217982  13.1556 	Dead: 0
13.499    0.0441583   0.224168  13.1556 	Dead: 0
13.4487   0.0374563   0.190146  13.1556 	Dead: 0
13.4208   0.0390674   0.198324  13.1556 	Dead: 0
13.4585   0.0442611   0.22469   13.1082 	Dead: 0
13.4789   0.0451108   0.229004  13.0569 	Dead: 0
13.4517   0.0413965   0.210148  13.0569 	Dead: 0
13.4307   0.0410667   0.208474  13.0569 	Dead: 0
13.4374   0.0434244   0.220442  13.0569 	Dead: 0
13.4407   0.0431601   0.219101  13.0569 	Dead: 0
13.443    0.0426237   0.216378  13.0569 	Dead: 0
13.4407   0.0423424   0.21495   13.0569 	Dead: 0
13.4334   0.038849    0.197216  13.0569 	Dead: 0
13.4238   0.0521657   0.264817  13.0547 	Dead: 0
13.426    0.0425014   0.215757  13.0547 	Dead: 0
13.3947   0.0370258   0.18796   13.0547 	Dead: 0
13.4054   0.0412692   0.209502  13.0547 	Dead: 0
13.3916   0.0433671   0.220152  13.0547 	Dead: 0
13.3843   0.0464251   0.235675  13.0446 	Dead: 0
13.3723   0.0444532   0.225665  13.0097 	Dead: 0
13.3336   0.0394856   0.200447  13.0097 	Dead: 0
13.3187   0.0380275   0.193045  13.0097 	Dead: 0
13.2921   0.0330433   0.167743  13.0097 	Dead: 0
13.3343   0.0420287   0.213358  13.0097 	Dead: 0
13.2958   0.0365579   0.185585  12.9725 	Dead: 0
13.3062   0.0405982   0.206095  12.9725 	Dead: 0
13.3082   0.0429772   0.218172  12.9725 	Dead: 0
13.2987   0.0364492   0.185033  12.9725 	Dead: 0
13.2928   0.0398089   0.202089  12.9725 	Dead: 0
13.3076   0.0469945   0.238566  12.954  	Dead: 0
13.2789   0.0432522   0.219568  12.954  	Dead: 0
13.2827   0.0443696   0.225241  12.954  	Dead: 0
13.2589   0.0408286   0.207265  12.948  	Dead: 0
13.2587   0.039494    0.20049   12.948  	Dead: 0
13.2766   0.0434115   0.220377  12.948  	Dead: 0
13.2771   0.0453803   0.230372  12.948  	Dead: 0
13.2752   0.0426245   0.216382  12.8854 	Dead: 0
13.2735   0.043318    0.219902  12.8854 	Dead: 0
13.252    0.041595    0.211155  12.8854 	Dead: 0
13.2439   0.0405154   0.205675  12.8854 	Dead: 0
13.2652   0.0454532   0.230742  12.8854 	Dead: 0
13.2386   0.0441194   0.223971  12.8854 	Dead: 0
13.2432   0.0427739   0.21714   12.8854 	Dead: 0
13.2192   0.0387158   0.19654   12.8854 	Dead: 0
13.2316   0.0425509   0.216008  12.8854 	Dead: 0
13.2195   0.0400374   0.203249  12.8854 	Dead: 0
13.2156   0.0382196   0.194021  12.849  	Dead: 0
13.2237   0.0498773   0.2532    12.849  	Dead: 0
13.2429   0.0446723   0.226778  12.849  	Dead: 0
13.202    0.0412606   0.209458  12.849  	Dead: 0
13.2092   0.0416438   0.211403  12.849  	Dead: 0
13.1948   0.0445042   0.225924  12.794  	Dead: 0
13.2029   0.0496146   0.251867  12.794  	Dead: 0
13.1748   0.0432808   0.219714  12.794  	Dead: 0
13.1924   0.0434882   0.220766  12.794  	Dead: 0
13.1946   0.0414019   0.210175  12.794  	Dead: 0
13.1719   0.04321     0.219354  12.794  	Dead: 0
