15.9682   0.067419    0.34225   15.2221 	Dead: 0
14.5154   0.0273972   0.139081  14.2475 	Dead: 0
14.3051   0.0273825   0.139006  14.0207 	Dead: 0
14.1161   0.02987     0.151634  13.8424 	Dead: 0
13.7867   0.0314823   0.159819  13.4379 	Dead: 0
13.7178   0.0328346   0.166684  13.4379 	Dead: 0
13.6906   0.0341527   0.173375  13.381  	Dead: 0
13.7181   0.0335148   0.170137  13.381  	Dead: 0
13.6893   0.0322967   0.163953  13.381  	Dead: 0
13.6661   0.0336868   0.17101   13.381  	Dead: 0
13.671    0.0352716   0.179055  13.381  	Dead: 0
13.6373   0.0316278   0.160557  13.381  	Dead: 0
13.637    0.0335806   0.170471  13.343  	Dead: 0
13.6528   0.0361263   0.183394  13.343  	Dead: 0
13.643    0.0355099   0.180265  13.343  	Dead: 0
13.642    0.0367415   0.186517  13.2983 	Dead: 0
13.6192   0.0370132   0.187896  13.2983 	Dead: 0
13.6251   0.0365486   0.185538  13.2983 	Dead: 0
13.6397   0.0427607   0.217073  13.2983 	Dead: 0
13.5906   0.0323255   0.1641    13.2983 	Dead: 0
13.6161   0.0382718   0.194286  13.2983 	Dead: 0
13.6171   0.0386443   0.196176  13.2983 	Dead: 0
13.6036   0.0339725   0.17246   13.2983 	Dead: 0
13.6152   0.0369045   0.187344  13.2983 	Dead: 0
13.6398   0.0404871   0.205531  13.2983 	Dead: 0
13.6313   0.0418232   0.212314  13.2983 	Dead: 0
13.5905   0.0347021   0.176164  13.2983 	Dead: 0
13.5747   0.0370582   0.188125  13.2956 	Dead: 0
13.5931   0.0388765   0.197355  13.2956 	Dead: 0
13.5655   0.036629    0.185946  13.2956 	Dead: 0
13.5631   0.0345608   0.175447  13.2956 	Dead: 0
13.5566   0.0334974   0.170048  13.1866 	Dead: 0
13.5582   0.0341078   0.173147  13.1866 	Dead: 0
13.5774   0.0373055   0.18938   13.1866 	Dead: 0
13.5883   0.0414857   0.210601  13.1866 	Dead: 0
13.5437   0.0370492   0.188079  13.1866 	Dead: 0
13.546    0.0350513   0.177937  13.1866 	Dead: 0
13.5515   0.040908    0.207668  13.1866 	Dead: 0
13.5359   0.0362524   0.184034  13.1866 	Dead: 0
13.5213   0.038866    0.197302  13.1866 	Dead: 0
13.5081   0.0359404   0.18245   13.1866 	Dead: 0
13.5101   0.0355529   0.180483  13.1866 	Dead: 0
13.505    0.0374614   0.190172  13.1866 	Dead: 0
13.4987   0.0379702   0.192754  13.1866 	Dead: 0
13.4912   0.0378021   0.191901  13.1866 	Dead: 0
13.4981   0.0372859   0.189281  13.1859 	Dead: 0
13.5091   0.0397086   0.20158   13.1859 	Dead: 0
13.4682   0.035758    0.181524  13.1665 	Dead: 0
13.4645   0.0417625   0.212006  13.1665 	Dead: 0
13.485    0.0392921   0.199465  13.1665 	Dead: 0
13.4726   0.0380915   0.19337   13.1665 	Dead: 0
13.4569   0.035891    0.1822    13.1665 	Dead: 0
13.4598   0.0364127   0.184848  13.1665 	Dead: 0
13.4653   0.0400776   0.203453  13.1402 	Dead: 0
13.4496   0.03724     0.189047  13.1402 	Dead: 0
13.4487   0.0427475   0.217006  13.1339 	Dead: 0
13.4418   0.0378429   0.192108  13.1339 	Dead: 0
13.4303   0.0425469   0.215988  13.1122 	Dead: 0
13.4373   0.0397947   0.202016  13.1122 	Dead: 0
13.4245   0.0425538   0.216023  13.1122 	Dead: 0
13.4164   0.0403384   0.204777  13.1122 	Dead: 0
13.3994   0.0350394   0.177876  13.1122 	Dead: 0
13.3887   0.038903    0.19749   13.1122 	Dead: 0
13.3561   0.0351472   0.178424  13.05   	Dead: 0
13.3266   0.0337621   0.171392  12.9445 	Dead: 0
13.3146   0.0420753   0.213594  12.9445 	Dead: 0
13.3002   0.0389743   0.197852  12.9445 	Dead: 0
13.2951   0.0398731   0.202415  12.9445 	Dead: 0
13.2929   0.0383636   0.194751  12.9445 	Dead: 0
13.2539   0.035811    0.181793  12.9199 	Dead: 0
13.2225   0.0328568   0.166796  12.9199 	Dead: 0
13.2426   0.037874    0.192266  12.9187 	Dead: 0
13.2378   0.0337001   0.171077  12.9187 	Dead: 0
13.2321   0.0361349   0.183437  12.8541 	Dead: 0
13.2059   0.0336663   0.170906  12.8541 	Dead: 0
13.1965   0.0337463   0.171312  12.8541 	Dead: 0
13.2454   0.0427988   0.217267  12.8541 	Dead: 0
13.2137   0.0360851   0.183185  12.8541 	Dead: 0
13.2379   0.0397502   0.201791  12.8541 	Dead: 0
13.2278   0.03791     0.192449  12.8541 	Dead: 0
13.2111   0.0380117   0.192965  12.8541 	Dead: 0
13.2359   0.0399566   0.202838  12.8541 	Dead: 0
13.2043   0.0360305   0.182907  12.8541 	Dead: 0
13.2187   0.0354729   0.180077  12.8541 	Dead: 0
13.2368   0.0386266   0.196087  12.8541 	Dead: 0
13.2234   0.0390477   0.198225  12.8541 	Dead: 0
13.2109   0.0371346   0.188513  12.8541 	Dead: 0
13.2132   0.0390611   0.198293  12.8541 	Dead: 0
13.2305   0.0403798   0.204987  12.8541 	Dead: 0
13.2194   0.0382949   0.194403  12.8541 	Dead: 0
13.2117   0.0373718   0.189717  12.8541 	Dead: 0
13.1908   0.0355833   0.180638  12.8541 	Dead: 0
13.1966   0.0349997   0.177675  12.8541 	Dead: 0
13.2148   0.0417379   0.211881  12.7476 	Dead: 0
13.2125   0.0443259   0.225019  12.7476 	Dead: 0
13.2189   0.0425057   0.215779  12.7476 	Dead: 0
13.201    0.0409979   0.208124  12.7476 	Dead: 0
13.2327   0.0409722   0.207994  12.7476 	Dead: 0
13.202    0.0405269   0.205733  12.7476 	Dead: 0
13.1937   0.0384602   0.195242  12.7476 	Dead: 0
13.1967   0.0421335   0.213889  12.7476 	Dead: 0
