15.9654   0.0606066   0.307668  15.3393 	Dead: 0
14.5827   0.0229034   0.116268  14.3033 	Dead: 0
14.276    0.0268471   0.136288  14.0297 	Dead: 0
14.2225   0.0383575   0.19472   13.8763 	Dead: 0
14.1636   0.034205    0.17364   13.8528 	Dead: 0
14.1487   0.0359544   0.182521  13.8528 	Dead: 0
14.1178   0.0320943   0.162925  13.8528 	Dead: 0
14.1278   0.0378975   0.192386  13.8325 	Dead: 0
14.0692   0.032862    0.166823  13.8166 	Dead: 0
14.0563   0.0365198   0.185392  13.7813 	Dead: 0
14.0144   0.03298     0.167422  13.7039 	Dead: 0
13.925    0.029265    0.148563  13.6171 	Dead: 0
13.879    0.0337267   0.171213  13.6171 	Dead: 0
13.789    0.0322691   0.163813  13.4992 	Dead: 0
13.7324   0.033023    0.16764   13.4815 	Dead: 0
13.6743   0.030552    0.155096  13.4097 	Dead: 0
13.6643   0.0343965   0.174613  13.3541 	Dead: 0
13.6531   0.0356933   0.181196  13.2705 	Dead: 0
13.6513   0.0392357   0.199179  13.2705 	Dead: 0
13.6151   0.0351698   0.178538  13.2705 	Dead: 0
13.6208   0.0326663   0.165829  13.2705 	Dead: 0
13.651    0.0411323   0.208807  13.2705 	Dead: 0
13.6328   0.0381675   0.193756  13.2705 	Dead: 0
13.6257   0.0399328   0.202718  13.2705 	Dead: 0
13.5956   0.0381797   0.193818  13.266  	Dead: 0
13.5445   0.0384033   0.194953  13.1675 	Dead: 0
13.5454   0.0375626   0.190686  13.1675 	Dead: 0
13.525    0.0358605   0.182045  13.1675 	Dead: 0
13.5357   0.0421582   0.214015  13.1675 	Dead: 0
13.5301   0.0411755   0.209026  13.1675 	Dead: 0
13.5099   0.0373308   0.189509  13.153  	Dead: 0
13.5207   0.040658    0.206399  13.153  	Dead: 0
13.4804   0.0395429   0.200738  13.1367 	Dead: 0
13.4704   0.0353842   0.179627  13.1367 	Dead: 0
13.4933   0.0446611   0.226721  13.1367 	Dead: 0
13.4716   0.0410837   0.20856   13.1367 	Dead: 0
13.428    0.0349325   0.177334  13.1367 	Dead: 0
13.4321   0.0347758   0.176538  13.1159 	Dead: 0
13.4376   0.0388909   0.197428  13.1159 	Dead: 0
13.4253   0.03682     0.186916  13.1159 	Dead: 0
13.4593   0.043588    0.221273  13.1159 	Dead: 0
13.4518   0.0399714   0.202914  13.0918 	Dead: 0
13.4369   0.0361977   0.183756  13.0918 	Dead: 0
13.4553   0.0424895   0.215697  13.0918 	Dead: 0
13.4323   0.037272    0.18921   13.0918 	Dead: 0
13.4366   0.0429021   0.217791  13.0918 	Dead: 0
13.4357   0.0376645   0.191203  13.0918 	Dead: 0
13.4281   0.037874    0.192266  13.0918 	Dead: 0
13.4065   0.0405268   0.205733  13.0702 	Dead: 0
13.4356   0.0456614   0.231799  13.0702 	Dead: 0
13.3938   0.0376662   0.191211  13.0702 	Dead: 0
13.425    0.0424744   0.21562   13.0702 	Dead: 0
13.435    0.0418794   0.212599  13.0702 	Dead: 0
13.3999   0.0406937   0.20658   13.0702 	Dead: 0
13.4065   0.038239    0.194119  13.0702 	Dead: 0
13.3873   0.0390302   0.198135  13.0702 	Dead: 0
13.4119   0.0439994   0.223362  13.0702 	Dead: 0
13.4482   0.0434109   0.220374  13.0702 	Dead: 0
13.4024   0.0380906   0.193366  13.0702 	Dead: 0
13.4012   0.0402874   0.204518  13.0666 	Dead: 0
13.3909   0.0390217   0.198093  13.0666 	Dead: 0
13.3874   0.0424435   0.215463  13.0666 	Dead: 0
13.3715   0.0497818   0.252716  13.0241 	Dead: 0
13.3281   0.0396903   0.201486  13.0241 	Dead: 0
13.2857   0.0350969   0.178168  12.944  	Dead: 0
13.2392   0.0367595   0.186609  12.944  	Dead: 0
13.2353   0.0401797   0.203971  12.944  	Dead: 0
13.2046   0.0405437   0.205819  12.92   	Dead: 0
13.211    0.0438268   0.222486  12.9189 	Dead: 0
13.1811   0.0349638   0.177493  12.9189 	Dead: 0
13.1835   0.0353238   0.17932   12.9126 	Dead: 0
13.2114   0.0436263   0.221468  12.9126 	Dead: 0
13.2003   0.043323    0.219928  12.7844 	Dead: 0
13.2086   0.0483163   0.245276  12.7844 	Dead: 0
13.166    0.0413318   0.20982   12.7616 	Dead: 0
13.1824   0.0448884   0.227875  12.7616 	Dead: 0
13.1743   0.0467359   0.237253  12.7616 	Dead: 0
13.1524   0.0451697   0.229303  12.7526 	Dead: 0
13.1136   0.0446081   0.226451  12.7526 	Dead: 0
13.1278   0.0502722   0.255205  12.7526 	Dead: 0
13.1113   0.0518037   0.26298   12.7316 	Dead: 0
13.11     0.0506381   0.257063  12.7316 	Dead: 0
13.0934   0.0486275   0.246856  12.7316 	Dead: 0
13.092    0.0516414   0.262156  12.7316 	Dead: 0
13.0735   0.0507254   0.257506  12.7213 	Dead: 0
13.038    0.0510605   0.259207  12.6746 	Dead: 0
13.0036   0.0460055   0.233545  12.6598 	Dead: 0
13.0122   0.0502848   0.255269  12.6113 	Dead: 0
13.0505   0.0527317   0.267691  12.6113 	Dead: 0
13.0451   0.0526257   0.267153  12.6095 	Dead: 0
13.0157   0.0544687   0.276509  12.6095 	Dead: 0
13.0673   0.0533654   0.270907  12.6095 	Dead: 0
13.0092   0.0526596   0.267325  12.6095 	Dead: 0
13.0372   0.0553727   0.281098  12.6095 	Dead: 0
13.0713   0.0616422   0.312925  12.6095 	Dead: 0
13.0054   0.0500948   0.254305  12.6095 	Dead: 0
13.0125   0.0502557   0.255121  12.6095 	Dead: 0
13.0252   0.0548455   0.278421  12.6095 	Dead: 0
13.0213   0.0534183   0.271176  12.6095 	Dead: 0
13.0747   0.0631356   0.320506  12.6095 	Dead: 0
13.0264   0.0557675   0.283102  12.6095 	Dead: 0
