5.49734   0.104163    0.528778  4.59122 	Dead: 0
4.20917   0.027316    0.138669  3.95862 	Dead: 0
4.06146   0.0266893   0.135487  3.8205  	Dead: 0
3.98974   0.0307273   0.155986  3.74199 	Dead: 0
3.93944   0.0322802   0.163869  3.70353 	Dead: 0
3.8678    0.0327707   0.166359  3.49958 	Dead: 0
3.84257   0.0341639   0.173432  3.49958 	Dead: 0
3.7963    0.0339769   0.172483  3.49958 	Dead: 0
3.78884   0.0352796   0.179096  3.49958 	Dead: 0
3.76399   0.0342397   0.173817  3.454   	Dead: 0
3.76587   0.0367917   0.186772  3.45366 	Dead: 0
3.74928   0.0341809   0.173518  3.45366 	Dead: 0
3.76399   0.0396117   0.201088  3.45366 	Dead: 0
3.76516   0.038871    0.197327  3.43391 	Dead: 0
3.75604   0.0366473   0.186039  3.43391 	Dead: 0
3.7294    0.0334563   0.16984   3.43391 	Dead: 0
3.75871   0.0450371   0.228629  3.43391 	Dead: 0
3.74096   0.0400251   0.203186  3.39151 	Dead: 0
3.72765   0.036929    0.187469  3.39151 	Dead: 0
3.73306   0.0394265   0.200147  3.39151 	Dead: 0
3.74247   0.0387724   0.196827  3.39151 	Dead: 0
3.73072   0.0417522   0.211954  3.39151 	Dead: 0
3.70323   0.0358996   0.182243  3.39151 	Dead: 0
3.72509   0.0406508   0.206362  3.39151 	Dead: 0
3.65917   0.0350294   0.177825  3.39151 	Dead: 0
3.69236   0.0392636   0.199321  3.39151 	Dead: 0
3.69071   0.0399192   0.202648  3.35711 	Dead: 0
3.65043   0.0376873   0.191318  3.35711 	Dead: 0
3.67299   0.0398098   0.202093  3.35711 	Dead: 0
3.64611   0.037023    0.187946  3.35711 	Dead: 0
3.63023   0.0397093   0.201583  3.32651 	Dead: 0
3.60423   0.0388939   0.197443  3.32651 	Dead: 0
3.63414   0.0417765   0.212077  3.32334 	Dead: 0
3.61075   0.0399523   0.202817  3.32334 	Dead: 0
3.61354   0.0452451   0.229685  3.26196 	Dead: 0
3.59414   0.0380345   0.193081  3.26196 	Dead: 0
3.59276   0.0400554   0.20334   3.26196 	Dead: 0
3.59559   0.0415948   0.211155  3.26196 	Dead: 0
3.57434   0.0376296   0.191025  3.23738 	Dead: 0
3.57231   0.04158     0.21108   3.23738 	Dead: 0
3.58283   0.0417705   0.212046  3.23738 	Dead: 0
3.58457   0.044133    0.22404   3.23738 	Dead: 0
3.5786    0.037255    0.189124  3.23738 	Dead: 0
3.60293   0.0478913   0.243119  3.23738 	Dead: 0
3.60275   0.0470665   0.238932  3.23738 	Dead: 0
3.57691   0.0432047   0.219327  3.23738 	Dead: 0
3.59078   0.0432851   0.219735  3.23738 	Dead: 0
3.57436   0.0419932   0.213177  3.23738 	Dead: 0
3.56281   0.0426234   0.216376  3.23738 	Dead: 0
3.5753    0.0422658   0.214561  3.23738 	Dead: 0
3.57536   0.0485813   0.246621  3.21584 	Dead: 0
3.54269   0.0390993   0.198487  3.20439 	Dead: 0
3.56029   0.044229    0.224527  3.18214 	Dead: 0
3.55202   0.044284    0.224806  3.18214 	Dead: 0
3.56104   0.0463076   0.235079  3.18214 	Dead: 0
3.56266   0.0477767   0.242537  3.18214 	Dead: 0
3.52951   0.0396428   0.201245  3.12661 	Dead: 0
3.54549   0.0470889   0.239045  3.12661 	Dead: 0
3.52631   0.0398398   0.202245  3.12661 	Dead: 0
3.53185   0.0416221   0.211293  3.12661 	Dead: 0
3.55558   0.0453786   0.230363  3.12661 	Dead: 0
3.52477   0.0456782   0.231884  3.12661 	Dead: 0
3.52043   0.0505278   0.256502  3.12661 	Dead: 0
3.49836   0.0426312   0.216416  3.12661 	Dead: 0
3.50246   0.0441101   0.223923  3.12661 	Dead: 0
3.48462   0.0443887   0.225338  3.1264  	Dead: 0
3.51851   0.0480999   0.244177  3.1264  	Dead: 0
3.49621   0.049121    0.249361  3.1264  	Dead: 0
3.48033   0.0473602   0.240423  3.1264  	Dead: 0
3.46718   0.0436404   0.221539  3.1264  	Dead: 0
3.46599   0.0434864   0.220757  3.11003 	Dead: 0
3.47327   0.0417565   0.211975  3.11003 	Dead: 0
3.45948   0.042293    0.214699  3.11003 	Dead: 0
3.4842    0.046603    0.236578  3.10482 	Dead: 0
3.49361   0.0505793   0.256764  3.10482 	Dead: 0
3.4658    0.0466213   0.236671  3.10482 	Dead: 0
3.48174   0.0468872   0.238021  3.10482 	Dead: 0
3.44828   0.0406008   0.206109  3.10482 	Dead: 0
3.47233   0.0425516   0.216012  3.10482 	Dead: 0
3.49417   0.049854    0.253082  3.10482 	Dead: 0
3.45719   0.0444372   0.225584  3.10482 	Dead: 0
3.43756   0.0416446   0.211407  3.10482 	Dead: 0
3.46381   0.0450247   0.228566  3.10482 	Dead: 0
3.44791   0.0451495   0.2292    3.10482 	Dead: 0
3.47326   0.0491027   0.249268  3.08177 	Dead: 0
3.44177   0.0402251   0.204201  3.08177 	Dead: 0
3.46989   0.0444452   0.225625  3.08177 	Dead: 0
3.41642   0.046181    0.234436  3.02968 	Dead: 0
3.436     0.0477639   0.242472  3.02968 	Dead: 0
3.42752   0.0432091   0.21935   3.02968 	Dead: 0
3.41035   0.0397359   0.201718  3.02968 	Dead: 0
3.4264    0.0453586   0.230261  3.02968 	Dead: 0
3.44132   0.0498659   0.253142  3.02968 	Dead: 0
3.42302   0.0419374   0.212894  3.02968 	Dead: 0
3.45545   0.0519741   0.263845  3.02968 	Dead: 0
3.44206   0.0493942   0.250748  3.02968 	Dead: 0
3.47079   0.0545581   0.276962  3.02968 	Dead: 0
3.44411   0.0503791   0.255748  3.02968 	Dead: 0
3.43909   0.0432302   0.219457  3.02968 	Dead: 0
3.45461   0.0478264   0.242789  3.02968 	Dead: 0
3.42923   0.0455963   0.231468  3.01192 	Dead: 0
