5.58626   0.112479    0.570996  4.56768 	Dead: 0
4.27482   0.0298647   0.151607  3.93712 	Dead: 0
4.19371   0.0313871   0.159336  3.92343 	Dead: 0
4.14777   0.0355161   0.180296  3.8653  	Dead: 0
4.15764   0.0402485   0.20432   3.83181 	Dead: 0
4.1054    0.0366554   0.18608   3.81024 	Dead: 0
4.05304   0.0357745   0.181608  3.72997 	Dead: 0
4.05902   0.0393953   0.199989  3.72997 	Dead: 0
4.03259   0.0341369   0.173295  3.72997 	Dead: 0
4.03188   0.0350228   0.177792  3.72997 	Dead: 0
3.99062   0.0316906   0.160876  3.72997 	Dead: 0
3.91568   0.0315816   0.160323  3.53898 	Dead: 0
3.87881   0.0352738   0.179066  3.53898 	Dead: 0
3.85537   0.035846    0.181971  3.53898 	Dead: 0
3.83393   0.0313889   0.159345  3.53898 	Dead: 0
3.84568   0.0360966   0.183243  3.53898 	Dead: 0
3.80977   0.0343766   0.174512  3.53579 	Dead: 0
3.83476   0.0378172   0.191978  3.53579 	Dead: 0
3.82113   0.0384754   0.195319  3.50265 	Dead: 0
3.804     0.0379409   0.192606  3.50265 	Dead: 0
3.7893    0.0333708   0.169406  3.50265 	Dead: 0
3.7842    0.0358493   0.181988  3.50265 	Dead: 0
3.76831   0.0360602   0.183059  3.47177 	Dead: 0
3.74612   0.0412123   0.209213  3.47177 	Dead: 0
3.69484   0.0345771   0.17553   3.34501 	Dead: 0
3.70119   0.0462673   0.234875  3.34501 	Dead: 0
3.6241    0.0327474   0.166241  3.34501 	Dead: 0
3.65347   0.0378432   0.19211   3.33166 	Dead: 0
3.63551   0.036926    0.187453  3.33166 	Dead: 0
3.61251   0.0373598   0.189656  3.33166 	Dead: 0
3.6249    0.0376886   0.191325  3.33166 	Dead: 0
3.58813   0.0345655   0.175471  3.29128 	Dead: 0
3.62362   0.0402397   0.204275  3.29128 	Dead: 0
3.59111   0.0380768   0.193296  3.25099 	Dead: 0
3.5881    0.0374215   0.189969  3.22225 	Dead: 0
3.62833   0.0489169   0.248325  3.22225 	Dead: 0
3.57707   0.040066    0.203393  3.22225 	Dead: 0
3.57579   0.047728    0.24229   3.22225 	Dead: 0
3.56191   0.0393194   0.199603  3.22225 	Dead: 0
3.55671   0.0394142   0.200085  3.22225 	Dead: 0
3.56481   0.0445654   0.226235  3.22225 	Dead: 0
3.57651   0.0423966   0.215225  3.22225 	Dead: 0
3.56321   0.0428812   0.217685  3.22225 	Dead: 0
3.54668   0.0374946   0.19034   3.22225 	Dead: 0
3.52654   0.0379778   0.192793  3.22225 	Dead: 0
3.52407   0.0400737   0.203433  3.22225 	Dead: 0
3.53531   0.0483271   0.245331  3.22225 	Dead: 0
3.53578   0.0420483   0.213457  3.22225 	Dead: 0
3.54457   0.0444201   0.225497  3.22225 	Dead: 0
3.50944   0.0398696   0.202397  3.16541 	Dead: 0
3.52752   0.0418824   0.212615  3.16541 	Dead: 0
3.55595   0.0446974   0.226905  3.16541 	Dead: 0
3.50052   0.0382842   0.194348  3.16541 	Dead: 0
3.51201   0.0411235   0.208762  3.16541 	Dead: 0
3.48991   0.0385218   0.195555  3.16541 	Dead: 0
3.52959   0.0513809   0.260833  3.16541 	Dead: 0
3.50432   0.0385508   0.195702  3.16541 	Dead: 0
3.51301   0.0417138   0.211759  3.16541 	Dead: 0
3.51918   0.043405    0.220344  3.16541 	Dead: 0
3.50938   0.0420138   0.213282  3.16541 	Dead: 0
3.50078   0.0394679   0.200357  3.16541 	Dead: 0
3.50105   0.0404582   0.205385  3.16541 	Dead: 0
3.50433   0.0402253   0.204203  3.16541 	Dead: 0
3.49625   0.0410042   0.208156  3.12585 	Dead: 0
3.45676   0.0380987   0.193407  3.09117 	Dead: 0
3.49076   0.0450795   0.228844  3.09117 	Dead: 0
3.4473    0.0373584   0.189648  3.07781 	Dead: 0
3.45598   0.043305    0.219836  3.07781 	Dead: 0
3.46884   0.0402746   0.204453  3.07781 	Dead: 0
3.46796   0.0451571   0.229238  3.07781 	Dead: 0
3.45868   0.0417798   0.212094  3.07781 	Dead: 0
3.44502   0.0385953   0.195928  3.07781 	Dead: 0
3.44357   0.0376504   0.191131  3.07781 	Dead: 0
3.45508   0.0385146   0.195518  3.07781 	Dead: 0
3.46305   0.0584322   0.296629  3.07781 	Dead: 0
3.45145   0.0443053   0.224914  3.07781 	Dead: 0
3.43969   0.0455433   0.231199  3.07781 	Dead: 0
3.44464   0.0419596   0.213006  3.07781 	Dead: 0
3.44462   0.0455495   0.231231  3.07781 	Dead: 0
3.43204   0.0394949   0.200494  3.07781 	Dead: 0
3.43502   0.0409003   0.207629  3.07781 	Dead: 0
3.452     0.0441498   0.224125  3.07781 	Dead: 0
3.42094   0.0418128   0.212261  3.07781 	Dead: 0
3.42976   0.0412951   0.209633  3.07781 	Dead: 0
3.4149    0.0434532   0.220589  3.07781 	Dead: 0
3.389     0.039103    0.198505  3.07781 	Dead: 0
3.40816   0.0417792   0.212091  3.07781 	Dead: 0
3.40517   0.0466686   0.236912  3.07781 	Dead: 0
3.40717   0.0484678   0.246045  3.07781 	Dead: 0
3.40347   0.0420409   0.213419  3.07781 	Dead: 0
3.41724   0.0483954   0.245677  3.07781 	Dead: 0
3.39078   0.0424517   0.215505  3.07781 	Dead: 0
3.39583   0.043264    0.219628  3.07781 	Dead: 0
3.41902   0.0461024   0.234037  3.07781 	Dead: 0
3.43548   0.0453476   0.230206  3.07781 	Dead: 0
3.39542   0.0458892   0.232955  3.07781 	Dead: 0
3.39978   0.0465211   0.236163  3.07781 	Dead: 0
3.38696   0.0519619   0.263783  3.07509 	Dead: 0
3.41619   0.0475158   0.241212  3.07509 	Dead: 0
3.42479   0.0497966   0.252791  3.07509 	Dead: 0
3.4233    0.0447231   0.227035  3.07509 	Dead: 0
