5.90768   0.241769    1.22733   3.98481 	Dead: 0
3.41275   0.0546052   0.277201  2.98654 	Dead: 0
3.22758   0.0616393   0.31291   2.67575 	Dead: 0
3.02011   0.0545577   0.27696   2.58922 	Dead: 0
2.92333   0.0472923   0.240078  2.55605 	Dead: 0
2.916     0.0506867   0.25731   2.55605 	Dead: 0
2.86796   0.0479875   0.243607  2.49714 	Dead: 0
2.94706   0.100916    0.512296  2.49714 	Dead: 0
2.8771    0.0554168   0.281321  2.49714 	Dead: 0
2.84853   0.051856    0.263245  2.49714 	Dead: 0
2.92408   0.0896491   0.455101  2.49714 	Dead: 0
2.90456   0.0552951   0.280704  2.49714 	Dead: 0
2.89642   0.0620611   0.315051  2.49714 	Dead: 0
2.90457   0.091125    0.462593  2.44515 	Dead: 0
2.93962   0.0708164   0.359497  2.44515 	Dead: 0
2.85975   0.0623968   0.316755  2.44515 	Dead: 0
2.80878   0.046316    0.235122  2.44515 	Dead: 0
2.84659   0.054426    0.276292  2.44515 	Dead: 0
2.90471   0.107322    0.544818  2.44515 	Dead: 0
2.81094   0.0493053   0.250297  2.44515 	Dead: 0
2.81451   0.0749748   0.380607  2.44515 	Dead: 0
2.76781   0.0510891   0.259352  2.42156 	Dead: 0
2.75856   0.0538216   0.273224  2.41179 	Dead: 0
2.71525   0.0466244   0.236687  2.3488  	Dead: 0
2.6993    0.0687145   0.348827  2.3488  	Dead: 0
2.68424   0.0503376   0.255537  2.3488  	Dead: 0
2.65998   0.0495053   0.251312  2.23567 	Dead: 0
2.63545   0.0465644   0.236382  2.23567 	Dead: 0
2.63712   0.0437082   0.221883  2.23567 	Dead: 0
2.63728   0.048357    0.245483  2.23567 	Dead: 0
2.6254    0.0503503   0.255602  2.23567 	Dead: 0
2.67142   0.0818353   0.415434  2.21627 	Dead: 0
2.65875   0.0836481   0.424637  2.21627 	Dead: 0
2.61273   0.0512145   0.259989  2.21627 	Dead: 0
2.64782   0.0870467   0.44189   2.21627 	Dead: 0
2.61385   0.0508017   0.257893  2.21627 	Dead: 0
2.58815   0.0457255   0.232124  2.21627 	Dead: 0
2.63427   0.0649027   0.329476  2.21627 	Dead: 0
2.6447    0.0771007   0.391399  2.21627 	Dead: 0
2.58548   0.049878    0.253204  2.21627 	Dead: 0
2.57774   0.0430261   0.218421  2.21627 	Dead: 0
2.63089   0.118997    0.604085  2.21627 	Dead: 0
2.69287   0.122655    0.622652  2.21627 	Dead: 0
2.61164   0.0584072   0.296502  2.21627 	Dead: 0
2.60332   0.0680089   0.345245  2.21627 	Dead: 0
2.60341   0.0484034   0.245718  2.21627 	Dead: 0
2.63174   0.0678351   0.344362  2.21627 	Dead: 0
2.62863   0.0584772   0.296858  2.21627 	Dead: 0
2.65525   0.095022    0.482376  2.21627 	Dead: 0
2.62158   0.0565115   0.286879  2.21627 	Dead: 0
2.6392    0.0888438   0.451013  2.21627 	Dead: 0
2.62396   0.0701834   0.356284  2.21627 	Dead: 0
2.64825   0.106257    0.539413  2.21627 	Dead: 0
2.60957   0.0498101   0.252859  2.21627 	Dead: 0
2.59652   0.060739    0.30834   2.21627 	Dead: 0
2.61348   0.0494434   0.250998  2.21162 	Dead: 0
2.63101   0.0616973   0.313205  2.21162 	Dead: 0
2.59211   0.0599034   0.304098  2.21162 	Dead: 0
2.62891   0.0791462   0.401783  2.21162 	Dead: 0
2.60512   0.0520559   0.26426   2.21162 	Dead: 0
2.57397   0.0519664   0.263806  2.21162 	Dead: 0
2.63863   0.107846    0.547475  2.21162 	Dead: 0
2.62178   0.0738373   0.374833  2.21162 	Dead: 0
2.63271   0.100709    0.511248  2.21162 	Dead: 0
2.58954   0.0498092   0.252855  2.21162 	Dead: 0
2.57063   0.0502902   0.255297  2.21162 	Dead: 0
2.57779   0.0513402   0.260627  2.21162 	Dead: 0
2.58165   0.0685708   0.348097  2.21162 	Dead: 0
2.5867    0.0809758   0.411071  2.21162 	Dead: 0
2.56121   0.0503125   0.255409  2.21162 	Dead: 0
2.60346   0.0616962   0.313199  2.21162 	Dead: 0
2.5493    0.0465258   0.236187  2.21162 	Dead: 0
2.56228   0.0497211   0.252408  2.21162 	Dead: 0
2.58683   0.0621194   0.315347  2.21162 	Dead: 0
2.55244   0.0507497   0.257629  2.21162 	Dead: 0
2.54677   0.0472594   0.239911  2.21162 	Dead: 0
2.60035   0.0631468   0.320563  2.21162 	Dead: 0
2.56605   0.0606459   0.307867  2.21162 	Dead: 0
2.55788   0.0506067   0.256903  2.16282 	Dead: 0
2.54719   0.0488705   0.24809   2.16282 	Dead: 0
2.57      0.0683747   0.347102  2.16282 	Dead: 0
2.5928    0.0611347   0.310348  2.16282 	Dead: 0
2.56635   0.0560626   0.2846    2.16282 	Dead: 0
2.57239   0.064794    0.328924  2.16282 	Dead: 0
2.60718   0.0755415   0.383484  2.16282 	Dead: 0
2.56373   0.0462252   0.234661  2.16282 	Dead: 0
2.56073   0.0468903   0.238037  2.16282 	Dead: 0
2.56077   0.0514911   0.261393  2.16282 	Dead: 0
2.59039   0.105642    0.53629   2.16282 	Dead: 0
2.56445   0.0534949   0.271565  2.16282 	Dead: 0
2.57567   0.0622556   0.316039  2.16282 	Dead: 0
2.6177    0.102317    0.51941   2.16282 	Dead: 0
2.55379   0.046068    0.233863  2.16282 	Dead: 0
2.57068   0.0735053   0.373147  2.15787 	Dead: 0
2.57542   0.0527729   0.2679    2.15787 	Dead: 0
2.59936   0.0652122   0.331048  2.15787 	Dead: 0
2.53115   0.0456742   0.231863  2.15787 	Dead: 0
2.57089   0.0702044   0.35639   2.15787 	Dead: 0
2.6068    0.109667    0.556723  2.15787 	Dead: 0
2.54392   0.0469407   0.238293  2.15787 	Dead: 0
2.56675   0.0647579   0.328742  2.15787 	Dead: 0
