7.97097   0.224431    1.13932   4.23165 	Dead: 0
3.17859   0.0489263   0.248373  2.75092 	Dead: 0
2.90571   0.0413524   0.209924  2.57494 	Dead: 0
2.8288    0.0533298   0.270727  2.43359 	Dead: 0
2.71393   0.0370627   0.188147  2.40247 	Dead: 0
2.68205   0.0390281   0.198125  2.40247 	Dead: 0
2.6799    0.0429234   0.217899  2.34725 	Dead: 0
2.66945   0.039834    0.202216  2.34725 	Dead: 0
2.65609   0.0375227   0.190482  2.34725 	Dead: 0
2.65256   0.0444789   0.225796  2.33848 	Dead: 0
2.65645   0.0480475   0.243911  2.24634 	Dead: 0
2.64128   0.039879    0.202444  2.24634 	Dead: 0
2.64744   0.0435173   0.220914  2.24634 	Dead: 0
2.62777   0.0426424   0.216473  2.24634 	Dead: 0
2.64403   0.0433001   0.219812  2.24634 	Dead: 0
2.68463   0.0486179   0.246807  2.24634 	Dead: 0
2.61095   0.0448877   0.227871  2.24634 	Dead: 0
2.59349   0.037917    0.192485  2.24634 	Dead: 0
2.58217   0.03579     0.181687  2.24634 	Dead: 0
2.59078   0.0369314   0.187481  2.24634 	Dead: 0
2.63236   0.0481518   0.244441  2.24634 	Dead: 0
2.63349   0.0498375   0.252998  2.24634 	Dead: 0
2.62429   0.0495419   0.251498  2.24634 	Dead: 0
2.60449   0.0453885   0.230413  2.24634 	Dead: 0
2.611     0.0447471   0.227157  2.24634 	Dead: 0
2.59699   0.0447978   0.227414  2.24634 	Dead: 0
2.61403   0.0493292   0.250418  2.24634 	Dead: 0
2.62882   0.0509524   0.258658  2.24634 	Dead: 0
2.60486   0.0435502   0.221081  2.24634 	Dead: 0
2.59661   0.046019    0.233614  2.24634 	Dead: 0
2.63355   0.0469194   0.238185  2.24634 	Dead: 0
2.5893    0.0425652   0.216081  2.24634 	Dead: 0
2.59359   0.049061    0.249057  2.21649 	Dead: 0
2.57443   0.043731    0.221999  2.21649 	Dead: 0
2.61501   0.0515783   0.261836  2.21649 	Dead: 0
2.58701   0.0439565   0.223144  2.21649 	Dead: 0
2.59194   0.0470391   0.238792  2.21649 	Dead: 0
2.61313   0.0485484   0.246454  2.21649 	Dead: 0
2.56392   0.0418169   0.212282  2.21649 	Dead: 0
2.58933   0.0499572   0.253606  2.21649 	Dead: 0
2.58032   0.0434413   0.220528  2.21649 	Dead: 0
2.56764   0.0448112   0.227483  2.21649 	Dead: 0
2.56451   0.0436065   0.221367  2.21649 	Dead: 0
2.55974   0.0445242   0.226026  2.21649 	Dead: 0
2.56457   0.0402383   0.204269  2.21649 	Dead: 0
2.57061   0.044514    0.225974  2.21649 	Dead: 0
2.58093   0.0488777   0.248126  2.21649 	Dead: 0
2.55977   0.0429336   0.217951  2.21649 	Dead: 0
2.58365   0.0520932   0.26445   2.21649 	Dead: 0
2.5386    0.0407926   0.207082  2.21649 	Dead: 0
2.55192   0.0475334   0.241302  2.21649 	Dead: 0
2.56096   0.0464321   0.235711  2.21649 	Dead: 0
2.57247   0.0434456   0.22055   2.21649 	Dead: 0
2.52987   0.0400411   0.203267  2.21649 	Dead: 0
2.57291   0.0498331   0.252976  2.21649 	Dead: 0
2.54882   0.0456628   0.231806  2.21649 	Dead: 0
2.55017   0.0479466   0.243399  2.21649 	Dead: 0
2.5357    0.0418417   0.212408  2.21649 	Dead: 0
2.57726   0.0555964   0.282233  2.21583 	Dead: 0
2.57455   0.0511684   0.259755  2.21583 	Dead: 0
2.55556   0.044489    0.225847  2.21225 	Dead: 0
2.56357   0.0485139   0.246279  2.21225 	Dead: 0
2.53991   0.043337    0.219999  2.21225 	Dead: 0
2.55368   0.047245    0.239838  2.21225 	Dead: 0
2.57287   0.047926    0.243295  2.21225 	Dead: 0
2.58059   0.0496846   0.252222  2.21225 	Dead: 0
2.56463   0.0524784   0.266405  2.21225 	Dead: 0
2.55255   0.0465533   0.236326  2.20143 	Dead: 0
2.53876   0.0486927   0.247187  2.20143 	Dead: 0
2.53524   0.0427814   0.217178  2.20143 	Dead: 0
2.52215   0.0414539   0.210439  2.20143 	Dead: 0
2.53325   0.044606    0.226441  2.20143 	Dead: 0
2.50513   0.0404884   0.205538  2.11443 	Dead: 0
2.52583   0.0429539   0.218054  2.11443 	Dead: 0
2.52653   0.0437675   0.222184  2.11443 	Dead: 0
2.48726   0.0416844   0.211609  2.11443 	Dead: 0
2.51215   0.0429883   0.218229  2.11443 	Dead: 0
2.53716   0.0517823   0.262871  2.11443 	Dead: 0
2.51806   0.0455431   0.231198  2.11443 	Dead: 0
2.52601   0.0446608   0.226719  2.11443 	Dead: 0
2.50212   0.0409391   0.207826  2.11443 	Dead: 0
2.5047    0.0393429   0.199723  2.11443 	Dead: 0
2.49253   0.0407731   0.206983  2.11443 	Dead: 0
2.49122   0.0383045   0.194452  2.11443 	Dead: 0
2.49819   0.0467619   0.237385  2.11443 	Dead: 0
2.47147   0.0437511   0.222101  2.11443 	Dead: 0
2.49562   0.0439456   0.223088  2.11443 	Dead: 0
2.48891   0.0455701   0.231335  2.11443 	Dead: 0
2.4518    0.0380866   0.193345  2.11443 	Dead: 0
2.44943   0.0392703   0.199355  2.10081 	Dead: 0
2.42875   0.0391546   0.198767  2.10081 	Dead: 0
2.43543   0.0380383   0.1931    2.10081 	Dead: 0
2.43087   0.0394954   0.200497  2.10081 	Dead: 0
2.43231   0.0427828   0.217185  2.10081 	Dead: 0
2.43887   0.041528    0.210816  2.10081 	Dead: 0
2.42694   0.0412153   0.209228  2.10081 	Dead: 0
2.43241   0.0401775   0.20396   2.10081 	Dead: 0
2.42672   0.0413059   0.209688  2.10081 	Dead: 0
2.43414   0.0410425   0.208351  2.10081 	Dead: 0
2.42101   0.0398726   0.202412  2.10081 	Dead: 0
2.41432   0.0401339   0.203738  2.10081 	Dead: 0
