6.88645   0.0735749   0.3735    6.12521 	Dead: 0
5.2869    0.0426557   0.21654   4.78285 	Dead: 0
4.83928   0.0359213   0.182353  4.44695 	Dead: 0
4.75753   0.0435512   0.221086  4.2897  	Dead: 0
4.68165   0.0403185   0.204675  4.2897  	Dead: 0
4.67776   0.0430337   0.218459  4.2897  	Dead: 0
4.65313   0.0399562   0.202836  4.2897  	Dead: 0
4.63698   0.0456943   0.231965  4.2897  	Dead: 0
4.62123   0.0409096   0.207676  4.2897  	Dead: 0
4.5918    0.0400031   0.203074  4.2897  	Dead: 0
4.61391   0.0470432   0.238813  4.25699 	Dead: 0
4.56877   0.0486723   0.247083  4.163   	Dead: 0
4.53624   0.045108    0.228989  4.163   	Dead: 0
4.51635   0.0498622   0.253124  4.10066 	Dead: 0
4.46584   0.0472772   0.240001  4.10066 	Dead: 0
4.45974   0.0543059   0.275682  4.10066 	Dead: 0
4.405     0.0477479   0.24239   3.904   	Dead: 0
4.39029   0.0531508   0.269818  3.904   	Dead: 0
4.34335   0.0512031   0.259931  3.904   	Dead: 0
4.32309   0.0537386   0.272802  3.904   	Dead: 0
4.317     0.0498101   0.252859  3.904   	Dead: 0
4.29886   0.050767    0.257717  3.904   	Dead: 0
4.27852   0.0515317   0.261599  3.89098 	Dead: 0
4.26965   0.0541706   0.274995  3.89098 	Dead: 0
4.27071   0.0548027   0.278204  3.83931 	Dead: 0
4.21724   0.0512365   0.2601    3.83931 	Dead: 0
4.20338   0.0469255   0.238216  3.83931 	Dead: 0
4.18238   0.0524575   0.266299  3.83931 	Dead: 0
4.21651   0.0510238   0.259021  3.83931 	Dead: 0
4.17826   0.0439716   0.22322   3.83931 	Dead: 0
4.15322   0.0574335   0.291559  3.6655  	Dead: 0
4.17242   0.0567483   0.288081  3.6655  	Dead: 0
4.17959   0.0590781   0.299908  3.6655  	Dead: 0
4.12818   0.0515548   0.261716  3.6655  	Dead: 0
4.15359   0.0571823   0.290284  3.6655  	Dead: 0
4.12401   0.0592757   0.300911  3.6655  	Dead: 0
4.10129   0.0536424   0.272314  3.6655  	Dead: 0
4.1078    0.0562817   0.285712  3.6655  	Dead: 0
4.10316   0.0628654   0.319134  3.6655  	Dead: 0
4.09025   0.0566151   0.287405  3.6655  	Dead: 0
4.08449   0.0554341   0.281409  3.6655  	Dead: 0
4.06577   0.0508622   0.2582    3.6655  	Dead: 0
4.07089   0.0509457   0.258624  3.6655  	Dead: 0
4.09216   0.0565143   0.286893  3.6655  	Dead: 0
4.0677    0.0525638   0.266838  3.6655  	Dead: 0
4.04314   0.0533385   0.270771  3.6655  	Dead: 0
4.0872    0.0597007   0.303069  3.6655  	Dead: 0
4.0567    0.0550779   0.279601  3.62385 	Dead: 0
4.03731   0.0497314   0.25246   3.62385 	Dead: 0
4.01807   0.0544439   0.276383  3.62385 	Dead: 0
4.10821   0.0759524   0.38557   3.62385 	Dead: 0
4.07424   0.0660989   0.335549  3.62385 	Dead: 0
4.02626   0.0509938   0.258868  3.62385 	Dead: 0
4.08366   0.0578274   0.293559  3.62385 	Dead: 0
4.06658   0.0674207   0.342259  3.62385 	Dead: 0
4.07651   0.0556064   0.282284  3.62385 	Dead: 0
4.03564   0.051214    0.259986  3.62385 	Dead: 0
4.03354   0.0513921   0.26089   3.62385 	Dead: 0
4.05118   0.0595893   0.302503  3.62385 	Dead: 0
4.05843   0.0547839   0.278108  3.62385 	Dead: 0
4.04245   0.0546735   0.277548  3.62385 	Dead: 0
4.06271   0.0696966   0.353812  3.62385 	Dead: 0
4.06091   0.0559703   0.284131  3.62385 	Dead: 0
4.04696   0.0561731   0.285161  3.62385 	Dead: 0
4.05028   0.0625075   0.317317  3.52744 	Dead: 0
4.03737   0.0667963   0.339089  3.52744 	Dead: 0
4.07553   0.0709267   0.360057  3.52744 	Dead: 0
4.02688   0.0558155   0.283346  3.52744 	Dead: 0
4.01363   0.0555759   0.282129  3.52744 	Dead: 0
4.0157    0.0661594   0.335856  3.52744 	Dead: 0
4.03052   0.0606173   0.307722  3.52744 	Dead: 0
4.00576   0.05234     0.265702  3.52744 	Dead: 0
4.02443   0.0572096   0.290423  3.52744 	Dead: 0
4.04476   0.0610543   0.30994   3.52744 	Dead: 0
4.0636    0.0686667   0.348584  3.52744 	Dead: 0
4.06836   0.074682    0.379121  3.52744 	Dead: 0
4.01149   0.0577586   0.293209  3.52744 	Dead: 0
4.0451    0.0627752   0.318676  3.52744 	Dead: 0
4.01926   0.0536364   0.272283  3.52744 	Dead: 0
4.00316   0.0582429   0.295668  3.52744 	Dead: 0
4.05651   0.0735868   0.373561  3.52744 	Dead: 0
4.02431   0.0564203   0.286416  3.52744 	Dead: 0
4.05183   0.074958    0.380522  3.52744 	Dead: 0
4.00872   0.0571073   0.289903  3.52744 	Dead: 0
3.99518   0.0552807   0.280631  3.52744 	Dead: 0
4.02299   0.0628892   0.319255  3.52744 	Dead: 0
4.04551   0.0687503   0.349008  3.52744 	Dead: 0
4.00573   0.0545176   0.276757  3.52744 	Dead: 0
4.01864   0.0645432   0.327651  3.52744 	Dead: 0
4.01424   0.0546714   0.277537  3.52744 	Dead: 0
4.02769   0.0611165   0.310256  3.52744 	Dead: 0
4.0168    0.062601    0.317792  3.52744 	Dead: 0
3.98828   0.0546551   0.277455  3.52744 	Dead: 0
3.97485   0.0511079   0.259448  3.52744 	Dead: 0
4.04688   0.0671226   0.340745  3.52744 	Dead: 0
4.04804   0.0804161   0.408229  3.52744 	Dead: 0
3.99235   0.0619151   0.31431   3.52744 	Dead: 0
4.00547   0.0631242   0.320448  3.52744 	Dead: 0
4.01503   0.0691041   0.350805  3.52744 	Dead: 0
3.95874   0.0494046   0.250801  3.52744 	Dead: 0
4.0217    0.0617773   0.31361   3.52744 	Dead: 0
