10.7424   0.0952486   0.483526  9.32657 	Dead: 0
9.07811   0.0506848   0.2573    8.4817  	Dead: 0
8.86103   0.064191    0.325863  8.36577 	Dead: 0
8.72826   0.0602642   0.305929  8.24961 	Dead: 0
8.63194   0.0575104   0.29195   8.1564  	Dead: 0
8.63064   0.0594804   0.30195   8.1564  	Dead: 0
8.5577    0.0572806   0.290783  8.10963 	Dead: 0
8.45367   0.0547092   0.27773   7.98452 	Dead: 0
8.41043   0.0532783   0.270465  7.86283 	Dead: 0
8.37673   0.062445    0.317     7.86283 	Dead: 0
8.33308   0.0601514   0.305357  7.86283 	Dead: 0
8.32645   0.070395    0.357358  7.73127 	Dead: 0
8.30976   0.0698449   0.354565  7.73127 	Dead: 0
8.28041   0.063912    0.324447  7.73127 	Dead: 0
8.24682   0.0695779   0.35321   7.68211 	Dead: 0
8.22012   0.0626459   0.31802   7.68211 	Dead: 0
8.2755    0.0659063   0.334571  7.68211 	Dead: 0
8.26489   0.0682483   0.34646   7.68211 	Dead: 0
8.19394   0.064667    0.32828   7.68211 	Dead: 0
8.15838   0.0601431   0.305315  7.68211 	Dead: 0
8.20632   0.0704421   0.357597  7.40713 	Dead: 0
8.16709   0.0679274   0.344831  7.40713 	Dead: 0
8.1861    0.0788359   0.400208  7.40713 	Dead: 0
8.13689   0.0689013   0.349775  7.40713 	Dead: 0
8.11249   0.0660519   0.33531   7.40713 	Dead: 0
8.12883   0.0733725   0.372473  7.40713 	Dead: 0
8.13601   0.0745225   0.378311  7.40713 	Dead: 0
8.09417   0.0679574   0.344984  7.40713 	Dead: 0
8.07971   0.0702899   0.356824  7.40713 	Dead: 0
8.11199   0.0719751   0.365379  7.40713 	Dead: 0
8.1241    0.0765451   0.388578  7.40713 	Dead: 0
8.132     0.0753909   0.382719  7.40713 	Dead: 0
8.07437   0.0684769   0.347621  7.40713 	Dead: 0
8.05541   0.0701155   0.355939  7.40713 	Dead: 0
8.04587   0.0694508   0.352565  7.40713 	Dead: 0
8.12868   0.0810322   0.411357  7.40713 	Dead: 0
8.05876   0.0749533   0.380498  7.40713 	Dead: 0
8.07715   0.0773374   0.392601  7.40713 	Dead: 0
8.07728   0.0746637   0.379028  7.40713 	Dead: 0
8.02827   0.0748972   0.380213  7.40713 	Dead: 0
8.04955   0.0757185   0.384382  7.40713 	Dead: 0
8.0446    0.068618    0.348337  7.40713 	Dead: 0
8.05349   0.0724212   0.367644  7.40713 	Dead: 0
8.07106   0.0774629   0.393238  7.40713 	Dead: 0
8.05765   0.0771587   0.391694  7.40713 	Dead: 0
8.08675   0.080906    0.410716  7.40713 	Dead: 0
8.0431    0.073934    0.375323  7.40713 	Dead: 0
8.06066   0.0753105   0.382311  7.40713 	Dead: 0
8.04555   0.0765993   0.388854  7.40713 	Dead: 0
8.06546   0.070349    0.357124  7.40713 	Dead: 0
8.04941   0.0708019   0.359424  7.40713 	Dead: 0
8.03832   0.0721625   0.36633   7.40713 	Dead: 0
8.03165   0.0752556   0.382032  7.40713 	Dead: 0
8.01999   0.0738866   0.375083  7.40713 	Dead: 0
8.05468   0.08168     0.414646  7.40713 	Dead: 0
8.02916   0.0719545   0.365274  7.40713 	Dead: 0
8.05625   0.0792705   0.402414  7.40713 	Dead: 0
8.0458    0.0732063   0.371629  7.40713 	Dead: 0
8.06421   0.0782755   0.397363  7.40713 	Dead: 0
8.11575   0.0833572   0.42316   7.40713 	Dead: 0
8.05524   0.0774062   0.39295   7.40713 	Dead: 0
8.01791   0.0761837   0.386744  7.40713 	Dead: 0
8.03545   0.072305    0.367054  7.40713 	Dead: 0
8.00895   0.0764056   0.38787   7.40713 	Dead: 0
8.01929   0.0690206   0.350381  7.40713 	Dead: 0
8.01528   0.0745804   0.378605  7.40713 	Dead: 0
7.98653   0.0682723   0.346582  7.40713 	Dead: 0
7.94627   0.0684358   0.347412  7.40713 	Dead: 0
8.02145   0.0781458   0.396704  7.40713 	Dead: 0
8.00099   0.0756571   0.384071  7.40713 	Dead: 0
7.96382   0.0699336   0.355016  7.40713 	Dead: 0
7.98461   0.0695041   0.352835  7.40713 	Dead: 0
8.01222   0.0779603   0.395763  7.40713 	Dead: 0
7.95023   0.0756796   0.384185  7.40713 	Dead: 0
8.00361   0.0750669   0.381074  7.40713 	Dead: 0
7.99588   0.0767092   0.389411  7.38835 	Dead: 0
7.99519   0.0752822   0.382167  7.38835 	Dead: 0
7.94231   0.0673789   0.342047  7.36147 	Dead: 0
7.98366   0.0781244   0.396596  7.2967  	Dead: 0
7.99362   0.0735766   0.373509  7.2967  	Dead: 0
7.95108   0.0704568   0.357672  7.2967  	Dead: 0
7.95145   0.0766181   0.388949  7.2967  	Dead: 0
7.9858    0.0842457   0.42767   7.2967  	Dead: 0
7.99765   0.0820679   0.416615  7.2967  	Dead: 0
8.02174   0.0827799   0.420229  7.2967  	Dead: 0
7.98632   0.0832413   0.422571  7.2967  	Dead: 0
7.97603   0.068426    0.347362  7.2967  	Dead: 0
7.95901   0.0743197   0.377281  7.2967  	Dead: 0
7.94754   0.0733891   0.372557  7.2967  	Dead: 0
7.94156   0.0709044   0.359944  7.2967  	Dead: 0
7.93559   0.0653772   0.331885  7.2967  	Dead: 0
7.96875   0.075219    0.381847  7.2967  	Dead: 0
7.92597   0.0724684   0.367883  7.29468 	Dead: 0
7.96389   0.0762605   0.387134  7.29468 	Dead: 0
7.90536   0.0720369   0.365693  7.29468 	Dead: 0
7.90703   0.0683186   0.346817  7.29468 	Dead: 0
7.91784   0.0740455   0.37589   7.29468 	Dead: 0
7.9154    0.0696798   0.353727  7.29468 	Dead: 0
7.94898   0.0750444   0.38096   7.29468 	Dead: 0
7.92884   0.0750621   0.38105   7.29468 	Dead: 0
7.88031   0.0745491   0.378446  7.29468 	Dead: 0
