8.1372    0.0968538   0.491675  6.81267 	Dead: 0
6.27338   0.050654    0.257143  5.83063 	Dead: 0
5.99179   0.0504421   0.256067  5.61316 	Dead: 0
5.74435   0.0448446   0.227652  5.39505 	Dead: 0
5.5356    0.0429268   0.217916  5.16756 	Dead: 0
5.46686   0.043227    0.21944   5.12373 	Dead: 0
5.50994   0.0532859   0.270504  5.10144 	Dead: 0
5.42956   0.0457245   0.232119  5.0849  	Dead: 0
5.41147   0.0476145   0.241713  5.00917 	Dead: 0
5.35944   0.0520483   0.264221  4.88423 	Dead: 0
5.30594   0.0508698   0.258239  4.85068 	Dead: 0
5.29412   0.0592758   0.300911  4.81356 	Dead: 0
5.23102   0.0519248   0.263594  4.81356 	Dead: 0
5.24297   0.0552689   0.280571  4.81356 	Dead: 0
5.24702   0.0623893   0.316717  4.80853 	Dead: 0
5.19104   0.0540149   0.274205  4.80853 	Dead: 0
5.18842   0.0565676   0.287164  4.80853 	Dead: 0
5.21855   0.0559847   0.284204  4.80853 	Dead: 0
5.16575   0.0511284   0.259551  4.79513 	Dead: 0
5.23117   0.0619727   0.314602  4.77353 	Dead: 0
5.17336   0.0507041   0.257398  4.77353 	Dead: 0
5.19883   0.0553655   0.281061  4.75371 	Dead: 0
5.17282   0.058601    0.297486  4.7158  	Dead: 0
5.16112   0.0618208   0.313831  4.7158  	Dead: 0
5.14605   0.0634297   0.321999  4.64107 	Dead: 0
5.10589   0.060999    0.30966   4.64107 	Dead: 0
5.07862   0.0518785   0.26336   4.62645 	Dead: 0
5.0606    0.0517697   0.262807  4.62645 	Dead: 0
5.06321   0.0554223   0.281349  4.62645 	Dead: 0
5.05338   0.0538899   0.27357   4.62645 	Dead: 0
5.05053   0.0559172   0.283862  4.62645 	Dead: 0
5.03681   0.0594273   0.301681  4.62645 	Dead: 0
5.02665   0.059196    0.300507  4.60718 	Dead: 0
4.98935   0.0597822   0.303482  4.50994 	Dead: 0
5.02314   0.0562454   0.285528  4.50994 	Dead: 0
5.04224   0.059046    0.299745  4.50994 	Dead: 0
5.01844   0.0611071   0.310208  4.50994 	Dead: 0
5.00621   0.0587492   0.298238  4.45918 	Dead: 0
4.99689   0.0631208   0.320431  4.45918 	Dead: 0
5.00616   0.0596192   0.302655  4.45918 	Dead: 0
5.01026   0.0619422   0.314447  4.45918 	Dead: 0
5.00363   0.0696718   0.353687  4.45918 	Dead: 0
4.98364   0.0617034   0.313235  4.45918 	Dead: 0
4.96275   0.059515    0.302126  4.45918 	Dead: 0
4.96131   0.0670987   0.340625  4.45918 	Dead: 0
5.01332   0.0750856   0.381169  4.45918 	Dead: 0
4.98534   0.0656408   0.333223  4.45918 	Dead: 0
4.9541    0.0600828   0.305009  4.45918 	Dead: 0
4.93198   0.0564844   0.286741  4.45918 	Dead: 0
4.95472   0.0598601   0.303878  4.45918 	Dead: 0
4.96046   0.06291     0.31936   4.45918 	Dead: 0
4.92061   0.0623274   0.316403  4.45918 	Dead: 0
4.90753   0.0597111   0.303121  4.45918 	Dead: 0
4.94229   0.0665564   0.337871  4.45918 	Dead: 0
4.90792   0.0671043   0.340653  4.42961 	Dead: 0
4.94529   0.0793154   0.402642  4.42961 	Dead: 0
4.90178   0.0643471   0.326656  4.42961 	Dead: 0
4.936     0.0783019   0.397497  4.42961 	Dead: 0
4.88901   0.0656483   0.333261  4.38736 	Dead: 0
4.91502   0.0668446   0.339334  4.38736 	Dead: 0
4.87148   0.0633416   0.321552  4.38736 	Dead: 0
4.88904   0.0665404   0.33779   4.38736 	Dead: 0
4.88255   0.0633142   0.321413  4.38736 	Dead: 0
4.89464   0.0751955   0.381727  4.35761 	Dead: 0
4.88798   0.0678833   0.344607  4.35761 	Dead: 0
4.90713   0.0811183   0.411794  4.35761 	Dead: 0
4.88058   0.0676584   0.343466  4.35761 	Dead: 0
4.88956   0.070045    0.355581  4.35761 	Dead: 0
4.86866   0.0648757   0.329339  4.35761 	Dead: 0
4.84225   0.0698265   0.354472  4.35761 	Dead: 0
4.88334   0.0773813   0.392824  4.35761 	Dead: 0
4.93195   0.0808524   0.410445  4.35761 	Dead: 0
4.87067   0.0705169   0.357976  4.35761 	Dead: 0
4.83435   0.0577489   0.29316   4.35761 	Dead: 0
4.87726   0.071876    0.364876  4.35761 	Dead: 0
4.84281   0.0640017   0.324903  4.35761 	Dead: 0
4.85308   0.0706695   0.358751  4.35761 	Dead: 0
4.84547   0.0636663   0.3232    4.3498  	Dead: 0
4.82223   0.0640381   0.325087  4.3498  	Dead: 0
4.83488   0.0651371   0.330666  4.3498  	Dead: 0
4.81887   0.0607908   0.308602  4.3498  	Dead: 0
4.86403   0.075374    0.382633  4.3498  	Dead: 0
4.8712    0.0833709   0.42323   4.3498  	Dead: 0
4.83643   0.0635684   0.322703  4.3498  	Dead: 0
4.81148   0.0663682   0.336916  4.3498  	Dead: 0
4.82341   0.0630079   0.319858  4.3498  	Dead: 0
4.86846   0.0845054   0.428989  4.3498  	Dead: 0
4.84502   0.0777028   0.394456  4.3498  	Dead: 0
4.85072   0.0667386   0.338796  4.3498  	Dead: 0
4.80755   0.0588089   0.298541  4.3498  	Dead: 0
4.82481   0.0821195   0.416877  4.27008 	Dead: 0
4.79375   0.0608903   0.309108  4.27008 	Dead: 0
4.8341    0.0697181   0.353921  4.27008 	Dead: 0
4.8226    0.0618195   0.313825  4.27008 	Dead: 0
4.8145    0.0690481   0.35052   4.27008 	Dead: 0
4.79956   0.0624736   0.317145  4.27008 	Dead: 0
4.83571   0.0740439   0.375881  4.27008 	Dead: 0
4.79768   0.0682438   0.346437  4.27008 	Dead: 0
4.82656   0.0727576   0.369351  4.27008 	Dead: 0
4.80962   0.0632005   0.320835  4.27008 	Dead: 0
4.88909   0.07476     0.379517  4.27008 	Dead: 0
