8.04533   0.0996776   0.50601   6.34331 	Dead: 0
6.49458   0.0521183   0.264577  6.02538 	Dead: 0
6.2386    0.0426101   0.216309  5.81601 	Dead: 0
6.10026   0.0434015   0.220326  5.53102 	Dead: 0
5.97567   0.0488432   0.247951  5.31438 	Dead: 0
5.90139   0.0541756   0.275021  5.31438 	Dead: 0
5.84401   0.0445826   0.226322  5.31438 	Dead: 0
5.84798   0.0586174   0.297569  5.30654 	Dead: 0
5.83015   0.0595459   0.302283  5.30654 	Dead: 0
5.77476   0.0471272   0.23924   5.30654 	Dead: 0
5.76639   0.0557395   0.282959  5.30654 	Dead: 0
5.7419    0.0546768   0.277565  5.1762  	Dead: 0
5.67907   0.04916     0.249559  5.1762  	Dead: 0
5.64609   0.0490534   0.249018  5.1762  	Dead: 0
5.63708   0.0567597   0.288139  5.1762  	Dead: 0
5.63136   0.0549458   0.27893   5.1762  	Dead: 0
5.62292   0.055811    0.283322  5.1762  	Dead: 0
5.61759   0.0612118   0.31074   5.1762  	Dead: 0
5.56054   0.0518858   0.263396  5.14165 	Dead: 0
5.53268   0.0508428   0.258102  5.14165 	Dead: 0
5.52458   0.0508547   0.258162  5.14165 	Dead: 0
5.48886   0.0550219   0.279317  5.04586 	Dead: 0
5.43637   0.0526762   0.267409  5.04586 	Dead: 0
5.38878   0.045611    0.231543  5.04586 	Dead: 0
5.38808   0.0449716   0.228297  5.03391 	Dead: 0
5.4126    0.0492216   0.249872  5.03391 	Dead: 0
5.39314   0.0525348   0.266691  5.03391 	Dead: 0
5.38989   0.0513949   0.260904  4.88836 	Dead: 0
5.38486   0.0574641   0.291714  4.88836 	Dead: 0
5.36419   0.0563914   0.286269  4.88836 	Dead: 0
5.39797   0.0587627   0.298307  4.88836 	Dead: 0
5.35888   0.05831     0.296009  4.88836 	Dead: 0
5.39802   0.0619169   0.314319  4.88836 	Dead: 0
5.38953   0.0591556   0.300302  4.88836 	Dead: 0
5.36462   0.0593529   0.301303  4.88836 	Dead: 0
5.34115   0.0547328   0.277849  4.88836 	Dead: 0
5.36584   0.0639408   0.324593  4.88836 	Dead: 0
5.37508   0.0668522   0.339373  4.88836 	Dead: 0
5.3291    0.0609011   0.309162  4.88836 	Dead: 0
5.34502   0.0658506   0.334288  4.82512 	Dead: 0
5.3139    0.0570661   0.289694  4.82512 	Dead: 0
5.3176    0.0578869   0.293861  4.82512 	Dead: 0
5.28505   0.0571057   0.289895  4.82512 	Dead: 0
5.31735   0.0580035   0.294453  4.82512 	Dead: 0
5.29424   0.0576165   0.292488  4.82512 	Dead: 0
5.25783   0.064956    0.329747  4.82512 	Dead: 0
5.24254   0.052879    0.268439  4.82512 	Dead: 0
5.22626   0.0564636   0.286636  4.82349 	Dead: 0
5.21346   0.0582303   0.295604  4.8011  	Dead: 0
5.24455   0.0594426   0.301758  4.8011  	Dead: 0
5.2148    0.0604513   0.306879  4.731   	Dead: 0
5.19188   0.058758    0.298283  4.731   	Dead: 0
5.25978   0.0616987   0.313211  4.731   	Dead: 0
5.21842   0.0659698   0.334893  4.731   	Dead: 0
5.19743   0.0624817   0.317186  4.731   	Dead: 0
5.2021    0.0623823   0.316682  4.731   	Dead: 0
5.23301   0.0659598   0.334843  4.731   	Dead: 0
5.14471   0.0560234   0.284401  4.731   	Dead: 0
5.2057    0.068569    0.348088  4.731   	Dead: 0
5.19624   0.0603475   0.306352  4.731   	Dead: 0
5.17085   0.0600656   0.304921  4.731   	Dead: 0
5.14535   0.0582771   0.295842  4.64041 	Dead: 0
5.16698   0.0624225   0.316886  4.64041 	Dead: 0
5.16156   0.060663    0.307954  4.64041 	Dead: 0
5.13812   0.0590771   0.299903  4.53822 	Dead: 0
5.13394   0.0661701   0.33591   4.53822 	Dead: 0
5.1423    0.0622838   0.316181  4.53822 	Dead: 0
5.1176    0.0612094   0.310728  4.53822 	Dead: 0
5.0999    0.0570252   0.289486  4.53822 	Dead: 0
5.11027   0.0624286   0.316917  4.53822 	Dead: 0
5.13947   0.0655724   0.332876  4.53822 	Dead: 0
5.10721   0.0601344   0.30527   4.53822 	Dead: 0
5.07995   0.0637144   0.323444  4.53822 	Dead: 0
5.11726   0.065463    0.332321  4.53822 	Dead: 0
5.07757   0.0670395   0.340324  4.5357  	Dead: 0
5.08754   0.0660458   0.335279  4.5357  	Dead: 0
5.05987   0.0598396   0.303774  4.5357  	Dead: 0
5.07881   0.0650952   0.330454  4.5357  	Dead: 0
5.10359   0.0683013   0.346729  4.49719 	Dead: 0
5.10757   0.0623812   0.316676  4.49719 	Dead: 0
5.10207   0.0721529   0.366282  4.49719 	Dead: 0
5.12354   0.0704003   0.357385  4.49719 	Dead: 0
5.07186   0.0650008   0.329974  4.49253 	Dead: 0
5.1029    0.0674434   0.342374  4.49253 	Dead: 0
5.06629   0.0647654   0.328779  4.49253 	Dead: 0
5.02205   0.0593084   0.301077  4.49253 	Dead: 0
5.05207   0.0635592   0.322656  4.49253 	Dead: 0
5.06872   0.0752257   0.381881  4.49253 	Dead: 0
5.06324   0.0790918   0.401507  4.49253 	Dead: 0
5.05181   0.0695666   0.353152  4.49253 	Dead: 0
5.03555   0.0624175   0.31686   4.49253 	Dead: 0
5.04347   0.0639657   0.32472   4.49253 	Dead: 0
5.02436   0.0647132   0.328514  4.49253 	Dead: 0
5.04621   0.0721338   0.366185  4.49253 	Dead: 0
4.99954   0.0660246   0.335172  4.49253 	Dead: 0
5.01223   0.0709803   0.360329  4.49253 	Dead: 0
5.00254   0.0647756   0.328831  4.49253 	Dead: 0
4.98444   0.0668801   0.339515  4.49253 	Dead: 0
5.04505   0.0748016   0.379728  4.49253 	Dead: 0
4.98335   0.0581552   0.295223  4.49253 	Dead: 0
4.96614   0.0564807   0.286722  4.49253 	Dead: 0
