8.66009   0.0450655   0.228774  7.96659 	Dead: 0
6.70315   0.0618691   0.314077  5.97739 	Dead: 0
6.20078   0.0529783   0.268943  5.71757 	Dead: 0
5.71271   0.0428219   0.217384  5.21761 	Dead: 0
5.60892   0.0574756   0.291773  5.18871 	Dead: 0
5.32507   0.0454723   0.230839  4.91249 	Dead: 0
5.19036   0.0605462   0.307361  4.70428 	Dead: 0
5.0555    0.0457758   0.232379  4.65933 	Dead: 0
5.05016   0.0542621   0.27546   4.42578 	Dead: 0
5.0047    0.0576031   0.29242   4.42578 	Dead: 0
4.91203   0.0562195   0.285396  4.40523 	Dead: 0
4.86326   0.0547288   0.277829  4.40523 	Dead: 0
4.85273   0.0577698   0.293267  4.40205 	Dead: 0
4.79078   0.0643519   0.32668   4.23848 	Dead: 0
4.78502   0.0591787   0.300419  4.23848 	Dead: 0
4.79106   0.0645486   0.327679  4.23848 	Dead: 0
4.71968   0.0623966   0.316754  4.13275 	Dead: 0
4.7032    0.0580074   0.294472  4.13275 	Dead: 0
4.68      0.0589507   0.299261  4.13275 	Dead: 0
4.70932   0.0617868   0.313659  4.13275 	Dead: 0
4.68925   0.0579167   0.294012  4.08797 	Dead: 0
4.6617    0.056135    0.284967  4.08797 	Dead: 0
4.67151   0.0581499   0.295196  4.08797 	Dead: 0
4.63752   0.0674078   0.342193  4.08797 	Dead: 0
4.66676   0.0653233   0.331612  4.08797 	Dead: 0
4.62011   0.0623449   0.316492  4.02667 	Dead: 0
4.61555   0.0622447   0.315983  4.02667 	Dead: 0
4.59599   0.0626128   0.317852  4.02667 	Dead: 0
4.60285   0.0592875   0.300971  4.02667 	Dead: 0
4.61732   0.0686898   0.348702  4.02667 	Dead: 0
4.62465   0.0681049   0.345732  4.02667 	Dead: 0
4.59605   0.0664151   0.337154  3.91718 	Dead: 0
4.57266   0.0616073   0.312748  3.91718 	Dead: 0
4.55793   0.0674913   0.342618  3.91718 	Dead: 0
4.5821    0.0644257   0.327055  3.91718 	Dead: 0
4.57615   0.0632221   0.320945  3.91718 	Dead: 0
4.58074   0.0654649   0.332331  3.91718 	Dead: 0
4.50012   0.0566819   0.287744  3.91718 	Dead: 0
4.55763   0.0634641   0.322173  3.91718 	Dead: 0
4.56005   0.0718753   0.364872  3.91718 	Dead: 0
4.49314   0.0595632   0.302371  3.91718 	Dead: 0
4.50536   0.0625412   0.317488  3.91718 	Dead: 0
4.50374   0.0626561   0.318072  3.91718 	Dead: 0
4.50156   0.0612394   0.31088   3.91718 	Dead: 0
4.49724   0.0661295   0.335704  3.91718 	Dead: 0
4.48241   0.0637659   0.323706  3.91718 	Dead: 0
4.47462   0.0586217   0.297591  3.91718 	Dead: 0
4.4523    0.0628365   0.318987  3.91718 	Dead: 0
4.46006   0.0668465   0.339344  3.91718 	Dead: 0
4.44663   0.0638401   0.324082  3.91718 	Dead: 0
4.47223   0.0712532   0.361714  3.91718 	Dead: 0
4.44213   0.0664455   0.337308  3.91718 	Dead: 0
4.45686   0.0668967   0.339599  3.91718 	Dead: 0
4.4432    0.0671757   0.341015  3.89511 	Dead: 0
4.411     0.0622981   0.316254  3.89511 	Dead: 0
4.46762   0.0692738   0.351666  3.89511 	Dead: 0
4.45768   0.0608879   0.309095  3.89511 	Dead: 0
4.42947   0.0648784   0.329353  3.89511 	Dead: 0
4.43362   0.0705349   0.358068  3.83398 	Dead: 0
4.47613   0.0724293   0.367685  3.83398 	Dead: 0
4.42218   0.0692403   0.351496  3.83398 	Dead: 0
4.38188   0.0662939   0.336539  3.73193 	Dead: 0
4.38052   0.0623139   0.316334  3.73193 	Dead: 0
4.39588   0.0628091   0.318848  3.73193 	Dead: 0
4.4104    0.0687792   0.349155  3.73193 	Dead: 0
4.36597   0.0614285   0.31184   3.73193 	Dead: 0
4.36263   0.0617508   0.313476  3.73193 	Dead: 0
4.40863   0.0691721   0.35115   3.73193 	Dead: 0
4.37097   0.0616619   0.313025  3.73193 	Dead: 0
4.3912    0.0666592   0.338393  3.73193 	Dead: 0
4.42437   0.0745538   0.37847   3.73193 	Dead: 0
4.3539    0.0651604   0.330785  3.73193 	Dead: 0
4.33219   0.0607133   0.308209  3.73193 	Dead: 0
4.37339   0.0692985   0.351792  3.73193 	Dead: 0
4.38725   0.0683576   0.347015  3.73193 	Dead: 0
4.35059   0.0615488   0.31245   3.73193 	Dead: 0
4.32144   0.0583094   0.296006  3.73193 	Dead: 0
4.35886   0.0632719   0.321198  3.73193 	Dead: 0
4.38259   0.067643    0.343387  3.73193 	Dead: 0
4.3558    0.0644066   0.326958  3.73193 	Dead: 0
4.36662   0.0666132   0.33816   3.73193 	Dead: 0
4.36155   0.0654981   0.332499  3.73193 	Dead: 0
4.34698   0.0676865   0.343608  3.73193 	Dead: 0
4.40493   0.0704715   0.357746  3.73193 	Dead: 0
4.37434   0.0680335   0.34537   3.73193 	Dead: 0
4.35354   0.0634486   0.322095  3.73193 	Dead: 0
4.38972   0.0673904   0.342105  3.73193 	Dead: 0
4.37954   0.0670718   0.340488  3.73193 	Dead: 0
4.37452   0.0690156   0.350355  3.73193 	Dead: 0
4.39995   0.0726367   0.368738  3.73193 	Dead: 0
4.33548   0.0640909   0.325356  3.73193 	Dead: 0
4.31902   0.0675934   0.343136  3.62816 	Dead: 0
4.31413   0.0659553   0.33482   3.62816 	Dead: 0
4.37974   0.0739907   0.375611  3.62816 	Dead: 0
4.34055   0.0753886   0.382708  3.62816 	Dead: 0
4.3678    0.0701691   0.356211  3.62816 	Dead: 0
4.36836   0.0678827   0.344604  3.62816 	Dead: 0
4.34371   0.0650928   0.330441  3.62816 	Dead: 0
4.32853   0.0663824   0.336988  3.62816 	Dead: 0
4.42766   0.0766809   0.389268  3.62816 	Dead: 0
4.3461    0.0664396   0.337278  3.62816 	Dead: 0
