8.65604   0.0444638   0.225719  8.01953 	Dead: 0
6.91857   0.0442151   0.224457  6.26571 	Dead: 0
6.42      0.0460969   0.234009  5.90731 	Dead: 0
6.16297   0.0554243   0.28136   5.70894 	Dead: 0
5.95789   0.0635829   0.322776  5.41892 	Dead: 0
5.69151   0.0506554   0.25715   5.32295 	Dead: 0
5.58402   0.0620121   0.314802  4.89849 	Dead: 0
5.40845   0.063051    0.320076  4.89849 	Dead: 0
5.30294   0.0571289   0.290013  4.78987 	Dead: 0
5.26156   0.058513    0.297039  4.77684 	Dead: 0
5.24571   0.0661682   0.335901  4.67228 	Dead: 0
5.22334   0.0657919   0.33399   4.67228 	Dead: 0
5.15149   0.0616053   0.312737  4.67228 	Dead: 0
5.10765   0.0647143   0.32852   4.6241  	Dead: 0
5.0987    0.0724562   0.367821  4.46759 	Dead: 0
4.97823   0.0649713   0.329824  4.46759 	Dead: 0
4.89592   0.0644309   0.327081  4.4556  	Dead: 0
4.84974   0.0568746   0.288722  4.32437 	Dead: 0
4.86212   0.0699433   0.355065  4.32437 	Dead: 0
4.80668   0.0652637   0.331309  4.256   	Dead: 0
4.82446   0.0625212   0.317387  4.256   	Dead: 0
4.81194   0.0652429   0.331203  4.256   	Dead: 0
4.7808    0.0627722   0.318661  4.256   	Dead: 0
4.75275   0.0672603   0.341444  4.256   	Dead: 0
4.72429   0.0581797   0.295347  4.256   	Dead: 0
4.71528   0.0617772   0.31361   4.256   	Dead: 0
4.68674   0.0596758   0.302942  4.12828 	Dead: 0
4.6617    0.0569587   0.289149  4.12828 	Dead: 0
4.71836   0.0681848   0.346138  4.12828 	Dead: 0
4.70914   0.0641382   0.325595  4.12828 	Dead: 0
4.66881   0.0634832   0.32227   4.12828 	Dead: 0
4.66905   0.0611904   0.310631  4.12828 	Dead: 0
4.68243   0.0639627   0.324704  4.12828 	Dead: 0
4.72748   0.0723671   0.367369  4.12828 	Dead: 0
4.71488   0.0726599   0.368856  4.12828 	Dead: 0
4.68952   0.0664068   0.337112  4.12828 	Dead: 0
4.66006   0.062028    0.314883  4.12828 	Dead: 0
4.62117   0.0658419   0.334244  4.12722 	Dead: 0
4.62267   0.0617681   0.313564  4.12722 	Dead: 0
4.60817   0.0621809   0.315659  4.05676 	Dead: 0
4.6589    0.0723615   0.367341  4.05676 	Dead: 0
4.64722   0.0639561   0.324671  4.05676 	Dead: 0
4.62606   0.0639721   0.324752  4.05676 	Dead: 0
4.62769   0.0712406   0.361651  4.05676 	Dead: 0
4.58487   0.0653022   0.331504  4.05676 	Dead: 0
4.6162    0.0731823   0.371507  4.05676 	Dead: 0
4.58772   0.0672251   0.341266  4.00315 	Dead: 0
4.62831   0.0792688   0.402405  3.99247 	Dead: 0
4.6151    0.0727909   0.369521  3.99247 	Dead: 0
4.61038   0.0705062   0.357922  3.99247 	Dead: 0
4.61988   0.0745091   0.378243  3.99247 	Dead: 0
4.57502   0.0673067   0.34168   3.99247 	Dead: 0
4.61274   0.0750191   0.380832  3.99247 	Dead: 0
4.62871   0.0701852   0.356293  3.99247 	Dead: 0
4.59695   0.0695188   0.35291   3.99247 	Dead: 0
4.61002   0.0723232   0.367146  3.99247 	Dead: 0
4.56636   0.0708434   0.359634  3.99247 	Dead: 0
4.57854   0.0687892   0.349206  3.99247 	Dead: 0
4.59825   0.0733407   0.372311  3.99247 	Dead: 0
4.55906   0.0681475   0.345948  3.99247 	Dead: 0
4.5576    0.0707054   0.358934  3.99247 	Dead: 0
4.61317   0.0789975   0.401028  3.92004 	Dead: 0
4.57618   0.0687219   0.348864  3.92004 	Dead: 0
4.55939   0.0660866   0.335487  3.92004 	Dead: 0
4.54758   0.0724699   0.367891  3.92004 	Dead: 0
4.54961   0.0653639   0.331818  3.92004 	Dead: 0
4.54672   0.0687635   0.349076  3.92004 	Dead: 0
4.57109   0.0740105   0.375712  3.92004 	Dead: 0
4.54312   0.0664092   0.337124  3.92004 	Dead: 0
4.54653   0.067587    0.343103  3.92004 	Dead: 0
4.56269   0.0713113   0.362009  3.92004 	Dead: 0
4.53272   0.0714827   0.36288   3.92004 	Dead: 0
4.55788   0.0726787   0.368951  3.92004 	Dead: 0
4.518     0.0635843   0.322783  3.92004 	Dead: 0
4.52497   0.0710661   0.360765  3.92004 	Dead: 0
4.53166   0.0694094   0.352355  3.92004 	Dead: 0
4.55262   0.0686855   0.34868   3.92004 	Dead: 0
4.53702   0.0650612   0.330281  3.92004 	Dead: 0
4.52704   0.067831    0.344342  3.92004 	Dead: 0
4.56079   0.0705875   0.358335  3.92004 	Dead: 0
4.5445    0.0668327   0.339274  3.92004 	Dead: 0
4.50751   0.0703067   0.35691   3.92004 	Dead: 0
4.53839   0.0735264   0.373254  3.92004 	Dead: 0
4.48359   0.0645041   0.327453  3.92004 	Dead: 0
4.57659   0.0762704   0.387184  3.92004 	Dead: 0
4.52853   0.0704916   0.357848  3.92004 	Dead: 0
4.53775   0.0657286   0.333669  3.92004 	Dead: 0
4.53521   0.0672405   0.341344  3.92004 	Dead: 0
4.5782    0.0748039   0.379739  3.92004 	Dead: 0
4.51376   0.0674707   0.342513  3.92004 	Dead: 0
4.49482   0.0653057   0.331522  3.92004 	Dead: 0
4.4835    0.0666522   0.338358  3.92004 	Dead: 0
4.51483   0.067064    0.340448  3.92004 	Dead: 0
4.51444   0.0635871   0.322798  3.92004 	Dead: 0
4.48236   0.0614036   0.311713  3.92004 	Dead: 0
4.52009   0.0694797   0.352711  3.92004 	Dead: 0
4.54931   0.0667153   0.338678  3.92004 	Dead: 0
4.55611   0.0718135   0.364559  3.92004 	Dead: 0
4.53538   0.073791    0.374597  3.92004 	Dead: 0
4.53637   0.0689567   0.350057  3.92004 	Dead: 0
4.56319   0.0753978   0.382754  3.92004 	Dead: 0
