7.37004   0.13899     0.705578  6.11967 	Dead: 0
5.72993   0.0983458   0.499249  4.45117 	Dead: 0
4.96745   0.15979     0.81117   4.08732 	Dead: 0
4.9231    0.180657    0.917098  4.03244 	Dead: 0
4.83379   0.169774    0.861852  3.92928 	Dead: 0
4.7242    0.159395    0.809161  3.92928 	Dead: 0
4.68932   0.165713    0.841235  3.92928 	Dead: 0
4.66021   0.175506    0.890948  3.74918 	Dead: 0
4.59376   0.162703    0.825954  3.74918 	Dead: 0
4.69299   0.173126    0.878866  3.74918 	Dead: 0
4.70428   0.178615    0.906735  3.74918 	Dead: 0
4.53999   0.166305    0.844241  3.74918 	Dead: 0
4.62909   0.178456    0.905926  3.74918 	Dead: 0
4.53481   0.181583    0.921799  3.74918 	Dead: 0
4.56216   0.172812    0.877274  3.74918 	Dead: 0
4.4172    0.154152    0.782549  3.74918 	Dead: 0
4.49124   0.173539    0.880965  3.74918 	Dead: 0
4.33947   0.147391    0.748227  3.74918 	Dead: 0
4.39326   0.163487    0.829938  3.74582 	Dead: 0
4.51316   0.17966     0.912039  3.68108 	Dead: 0
4.54056   0.194323    0.986474  3.62631 	Dead: 0
4.53328   0.187428    0.951472  3.62631 	Dead: 0
4.39232   0.16532     0.839243  3.62631 	Dead: 0
4.48091   0.174944    0.888095  3.62631 	Dead: 0
4.42457   0.167002    0.847779  3.62631 	Dead: 0
4.54114   0.214682    1.08983   3.62631 	Dead: 0
4.51898   0.186689    0.947718  3.56261 	Dead: 0
4.40287   0.186845    0.948513  3.56261 	Dead: 0
4.39728   0.168661    0.856202  3.56261 	Dead: 0
4.50088   0.184426    0.936233  3.56261 	Dead: 0
4.40156   0.176542    0.896207  3.56261 	Dead: 0
4.53476   0.207499    1.05336   3.46346 	Dead: 0
4.55065   0.210936    1.07081   3.46346 	Dead: 0
4.65414   0.236843    1.20233   3.46346 	Dead: 0
4.60335   0.199684    1.01369   3.46346 	Dead: 0
4.38211   0.18149     0.921326  3.46346 	Dead: 0
4.47938   0.185811    0.943266  3.46346 	Dead: 0
4.44007   0.187856    0.953644  3.46346 	Dead: 0
4.46094   0.20216     1.02626   3.46346 	Dead: 0
4.35188   0.1904      0.966561  3.45462 	Dead: 0
4.16802   0.170069    0.863351  3.45462 	Dead: 0
4.26357   0.201417    1.02248   3.44797 	Dead: 0
4.25851   0.203968    1.03544   3.44797 	Dead: 0
4.16234   0.189968    0.964366  3.44797 	Dead: 0
4.1484    0.182884    0.928403  3.35827 	Dead: 0
4.19015   0.175042    0.888597  3.35827 	Dead: 0
4.00881   0.158765    0.805965  3.35827 	Dead: 0
4.52222   0.234824    1.19208   3.35827 	Dead: 0
4.22397   0.202455    1.02775   3.35827 	Dead: 0
4.2516    0.187916    0.953951  3.35827 	Dead: 0
4.12033   0.173752    0.882049  3.35827 	Dead: 0
4.03383   0.157208    0.798062  3.35827 	Dead: 0
4.20991   0.193455    0.982067  3.35827 	Dead: 0
4.15665   0.173184    0.879165  3.35827 	Dead: 0
4.16186   0.193494    0.982266  3.35175 	Dead: 0
4.29699   0.202807    1.02954   3.35175 	Dead: 0
4.3094    0.217417    1.10371   3.35175 	Dead: 0
4.18771   0.191487    0.972076  3.35175 	Dead: 0
4.32831   0.231788    1.17667   3.31402 	Dead: 0
4.16016   0.206313    1.04734   3.31402 	Dead: 0
4.05449   0.205052    1.04094   3.2562  	Dead: 0
4.02893   0.180823    0.917941  3.2562  	Dead: 0
3.89524   0.166739    0.846446  3.2562  	Dead: 0
4.19987   0.22052     1.11946   3.2562  	Dead: 0
4.1151    0.210716    1.06969   3.2562  	Dead: 0
4.02639   0.189519    0.962087  3.2562  	Dead: 0
3.92605   0.161808    0.821414  3.22922 	Dead: 0
4.1248    0.22007     1.11718   3.21517 	Dead: 0
4.08765   0.180466    0.916129  3.21517 	Dead: 0
4.01523   0.194532    0.987535  3.21517 	Dead: 0
4.05518   0.211681    1.07459   3.21517 	Dead: 0
4.1492    0.223954    1.13689   3.21517 	Dead: 0
4.14057   0.235212    1.19405   3.21517 	Dead: 0
4.36674   0.235323    1.19461   3.21517 	Dead: 0
3.9991    0.175229    0.889542  3.21517 	Dead: 0
4.05551   0.187718    0.952945  3.21517 	Dead: 0
4.02756   0.188747    0.958167  3.21517 	Dead: 0
3.97685   0.172897    0.877704  3.21517 	Dead: 0
3.98652   0.201251    1.02165   3.20293 	Dead: 0
3.97589   0.199193    1.0112    3.20293 	Dead: 0
4.01571   0.194504    0.987394  3.20293 	Dead: 0
4.01553   0.208895    1.06045   3.16179 	Dead: 0
3.86384   0.156003    0.791943  3.16179 	Dead: 0
4.16425   0.250522    1.27177   3.16179 	Dead: 0
3.92883   0.170346    0.864756  3.16179 	Dead: 0
3.98228   0.179709    0.912287  3.16179 	Dead: 0
3.9384    0.184286    0.935519  3.16179 	Dead: 0
4.2027    0.220407    1.11889   3.16179 	Dead: 0
4.08427   0.194793    0.988861  3.16179 	Dead: 0
4.01432   0.214198    1.08737   3.16179 	Dead: 0
3.81308   0.161426    0.819473  3.16179 	Dead: 0
4.02539   0.207573    1.05374   3.12433 	Dead: 0
3.9105    0.170278    0.864411  3.12433 	Dead: 0
3.82978   0.178655    0.906936  3.12433 	Dead: 0
3.97706   0.193075    0.980138  3.12433 	Dead: 0
3.98677   0.212332    1.0779    3.12433 	Dead: 0
3.89541   0.192132    0.975352  3.12433 	Dead: 0
4.00085   0.20767     1.05423   3.12433 	Dead: 0
3.91725   0.194465    0.987196  3.09339 	Dead: 0
3.97304   0.207299    1.05234   3.09339 	Dead: 0
3.92572   0.184484    0.936526  3.09339 	Dead: 0
