8.15617   0.121331    0.615935  6.93457 	Dead: 0
4.36288   0.0401714   0.203929  3.90786 	Dead: 0
3.51628   0.0391969   0.198982  3.13384 	Dead: 0
3.3089    0.0476226   0.241755  2.98076 	Dead: 0
3.14835   0.0359999   0.182752  2.89854 	Dead: 0
3.09871   0.0443446   0.225114  2.80686 	Dead: 0
3.0744    0.0410109   0.208191  2.80686 	Dead: 0
3.0481    0.0442071   0.224416  2.77799 	Dead: 0
2.99776   0.0354759   0.180092  2.76184 	Dead: 0
2.94278   0.0323348   0.164147  2.55077 	Dead: 0
2.87361   0.0314559   0.159685  2.55077 	Dead: 0
2.87007   0.0475819   0.241548  2.55077 	Dead: 0
2.84075   0.0441266   0.224007  2.55077 	Dead: 0
2.80288   0.0412236   0.20927   2.54712 	Dead: 0
2.73621   0.0334604   0.169861  2.41679 	Dead: 0
2.7223    0.0403151   0.204658  2.41679 	Dead: 0
2.66126   0.040198    0.204064  2.37422 	Dead: 0
2.61677   0.032431    0.164635  2.37422 	Dead: 0
2.62239   0.0423762   0.215121  2.29455 	Dead: 0
2.55394   0.0344974   0.175125  2.29455 	Dead: 0
2.55392   0.042735    0.216943  2.29455 	Dead: 0
2.5276    0.0327076   0.166039  2.27015 	Dead: 0
2.53983   0.0429964   0.21827   2.24744 	Dead: 0
2.55871   0.0503349   0.255523  2.24744 	Dead: 0
2.54088   0.0490282   0.24889   2.24744 	Dead: 0
2.5119    0.0380307   0.193061  2.21925 	Dead: 0
2.4998    0.0369177   0.187411  2.21925 	Dead: 0
2.51806   0.0481312   0.244336  2.21925 	Dead: 0
2.52357   0.0426921   0.216725  2.21925 	Dead: 0
2.50592   0.0395107   0.200575  2.21925 	Dead: 0
2.49048   0.0380113   0.192963  2.21925 	Dead: 0
2.50543   0.0442538   0.224653  2.21925 	Dead: 0
2.4967    0.0516228   0.262061  2.1448  	Dead: 0
2.4959    0.0546696   0.277528  2.1448  	Dead: 0
2.48231   0.0461029   0.23404   2.1448  	Dead: 0
2.44498   0.0436376   0.221525  2.1448  	Dead: 0
2.44669   0.041906    0.212735  2.1448  	Dead: 0
2.43714   0.0420331   0.21338   2.1448  	Dead: 0
2.4126    0.034738    0.176346  2.1448  	Dead: 0
2.41703   0.0443135   0.224956  2.1448  	Dead: 0
2.41648   0.043517    0.220912  2.1448  	Dead: 0
2.40563   0.0361418   0.183473  2.1448  	Dead: 0
2.41811   0.0439899   0.223313  2.1448  	Dead: 0
2.38277   0.0322295   0.163612  2.1448  	Dead: 0
2.42274   0.0482039   0.244705  2.1448  	Dead: 0
2.40684   0.0444717   0.225759  2.1448  	Dead: 0
2.41504   0.0461011   0.234031  2.1448  	Dead: 0
2.41713   0.0487437   0.247446  2.1448  	Dead: 0
2.38049   0.0380162   0.192988  2.1448  	Dead: 0
2.41059   0.0456512   0.231747  2.1448  	Dead: 0
2.39522   0.047909    0.243208  2.1448  	Dead: 0
2.4015    0.0411344   0.208817  2.1448  	Dead: 0
2.40484   0.0410012   0.208141  2.1448  	Dead: 0
2.41204   0.0493336   0.250441  2.1448  	Dead: 0
2.39797   0.0508137   0.257954  2.13436 	Dead: 0
2.38854   0.0466338   0.236735  2.13436 	Dead: 0
2.39658   0.0417697   0.212043  2.13436 	Dead: 0
2.37089   0.0444942   0.225873  2.13436 	Dead: 0
2.36246   0.0370511   0.188089  2.13436 	Dead: 0
2.39274   0.0422212   0.214335  2.12698 	Dead: 0
2.37041   0.0427413   0.216975  2.12698 	Dead: 0
2.3704    0.039264    0.199322  2.12698 	Dead: 0
2.38637   0.0384199   0.195038  2.12698 	Dead: 0
2.34813   0.040143    0.203785  2.109   	Dead: 0
2.36785   0.0443845   0.225316  2.04859 	Dead: 0
2.36732   0.0473469   0.240355  2.04859 	Dead: 0
2.36606   0.0427395   0.216966  2.04859 	Dead: 0
2.39074   0.0514962   0.261419  2.04859 	Dead: 0
2.38874   0.0496671   0.252133  2.04859 	Dead: 0
2.37452   0.0497902   0.252758  2.04859 	Dead: 0
2.33869   0.0375593   0.190668  2.04859 	Dead: 0
2.34958   0.0376264   0.191009  2.04859 	Dead: 0
2.36272   0.0451014   0.228956  2.04859 	Dead: 0
2.34856   0.0403598   0.204885  2.04859 	Dead: 0
2.32326   0.0383407   0.194635  2.04859 	Dead: 0
2.33692   0.0438124   0.222412  2.04859 	Dead: 0
2.33027   0.0462582   0.234828  2.04859 	Dead: 0
2.32988   0.0531549   0.269839  2.04859 	Dead: 0
2.32561   0.0424789   0.215643  2.04859 	Dead: 0
2.303     0.0398753   0.202426  2.04859 	Dead: 0
2.35403   0.047243    0.239828  2.04859 	Dead: 0
2.30668   0.0473698   0.240471  2.00925 	Dead: 0
2.3142    0.0455574   0.23127   2.00925 	Dead: 0
2.32747   0.0473193   0.240215  2.00925 	Dead: 0
2.29593   0.0515003   0.26144   2.00925 	Dead: 0
2.27926   0.037041    0.188037  2.00925 	Dead: 0
2.30421   0.0429474   0.218021  2.00358 	Dead: 0
2.28364   0.0448263   0.227559  2.00358 	Dead: 0
2.27977   0.0415232   0.210791  2.00358 	Dead: 0
2.29815   0.0463188   0.235136  2.00358 	Dead: 0
2.26421   0.0368969   0.187306  2.00358 	Dead: 0
2.29273   0.0474216   0.240734  2.00358 	Dead: 0
2.28567   0.0380068   0.19294   2.00358 	Dead: 0
2.29851   0.0426566   0.216545  2.00358 	Dead: 0
2.28059   0.0376351   0.191053  1.99086 	Dead: 0
2.27399   0.0435861   0.221263  1.99086 	Dead: 0
2.27311   0.0416765   0.21157   1.99086 	Dead: 0
2.28167   0.0408951   0.207603  1.99086 	Dead: 0
2.25624   0.032238    0.163655  1.99086 	Dead: 0
2.28215   0.0445016   0.225911  1.99086 	Dead: 0
2.29506   0.0487034   0.247241  1.99086 	Dead: 0
