8.20239   0.119394    0.606101  6.57667 	Dead: 0
4.87827   0.0549007   0.278702  4.0102  	Dead: 0
3.58135   0.0464819   0.235964  3.18826 	Dead: 0
3.1973    0.0330813   0.167936  2.9846  	Dead: 0
3.15322   0.0382268   0.194057  2.90094 	Dead: 0
3.15359   0.0467351   0.237249  2.86258 	Dead: 0
3.09893   0.0406976   0.2066    2.83632 	Dead: 0
3.095     0.0397708   0.201895  2.8289  	Dead: 0
3.06173   0.0407001   0.206613  2.8289  	Dead: 0
3.04092   0.0363954   0.18476   2.78692 	Dead: 0
3.02733   0.0437435   0.222062  2.69989 	Dead: 0
2.98525   0.0456854   0.23192   2.69989 	Dead: 0
2.9628    0.0385106   0.195498  2.69989 	Dead: 0
2.9229    0.0363585   0.184573  2.68814 	Dead: 0
2.93173   0.0455553   0.23126   2.67637 	Dead: 0
2.93414   0.0481165   0.244262  2.57979 	Dead: 0
2.87333   0.0360349   0.18293   2.57979 	Dead: 0
2.85743   0.0352301   0.178845  2.51621 	Dead: 0
2.84707   0.0410556   0.208417  2.51621 	Dead: 0
2.80459   0.032053    0.162716  2.51621 	Dead: 0
2.78438   0.0326189   0.165589  2.51621 	Dead: 0
2.76454   0.0365941   0.185769  2.51621 	Dead: 0
2.79033   0.0444889   0.225846  2.51621 	Dead: 0
2.73804   0.0378572   0.192181  2.47738 	Dead: 0
2.73067   0.0344575   0.174922  2.47738 	Dead: 0
2.70651   0.0332834   0.168962  2.47738 	Dead: 0
2.72453   0.0410732   0.208507  2.47738 	Dead: 0
2.69066   0.0388057   0.196996  2.44217 	Dead: 0
2.73038   0.0478278   0.242796  2.43923 	Dead: 0
2.66887   0.0370297   0.18798   2.43923 	Dead: 0
2.72001   0.0477551   0.242427  2.42026 	Dead: 0
2.66036   0.0354907   0.180167  2.42026 	Dead: 0
2.65461   0.0353613   0.179511  2.42026 	Dead: 0
2.6497    0.038715    0.196535  2.38432 	Dead: 0
2.66188   0.0447183   0.227011  2.38432 	Dead: 0
2.64368   0.0368134   0.186882  2.38432 	Dead: 0
2.65409   0.0377156   0.191462  2.38432 	Dead: 0
2.65212   0.0389698   0.197829  2.38432 	Dead: 0
2.66674   0.0445472   0.226142  2.38432 	Dead: 0
2.6366    0.0359528   0.182513  2.30135 	Dead: 0
2.64146   0.0419875   0.213148  2.30135 	Dead: 0
2.62297   0.0411524   0.208909  2.30135 	Dead: 0
2.60988   0.0346847   0.176076  2.30135 	Dead: 0
2.60353   0.0340409   0.172808  2.30135 	Dead: 0
2.61914   0.0432025   0.219316  2.30135 	Dead: 0
2.59404   0.0330303   0.167677  2.30135 	Dead: 0
2.61054   0.0428441   0.217497  2.30135 	Dead: 0
2.60592   0.042435    0.21542   2.30135 	Dead: 0
2.61107   0.0454644   0.230799  2.27119 	Dead: 0
2.57024   0.0361766   0.183649  2.27119 	Dead: 0
2.58858   0.044948    0.228177  2.27119 	Dead: 0
2.57443   0.035542    0.180428  2.27119 	Dead: 0
2.63296   0.0463052   0.235067  2.27119 	Dead: 0
2.59639   0.0409523   0.207893  2.27119 	Dead: 0
2.58553   0.0446265   0.226545  2.27119 	Dead: 0
2.57827   0.0439041   0.222878  2.27119 	Dead: 0
2.57003   0.0395074   0.200558  2.27119 	Dead: 0
2.63592   0.0551372   0.279902  2.27119 	Dead: 0
2.58598   0.0455417   0.231191  2.27119 	Dead: 0
2.57166   0.0447802   0.227325  2.27119 	Dead: 0
2.5546    0.0374387   0.190056  2.27119 	Dead: 0
2.561     0.0378153   0.191968  2.27119 	Dead: 0
2.58504   0.041864    0.212521  2.27119 	Dead: 0
2.59883   0.0464447   0.235775  2.27119 	Dead: 0
2.57856   0.0401697   0.20392   2.27119 	Dead: 0
2.56632   0.0383377   0.19462   2.27119 	Dead: 0
2.57492   0.0441641   0.224198  2.27119 	Dead: 0
2.56361   0.0403151   0.204658  2.27119 	Dead: 0
2.60067   0.041569    0.211024  2.27119 	Dead: 0
2.54449   0.0349269   0.177305  2.27119 	Dead: 0
2.56483   0.0436637   0.221657  2.27119 	Dead: 0
2.58873   0.0406466   0.206341  2.27119 	Dead: 0
2.59886   0.0462432   0.234752  2.27119 	Dead: 0
2.59245   0.044844    0.227649  2.25624 	Dead: 0
2.58287   0.0458563   0.232788  2.25624 	Dead: 0
2.5717    0.0437873   0.222285  2.25624 	Dead: 0
2.57183   0.0420714   0.213574  2.25624 	Dead: 0
2.60334   0.0485017   0.246218  2.25624 	Dead: 0
2.61955   0.0527019   0.267539  2.25624 	Dead: 0
2.57941   0.044976    0.228319  2.25624 	Dead: 0
2.57477   0.042663    0.216577  2.25624 	Dead: 0
2.57888   0.0397034   0.201553  2.25624 	Dead: 0
2.57743   0.0452497   0.229709  2.25624 	Dead: 0
2.58731   0.0421364   0.213904  2.25624 	Dead: 0
2.56336   0.041501    0.210678  2.25624 	Dead: 0
2.59794   0.0477803   0.242555  2.25624 	Dead: 0
2.56406   0.037385    0.189783  2.25624 	Dead: 0
2.55562   0.0394104   0.200065  2.25624 	Dead: 0
2.56023   0.0362952   0.184251  2.25624 	Dead: 0
2.5674    0.044778    0.227314  2.25624 	Dead: 0
2.55653   0.0419      0.212704  2.25624 	Dead: 0
2.58793   0.0511477   0.259649  2.25624 	Dead: 0
2.56923   0.0405858   0.206032  2.25624 	Dead: 0
2.54162   0.0384808   0.195347  2.25624 	Dead: 0
2.55907   0.0451396   0.22915   2.25624 	Dead: 0
2.59871   0.0483544   0.24547   2.25624 	Dead: 0
2.56641   0.0432006   0.219306  2.25624 	Dead: 0
2.57633   0.0423134   0.214803  2.25624 	Dead: 0
2.57765   0.0440929   0.223836  2.25624 	Dead: 0
2.59396   0.0465349   0.236233  2.25624 	Dead: 0
2.54527   0.0382762   0.194308  2.25624 	Dead: 0
