5.58144   0.138441    0.70279   4.27964 	Dead: 0
3.10154   0.0325097   0.165035  2.56523 	Dead: 0
2.69514   0.0368559   0.187098  2.32038 	Dead: 0
2.55481   0.0377438   0.191605  2.17221 	Dead: 0
2.45945   0.033237    0.168726  2.17213 	Dead: 0
2.35153   0.0301193   0.1529    2.11675 	Dead: 0
2.30871   0.0329082   0.167057  1.95779 	Dead: 0
2.20196   0.0341706   0.173466  1.95779 	Dead: 0
2.15474   0.0354868   0.180148  1.86037 	Dead: 0
2.11531   0.0288845   0.146631  1.8564  	Dead: 0
2.11815   0.0347393   0.176353  1.80151 	Dead: 0
2.12799   0.0379648   0.192727  1.80151 	Dead: 0
2.10703   0.0375365   0.190553  1.80151 	Dead: 0
2.07818   0.0329271   0.167153  1.7825  	Dead: 0
2.07328   0.041685    0.211612  1.7825  	Dead: 0
2.07559   0.0413463   0.209893  1.7825  	Dead: 0
2.02462   0.0358555   0.182019  1.76143 	Dead: 0
2.04752   0.0440351   0.223543  1.76143 	Dead: 0
2.02547   0.0368919   0.187281  1.76143 	Dead: 0
2.00892   0.0381003   0.193415  1.76143 	Dead: 0
1.99485   0.0382394   0.194121  1.76143 	Dead: 0
1.98861   0.0370749   0.18821   1.75908 	Dead: 0
1.98641   0.0371393   0.188536  1.73768 	Dead: 0
1.98196   0.0381663   0.19375   1.73768 	Dead: 0
2.0206    0.0470576   0.238886  1.73768 	Dead: 0
2.00037   0.0460218   0.233628  1.73768 	Dead: 0
2.00356   0.0455729   0.231349  1.73768 	Dead: 0
1.99911   0.0390808   0.198392  1.73768 	Dead: 0
1.97249   0.0345396   0.175339  1.73768 	Dead: 0
1.98832   0.0408825   0.207539  1.65417 	Dead: 0
1.95222   0.032139    0.163153  1.65417 	Dead: 0
1.95082   0.0364245   0.184908  1.65417 	Dead: 0
1.94353   0.033817    0.171671  1.65417 	Dead: 0
1.96507   0.0462091   0.234579  1.65417 	Dead: 0
1.91596   0.0312729   0.158756  1.65417 	Dead: 0
1.94984   0.0401662   0.203903  1.65417 	Dead: 0
1.92489   0.0439408   0.223064  1.65003 	Dead: 0
1.90636   0.0336161   0.170651  1.65003 	Dead: 0
1.88396   0.0389553   0.197755  1.65003 	Dead: 0
1.89959   0.0393452   0.199734  1.63557 	Dead: 0
1.87063   0.0332154   0.168617  1.63557 	Dead: 0
1.87355   0.0358188   0.181833  1.63557 	Dead: 0
1.84463   0.0416521   0.211445  1.63557 	Dead: 0
1.87022   0.0411582   0.208938  1.63557 	Dead: 0
1.85071   0.044685    0.226842  1.61897 	Dead: 0
1.84085   0.0350352   0.177855  1.61897 	Dead: 0
1.84455   0.0383399   0.194631  1.61897 	Dead: 0
1.821     0.0307851   0.156279  1.61897 	Dead: 0
1.82858   0.0443962   0.225376  1.58828 	Dead: 0
1.80836   0.0356536   0.180994  1.56705 	Dead: 0
1.79943   0.0351626   0.178502  1.56467 	Dead: 0
1.78199   0.0318428   0.161649  1.56467 	Dead: 0
1.83762   0.0468361   0.237762  1.56467 	Dead: 0
1.80203   0.0397985   0.202036  1.51338 	Dead: 0
1.79073   0.0362579   0.184062  1.51338 	Dead: 0
1.79591   0.0374684   0.190207  1.51144 	Dead: 0
1.792     0.0452239   0.229578  1.51144 	Dead: 0
1.82451   0.0518372   0.26315   1.51144 	Dead: 0
1.78361   0.0431878   0.219242  1.51144 	Dead: 0
1.7962    0.0422393   0.214427  1.51144 	Dead: 0
1.76832   0.0348429   0.176879  1.51144 	Dead: 0
1.77493   0.0398293   0.202192  1.51144 	Dead: 0
1.79933   0.0447972   0.227411  1.51144 	Dead: 0
1.7874    0.0397628   0.201855  1.51144 	Dead: 0
1.78214   0.0391245   0.198614  1.51144 	Dead: 0
1.77999   0.0407071   0.206648  1.51144 	Dead: 0
1.75308   0.034686    0.176082  1.50811 	Dead: 0
1.78      0.0503231   0.255464  1.50811 	Dead: 0
1.75573   0.0322005   0.163465  1.50811 	Dead: 0
1.80212   0.04744     0.240827  1.50811 	Dead: 0
1.77572   0.04491     0.227984  1.50811 	Dead: 0
1.76111   0.0366508   0.186057  1.50811 	Dead: 0
1.77784   0.051999    0.263971  1.50811 	Dead: 0
1.78281   0.0454728   0.230841  1.50811 	Dead: 0
1.77215   0.048539    0.246407  1.50415 	Dead: 0
1.75943   0.0350631   0.177997  1.50415 	Dead: 0
1.77027   0.0543693   0.276004  1.50415 	Dead: 0
1.77223   0.044689    0.226862  1.50415 	Dead: 0
1.778     0.0412301   0.209303  1.50415 	Dead: 0
1.796     0.0541385   0.274832  1.50415 	Dead: 0
1.75462   0.035787    0.181672  1.50415 	Dead: 0
1.75994   0.0380327   0.193072  1.50415 	Dead: 0
1.76643   0.0422692   0.214578  1.50415 	Dead: 0
1.7778    0.0491742   0.249631  1.50415 	Dead: 0
1.74891   0.0339459   0.172325  1.50415 	Dead: 0
1.79236   0.0524102   0.266059  1.50415 	Dead: 0
1.76114   0.0411123   0.208705  1.50415 	Dead: 0
1.7481    0.0381494   0.193664  1.50415 	Dead: 0
1.75226   0.0406632   0.206425  1.50415 	Dead: 0
1.72439   0.0329798   0.167421  1.50415 	Dead: 0
1.74237   0.0506042   0.256891  1.50415 	Dead: 0
1.72568   0.0349758   0.177554  1.50415 	Dead: 0
1.70875   0.0354445   0.179933  1.44295 	Dead: 0
1.71184   0.0381347   0.19359   1.44295 	Dead: 0
1.73359   0.0443021   0.224898  1.44295 	Dead: 0
1.7137    0.0398643   0.20237   1.44295 	Dead: 0
1.71901   0.045917    0.233096  1.44295 	Dead: 0
1.70635   0.0391023   0.198502  1.44295 	Dead: 0
1.71432   0.0371608   0.188645  1.44295 	Dead: 0
1.70545   0.0344188   0.174726  1.44295 	Dead: 0
1.73577   0.0458646   0.23283   1.44295 	Dead: 0
