5.67714   0.15572     0.790505  4.41446 	Dead: 0
3.40314   0.0566381   0.287522  2.71194 	Dead: 0
2.95219   0.0495679   0.25163   2.46952 	Dead: 0
2.62278   0.0427356   0.216946  2.29973 	Dead: 0
2.55039   0.0408361   0.207303  2.2682  	Dead: 0
2.47627   0.0442827   0.2248    2.20743 	Dead: 0
2.38853   0.0342815   0.174029  2.1422  	Dead: 0
2.31525   0.0310798   0.157776  2.04434 	Dead: 0
2.28534   0.0329852   0.167448  2.04434 	Dead: 0
2.25821   0.0331254   0.16816   2.00811 	Dead: 0
2.23407   0.0306347   0.155516  2.00811 	Dead: 0
2.24111   0.037704    0.191403  1.92281 	Dead: 0
2.19193   0.0369572   0.187612  1.92281 	Dead: 0
2.19082   0.0361024   0.183273  1.92281 	Dead: 0
2.22913   0.0484968   0.246192  1.92281 	Dead: 0
2.19324   0.0360788   0.183153  1.92281 	Dead: 0
2.18938   0.0357831   0.181652  1.92281 	Dead: 0
2.18978   0.0425704   0.216107  1.92281 	Dead: 0
2.146     0.041472    0.210531  1.90307 	Dead: 0
2.09224   0.0376102   0.190927  1.81649 	Dead: 0
2.0856    0.0419536   0.212976  1.81649 	Dead: 0
2.03214   0.033662    0.170884  1.81649 	Dead: 0
2.03385   0.0353502   0.179454  1.81203 	Dead: 0
2.01756   0.0323464   0.164205  1.81203 	Dead: 0
2.03394   0.0399627   0.20287   1.81203 	Dead: 0
2.00692   0.0392493   0.199248  1.73692 	Dead: 0
1.96311   0.0333586   0.169344  1.73692 	Dead: 0
1.94241   0.0326807   0.165902  1.73692 	Dead: 0
1.92455   0.0300313   0.152453  1.70676 	Dead: 0
1.91066   0.0300393   0.152493  1.70676 	Dead: 0
1.9179    0.0337591   0.171377  1.70676 	Dead: 0
1.89415   0.0286291   0.145335  1.70016 	Dead: 0
1.87137   0.0278079   0.141166  1.63436 	Dead: 0
1.90678   0.0463539   0.235314  1.62433 	Dead: 0
1.87281   0.0329722   0.167382  1.62433 	Dead: 0
1.84291   0.0313384   0.159089  1.62433 	Dead: 0
1.84639   0.0340129   0.172665  1.62328 	Dead: 0
1.85306   0.0312997   0.158892  1.62328 	Dead: 0
1.84352   0.0334328   0.169721  1.62328 	Dead: 0
1.82583   0.0322409   0.16367   1.62328 	Dead: 0
1.85639   0.041132    0.208805  1.62274 	Dead: 0
1.84626   0.0356958   0.181209  1.62274 	Dead: 0
1.82194   0.0340577   0.172893  1.5328  	Dead: 0
1.84973   0.0431796   0.2192    1.5328  	Dead: 0
1.8259    0.0312509   0.158644  1.5328  	Dead: 0
1.82456   0.0382511   0.19418   1.5328  	Dead: 0
1.82662   0.03576     0.181535  1.5328  	Dead: 0
1.82235   0.037615    0.190951  1.51397 	Dead: 0
1.82738   0.0390853   0.198415  1.51397 	Dead: 0
1.8387    0.0408792   0.207522  1.51397 	Dead: 0
1.79646   0.0335285   0.170206  1.51397 	Dead: 0
1.80413   0.0339015   0.1721    1.51397 	Dead: 0
1.82272   0.0434937   0.220794  1.51397 	Dead: 0
1.81225   0.0374451   0.190089  1.51397 	Dead: 0
1.80847   0.0440247   0.22349   1.51397 	Dead: 0
1.80856   0.0350843   0.178104  1.51397 	Dead: 0
1.81154   0.0392544   0.199274  1.51397 	Dead: 0
1.77586   0.0331374   0.168221  1.51397 	Dead: 0
1.79344   0.0331999   0.168538  1.51397 	Dead: 0
1.77637   0.0341579   0.173401  1.51397 	Dead: 0
1.80004   0.0351019   0.178193  1.51397 	Dead: 0
1.79271   0.0427235   0.216884  1.51397 	Dead: 0
1.77465   0.02882     0.146304  1.51397 	Dead: 0
1.78145   0.0332259   0.16867   1.50952 	Dead: 0
1.78126   0.03233     0.164122  1.50952 	Dead: 0
1.77947   0.0363866   0.184715  1.50952 	Dead: 0
1.82054   0.0517165   0.262537  1.50952 	Dead: 0
1.7726    0.0417156   0.211768  1.50952 	Dead: 0
1.78843   0.0500466   0.25406   1.50952 	Dead: 0
1.77273   0.0347136   0.176223  1.50952 	Dead: 0
1.74687   0.0322561   0.163747  1.50952 	Dead: 0
1.7381    0.0304455   0.154556  1.50952 	Dead: 0
1.71423   0.0247309   0.125546  1.49362 	Dead: 0
1.75803   0.0424415   0.215453  1.49362 	Dead: 0
1.74834   0.0352691   0.179043  1.49362 	Dead: 0
1.74073   0.038862    0.197282  1.49362 	Dead: 0
1.7097    0.0304108   0.154379  1.49362 	Dead: 0
1.7904    0.0464699   0.235903  1.49362 	Dead: 0
1.72739   0.0350579   0.17797   1.49362 	Dead: 0
1.74236   0.0345248   0.175264  1.49362 	Dead: 0
1.74423   0.0404627   0.205408  1.49362 	Dead: 0
1.73203   0.0323754   0.164353  1.49362 	Dead: 0
1.70926   0.0307205   0.155952  1.48921 	Dead: 0
1.74105   0.0386872   0.196394  1.48921 	Dead: 0
1.7115    0.0311265   0.158012  1.48921 	Dead: 0
1.74696   0.0441173   0.22396   1.48921 	Dead: 0
1.70846   0.0315231   0.160026  1.48469 	Dead: 0
1.74331   0.0453635   0.230286  1.46344 	Dead: 0
1.71183   0.0420307   0.213367  1.46344 	Dead: 0
1.69165   0.0360494   0.183003  1.46344 	Dead: 0
1.70472   0.0448056   0.227454  1.46344 	Dead: 0
1.69157   0.0474607   0.240932  1.46344 	Dead: 0
1.6599    0.030038    0.152487  1.46344 	Dead: 0
1.66279   0.030251    0.153568  1.46344 	Dead: 0
1.64369   0.0286599   0.145491  1.46344 	Dead: 0
1.66447   0.0333266   0.169182  1.46344 	Dead: 0
1.66887   0.0413208   0.209764  1.46344 	Dead: 0
1.66565   0.0387525   0.196726  1.46344 	Dead: 0
1.64706   0.0395807   0.20093   1.45195 	Dead: 0
1.65889   0.0309468   0.1571    1.45195 	Dead: 0
1.67641   0.0352194   0.17879   1.44193 	Dead: 0
