5.5855    0.148237    0.75252   4.41472 	Dead: 0
3.30966   0.0420476   0.213453  2.83421 	Dead: 0
2.81324   0.0296343   0.150438  2.44795 	Dead: 0
2.65179   0.0367628   0.186625  2.22954 	Dead: 0
2.52227   0.0325457   0.165217  2.20969 	Dead: 0
2.47245   0.0326495   0.165744  2.18802 	Dead: 0
2.37849   0.0321083   0.162997  2.08302 	Dead: 0
2.36771   0.0388877   0.197412  2.08302 	Dead: 0
2.34269   0.0417293   0.211838  2.04461 	Dead: 0
2.26262   0.0293723   0.149108  2.04461 	Dead: 0
2.27549   0.0351541   0.178459  2.04033 	Dead: 0
2.27898   0.0419799   0.21311   2.04033 	Dead: 0
2.27742   0.0519006   0.263472  2.01194 	Dead: 0
2.25624   0.0437765   0.22223   1.95894 	Dead: 0
2.22938   0.0362476   0.184009  1.95894 	Dead: 0
2.20931   0.0341628   0.173427  1.90949 	Dead: 0
2.2182    0.044155    0.224151  1.88802 	Dead: 0
2.18892   0.0406432   0.206324  1.88802 	Dead: 0
2.15816   0.0323177   0.16406   1.88802 	Dead: 0
2.14469   0.0332145   0.168612  1.88802 	Dead: 0
2.14726   0.0372013   0.188851  1.88802 	Dead: 0
2.12737   0.0402488   0.204322  1.81325 	Dead: 0
2.13894   0.0469768   0.238476  1.81325 	Dead: 0
2.13069   0.0414078   0.210206  1.81325 	Dead: 0
2.09059   0.0303985   0.154317  1.81325 	Dead: 0
2.11598   0.038851    0.197226  1.81325 	Dead: 0
2.10945   0.0391754   0.198873  1.81325 	Dead: 0
2.0937    0.0472374   0.239799  1.81325 	Dead: 0
2.09603   0.0381489   0.193662  1.81325 	Dead: 0
2.10874   0.0465316   0.236216  1.78599 	Dead: 0
2.06984   0.0362179   0.183859  1.78599 	Dead: 0
2.09079   0.0436549   0.221613  1.78599 	Dead: 0
2.08458   0.0450388   0.228638  1.78599 	Dead: 0
2.09534   0.0469506   0.238343  1.78599 	Dead: 0
2.08249   0.0401757   0.203951  1.78599 	Dead: 0
2.06508   0.0369756   0.187706  1.78599 	Dead: 0
2.06543   0.0388004   0.196969  1.78599 	Dead: 0
2.05216   0.0397556   0.201818  1.78599 	Dead: 0
2.05374   0.0345332   0.175307  1.78599 	Dead: 0
2.04808   0.0353704   0.179556  1.78599 	Dead: 0
2.0551    0.0395469   0.200759  1.78599 	Dead: 0
2.09439   0.052872    0.268403  1.78599 	Dead: 0
2.10465   0.0429272   0.217918  1.78599 	Dead: 0
2.04412   0.0353483   0.179445  1.78599 	Dead: 0
2.03454   0.0427198   0.216866  1.77988 	Dead: 0
2.04423   0.03901     0.198033  1.77988 	Dead: 0
2.04478   0.0321343   0.163129  1.77988 	Dead: 0
2.08368   0.0452168   0.229542  1.77988 	Dead: 0
2.07688   0.0525048   0.266539  1.77988 	Dead: 0
2.03579   0.0366107   0.185853  1.77709 	Dead: 0
2.05833   0.0435613   0.221137  1.77709 	Dead: 0
2.03199   0.0352624   0.179009  1.77709 	Dead: 0
2.04316   0.0366203   0.185902  1.77709 	Dead: 0
2.05357   0.0424919   0.215709  1.77709 	Dead: 0
2.03736   0.0364514   0.185044  1.77709 	Dead: 0
2.03642   0.042598    0.216247  1.77709 	Dead: 0
2.05346   0.041322    0.20977   1.77709 	Dead: 0
2.00098   0.0342684   0.173962  1.77709 	Dead: 0
2.02371   0.0411743   0.20902   1.77709 	Dead: 0
2.01319   0.0376938   0.191351  1.75845 	Dead: 0
2.0148    0.0383591   0.194729  1.75845 	Dead: 0
2.01284   0.0365181   0.185383  1.75845 	Dead: 0
2.02949   0.0423556   0.215017  1.72912 	Dead: 0
2.03559   0.0385993   0.195948  1.72912 	Dead: 0
2.02705   0.0380988   0.193407  1.72912 	Dead: 0
2.02913   0.0451121   0.22901   1.72912 	Dead: 0
2.01392   0.0433273   0.21995   1.72912 	Dead: 0
1.98055   0.0391385   0.198685  1.63888 	Dead: 0
1.97456   0.0340387   0.172796  1.63888 	Dead: 0
2.03364   0.045272    0.229822  1.63888 	Dead: 0
2.01031   0.0408339   0.207292  1.63888 	Dead: 0
2.0179    0.048745    0.247452  1.63888 	Dead: 0
1.99592   0.0394876   0.200457  1.63888 	Dead: 0
2.00899   0.0489232   0.248357  1.63888 	Dead: 0
1.95924   0.0352132   0.178759  1.63888 	Dead: 0
1.95951   0.0441389   0.22407   1.63888 	Dead: 0
1.95453   0.0350419   0.177889  1.63888 	Dead: 0
1.95539   0.0349436   0.17739   1.63888 	Dead: 0
1.97959   0.0406838   0.20653   1.63888 	Dead: 0
1.9501    0.0335687   0.17041   1.63888 	Dead: 0
1.96898   0.0395614   0.200832  1.63888 	Dead: 0
1.96115   0.0361357   0.183442  1.63888 	Dead: 0
1.97306   0.0439291   0.223004  1.63888 	Dead: 0
1.96229   0.0483381   0.245387  1.63888 	Dead: 0
1.94707   0.0395916   0.200986  1.63888 	Dead: 0
1.93789   0.0399798   0.202956  1.63888 	Dead: 0
1.91622   0.0315514   0.16017   1.63888 	Dead: 0
1.92313   0.0343741   0.174499  1.63888 	Dead: 0
1.93816   0.0370351   0.188007  1.63888 	Dead: 0
1.98083   0.0525808   0.266925  1.63888 	Dead: 0
1.93942   0.042201    0.214232  1.63888 	Dead: 0
1.89989   0.0315633   0.16023   1.63888 	Dead: 0
1.93978   0.0421395   0.21392   1.63888 	Dead: 0
1.92136   0.0440102   0.223417  1.63888 	Dead: 0
1.94107   0.0432926   0.219773  1.63888 	Dead: 0
1.89598   0.0325424   0.1652    1.63888 	Dead: 0
1.92426   0.039119    0.198586  1.63888 	Dead: 0
1.90366   0.0383794   0.194832  1.63888 	Dead: 0
1.88803   0.0335946   0.170542  1.63888 	Dead: 0
1.86797   0.0290735   0.147591  1.63888 	Dead: 0
1.90888   0.0386879   0.196398  1.63888 	Dead: 0
