10.9693   0.0665166   0.337669  10.1788 	Dead: 0
9.02644   0.0323247   0.164095  8.63994 	Dead: 0
8.39605   0.0401935   0.204041  7.94014 	Dead: 0
7.49266   0.0378992   0.192394  6.98722 	Dead: 0
6.874     0.0468226   0.237693  6.4472  	Dead: 0
6.36347   0.0506701   0.257225  5.56303 	Dead: 0
5.86021   0.0540885   0.274579  5.37416 	Dead: 0
5.72787   0.0614058   0.311724  5.27897 	Dead: 0
5.36801   0.0661078   0.335594  4.81457 	Dead: 0
5.13318   0.0578018   0.293429  4.755   	Dead: 0
5.01038   0.0813456   0.412948  4.52108 	Dead: 0
4.86272   0.0579531   0.294197  4.31707 	Dead: 0
4.77478   0.0608787   0.309049  4.31707 	Dead: 0
4.63689   0.0598982   0.304071  4.26759 	Dead: 0
4.47547   0.0693337   0.35197   4.07374 	Dead: 0
4.44388   0.0796757   0.404471  3.99164 	Dead: 0
4.38761   0.0770929   0.39136   3.93693 	Dead: 0
4.3055    0.0622131   0.315823  3.86531 	Dead: 0
4.27731   0.0749877   0.380673  3.78538 	Dead: 0
4.26701   0.0938806   0.476582  3.77634 	Dead: 0
4.19151   0.0844552   0.428734  3.77634 	Dead: 0
4.17227   0.087104    0.442181  3.62052 	Dead: 0
4.17388   0.0894695   0.454189  3.62052 	Dead: 0
4.1621    0.101474    0.515129  3.62052 	Dead: 0
4.13113   0.0892352   0.452999  3.62052 	Dead: 0
4.05978   0.0694362   0.352491  3.62052 	Dead: 0
4.10275   0.102393    0.519797  3.5503  	Dead: 0
4.05348   0.0962513   0.488617  3.5503  	Dead: 0
4.0889    0.0940742   0.477565  3.5503  	Dead: 0
4.09037   0.0989164   0.502146  3.5503  	Dead: 0
3.98783   0.0796904   0.404546  3.5503  	Dead: 0
4.04106   0.0893518   0.453592  3.5503  	Dead: 0
4.04712   0.0931245   0.472743  3.5503  	Dead: 0
4.09181   0.1171      0.594453  3.53011 	Dead: 0
4.00053   0.0977466   0.496207  3.53011 	Dead: 0
3.97087   0.101185    0.513661  3.53011 	Dead: 0
3.97433   0.0962904   0.488815  3.50159 	Dead: 0
3.99561   0.0884832   0.449182  3.50159 	Dead: 0
4.00829   0.112337    0.570274  3.50159 	Dead: 0
3.99688   0.12134     0.615981  3.50159 	Dead: 0
3.97766   0.115872    0.588221  3.46803 	Dead: 0
4.00083   0.111873    0.567921  3.46803 	Dead: 0
3.94047   0.100267    0.509004  3.44052 	Dead: 0
3.96815   0.0977572   0.496261  3.41072 	Dead: 0
3.94982   0.102853    0.522129  3.38971 	Dead: 0
3.88039   0.10087     0.512064  3.37337 	Dead: 0
3.92118   0.0952766   0.483669  3.37337 	Dead: 0
3.82986   0.0899644   0.456701  3.37337 	Dead: 0
3.90317   0.103773    0.526799  3.37337 	Dead: 0
3.87919   0.0951237   0.482892  3.35688 	Dead: 0
3.81542   0.0811356   0.411882  3.35688 	Dead: 0
3.94962   0.122995    0.624378  3.35688 	Dead: 0
3.86917   0.100819    0.511805  3.35688 	Dead: 0
3.83701   0.0936987   0.475658  3.35688 	Dead: 0
3.85721   0.110464    0.560765  3.35688 	Dead: 0
3.89417   0.119409    0.606176  3.35688 	Dead: 0
3.95804   0.119622    0.607259  3.35688 	Dead: 0
3.72585   0.0906608   0.460236  3.34575 	Dead: 0
3.82905   0.106288    0.539567  3.24805 	Dead: 0
3.77005   0.0982445   0.498735  3.24805 	Dead: 0
3.75405   0.0908549   0.461222  3.24805 	Dead: 0
3.79729   0.113395    0.575646  3.24805 	Dead: 0
3.80262   0.108661    0.551613  3.24805 	Dead: 0
3.73806   0.104885    0.532447  3.20729 	Dead: 0
3.68913   0.0921491   0.467792  3.20729 	Dead: 0
3.78817   0.11002     0.558514  3.20729 	Dead: 0
3.81276   0.108331    0.549938  3.19391 	Dead: 0
3.7109    0.0936155   0.475236  3.19391 	Dead: 0
3.77028   0.0993679   0.504438  3.19391 	Dead: 0
3.71819   0.102236    0.518998  3.19391 	Dead: 0
3.74399   0.102428    0.51997   3.19391 	Dead: 0
3.72396   0.122046    0.619562  3.19391 	Dead: 0
3.77979   0.117894    0.598483  3.19391 	Dead: 0
3.7176    0.103172    0.523748  3.19391 	Dead: 0
3.69821   0.101687    0.516211  3.19391 	Dead: 0
3.70608   0.11547     0.586181  3.19391 	Dead: 0
3.63474   0.0889751   0.451679  3.19391 	Dead: 0
3.70237   0.098884    0.501981  3.19391 	Dead: 0
3.71648   0.1189      0.603594  3.19391 	Dead: 0
3.72327   0.105889    0.537543  3.19391 	Dead: 0
3.7464    0.102534    0.520512  3.19391 	Dead: 0
3.72589   0.122157    0.620127  3.19391 	Dead: 0
3.75612   0.115442    0.586037  3.19391 	Dead: 0
3.73879   0.112683    0.572031  3.19391 	Dead: 0
3.74936   0.120442    0.611421  3.16107 	Dead: 0
3.72667   0.110187    0.55936   3.16107 	Dead: 0
3.63944   0.0896189   0.454947  3.16107 	Dead: 0
3.65477   0.0849393   0.431191  3.16107 	Dead: 0
3.74464   0.111549    0.566273  3.16107 	Dead: 0
3.69028   0.10995     0.558157  3.16107 	Dead: 0
3.72736   0.113258    0.574949  3.16107 	Dead: 0
3.76643   0.10998     0.55831   3.16107 	Dead: 0
3.7641    0.110956    0.563263  3.16107 	Dead: 0
3.70216   0.103201    0.523895  3.16107 	Dead: 0
3.66426   0.0938062   0.476204  3.16107 	Dead: 0
3.76623   0.125612    0.637667  3.16107 	Dead: 0
3.69726   0.108789    0.552262  3.16107 	Dead: 0
3.68501   0.107145    0.54392   3.16107 	Dead: 0
3.72254   0.111885    0.567982  3.16107 	Dead: 0
3.68567   0.110163    0.559237  3.16107 	Dead: 0
3.62724   0.0854572   0.433821  3.16107 	Dead: 0
