9.277     0.0466715   0.236926  8.73055 	Dead: 0
8.78197   0.0424333   0.215411  8.36749 	Dead: 0
8.5675    0.0386854   0.196385  8.26632 	Dead: 0
8.48775   0.0356941   0.1812    8.20406 	Dead: 0
8.45999   0.0333365   0.169232  8.13268 	Dead: 0
8.43249   0.03745     0.190114  8.13268 	Dead: 0
8.39054   0.0342032   0.173632  8.11582 	Dead: 0
8.37853   0.0403466   0.204818  8.08468 	Dead: 0
8.35622   0.0372774   0.189237  8.08468 	Dead: 0
8.34459   0.034752    0.176418  8.04965 	Dead: 0
8.34591   0.037225    0.188972  8.04965 	Dead: 0
8.35627   0.0449308   0.22809   8.04965 	Dead: 0
8.33659   0.0416734   0.211554  8.04965 	Dead: 0
8.34364   0.0439411   0.223066  8.03376 	Dead: 0
8.33646   0.0412063   0.209182  8.03376 	Dead: 0
8.33735   0.0396723   0.201395  8.03376 	Dead: 0
8.33392   0.0394073   0.20005   8.03376 	Dead: 0
8.30306   0.0389024   0.197487  8.03376 	Dead: 0
8.33994   0.0403586   0.204879  8.03376 	Dead: 0
8.30998   0.0443747   0.225267  8.03003 	Dead: 0
8.29302   0.0388949   0.197449  8.03003 	Dead: 0
8.31619   0.0440163   0.223447  8.03003 	Dead: 0
8.32254   0.0355843   0.180642  7.97777 	Dead: 0
8.28471   0.0376079   0.190915  7.97777 	Dead: 0
8.30274   0.0404243   0.205212  7.97777 	Dead: 0
8.28696   0.0399601   0.202856  7.97777 	Dead: 0
8.30318   0.0443861   0.225324  7.97777 	Dead: 0
8.28782   0.0428749   0.217653  7.97777 	Dead: 0
8.27223   0.0373355   0.189533  7.97777 	Dead: 0
8.29692   0.0401766   0.203955  7.97777 	Dead: 0
8.26541   0.0356369   0.180909  7.97777 	Dead: 0
8.29388   0.0431175   0.218884  7.97777 	Dead: 0
8.26379   0.0396788   0.201428  7.96438 	Dead: 0
8.27324   0.0408585   0.207417  7.89228 	Dead: 0
8.30626   0.0457892   0.232447  7.89228 	Dead: 0
8.26709   0.0388533   0.197238  7.89228 	Dead: 0
8.26024   0.0384192   0.195034  7.89228 	Dead: 0
8.28163   0.0426016   0.216265  7.89228 	Dead: 0
8.2536    0.0373038   0.189372  7.89228 	Dead: 0
8.27655   0.0429403   0.217985  7.89228 	Dead: 0
8.26818   0.041246    0.209384  7.89228 	Dead: 0
8.2724    0.0431843   0.219224  7.89228 	Dead: 0
8.25524   0.0399422   0.202765  7.89228 	Dead: 0
8.25997   0.0399097   0.2026    7.89228 	Dead: 0
8.25257   0.0409517   0.20789   7.89228 	Dead: 0
8.22138   0.0397243   0.201659  7.89228 	Dead: 0
8.22354   0.0373971   0.189845  7.89228 	Dead: 0
8.23533   0.0400839   0.203485  7.89228 	Dead: 0
8.23336   0.036649    0.186047  7.89228 	Dead: 0
8.24746   0.0410462   0.20837   7.85611 	Dead: 0
8.24343   0.0432505   0.21956   7.85611 	Dead: 0
8.28921   0.0518943   0.263439  7.85611 	Dead: 0
8.21272   0.042272    0.214592  7.85611 	Dead: 0
8.23524   0.0427695   0.217118  7.85611 	Dead: 0
8.22248   0.0403623   0.204898  7.85611 	Dead: 0
8.23781   0.0408298   0.207271  7.85611 	Dead: 0
8.22266   0.037555    0.190647  7.85611 	Dead: 0
8.23644   0.0449715   0.228296  7.85611 	Dead: 0
8.20152   0.0403618   0.204895  7.85611 	Dead: 0
8.21859   0.04415     0.224126  7.85611 	Dead: 0
8.25897   0.0491523   0.24952   7.85611 	Dead: 0
8.20192   0.0419337   0.212875  7.85611 	Dead: 0
8.20135   0.0392566   0.199285  7.85611 	Dead: 0
8.23678   0.0476531   0.241909  7.85611 	Dead: 0
8.20159   0.041752    0.211952  7.85611 	Dead: 0
8.24273   0.0450978   0.228938  7.85611 	Dead: 0
8.17914   0.0373328   0.189519  7.85611 	Dead: 0
8.2117    0.0427701   0.217121  7.85611 	Dead: 0
8.1801    0.0378398   0.192093  7.84935 	Dead: 0
8.19369   0.0418355   0.212376  7.84935 	Dead: 0
8.19243   0.0444608   0.225704  7.76777 	Dead: 0
8.18504   0.0443562   0.225173  7.76777 	Dead: 0
8.19871   0.0476133   0.241707  7.76777 	Dead: 0
8.22279   0.0505867   0.256801  7.76777 	Dead: 0
8.19029   0.0465892   0.236509  7.76777 	Dead: 0
8.18015   0.0445      0.225903  7.76777 	Dead: 0
8.16905   0.04553     0.231132  7.76777 	Dead: 0
8.16248   0.0443995   0.225393  7.76777 	Dead: 0
8.1727    0.0499829   0.253737  7.76777 	Dead: 0
8.1529    0.0429678   0.218125  7.76777 	Dead: 0
8.14608   0.0487457   0.247456  7.76777 	Dead: 0
8.14896   0.0441019   0.223882  7.76777 	Dead: 0
8.14915   0.0470118   0.238654  7.76777 	Dead: 0
8.12444   0.0411528   0.208911  7.76777 	Dead: 0
8.1258    0.0410543   0.208411  7.76777 	Dead: 0
8.12482   0.0398243   0.202167  7.76777 	Dead: 0
8.14227   0.0494275   0.250917  7.76777 	Dead: 0
8.16094   0.0515457   0.26167   7.76777 	Dead: 0
8.13825   0.0426736   0.216631  7.76777 	Dead: 0
8.12412   0.0399347   0.202727  7.76777 	Dead: 0
8.15848   0.0505232   0.256479  7.76777 	Dead: 0
8.12474   0.0438285   0.222494  7.76777 	Dead: 0
8.16255   0.0474265   0.240759  7.76777 	Dead: 0
8.14267   0.0474916   0.241089  7.76777 	Dead: 0
8.12447   0.0421413   0.213929  7.76777 	Dead: 0
8.12468   0.043375    0.220192  7.76777 	Dead: 0
8.15347   0.0473648   0.240446  7.76777 	Dead: 0
8.14414   0.0444164   0.225478  7.76777 	Dead: 0
8.12559   0.0427721   0.217131  7.76777 	Dead: 0
8.13356   0.0465127   0.23612   7.76777 	Dead: 0
8.13356   0.043451    0.220578  7.76777 	Dead: 0
