9.24155   0.0467341   0.237244  8.62444 	Dead: 0
8.78312   0.0344395   0.174831  8.45538 	Dead: 0
8.62513   0.032642    0.165706  8.39312 	Dead: 0
8.58062   0.0356071   0.180758  8.24351 	Dead: 0
8.58775   0.0494724   0.251145  8.24351 	Dead: 0
8.58053   0.044415    0.225471  8.24351 	Dead: 0
8.54735   0.0474049   0.240649  8.1413  	Dead: 0
8.43709   0.038256    0.194205  8.12077 	Dead: 0
8.41699   0.0442636   0.224703  8.10908 	Dead: 0
8.39715   0.0433467   0.220048  8.10908 	Dead: 0
8.38306   0.0445813   0.226315  8.03913 	Dead: 0
8.36339   0.0386124   0.196014  8.03913 	Dead: 0
8.3399    0.0436541   0.221609  8.03913 	Dead: 0
8.36215   0.0445363   0.226087  8.01198 	Dead: 0
8.32865   0.0387024   0.196472  8.01198 	Dead: 0
8.32787   0.0384551   0.195216  8.01198 	Dead: 0
8.38124   0.0500938   0.2543    8.01198 	Dead: 0
8.38594   0.0504835   0.256278  8.01198 	Dead: 0
8.38293   0.0523016   0.265508  8.01198 	Dead: 0
8.36407   0.0482709   0.245046  8.01198 	Dead: 0
8.36405   0.0454194   0.23057   8.01198 	Dead: 0
8.35164   0.0475048   0.241157  8.01198 	Dead: 0
8.32955   0.0481729   0.244548  8.01198 	Dead: 0
8.35169   0.0481498   0.244431  7.95915 	Dead: 0
8.3114    0.0442355   0.22456   7.95915 	Dead: 0
8.34127   0.0554431   0.281455  7.95915 	Dead: 0
8.30229   0.0402734   0.204447  7.95915 	Dead: 0
8.30368   0.0469464   0.238322  7.92887 	Dead: 0
8.29064   0.0481558   0.244461  7.92887 	Dead: 0
8.26746   0.0404155   0.205168  7.92887 	Dead: 0
8.28146   0.0443542   0.225163  7.92887 	Dead: 0
8.2538    0.040989    0.208079  7.92887 	Dead: 0
8.28823   0.046934    0.238259  7.92887 	Dead: 0
8.26106   0.0453659   0.230298  7.92887 	Dead: 0
8.27114   0.0441177   0.223962  7.92887 	Dead: 0
8.31083   0.0546907   0.277636  7.92887 	Dead: 0
8.25323   0.0413402   0.209862  7.92887 	Dead: 0
8.25857   0.0446502   0.226665  7.92887 	Dead: 0
8.23561   0.0453953   0.230448  7.92887 	Dead: 0
8.24667   0.0498576   0.2531    7.92887 	Dead: 0
8.2154    0.0496831   0.252215  7.83864 	Dead: 0
8.23429   0.0464643   0.235875  7.83864 	Dead: 0
8.2451    0.047649    0.241889  7.83864 	Dead: 0
8.241     0.0503486   0.255593  7.83864 	Dead: 0
8.22739   0.043286    0.21974   7.83864 	Dead: 0
8.23682   0.0456315   0.231647  7.83864 	Dead: 0
8.21772   0.0449396   0.228135  7.83864 	Dead: 0
8.24536   0.0550318   0.279367  7.83864 	Dead: 0
8.24387   0.0524897   0.266462  7.83864 	Dead: 0
8.2523    0.0555489   0.281992  7.81182 	Dead: 0
8.26228   0.0552113   0.280278  7.81182 	Dead: 0
8.24284   0.0561734   0.285162  7.81182 	Dead: 0
8.24337   0.0562173   0.285385  7.81182 	Dead: 0
8.289     0.0594064   0.301574  7.81182 	Dead: 0
8.21251   0.0486125   0.24678   7.81182 	Dead: 0
8.2123    0.0500829   0.254244  7.81182 	Dead: 0
8.21815   0.0492872   0.250205  7.81182 	Dead: 0
8.23948   0.0575039   0.291917  7.81182 	Dead: 0
8.22343   0.0511305   0.259562  7.81182 	Dead: 0
8.24765   0.0568141   0.288415  7.81182 	Dead: 0
8.23525   0.0533217   0.270686  7.81182 	Dead: 0
8.24945   0.0596842   0.302985  7.81182 	Dead: 0
8.26128   0.0601218   0.305206  7.81182 	Dead: 0
8.22931   0.0476012   0.241646  7.81182 	Dead: 0
8.22372   0.0535803   0.271998  7.81182 	Dead: 0
8.20918   0.0487071   0.24726   7.81182 	Dead: 0
8.18367   0.0398088   0.202088  7.81182 	Dead: 0
8.25054   0.0566572   0.287618  7.81182 	Dead: 0
8.22488   0.0462173   0.23462   7.81182 	Dead: 0
8.20832   0.0499954   0.2538    7.81182 	Dead: 0
8.21369   0.0530559   0.269336  7.81182 	Dead: 0
8.20372   0.0457515   0.232256  7.81182 	Dead: 0
8.22937   0.053739    0.272804  7.81182 	Dead: 0
8.21704   0.0476354   0.241819  7.81182 	Dead: 0
8.23136   0.0559192   0.283872  7.81182 	Dead: 0
8.23912   0.0557977   0.283255  7.81182 	Dead: 0
8.21429   0.045297    0.229949  7.81182 	Dead: 0
8.22232   0.056087    0.284724  7.81182 	Dead: 0
8.21823   0.0489666   0.248577  7.81182 	Dead: 0
8.21567   0.0488314   0.247891  7.81182 	Dead: 0
8.21756   0.0475105   0.241186  7.81182 	Dead: 0
8.22532   0.0535919   0.272057  7.81182 	Dead: 0
8.21184   0.0538928   0.273585  7.81182 	Dead: 0
8.22631   0.0590965   0.300001  7.81182 	Dead: 0
8.27882   0.0644767   0.327314  7.81182 	Dead: 0
8.23227   0.056753    0.288105  7.81182 	Dead: 0
8.23969   0.0552593   0.280522  7.81182 	Dead: 0
8.26566   0.0602644   0.30593   7.81182 	Dead: 0
8.21444   0.051534    0.261611  7.81182 	Dead: 0
8.23799   0.0533876   0.27102   7.81182 	Dead: 0
8.20992   0.0516101   0.261997  7.81182 	Dead: 0
8.24447   0.0586279   0.297623  7.81182 	Dead: 0
8.20914   0.0507315   0.257537  7.81182 	Dead: 0
8.21719   0.0474699   0.240979  7.81182 	Dead: 0
8.2551    0.0596368   0.302744  7.81182 	Dead: 0
8.24021   0.0561286   0.284935  7.81182 	Dead: 0
8.26581   0.0616382   0.312904  7.81182 	Dead: 0
8.24824   0.0572662   0.29071   7.81182 	Dead: 0
8.22635   0.0538739   0.273489  7.81182 	Dead: 0
8.22357   0.0538485   0.27336   7.81182 	Dead: 0
8.21583   0.0515284   0.261582  7.81182 	Dead: 0
