9.25616   0.0463848   0.235471  8.81935 	Dead: 0
8.76221   0.0359577   0.182538  8.49723 	Dead: 0
8.62804   0.0292852   0.148665  8.33576 	Dead: 0
8.61868   0.0416465   0.211417  8.29983 	Dead: 0
8.56873   0.0353011   0.179205  8.2317  	Dead: 0
8.55859   0.0395247   0.200646  8.2317  	Dead: 0
8.51753   0.0389202   0.197577  8.21432 	Dead: 0
8.50355   0.0393787   0.199905  8.21432 	Dead: 0
8.46255   0.0334606   0.169862  8.21432 	Dead: 0
8.41565   0.0304695   0.154677  8.1731  	Dead: 0
8.4237    0.0342937   0.174091  8.1641  	Dead: 0
8.40598   0.0332377   0.16873   8.07696 	Dead: 0
8.38076   0.0328116   0.166567  8.06814 	Dead: 0
8.38715   0.0365406   0.185497  8.06814 	Dead: 0
8.36932   0.0355905   0.180674  8.06814 	Dead: 0
8.35035   0.0315072   0.159945  8.06018 	Dead: 0
8.35221   0.039845    0.202272  8.01303 	Dead: 0
8.32717   0.0353342   0.179373  8.01303 	Dead: 0
8.32147   0.0334279   0.169696  8.01303 	Dead: 0
8.3282    0.0350527   0.177944  8.01303 	Dead: 0
8.33001   0.0355967   0.180706  8.01303 	Dead: 0
8.32413   0.0367958   0.186792  8.01303 	Dead: 0
8.33589   0.0408295   0.20727   8.01303 	Dead: 0
8.30712   0.035365    0.179529  8.01303 	Dead: 0
8.29746   0.0320087   0.162491  8.01303 	Dead: 0
8.30542   0.0353849   0.17963   8.01303 	Dead: 0
8.27764   0.0295721   0.150122  8.01303 	Dead: 0
8.29547   0.0344875   0.175074  8.01303 	Dead: 0
8.28417   0.0350607   0.177984  8.01303 	Dead: 0
8.30491   0.0342184   0.173708  7.95204 	Dead: 0
8.27156   0.034198    0.173605  7.95204 	Dead: 0
8.27516   0.0338139   0.171655  7.95204 	Dead: 0
8.29017   0.0354247   0.179832  7.95204 	Dead: 0
8.26686   0.0341323   0.173271  7.95204 	Dead: 0
8.25671   0.0330138   0.167594  7.95204 	Dead: 0
8.26087   0.0327436   0.166222  7.95204 	Dead: 0
8.26836   0.0355559   0.180498  7.94066 	Dead: 0
8.26038   0.0369317   0.187482  7.94066 	Dead: 0
8.27019   0.0376505   0.191132  7.94066 	Dead: 0
8.23241   0.0324395   0.164678  7.94066 	Dead: 0
8.24025   0.0350998   0.178183  7.94066 	Dead: 0
8.21828   0.0387471   0.196698  7.93344 	Dead: 0
8.20184   0.031977    0.16233   7.93344 	Dead: 0
8.21788   0.0355556   0.180497  7.93344 	Dead: 0
8.22404   0.0378736   0.192264  7.93344 	Dead: 0
8.18389   0.0318228   0.161547  7.93344 	Dead: 0
8.1723    0.0333816   0.169461  7.91537 	Dead: 0
8.17105   0.0354921   0.180174  7.86654 	Dead: 0
8.17845   0.0353357   0.17938   7.86654 	Dead: 0
8.16148   0.0371954   0.188821  7.86654 	Dead: 0
8.1607    0.0337004   0.171079  7.86654 	Dead: 0
8.16939   0.0394804   0.200421  7.85022 	Dead: 0
8.16217   0.0377499   0.191636  7.85022 	Dead: 0
8.17298   0.0391584   0.198786  7.85022 	Dead: 0
8.16233   0.0369417   0.187533  7.85022 	Dead: 0
8.15747   0.0381324   0.193578  7.83904 	Dead: 0
8.14347   0.0360665   0.183091  7.83904 	Dead: 0
8.16984   0.038919    0.197571  7.83904 	Dead: 0
8.15122   0.0372596   0.189147  7.83904 	Dead: 0
8.13669   0.0339243   0.172216  7.83904 	Dead: 0
8.1342    0.0375841   0.190794  7.83884 	Dead: 0
8.13343   0.0363053   0.184303  7.83884 	Dead: 0
8.1103    0.0350138   0.177747  7.83884 	Dead: 0
8.14197   0.0394225   0.200127  7.83884 	Dead: 0
8.12951   0.0368443   0.187039  7.83884 	Dead: 0
8.12567   0.0364249   0.18491   7.83884 	Dead: 0
8.12089   0.0372056   0.188873  7.83884 	Dead: 0
8.14504   0.0387369   0.196647  7.8365  	Dead: 0
8.14183   0.0381968   0.193905  7.8365  	Dead: 0
8.13873   0.0385955   0.195929  7.8365  	Dead: 0
8.12642   0.0352073   0.178729  7.8365  	Dead: 0
8.13039   0.036009    0.182799  7.8365  	Dead: 0
8.13522   0.0370964   0.188319  7.8365  	Dead: 0
8.10684   0.0336353   0.170748  7.8365  	Dead: 0
8.11345   0.0366715   0.186162  7.8365  	Dead: 0
8.13716   0.042709    0.216811  7.8365  	Dead: 0
8.13129   0.0391179   0.198581  7.8365  	Dead: 0
8.1334    0.037293    0.189317  7.8365  	Dead: 0
8.15009   0.0415146   0.210748  7.8365  	Dead: 0
8.14467   0.0412638   0.209474  7.8365  	Dead: 0
8.11565   0.0360317   0.182914  7.8365  	Dead: 0
8.14221   0.0395918   0.200986  7.8365  	Dead: 0
8.13536   0.0399425   0.202767  7.81383 	Dead: 0
8.12309   0.0385812   0.195856  7.81383 	Dead: 0
8.12537   0.040029    0.203206  7.81383 	Dead: 0
8.14264   0.039756    0.20182   7.81383 	Dead: 0
8.13084   0.0373141   0.189424  7.81383 	Dead: 0
8.12024   0.0356935   0.181197  7.81383 	Dead: 0
8.14524   0.0379655   0.192731  7.81383 	Dead: 0
8.13531   0.0375567   0.190656  7.81383 	Dead: 0
8.14187   0.0363368   0.184462  7.81383 	Dead: 0
8.13546   0.0400421   0.203272  7.81383 	Dead: 0
8.13779   0.0385264   0.195578  7.81383 	Dead: 0
8.13257   0.0377262   0.191516  7.81383 	Dead: 0
8.15099   0.0388327   0.197133  7.81383 	Dead: 0
8.11653   0.0381206   0.193518  7.81383 	Dead: 0
8.13556   0.0363059   0.184306  7.81383 	Dead: 0
8.14132   0.0370395   0.18803   7.81383 	Dead: 0
8.12644   0.0386942   0.19643   7.81383 	Dead: 0
8.14156   0.0400617   0.203372  7.81383 	Dead: 0
8.13334   0.0375983   0.190867  7.81192 	Dead: 0
