0   10.6071   0.137033    0.695641  8.96978 	Dead: 0
1   6.70435   0.099671    0.505976  5.70124 	Dead: 0
2   6.24429   0.103541    0.525621  5.17656 	Dead: 0
3   5.88837   0.113393    0.575636  4.95824 	Dead: 0
4   5.78232   0.112543    0.571319  4.95824 	Dead: 0
5   5.68869   0.119636    0.607328  4.76099 	Dead: 0
6   5.60643   0.125233    0.635742  4.68522 	Dead: 0
7   5.47193   0.129777    0.65881   4.46493 	Dead: 0
8   5.21066   0.113996    0.578699  4.15596 	Dead: 0
9   5.07371   0.116497    0.591394  4.15596 	Dead: 0
10  4.96215   0.129759    0.658717  3.98859 	Dead: 0
11  4.99083   0.139858    0.709984  3.9782  	Dead: 0
12  5.02108   0.131083    0.665438  3.9782  	Dead: 0
13  4.89486   0.13652     0.693041  3.94704 	Dead: 0
14  4.81773   0.134909    0.684863  3.74889 	Dead: 0
15  4.9038    0.164421    0.834676  3.74889 	Dead: 0
16  4.88775   0.14632     0.742788  3.74889 	Dead: 0
17  4.77593   0.155442    0.789095  3.74889 	Dead: 0
18  4.80077   0.142366    0.722718  3.74889 	Dead: 0
19  4.8046    0.149384    0.758341  3.59443 	Dead: 0
20  4.74559   0.155347    0.788616  3.59443 	Dead: 0
21  4.69922   0.141646    0.71906   3.59443 	Dead: 0
22  4.72905   0.156886    0.796428  3.59443 	Dead: 0
23  4.8141    0.160927    0.816939  3.59443 	Dead: 0
24  4.77603   0.15067     0.764871  3.59443 	Dead: 0
25  4.88915   0.156001    0.791933  3.59443 	Dead: 0
26  4.80265   0.157447    0.799274  3.55684 	Dead: 0
27  4.78375   0.16317     0.828327  3.55684 	Dead: 0
28  4.77782   0.158638    0.805322  3.55684 	Dead: 0
29  4.78334   0.153943    0.781484  3.55684 	Dead: 0
30  4.78168   0.16428     0.833961  3.55684 	Dead: 0
31  4.75175   0.156789    0.795937  3.55684 	Dead: 0
32  4.6548    0.146629    0.744356  3.49853 	Dead: 0
33  4.68218   0.161053    0.81758   3.49853 	Dead: 0
34  4.53386   0.159965    0.812055  3.36843 	Dead: 0
35  4.50028   0.161555    0.820127  3.1881  	Dead: 0
36  4.46045   0.162077    0.822781  3.1881  	Dead: 0
37  4.39787   0.164419    0.834669  3.1881  	Dead: 0
38  4.41446   0.184301    0.935596  3.12591 	Dead: 0
39  4.3241    0.167379    0.849692  3.12591 	Dead: 0
40  4.24152   0.162909    0.827002  3.12591 	Dead: 0
41  4.3428    0.163192    0.82844   3.11206 	Dead: 0
42  4.34001   0.174961    0.888182  3.11206 	Dead: 0
43  4.35111   0.180357    0.915575  3.08021 	Dead: 0
44  4.41356   0.176088    0.893904  3.08021 	Dead: 0
45  4.30894   0.154376    0.783684  3.08021 	Dead: 0
46  4.31352   0.177518    0.901162  3.08021 	Dead: 0
47  4.30083   0.174996    0.888362  3.08021 	Dead: 0
48  4.36611   0.174751    0.88712   3.08021 	Dead: 0
49  4.31793   0.173784    0.882207  3.07986 	Dead: 0
50  4.27574   0.168347    0.854607  3.07986 	Dead: 0
51  4.42919   0.180846    0.918058  3.07986 	Dead: 0
52  4.33883   0.16387     0.83188   3.07986 	Dead: 0
53  4.26457   0.166957    0.847554  3.07986 	Dead: 0
54  4.37396   0.171295    0.869572  3.07986 	Dead: 0
55  4.34268   0.175785    0.892366  3.07986 	Dead: 0
56  4.34263   0.181407    0.920904  3.07986 	Dead: 0
57  4.38065   0.18867     0.957779  3.07986 	Dead: 0
58  4.43012   0.174443    0.885555  3.07986 	Dead: 0
59  4.37701   0.175297    0.889891  3.07986 	Dead: 0
60  4.37549   0.210612    1.06916   3.07986 	Dead: 0
61  4.334     0.173613    0.88134   3.04007 	Dead: 0
62  4.22209   0.174977    0.888267  2.99167 	Dead: 0
63  4.33368   0.176233    0.894641  2.99167 	Dead: 0
64  4.31045   0.179349    0.910459  2.99167 	Dead: 0
65  4.36876   0.165439    0.839847  2.99167 	Dead: 0
66  4.28121   0.17124     0.869295  2.99167 	Dead: 0
67  4.24803   0.169493    0.860425  2.99167 	Dead: 0
68  4.30386   0.175503    0.890934  2.99167 	Dead: 0
69  4.36307   0.170464    0.865352  2.99167 	Dead: 0
70  4.34772   0.177365    0.900386  2.99167 	Dead: 0
71  4.28384   0.175488    0.890858  2.99167 	Dead: 0
72  4.20203   0.166022    0.842804  2.99167 	Dead: 0
73  4.2695    0.179251    0.909962  2.99167 	Dead: 0
74  4.17593   0.182622    0.927075  2.99167 	Dead: 0
75  4.41186   0.205644    1.04394   2.99167 	Dead: 0
76  4.25138   0.194211    0.985904  2.98728 	Dead: 0
77  4.25138   0.191134    0.970287  2.95844 	Dead: 0
78  4.22774   0.180671    0.91717   2.95844 	Dead: 0
79  4.23452   0.180976    0.918717  2.95844 	Dead: 0
80  4.23931   0.18161     0.921935  2.94889 	Dead: 0
81  4.31303   0.185437    0.941363  2.94889 	Dead: 0
82  4.27566   0.186655    0.947546  2.93182 	Dead: 0
83  4.35693   0.191591    0.972607  2.93182 	Dead: 0
84  4.43685   0.184755    0.937902  2.93182 	Dead: 0
85  4.33459   0.202879    1.02991   2.93182 	Dead: 0
86  4.25788   0.182178    0.924819  2.93182 	Dead: 0
87  4.30271   0.176335    0.895161  2.93182 	Dead: 0
88  4.31805   0.179694    0.912213  2.93182 	Dead: 0
89  4.26963   0.179604    0.911754  2.93182 	Dead: 0
90  4.30848   0.172548    0.875933  2.93182 	Dead: 0
91  4.34242   0.187539    0.952034  2.93182 	Dead: 0
92  4.20659   0.183749    0.932796  2.88905 	Dead: 0
93  4.34653   0.186697    0.947762  2.88905 	Dead: 0
94  4.4198    0.194808    0.988938  2.88905 	Dead: 0
95  4.25061   0.184899    0.938636  2.88905 	Dead: 0
96  4.24476   0.188887    0.958879  2.88905 	Dead: 0
97  4.32982   0.183336    0.930698  2.88905 	Dead: 0
98  4.23564   0.174527    0.885981  2.88905 	Dead: 0
99  4.34663   0.199964    1.01511   2.88905 	Dead: 0
100 4.30653   0.179953    0.913526  2.88905 	Dead: 0
