4.77626   0.139622    0.708787  3.65597 	Dead: 0
3.19388   0.0426973   0.216752  2.62664 	Dead: 0
2.947     0.0325125   0.165049  2.62664 	Dead: 0
2.87445   0.0396551   0.201308  2.52554 	Dead: 0
2.83432   0.0349301   0.177321  2.52554 	Dead: 0
2.81106   0.0400408   0.203266  2.52554 	Dead: 0
2.80263   0.0416395   0.211382  2.46478 	Dead: 0
2.79275   0.0401038   0.203585  2.46478 	Dead: 0
2.75875   0.0350815   0.17809   2.45541 	Dead: 0
2.76262   0.0410464   0.20837   2.45541 	Dead: 0
2.73648   0.035877    0.182128  2.45541 	Dead: 0
2.73847   0.0360991   0.183256  2.45541 	Dead: 0
2.73853   0.0367847   0.186736  2.45541 	Dead: 0
2.72553   0.0390223   0.198095  2.45541 	Dead: 0
2.70783   0.0375121   0.190429  2.45258 	Dead: 0
2.7235    0.0442827   0.224799  2.4431  	Dead: 0
2.68879   0.0427722   0.217132  2.3871  	Dead: 0
2.63893   0.0356572   0.181013  2.3871  	Dead: 0
2.60989   0.0383739   0.194804  2.29335 	Dead: 0
2.57183   0.0406876   0.206549  2.29186 	Dead: 0
2.52113   0.0365491   0.18554   2.28018 	Dead: 0
2.54942   0.0442359   0.224562  2.20055 	Dead: 0
2.53522   0.0422186   0.214321  2.20055 	Dead: 0
2.50323   0.041061    0.208445  2.20055 	Dead: 0
2.53053   0.0458228   0.232618  2.19037 	Dead: 0
2.50241   0.0472742   0.239986  2.18527 	Dead: 0
2.48787   0.0395185   0.200614  2.15309 	Dead: 0
2.47077   0.0406905   0.206564  2.15309 	Dead: 0
2.46579   0.0396638   0.201352  2.15309 	Dead: 0
2.4414    0.0422802   0.214634  2.14555 	Dead: 0
2.43543   0.0408489   0.207368  2.14555 	Dead: 0
2.45646   0.046308    0.235081  2.14555 	Dead: 0
2.48101   0.0473509   0.240375  2.14555 	Dead: 0
2.44461   0.0440589   0.223663  2.14555 	Dead: 0
2.47223   0.043979    0.223258  2.14555 	Dead: 0
2.41625   0.0382294   0.19407   2.14555 	Dead: 0
2.41362   0.0412891   0.209603  2.11477 	Dead: 0
2.41632   0.0433727   0.22018   2.11477 	Dead: 0
2.44895   0.0500013   0.25383   2.11477 	Dead: 0
2.43248   0.0387308   0.196616  2.11477 	Dead: 0
2.4288    0.045981    0.233421  2.09801 	Dead: 0
2.43083   0.0420165   0.213295  2.09801 	Dead: 0
2.40761   0.0450584   0.228737  2.09801 	Dead: 0
2.39985   0.038026    0.193038  2.00414 	Dead: 0
2.43861   0.0485522   0.246474  2.00414 	Dead: 0
2.40352   0.0433484   0.220057  2.00414 	Dead: 0
2.37433   0.0396715   0.201391  2.00414 	Dead: 0
2.37603   0.0409147   0.207702  2.00414 	Dead: 0
2.40389   0.0415042   0.210695  2.00414 	Dead: 0
2.39103   0.0409429   0.207845  2.00414 	Dead: 0
2.41443   0.0452004   0.229458  2.00414 	Dead: 0
2.37951   0.0418753   0.212579  2.00414 	Dead: 0
2.42994   0.0519311   0.263627  2.00414 	Dead: 0
2.40623   0.0471585   0.239399  2.00414 	Dead: 0
2.39208   0.0419841   0.213131  2.00414 	Dead: 0
2.40166   0.0434073   0.220356  2.00414 	Dead: 0
2.41038   0.0427025   0.216778  2.00414 	Dead: 0
2.38311   0.0462007   0.234537  2.00414 	Dead: 0
2.39708   0.0436812   0.221746  2.00414 	Dead: 0
2.37932   0.0381408   0.193621  2.00414 	Dead: 0
2.39013   0.0543274   0.275791  2.00414 	Dead: 0
2.37087   0.041611    0.211237  2.00414 	Dead: 0
2.38869   0.0492254   0.249891  2.00414 	Dead: 0
2.3478    0.0404233   0.205208  2.00414 	Dead: 0
2.35705   0.0384532   0.195206  2.00414 	Dead: 0
2.34947   0.0409963   0.208117  2.00414 	Dead: 0
2.37946   0.0463453   0.23527   2.00414 	Dead: 0
2.35257   0.0430202   0.218391  2.00414 	Dead: 0
2.36186   0.044852    0.22769   2.00414 	Dead: 0
2.37178   0.0487208   0.247329  2.00414 	Dead: 0
2.32087   0.0350622   0.177992  2.00414 	Dead: 0
2.33433   0.0386955   0.196436  2.00414 	Dead: 0
2.3647    0.0455765   0.231367  2.00414 	Dead: 0
2.3691    0.0442694   0.224732  2.00414 	Dead: 0
2.32536   0.0391498   0.198743  2.00414 	Dead: 0
2.33345   0.0379423   0.192613  2.00414 	Dead: 0
2.31652   0.0412129   0.209216  2.00414 	Dead: 0
2.32111   0.0405538   0.20587   2.00414 	Dead: 0
2.34404   0.0514987   0.261432  2.00414 	Dead: 0
2.32856   0.0401808   0.203977  2.00414 	Dead: 0
2.34552   0.0509429   0.25861   2.00414 	Dead: 0
2.30831   0.0427487   0.217012  2.00414 	Dead: 0
2.2972    0.0375692   0.190719  2.00414 	Dead: 0
2.29981   0.0426082   0.216299  2.00414 	Dead: 0
2.32637   0.0449035   0.227951  2.00414 	Dead: 0
2.33205   0.046087    0.233959  2.00414 	Dead: 0
2.32999   0.0420004   0.213214  2.00414 	Dead: 0
2.31407   0.0440333   0.223533  2.0005  	Dead: 0
2.31511   0.0408423   0.207335  2.0005  	Dead: 0
2.31846   0.0461368   0.234212  2.0005  	Dead: 0
2.31933   0.0424677   0.215586  2.0005  	Dead: 0
2.29703   0.0386943   0.19643   1.97718 	Dead: 0
2.31879   0.0487121   0.247285  1.97718 	Dead: 0
2.28942   0.0389608   0.197783  1.97718 	Dead: 0
2.27295   0.0416046   0.211205  1.97718 	Dead: 0
2.26641   0.0394996   0.200519  1.97718 	Dead: 0
2.30622   0.0514238   0.261051  1.97718 	Dead: 0
2.29863   0.0562525   0.285564  1.97718 	Dead: 0
2.27378   0.0472907   0.240069  1.97718 	Dead: 0
2.24952   0.0387563   0.196745  1.9552  	Dead: 0
2.24715   0.0413076   0.209697  1.9552  	Dead: 0
