7.93638   0.102236    0.518999  6.81486 	Dead: 0
6.54078   0.0749582   0.380523  5.65413 	Dead: 0
6.31808   0.0830117   0.421406  5.65413 	Dead: 0
6.20125   0.077929    0.395604  5.65317 	Dead: 0
6.14782   0.0829574   0.421131  5.49034 	Dead: 0
5.99699   0.0801275   0.406765  5.33981 	Dead: 0
6.02079   0.0878876   0.446159  5.33981 	Dead: 0
6.03536   0.0991156   0.503157  5.33981 	Dead: 0
5.95118   0.0889975   0.451793  5.33981 	Dead: 0
5.98836   0.0839334   0.426085  5.33981 	Dead: 0
5.95815   0.0946716   0.480597  5.33981 	Dead: 0
6.00848   0.0973204   0.494044  5.33981 	Dead: 0
5.91494   0.0922712   0.468412  5.30555 	Dead: 0
5.91136   0.0826708   0.419676  5.30555 	Dead: 0
5.93633   0.0956347   0.485486  5.26421 	Dead: 0
5.91238   0.0878508   0.445971  5.26421 	Dead: 0
5.91353   0.0908761   0.461329  5.26421 	Dead: 0
5.90583   0.0811915   0.412166  5.26421 	Dead: 0
5.91718   0.0856857   0.434981  5.26421 	Dead: 0
5.86496   0.0879471   0.44646   5.18822 	Dead: 0
5.88479   0.085063    0.431819  5.18822 	Dead: 0
5.88299   0.0862384   0.437786  5.18822 	Dead: 0
5.87502   0.0878089   0.445759  5.18822 	Dead: 0
5.9248    0.0975237   0.495076  5.18822 	Dead: 0
5.90365   0.0912396   0.463175  5.18822 	Dead: 0
5.86438   0.0871958   0.442647  5.18822 	Dead: 0
5.89965   0.0966311   0.490545  5.18822 	Dead: 0
5.84787   0.0877941   0.445684  5.18822 	Dead: 0
5.85602   0.0917133   0.465579  5.18822 	Dead: 0
5.88612   0.0904501   0.459167  5.18822 	Dead: 0
5.88496   0.0953165   0.483871  5.18822 	Dead: 0
5.86038   0.0866837   0.440047  5.18822 	Dead: 0
5.85387   0.0876849   0.44513   5.18822 	Dead: 0
5.86847   0.0910389   0.462156  5.18822 	Dead: 0
5.82507   0.079971    0.40597   5.18822 	Dead: 0
5.8978    0.0972371   0.493621  5.18822 	Dead: 0
5.90806   0.0939435   0.476901  5.18822 	Dead: 0
5.87545   0.0889126   0.451362  5.18822 	Dead: 0
5.87323   0.0897017   0.455367  5.18822 	Dead: 0
5.7938    0.0777469   0.394679  5.18822 	Dead: 0
5.79485   0.0872615   0.44298   5.18822 	Dead: 0
5.78579   0.088472    0.449125  5.16866 	Dead: 0
5.78678   0.0868392   0.440836  5.16866 	Dead: 0
5.83487   0.0941799   0.478101  5.16866 	Dead: 0
5.85051   0.098735    0.501225  5.16031 	Dead: 0
5.83764   0.0992717   0.503949  5.16031 	Dead: 0
5.75443   0.0935687   0.474999  5.16031 	Dead: 0
5.76537   0.0882547   0.448022  5.16031 	Dead: 0
5.84217   0.103977    0.527834  5.16031 	Dead: 0
5.78367   0.0936712   0.475519  5.16031 	Dead: 0
5.6703    0.0781751   0.396853  5.04108 	Dead: 0
5.6778    0.0864544   0.438883  5.04108 	Dead: 0
5.71905   0.0944836   0.479643  5.04108 	Dead: 0
5.6658    0.0808389   0.410376  5.04108 	Dead: 0
5.65897   0.0855337   0.434209  5.04108 	Dead: 0
5.70718   0.0971945   0.493404  5.04108 	Dead: 0
5.67352   0.0922973   0.468544  5.04108 	Dead: 0
5.66772   0.0904637   0.459236  5.04108 	Dead: 0
5.74453   0.0985963   0.500521  5.04108 	Dead: 0
5.67073   0.0860255   0.436706  5.04108 	Dead: 0
5.6969    0.0880787   0.447129  5.04108 	Dead: 0
5.64159   0.0749142   0.3803    5.04108 	Dead: 0
5.68126   0.0951133   0.48284   5.04108 	Dead: 0
5.65399   0.0947196   0.480841  5.04108 	Dead: 0
5.67327   0.0897445   0.455585  5.04108 	Dead: 0
5.66353   0.0885169   0.449353  4.95339 	Dead: 0
5.61824   0.0959565   0.48712   4.95339 	Dead: 0
5.67503   0.0953685   0.484135  4.95339 	Dead: 0
5.64891   0.0918947   0.4665    4.95339 	Dead: 0
5.68649   0.0987924   0.501516  4.95339 	Dead: 0
5.62779   0.0851429   0.432225  4.95339 	Dead: 0
5.69482   0.0908093   0.46099   4.95339 	Dead: 0
5.67248   0.0911142   0.462538  4.95339 	Dead: 0
5.66034   0.0951312   0.48293   4.95339 	Dead: 0
5.63956   0.0861151   0.43716   4.95339 	Dead: 0
5.6913    0.0931146   0.472693  4.95339 	Dead: 0
5.64254   0.0871931   0.442633  4.95339 	Dead: 0
5.7124    0.0979137   0.497056  4.95339 	Dead: 0
5.71112   0.0979247   0.497111  4.95339 	Dead: 0
5.70565   0.102873    0.522229  4.95339 	Dead: 0
5.71247   0.106421    0.540242  4.95339 	Dead: 0
5.72049   0.100927    0.512354  4.95339 	Dead: 0
5.65414   0.0982387   0.498706  4.95339 	Dead: 0
5.6777    0.100479    0.510076  4.95339 	Dead: 0
5.65683   0.0914726   0.464358  4.95339 	Dead: 0
5.76205   0.109018    0.553428  4.95339 	Dead: 0
5.65717   0.099033    0.502738  4.95339 	Dead: 0
5.70581   0.105566    0.535901  4.95339 	Dead: 0
5.61894   0.0946344   0.480408  4.95339 	Dead: 0
5.69268   0.102871    0.52222   4.95339 	Dead: 0
5.68638   0.10114     0.513434  4.95339 	Dead: 0
5.70079   0.0993477   0.504335  4.95339 	Dead: 0
5.65558   0.0862142   0.437663  4.95339 	Dead: 0
5.72219   0.10162     0.51587   4.95339 	Dead: 0
5.63671   0.0967479   0.491137  4.95339 	Dead: 0
5.59777   0.0900996   0.457387  4.95339 	Dead: 0
5.68881   0.101312    0.514308  4.95339 	Dead: 0
5.60343   0.09563     0.485463  4.95241 	Dead: 0
5.65269   0.102553    0.520608  4.89441 	Dead: 0
5.67338   0.10555     0.535823  4.89441 	Dead: 0
5.63148   0.0944883   0.479667  4.89441 	Dead: 0
