10.678    0.0803259   0.407772  9.84778 	Dead: 0
8.97069   0.0429547   0.218058  8.45898 	Dead: 0
8.6157    0.0552848   0.280651  8.13869 	Dead: 0
8.51287   0.0521452   0.264713  7.96944 	Dead: 0
8.32766   0.0570329   0.289526  7.89823 	Dead: 0
7.92842   0.0553468   0.280966  7.38639 	Dead: 0
7.72076   0.0555694   0.282096  7.086   	Dead: 0
7.60296   0.0509906   0.258852  7.086   	Dead: 0
7.60003   0.0665257   0.337716  7.086   	Dead: 0
7.53532   0.0567409   0.288043  7.04615 	Dead: 0
7.49008   0.054574    0.277043  7.00593 	Dead: 0
7.46905   0.0590577   0.299805  6.87491 	Dead: 0
7.38723   0.0567729   0.288206  6.84218 	Dead: 0
7.31994   0.05688     0.288749  6.84218 	Dead: 0
7.31806   0.0680425   0.345415  6.82339 	Dead: 0
7.22187   0.0615187   0.312298  6.62359 	Dead: 0
7.16857   0.0733571   0.372395  6.62359 	Dead: 0
7.17605   0.061076    0.31005   6.62359 	Dead: 0
7.15662   0.0660514   0.335308  6.58109 	Dead: 0
7.16924   0.0671896   0.341086  6.58109 	Dead: 0
7.10851   0.0691229   0.3509    6.55407 	Dead: 0
7.09576   0.0692584   0.351588  6.55407 	Dead: 0
7.0247    0.0681977   0.346203  6.48125 	Dead: 0
6.89648   0.0563846   0.286235  6.22112 	Dead: 0
6.82504   0.0527959   0.268017  6.22112 	Dead: 0
6.86866   0.0730368   0.370769  6.21003 	Dead: 0
6.75774   0.0664216   0.337187  6.21003 	Dead: 0
6.55608   0.0603259   0.306242  6.21003 	Dead: 0
6.49299   0.062785    0.318726  6.02946 	Dead: 0
6.38512   0.0530749   0.269433  5.90764 	Dead: 0
6.41329   0.0672553   0.341419  5.87121 	Dead: 0
6.29932   0.0561998   0.285296  5.84621 	Dead: 0
6.30989   0.0614735   0.312068  5.83843 	Dead: 0
6.26318   0.062909    0.319356  5.83843 	Dead: 0
6.20886   0.0721334   0.366183  5.59577 	Dead: 0
6.26389   0.0729228   0.37019   5.59577 	Dead: 0
6.19507   0.0627508   0.318552  5.59577 	Dead: 0
6.21396   0.07031     0.356926  5.59577 	Dead: 0
6.17055   0.0645596   0.327735  5.59577 	Dead: 0
6.17186   0.0731664   0.371427  5.57366 	Dead: 0
6.06944   0.0655785   0.332907  5.57366 	Dead: 0
5.97433   0.0746527   0.378972  5.44211 	Dead: 0
5.92351   0.0671183   0.340724  5.44211 	Dead: 0
5.88446   0.063389    0.321792  5.34842 	Dead: 0
5.88723   0.0700673   0.355694  5.34842 	Dead: 0
5.74415   0.0614967   0.312186  5.20535 	Dead: 0
5.22109   0.0681136   0.345776  4.84885 	Dead: 0
5.1739    0.0616506   0.312967  4.7029  	Dead: 0
5.17682   0.0855909   0.4345    4.66585 	Dead: 0
5.07317   0.0705795   0.358294  4.66585 	Dead: 0
5.06601   0.0634111   0.321904  4.62781 	Dead: 0
5.08058   0.0736383   0.373822  4.62781 	Dead: 0
5.08551   0.0958026   0.486338  4.62781 	Dead: 0
5.03412   0.071437    0.362648  4.62781 	Dead: 0
5.08452   0.0873299   0.443328  4.62781 	Dead: 0
5.10603   0.0757028   0.384303  4.62781 	Dead: 0
5.04799   0.0807409   0.409879  4.61791 	Dead: 0
5.08616   0.101429    0.514902  4.59051 	Dead: 0
5.04195   0.0745941   0.378674  4.58706 	Dead: 0
5.07387   0.0870096   0.441701  4.58706 	Dead: 0
5.06457   0.0987106   0.501101  4.58706 	Dead: 0
5.04851   0.0912024   0.462986  4.58706 	Dead: 0
5.0183    0.0663875   0.337014  4.58706 	Dead: 0
5.02384   0.0733075   0.372143  4.58706 	Dead: 0
4.99257   0.0635773   0.322748  4.58706 	Dead: 0
5.01554   0.0747561   0.379497  4.58706 	Dead: 0
4.9583    0.0609717   0.309521  4.58706 	Dead: 0
4.98998   0.068116    0.345789  4.58706 	Dead: 0
5.03795   0.0949041   0.481777  4.58706 	Dead: 0
4.98751   0.0782085   0.397023  4.58706 	Dead: 0
5.01477   0.0710097   0.360478  4.58706 	Dead: 0
5.04478   0.0808873   0.410622  4.58706 	Dead: 0
5.01644   0.0777617   0.394755  4.54687 	Dead: 0
4.96903   0.064742    0.32866   4.54687 	Dead: 0
4.96917   0.0701146   0.355934  4.54551 	Dead: 0
5.01375   0.104358    0.529768  4.54551 	Dead: 0
4.94914   0.0791022   0.40156   4.54551 	Dead: 0
4.9061    0.0668886   0.339558  4.54551 	Dead: 0
4.88008   0.0614054   0.311722  4.48406 	Dead: 0
4.98248   0.0929932   0.472077  4.48406 	Dead: 0
4.92263   0.0814538   0.413498  4.4731  	Dead: 0
4.9064    0.0784588   0.398293  4.4731  	Dead: 0
4.9438    0.0767366   0.389551  4.4731  	Dead: 0
4.92921   0.0819151   0.415839  4.4731  	Dead: 0
4.88146   0.0715038   0.362986  4.41089 	Dead: 0
4.92473   0.0806049   0.409188  4.41089 	Dead: 0
4.93224   0.0987429   0.501265  4.41089 	Dead: 0
4.85041   0.0661885   0.336004  4.41089 	Dead: 0
4.918     0.0902417   0.458109  4.41089 	Dead: 0
4.84448   0.0862614   0.437903  4.41089 	Dead: 0
4.81686   0.0725602   0.36835   4.41089 	Dead: 0
4.80559   0.0624475   0.317013  4.41089 	Dead: 0
4.85913   0.08711     0.442211  4.41089 	Dead: 0
4.83589   0.0725017   0.368053  4.31454 	Dead: 0
4.81327   0.0800927   0.406588  4.31454 	Dead: 0
4.76517   0.0913146   0.463556  4.31454 	Dead: 0
4.71032   0.0824741   0.418677  4.28836 	Dead: 0
4.71809   0.0796624   0.404403  4.28836 	Dead: 0
4.66972   0.0837641   0.425226  4.28836 	Dead: 0
4.6572    0.0758083   0.384838  4.21143 	Dead: 0
4.6106    0.0687829   0.349174  4.21143 	Dead: 0
