11.795    0.0737858   0.374571  11.1436 	Dead: 0
10.8595   0.0450958   0.228927  10.3923 	Dead: 0
10.7346   0.0424161   0.215324  10.3223 	Dead: 0
10.669    0.0443639   0.225212  10.2478 	Dead: 0
10.6882   0.0489893   0.248693  10.2478 	Dead: 0
10.6567   0.0481831   0.2446    10.2478 	Dead: 0
10.643    0.0482652   0.245017  10.2478 	Dead: 0
10.5983   0.0492496   0.250014  10.2094 	Dead: 0
10.555    0.0445678   0.226247  10.1465 	Dead: 0
10.5476   0.0487442   0.247448  10.1465 	Dead: 0
10.5555   0.0565314   0.28698   10.1244 	Dead: 0
10.4987   0.0509317   0.258553  10.1244 	Dead: 0
10.478    0.051061    0.259209  10.057  	Dead: 0
10.45     0.0476774   0.242033  10.0469 	Dead: 0
10.426    0.0463837   0.235466  10.0469 	Dead: 0
10.4089   0.046032    0.23368   10.0469 	Dead: 0
10.4248   0.0490082   0.248788  10.0285 	Dead: 0
10.3706   0.0491081   0.249296  9.97848 	Dead: 0
10.3546   0.0502022   0.25485   9.93811 	Dead: 0
10.368    0.0564005   0.286315  9.93811 	Dead: 0
10.3151   0.0451221   0.229061  9.93811 	Dead: 0
10.3098   0.0460108   0.233572  9.93811 	Dead: 0
10.2998   0.050391    0.255808  9.88997 	Dead: 0
10.3237   0.049141    0.249463  9.88997 	Dead: 0
10.3371   0.0543442   0.275876  9.88997 	Dead: 0
10.2653   0.0458717   0.232866  9.67196 	Dead: 0
10.0682   0.0503258   0.255477  9.61755 	Dead: 0
10.0027   0.0441591   0.224172  9.61755 	Dead: 0
9.97382   0.0442045   0.224402  9.61755 	Dead: 0
9.94751   0.0446178   0.226501  9.51189 	Dead: 0
9.95021   0.0427567   0.217053  9.51189 	Dead: 0
9.95008   0.047555    0.241411  9.51189 	Dead: 0
9.95891   0.0500278   0.253965  9.51189 	Dead: 0
9.9455    0.0464454   0.235779  9.51189 	Dead: 0
9.92371   0.0459394   0.23321   9.50127 	Dead: 0
9.91684   0.0476717   0.242004  9.50127 	Dead: 0
9.91239   0.0472771   0.240001  9.50127 	Dead: 0
9.90034   0.0449162   0.228015  9.50127 	Dead: 0
9.91698   0.0490263   0.248881  9.50125 	Dead: 0
9.9001    0.0502211   0.254946  9.50125 	Dead: 0
9.9204    0.0534808   0.271493  9.50125 	Dead: 0
9.89107   0.0503285   0.255491  9.50125 	Dead: 0
9.86311   0.0470496   0.238846  9.47358 	Dead: 0
9.89388   0.0530703   0.269409  9.45013 	Dead: 0
9.89011   0.0545725   0.277035  9.45013 	Dead: 0
9.85529   0.0532451   0.270297  9.45013 	Dead: 0
9.86691   0.0581223   0.295056  9.42059 	Dead: 0
9.81298   0.0522437   0.265214  9.42059 	Dead: 0
9.81989   0.0533751   0.270957  9.42059 	Dead: 0
9.81539   0.0476494   0.241891  9.42059 	Dead: 0
9.86981   0.0569149   0.288927  9.42059 	Dead: 0
9.8486    0.0554777   0.281631  9.42059 	Dead: 0
9.86065   0.0559874   0.284218  9.42059 	Dead: 0
9.81392   0.0522535   0.265263  9.42059 	Dead: 0
9.81646   0.0520826   0.264395  9.41466 	Dead: 0
9.80021   0.0510385   0.259095  9.37558 	Dead: 0
9.82443   0.0555728   0.282113  9.37558 	Dead: 0
9.80946   0.0541632   0.274958  9.37558 	Dead: 0
9.80827   0.0566582   0.287623  9.37558 	Dead: 0
9.78034   0.0483706   0.245552  9.37558 	Dead: 0
9.82355   0.0605849   0.307557  9.34115 	Dead: 0
9.75429   0.0498968   0.2533    9.34115 	Dead: 0
9.65572   0.0565179   0.286911  9.25567 	Dead: 0
9.5847    0.0475108   0.241187  9.21594 	Dead: 0
9.53604   0.0466241   0.236685  9.08718 	Dead: 0
9.56209   0.0573506   0.291138  9.02731 	Dead: 0
9.56719   0.0482918   0.245152  9.02731 	Dead: 0
9.54076   0.0534552   0.271364  9.02731 	Dead: 0
9.12556   0.0452166   0.229541  8.70641 	Dead: 0
9.04662   0.0454295   0.230622  8.69839 	Dead: 0
9.02892   0.0487482   0.247469  8.69712 	Dead: 0
9.0221    0.0496051   0.251818  8.68489 	Dead: 0
8.97521   0.0605973   0.30762   8.53959 	Dead: 0
8.95286   0.0425606   0.216057  8.53959 	Dead: 0
9.00679   0.0556575   0.282543  8.53959 	Dead: 0
8.98111   0.0538435   0.273335  8.53959 	Dead: 0
8.96343   0.0525637   0.266838  8.53959 	Dead: 0
8.97169   0.0542798   0.275549  8.53959 	Dead: 0
8.94594   0.0416949   0.211663  8.53959 	Dead: 0
8.93496   0.0515631   0.261758  8.53959 	Dead: 0
8.95208   0.0536379   0.272291  8.53959 	Dead: 0
8.973     0.0585343   0.297147  8.53959 	Dead: 0
8.95137   0.0522813   0.265405  8.53959 	Dead: 0
8.96001   0.0561819   0.285206  8.53959 	Dead: 0
8.98103   0.0627117   0.318354  8.53959 	Dead: 0
8.98971   0.0666977   0.338589  8.53959 	Dead: 0
8.96591   0.050075    0.254204  8.53959 	Dead: 0
8.97134   0.0517003   0.262455  8.53959 	Dead: 0
8.97841   0.061048    0.309908  8.53959 	Dead: 0
8.98465   0.0553577   0.281021  8.53959 	Dead: 0
9.00462   0.0729625   0.370392  8.53959 	Dead: 0
8.94652   0.0591599   0.300323  8.53959 	Dead: 0
8.96706   0.0618038   0.313745  8.53959 	Dead: 0
8.93928   0.0549974   0.279192  8.53959 	Dead: 0
8.95883   0.0561498   0.285043  8.53959 	Dead: 0
8.98002   0.0660213   0.335155  8.53959 	Dead: 0
8.99245   0.060523    0.307243  8.53959 	Dead: 0
8.92353   0.0492829   0.250183  8.53959 	Dead: 0
8.98423   0.0689306   0.349924  8.47721 	Dead: 0
8.94121   0.0540876   0.274574  8.47721 	Dead: 0
8.97091   0.0591695   0.300372  8.47721 	Dead: 0
