10.7077   0.0415461   0.210908  10.2145 	Dead: 0
9.0944    0.0479312   0.243321  8.68753 	Dead: 0
8.54263   0.0545944   0.277147  7.83952 	Dead: 0
8.12345   0.0616623   0.313027  7.43331 	Dead: 0
7.69572   0.0653005   0.331496  7.18051 	Dead: 0
7.31276   0.0654064   0.332033  6.69637 	Dead: 0
7.22173   0.0749315   0.380387  6.38593 	Dead: 0
7.10458   0.0803536   0.407912  6.38593 	Dead: 0
7.00324   0.0817737   0.415121  6.38593 	Dead: 0
6.96043   0.0804987   0.408649  6.32818 	Dead: 0
6.90425   0.0753551   0.382538  6.28205 	Dead: 0
6.86223   0.0843844   0.428375  6.20335 	Dead: 0
6.83162   0.0782448   0.397207  6.20335 	Dead: 0
6.76842   0.0766656   0.38919   6.20335 	Dead: 0
6.70625   0.0810522   0.411459  6.08279 	Dead: 0
6.7063    0.0802705   0.40749   6.08279 	Dead: 0
6.66548   0.0891582   0.452609  5.7769  	Dead: 0
6.58503   0.0679818   0.345107  5.7769  	Dead: 0
6.58321   0.0753779   0.382653  5.7769  	Dead: 0
6.65414   0.0856136   0.434615  5.7769  	Dead: 0
6.57501   0.0765919   0.388816  5.7769  	Dead: 0
6.55687   0.0825431   0.419027  5.7769  	Dead: 0
6.54873   0.0742959   0.377161  5.7769  	Dead: 0
6.52978   0.0751106   0.381296  5.7769  	Dead: 0
6.57338   0.0913917   0.463947  5.7769  	Dead: 0
6.48519   0.0886248   0.449901  5.7769  	Dead: 0
6.47375   0.0870945   0.442133  5.73397 	Dead: 0
6.46914   0.0856826   0.434965  5.73397 	Dead: 0
6.40431   0.076198    0.386816  5.73397 	Dead: 0
6.4194    0.0813231   0.412834  5.73397 	Dead: 0
6.40395   0.0825488   0.419056  5.73397 	Dead: 0
6.40453   0.0937945   0.476145  5.73397 	Dead: 0
6.40818   0.0887629   0.450602  5.73397 	Dead: 0
6.38138   0.08309     0.421804  5.72542 	Dead: 0
6.34667   0.0765219   0.388461  5.72542 	Dead: 0
6.37127   0.0892445   0.453047  5.67363 	Dead: 0
6.36714   0.0855028   0.434052  5.67363 	Dead: 0
6.32584   0.0864948   0.439088  5.67363 	Dead: 0
6.34706   0.0926721   0.470447  5.67363 	Dead: 0
6.35101   0.0946964   0.480723  5.61125 	Dead: 0
6.23264   0.0804059   0.408178  5.61125 	Dead: 0
6.29193   0.093598    0.475147  5.61125 	Dead: 0
6.28839   0.0946599   0.480538  5.61125 	Dead: 0
6.29087   0.0932101   0.473178  5.61125 	Dead: 0
6.21628   0.091755    0.465791  5.61125 	Dead: 0
6.19977   0.0897022   0.45537   5.61125 	Dead: 0
6.16865   0.0895452   0.454573  5.42858 	Dead: 0
6.10292   0.075935    0.385481  5.42858 	Dead: 0
6.05      0.0745523   0.378462  5.38008 	Dead: 0
6.09681   0.0820725   0.416638  5.38008 	Dead: 0
6.00405   0.0780081   0.396006  5.38008 	Dead: 0
6.03151   0.0933042   0.473656  5.20463 	Dead: 0
6.00258   0.0864928   0.439078  5.20463 	Dead: 0
6.01286   0.0900643   0.457208  5.20463 	Dead: 0
5.94678   0.0819064   0.415795  5.20463 	Dead: 0
5.97527   0.087212    0.442729  5.20463 	Dead: 0
5.9687    0.0950888   0.482715  5.20463 	Dead: 0
5.99409   0.0880125   0.446792  5.20463 	Dead: 0
6.00994   0.0975488   0.495203  5.20463 	Dead: 0
5.92688   0.0857679   0.435398  5.20463 	Dead: 0
5.93706   0.0925263   0.469707  5.20463 	Dead: 0
5.92832   0.0807198   0.409772  5.20463 	Dead: 0
6.01149   0.109991    0.558366  5.20463 	Dead: 0
5.91551   0.0868012   0.440643  5.20463 	Dead: 0
5.96595   0.0951569   0.483061  5.20463 	Dead: 0
5.93983   0.0867655   0.440462  5.20463 	Dead: 0
5.8641    0.0698619   0.354651  5.20463 	Dead: 0
5.89312   0.0824663   0.418638  5.20463 	Dead: 0
5.97973   0.0982474   0.49875   5.20463 	Dead: 0
5.94439   0.0977156   0.49605   5.20463 	Dead: 0
5.8882    0.0800559   0.406401  5.20463 	Dead: 0
5.83341   0.0787812   0.39993   5.17631 	Dead: 0
5.91157   0.0930464   0.472347  5.17631 	Dead: 0
5.93665   0.0959576   0.487126  5.17631 	Dead: 0
5.97519   0.100455    0.509957  5.17631 	Dead: 0
5.93308   0.0952565   0.483567  4.96521 	Dead: 0
5.9056    0.0945071   0.479762  4.96521 	Dead: 0
5.92936   0.0899072   0.456411  4.96521 	Dead: 0
5.96555   0.103866    0.527274  4.96521 	Dead: 0
5.90843   0.087245    0.442896  4.96521 	Dead: 0
5.92714   0.099148    0.503322  4.96521 	Dead: 0
5.87614   0.0927478   0.470831  4.96521 	Dead: 0
5.90919   0.0872119   0.442728  4.96521 	Dead: 0
5.86043   0.0834679   0.423722  4.96521 	Dead: 0
5.90545   0.086242    0.437805  4.96521 	Dead: 0
5.98418   0.102776    0.521737  4.96521 	Dead: 0
5.95575   0.102367    0.519662  4.96521 	Dead: 0
5.90185   0.099401    0.504606  4.96521 	Dead: 0
5.87326   0.0970619   0.492731  4.96521 	Dead: 0
5.88133   0.094229    0.47835   4.96521 	Dead: 0
5.87804   0.0953257   0.483918  4.96521 	Dead: 0
5.84372   0.0910716   0.462322  4.96521 	Dead: 0
5.84406   0.0849348   0.431168  4.96521 	Dead: 0
5.8449    0.0962371   0.488545  4.96521 	Dead: 0
5.81496   0.0855021   0.434048  4.96521 	Dead: 0
5.85159   0.0970673   0.492759  4.96521 	Dead: 0
5.8676    0.0984712   0.499886  4.96521 	Dead: 0
5.84674   0.0908878   0.461389  4.96521 	Dead: 0
5.84969   0.0961378   0.48804   4.96521 	Dead: 0
5.8476    0.105636    0.536259  4.96521 	Dead: 0
5.81949   0.100895    0.512188  4.96521 	Dead: 0
