5.65896   0.138258    0.70186   4.59462 	Dead: 0
4.11809   0.0324858   0.164913  3.76851 	Dead: 0
3.90411   0.0403881   0.205029  3.5911  	Dead: 0
3.73744   0.027393    0.13906   3.52354 	Dead: 0
3.66627   0.0368074   0.186852  3.37475 	Dead: 0
3.54443   0.033583    0.170483  3.24958 	Dead: 0
3.45241   0.0387676   0.196803  3.24044 	Dead: 0
3.40461   0.0395591   0.200821  3.19236 	Dead: 0
3.35677   0.0363666   0.184614  3.13687 	Dead: 0
3.29577   0.0214787   0.109036  3.13687 	Dead: 0
3.30285   0.0361409   0.183468  3.05642 	Dead: 0
3.26299   0.0327839   0.166426  3.05642 	Dead: 0
3.25713   0.0471558   0.239385  3.01921 	Dead: 0
3.23251   0.0344583   0.174926  3.01921 	Dead: 0
3.25097   0.039429    0.20016   3.01921 	Dead: 0
3.20817   0.0270691   0.137415  3.01921 	Dead: 0
3.23903   0.0484167   0.245786  2.95485 	Dead: 0
3.21449   0.0289374   0.1469    2.95485 	Dead: 0
3.20994   0.0318241   0.161554  2.95485 	Dead: 0
3.20566   0.0475918   0.241598  2.94354 	Dead: 0
3.1767    0.0360999   0.18326   2.94354 	Dead: 0
3.18236   0.0340592   0.172901  2.94354 	Dead: 0
3.14261   0.027943    0.141852  2.92129 	Dead: 0
3.16618   0.037199    0.188839  2.89467 	Dead: 0
3.19597   0.0834831   0.423799  2.88309 	Dead: 0
3.12043   0.0380936   0.193381  2.88309 	Dead: 0
3.11924   0.0324114   0.164535  2.88309 	Dead: 0
3.12189   0.036485    0.185215  2.88309 	Dead: 0
3.14217   0.051077    0.259291  2.88309 	Dead: 0
3.09717   0.0353832   0.179622  2.86867 	Dead: 0
3.0979    0.0389791   0.197876  2.86305 	Dead: 0
3.11236   0.036393    0.184748  2.86305 	Dead: 0
3.14034   0.0699219   0.354956  2.83948 	Dead: 0
3.11484   0.0637767   0.32376   2.83948 	Dead: 0
3.09149   0.0359726   0.182613  2.76753 	Dead: 0
3.09317   0.0428448   0.2175    2.76753 	Dead: 0
3.08953   0.0394431   0.200232  2.76753 	Dead: 0
3.07995   0.0380997   0.193412  2.76753 	Dead: 0
3.12455   0.0529668   0.268884  2.76753 	Dead: 0
3.07825   0.0327703   0.166357  2.76753 	Dead: 0
3.09683   0.0422933   0.2147    2.76753 	Dead: 0
3.10046   0.0386746   0.19633   2.76753 	Dead: 0
3.09736   0.0415066   0.210707  2.76753 	Dead: 0
3.10887   0.0457064   0.232027  2.76753 	Dead: 0
3.07947   0.0330953   0.168007  2.76753 	Dead: 0
3.07155   0.0375896   0.190822  2.76753 	Dead: 0
3.07826   0.0364172   0.184871  2.76753 	Dead: 0
3.08567   0.0507006   0.25738   2.76028 	Dead: 0
3.08558   0.0416517   0.211443  2.76028 	Dead: 0
3.07047   0.036378    0.184672  2.76028 	Dead: 0
3.08498   0.0427149   0.216841  2.76028 	Dead: 0
3.0683    0.0475763   0.24152   2.76028 	Dead: 0
3.07395   0.0321566   0.163242  2.76028 	Dead: 0
3.12157   0.0591068   0.300054  2.76028 	Dead: 0
3.06584   0.0436626   0.221652  2.76028 	Dead: 0
3.10645   0.0658814   0.334445  2.76028 	Dead: 0
3.05756   0.0325078   0.165025  2.76028 	Dead: 0
3.0502    0.0329021   0.167027  2.76028 	Dead: 0
3.07116   0.0499513   0.253576  2.76028 	Dead: 0
3.04213   0.0388302   0.19712   2.76028 	Dead: 0
3.06688   0.061992    0.3147    2.76028 	Dead: 0
3.03068   0.0354529   0.179975  2.76028 	Dead: 0
3.0718    0.0684868   0.347671  2.76028 	Dead: 0
3.11476   0.0732872   0.37204   2.76028 	Dead: 0
3.06627   0.057382    0.291298  2.76028 	Dead: 0
3.02363   0.0323847   0.1644    2.76028 	Dead: 0
3.03104   0.0409734   0.208     2.76028 	Dead: 0
3.02248   0.0314591   0.159701  2.76028 	Dead: 0
2.99659   0.0360659   0.183087  2.76028 	Dead: 0
3.0223    0.062829    0.318949  2.76028 	Dead: 0
3.01696   0.047011    0.23865   2.71106 	Dead: 0
3.05144   0.0750257   0.380865  2.71106 	Dead: 0
3.0112    0.0383473   0.194669  2.71106 	Dead: 0
2.99441   0.033848    0.171828  2.71106 	Dead: 0
3.01715   0.0485184   0.246302  2.71106 	Dead: 0
3.0583    0.0666759   0.338478  2.71106 	Dead: 0
3.00974   0.0376528   0.191143  2.71106 	Dead: 0
3.02505   0.0515696   0.261791  2.71106 	Dead: 0
3.04842   0.0540796   0.274533  2.68651 	Dead: 0
3.00109   0.0364531   0.185053  2.68651 	Dead: 0
3.0456    0.0712171   0.361531  2.68651 	Dead: 0
3.01125   0.0409503   0.207883  2.68651 	Dead: 0
3.0438    0.0636472   0.323103  2.68651 	Dead: 0
2.99209   0.0338326   0.17175   2.68651 	Dead: 0
2.99278   0.040071    0.203419  2.68651 	Dead: 0
3.01836   0.0404048   0.205114  2.68651 	Dead: 0
2.99415   0.0402318   0.204235  2.68651 	Dead: 0
3.02615   0.0410429   0.208353  2.68651 	Dead: 0
3.05737   0.0835006   0.423888  2.68651 	Dead: 0
3.02887   0.0466433   0.236783  2.68651 	Dead: 0
3.03839   0.0547641   0.278008  2.68651 	Dead: 0
3.00063   0.038626    0.196083  2.68651 	Dead: 0
3.01698   0.0585012   0.296979  2.68651 	Dead: 0
3.02178   0.0432262   0.219437  2.68651 	Dead: 0
2.98788   0.0337003   0.171079  2.68651 	Dead: 0
2.99327   0.0351257   0.178314  2.68651 	Dead: 0
2.98956   0.0352084   0.178734  2.68651 	Dead: 0
3.02096   0.045638    0.23168   2.68651 	Dead: 0
2.99723   0.0414019   0.210176  2.68651 	Dead: 0
3.09684   0.103319    0.524496  2.68651 	Dead: 0
3.01126   0.0607314   0.308301  2.68651 	Dead: 0
