5.69483   0.152225    0.772765  4.40713 	Dead: 0
3.94156   0.0320784   0.162845  3.64161 	Dead: 0
3.8447    0.0328554   0.16679   3.57034 	Dead: 0
3.7772    0.0317603   0.16123   3.52434 	Dead: 0
3.66543   0.0358153   0.181815  3.29682 	Dead: 0
3.6115    0.0354889   0.180158  3.29682 	Dead: 0
3.44945   0.0431019   0.218805  3.08153 	Dead: 0
3.33274   0.0475157   0.241212  3.01703 	Dead: 0
3.29968   0.046747    0.237309  2.94503 	Dead: 0
3.27343   0.0387975   0.196954  2.94503 	Dead: 0
3.25415   0.0447571   0.227208  2.89227 	Dead: 0
3.20073   0.0566243   0.287451  2.82606 	Dead: 0
3.17857   0.053673    0.272469  2.82606 	Dead: 0
3.16862   0.0568835   0.288767  2.77788 	Dead: 0
3.19179   0.0571731   0.290238  2.77788 	Dead: 0
3.15552   0.0484481   0.245945  2.77788 	Dead: 0
3.13992   0.0524011   0.266013  2.77788 	Dead: 0
3.16627   0.0574943   0.291868  2.77788 	Dead: 0
3.13156   0.0490677   0.24909   2.77788 	Dead: 0
3.11844   0.0536197   0.272199  2.77788 	Dead: 0
3.12783   0.0492176   0.249852  2.77788 	Dead: 0
3.15842   0.0640103   0.324946  2.77788 	Dead: 0
3.11758   0.0422528   0.214495  2.77788 	Dead: 0
3.11429   0.048057    0.24396   2.77788 	Dead: 0
3.14429   0.0517231   0.262571  2.77788 	Dead: 0
3.16925   0.0609889   0.309608  2.77788 	Dead: 0
3.12272   0.0445722   0.226269  2.77788 	Dead: 0
3.12008   0.0531102   0.269612  2.75171 	Dead: 0
3.15365   0.0509622   0.258708  2.75171 	Dead: 0
3.12401   0.0478015   0.242663  2.74392 	Dead: 0
3.11156   0.043971    0.223218  2.74392 	Dead: 0
3.14133   0.0518452   0.26319   2.74392 	Dead: 0
3.11327   0.0501493   0.254581  2.74392 	Dead: 0
3.11395   0.0429764   0.218168  2.74392 	Dead: 0
3.09565   0.0462222   0.234645  2.65644 	Dead: 0
3.07157   0.0435392   0.221025  2.65644 	Dead: 0
3.11946   0.0589314   0.299163  2.65644 	Dead: 0
3.08437   0.0502535   0.25511   2.65644 	Dead: 0
3.09829   0.0461788   0.234425  2.65644 	Dead: 0
3.09428   0.0517638   0.262777  2.65644 	Dead: 0
3.08362   0.0528463   0.268272  2.65644 	Dead: 0
3.06861   0.0615024   0.312215  2.65644 	Dead: 0
3.06782   0.0469118   0.238146  2.65498 	Dead: 0
3.06061   0.0478577   0.242948  2.65498 	Dead: 0
3.05992   0.0524934   0.266481  2.54242 	Dead: 0
3.00218   0.0446012   0.226416  2.54242 	Dead: 0
3.04297   0.0553586   0.281026  2.54242 	Dead: 0
3.01366   0.0463302   0.235194  2.54242 	Dead: 0
3.01227   0.0526123   0.267084  2.54242 	Dead: 0
2.985     0.0525931   0.266987  2.54242 	Dead: 0
2.96417   0.0437954   0.222326  2.54242 	Dead: 0
2.98764   0.0536887   0.272549  2.54242 	Dead: 0
2.94831   0.0426031   0.216273  2.54242 	Dead: 0
2.97539   0.0573221   0.290994  2.54242 	Dead: 0
2.97116   0.0756473   0.384021  2.54242 	Dead: 0
2.94706   0.0656591   0.333316  2.54242 	Dead: 0
2.93168   0.0482797   0.24509   2.54242 	Dead: 0
2.91456   0.0448928   0.227897  2.54242 	Dead: 0
2.90749   0.0420257   0.213342  2.54242 	Dead: 0
2.89908   0.0485959   0.246695  2.54242 	Dead: 0
2.92977   0.0473557   0.2404    2.54242 	Dead: 0
2.91572   0.0553571   0.281018  2.54242 	Dead: 0
2.90365   0.0536784   0.272497  2.54242 	Dead: 0
2.91009   0.051414    0.261002  2.54242 	Dead: 0
2.92899   0.0638906   0.324338  2.54242 	Dead: 0
2.90871   0.0513135   0.260491  2.54057 	Dead: 0
2.92523   0.0686038   0.348265  2.54057 	Dead: 0
2.91578   0.073143    0.371308  2.44727 	Dead: 0
2.84317   0.0496359   0.251975  2.44727 	Dead: 0
2.86075   0.0557059   0.282789  2.44727 	Dead: 0
2.85393   0.0484227   0.245816  2.44727 	Dead: 0
2.87605   0.0733196   0.372205  2.44727 	Dead: 0
2.84427   0.0532682   0.270414  2.44727 	Dead: 0
2.89848   0.0717188   0.364078  2.44727 	Dead: 0
2.84336   0.0488465   0.247967  2.44727 	Dead: 0
2.84685   0.0467298   0.237222  2.44727 	Dead: 0
2.86153   0.0531694   0.269913  2.44727 	Dead: 0
2.85437   0.0633845   0.321769  2.44727 	Dead: 0
2.86033   0.0509718   0.258757  2.44727 	Dead: 0
2.85246   0.0461453   0.234255  2.44727 	Dead: 0
2.85539   0.0518183   0.263054  2.44727 	Dead: 0
2.84301   0.0514193   0.261028  2.44727 	Dead: 0
2.86364   0.0487367   0.24741   2.44451 	Dead: 0
2.83727   0.0544665   0.276497  2.44451 	Dead: 0
2.84602   0.0495375   0.251475  2.44451 	Dead: 0
2.85438   0.0609024   0.309169  2.44451 	Dead: 0
2.84249   0.0533643   0.270902  2.44451 	Dead: 0
2.78853   0.0437832   0.222264  2.44451 	Dead: 0
2.79794   0.0451572   0.229239  2.44451 	Dead: 0
2.86584   0.0644832   0.327347  2.39263 	Dead: 0
2.79473   0.0461985   0.234525  2.39263 	Dead: 0
2.80837   0.0510076   0.258939  2.39263 	Dead: 0
2.84325   0.0563993   0.286309  2.39263 	Dead: 0
2.84465   0.0659335   0.334709  2.39263 	Dead: 0
2.79521   0.0517334   0.262623  2.39263 	Dead: 0
2.83019   0.0755657   0.383607  2.39263 	Dead: 0
2.79968   0.0456241   0.231609  2.39263 	Dead: 0
2.82386   0.0705799   0.358297  2.39263 	Dead: 0
2.80677   0.0451553   0.22923   2.24531 	Dead: 0
2.8249    0.0567723   0.288203  2.24531 	Dead: 0
2.78759   0.0467886   0.237521  2.24531 	Dead: 0
