9.84298   0.110156    0.559202  8.24916 	Dead: 0
6.00711   0.0638197   0.323979  5.30567 	Dead: 0
5.01779   0.0455733   0.231351  4.49583 	Dead: 0
4.52572   0.0503475   0.255587  4.03136 	Dead: 0
3.87723   0.0455742   0.231356  3.49146 	Dead: 0
3.46269   0.0409249   0.207754  3.06449 	Dead: 0
3.32675   0.0464131   0.235615  2.94987 	Dead: 0
3.28434   0.0493532   0.25054   2.88729 	Dead: 0
3.21791   0.0479545   0.243439  2.79751 	Dead: 0
3.13728   0.0421695   0.214072  2.79751 	Dead: 0
3.11744   0.0451692   0.2293    2.77516 	Dead: 0
3.0553    0.0464541   0.235823  2.70334 	Dead: 0
3.01677   0.0467905   0.23753   2.62589 	Dead: 0
2.97454   0.0551843   0.280141  2.62589 	Dead: 0
2.93489   0.0423267   0.21487   2.62589 	Dead: 0
2.94088   0.0486488   0.246964  2.62589 	Dead: 0
2.88815   0.0388741   0.197343  2.62518 	Dead: 0
2.91996   0.0475453   0.241362  2.62518 	Dead: 0
2.87793   0.0431013   0.218802  2.58085 	Dead: 0
2.916     0.0542958   0.275631  2.58085 	Dead: 0
2.87271   0.0485927   0.246679  2.5071  	Dead: 0
2.85102   0.0513827   0.260843  2.5071  	Dead: 0
2.82383   0.0459647   0.233338  2.48678 	Dead: 0
2.77403   0.03876     0.196764  2.48678 	Dead: 0
2.79638   0.0472437   0.239831  2.48678 	Dead: 0
2.76615   0.0418193   0.212294  2.48678 	Dead: 0
2.81953   0.0612715   0.311043  2.48678 	Dead: 0
2.80358   0.0543883   0.2761    2.48678 	Dead: 0
2.79403   0.0501999   0.254838  2.48678 	Dead: 0
2.77833   0.0455576   0.231272  2.48678 	Dead: 0
2.76311   0.0506965   0.257359  2.48678 	Dead: 0
2.75983   0.0394145   0.200087  2.4114  	Dead: 0
2.80495   0.0617787   0.313618  2.4114  	Dead: 0
2.74948   0.0457104   0.232047  2.4114  	Dead: 0
2.77321   0.0473918   0.240583  2.4114  	Dead: 0
2.72301   0.0448105   0.227479  2.4114  	Dead: 0
2.70735   0.0430801   0.218695  2.4114  	Dead: 0
2.76053   0.0612245   0.310804  2.4114  	Dead: 0
2.72295   0.0484945   0.246181  2.37489 	Dead: 0
2.73262   0.0555874   0.282187  2.37489 	Dead: 0
2.71047   0.0491316   0.249415  2.37489 	Dead: 0
2.71572   0.0505045   0.256384  2.37489 	Dead: 0
2.71991   0.0541979   0.275134  2.37489 	Dead: 0
2.70699   0.0559821   0.284191  2.37489 	Dead: 0
2.70883   0.0457202   0.232097  2.37489 	Dead: 0
2.71079   0.0633164   0.321424  2.37113 	Dead: 0
2.74377   0.0610065   0.309697  2.37113 	Dead: 0
2.70665   0.0515023   0.26145   2.37113 	Dead: 0
2.67364   0.0435823   0.221244  2.37113 	Dead: 0
2.72032   0.0612393   0.310879  2.37113 	Dead: 0
2.68712   0.0480283   0.243814  2.37113 	Dead: 0
2.70441   0.0517463   0.262689  2.37113 	Dead: 0
2.73068   0.0500608   0.254132  2.37113 	Dead: 0
2.72292   0.0559688   0.284124  2.37113 	Dead: 0
2.66747   0.0395801   0.200927  2.37113 	Dead: 0
2.6828    0.0556598   0.282555  2.37113 	Dead: 0
2.69787   0.0540193   0.274227  2.37113 	Dead: 0
2.68682   0.0443839   0.225313  2.37113 	Dead: 0
2.70041   0.0526289   0.267169  2.37113 	Dead: 0
2.69126   0.0527713   0.267892  2.35369 	Dead: 0
2.6679    0.0443811   0.225299  2.35369 	Dead: 0
2.68665   0.0445337   0.226074  2.35369 	Dead: 0
2.72762   0.0576946   0.292885  2.35369 	Dead: 0
2.64491   0.0455607   0.231287  2.35369 	Dead: 0
2.64858   0.0438796   0.222753  2.3229  	Dead: 0
2.66487   0.0469316   0.238247  2.3229  	Dead: 0
2.65496   0.0513754   0.260805  2.30105 	Dead: 0
2.64188   0.0442125   0.224443  2.30105 	Dead: 0
2.63048   0.04325     0.219557  2.30105 	Dead: 0
2.63357   0.0453499   0.230217  2.30105 	Dead: 0
2.67281   0.0550206   0.27931   2.30105 	Dead: 0
2.68653   0.0538292   0.273262  2.30105 	Dead: 0
2.65953   0.0607361   0.308325  2.30105 	Dead: 0
2.66457   0.0504772   0.256246  2.30105 	Dead: 0
2.62737   0.0490578   0.24904   2.30105 	Dead: 0
2.63487   0.0464938   0.236024  2.30105 	Dead: 0
2.61214   0.050899    0.258387  2.30105 	Dead: 0
2.66512   0.0647992   0.328951  2.30105 	Dead: 0
2.60673   0.0450585   0.228738  2.30105 	Dead: 0
2.6414    0.0485536   0.246481  2.30105 	Dead: 0
2.56599   0.0381645   0.193741  2.30105 	Dead: 0
2.60483   0.0495305   0.25144   2.30105 	Dead: 0
2.60327   0.0435118   0.220886  2.29348 	Dead: 0
2.60683   0.057066    0.289694  2.26826 	Dead: 0
2.57447   0.0445551   0.226183  2.26826 	Dead: 0
2.55488   0.0460747   0.233897  2.26826 	Dead: 0
2.53698   0.0388107   0.197021  2.25929 	Dead: 0
2.57114   0.0528613   0.268349  2.25929 	Dead: 0
2.51961   0.0419035   0.212722  2.23512 	Dead: 0
2.53971   0.0447676   0.227261  2.23512 	Dead: 0
2.57261   0.056005    0.284308  2.23512 	Dead: 0
2.53675   0.0429441   0.218004  2.23512 	Dead: 0
2.55687   0.0532698   0.270422  2.22346 	Dead: 0
2.53535   0.0444545   0.225672  2.20146 	Dead: 0
2.54133   0.0480523   0.243936  2.20146 	Dead: 0
2.54349   0.0478038   0.242674  2.20146 	Dead: 0
2.54448   0.0514425   0.261146  2.20146 	Dead: 0
2.54267   0.0647179   0.328538  2.20146 	Dead: 0
2.52604   0.0487409   0.247431  2.20146 	Dead: 0
2.54398   0.0486301   0.246869  2.20146 	Dead: 0
2.52197   0.054685    0.277607  2.20146 	Dead: 0
