10.0486   0.102898    0.522357  8.93874 	Dead: 0
6.59325   0.0506303   0.257023  5.70262 	Dead: 0
5.49606   0.0608968   0.309141  4.87265 	Dead: 0
4.58558   0.0522312   0.26515   3.92846 	Dead: 0
4.00533   0.0443399   0.22509   3.61847 	Dead: 0
3.74151   0.0678984   0.344684  3.27603 	Dead: 0
3.49891   0.0591489   0.300268  2.89028 	Dead: 0
3.35304   0.0587795   0.298392  2.88125 	Dead: 0
3.28176   0.0545613   0.276979  2.87946 	Dead: 0
3.21905   0.0514298   0.261082  2.85089 	Dead: 0
3.19899   0.0507577   0.25767   2.85089 	Dead: 0
3.15075   0.0455625   0.231296  2.85089 	Dead: 0
3.10078   0.0514327   0.261096  2.80209 	Dead: 0
3.07619   0.048691    0.247178  2.74379 	Dead: 0
3.02188   0.049363    0.250589  2.70421 	Dead: 0
2.97261   0.0464424   0.235763  2.61119 	Dead: 0
2.99034   0.0664281   0.33722   2.54514 	Dead: 0
2.95153   0.0481695   0.244531  2.54514 	Dead: 0
2.95612   0.0528947   0.268518  2.54514 	Dead: 0
2.89058   0.0367465   0.186542  2.52524 	Dead: 0
2.87036   0.0421208   0.213825  2.52524 	Dead: 0
2.82779   0.0382919   0.194387  2.52524 	Dead: 0
2.84099   0.0533822   0.270993  2.52524 	Dead: 0
2.86247   0.0535689   0.271941  2.52524 	Dead: 0
2.84543   0.0530459   0.269286  2.42801 	Dead: 0
2.80831   0.0499757   0.2537    2.42801 	Dead: 0
2.85746   0.0566637   0.287652  2.42801 	Dead: 0
2.81766   0.0583297   0.296109  2.42801 	Dead: 0
2.78236   0.0443927   0.225358  2.42801 	Dead: 0
2.7937    0.0470414   0.238804  2.42801 	Dead: 0
2.81189   0.0510304   0.259054  2.42801 	Dead: 0
2.76649   0.0444341   0.225568  2.42801 	Dead: 0
2.80009   0.0521953   0.264968  2.42801 	Dead: 0
2.82521   0.0603393   0.306311  2.42801 	Dead: 0
2.78353   0.0616043   0.312732  2.42801 	Dead: 0
2.79475   0.04772     0.242249  2.42801 	Dead: 0
2.76612   0.0497836   0.252725  2.42801 	Dead: 0
2.74397   0.0443448   0.225115  2.42801 	Dead: 0
2.77734   0.0589275   0.299144  2.42801 	Dead: 0
2.79823   0.0607126   0.308205  2.42801 	Dead: 0
2.73852   0.0528533   0.268308  2.42801 	Dead: 0
2.76763   0.0540439   0.274352  2.42801 	Dead: 0
2.76707   0.0582561   0.295735  2.42801 	Dead: 0
2.77043   0.047617    0.241726  2.42801 	Dead: 0
2.78836   0.0591137   0.300089  2.42801 	Dead: 0
2.74752   0.0453589   0.230263  2.42801 	Dead: 0
2.74521   0.0456128   0.231552  2.42801 	Dead: 0
2.73019   0.0474613   0.240935  2.42801 	Dead: 0
2.74265   0.0541357   0.274818  2.39222 	Dead: 0
2.73202   0.0470847   0.239024  2.39222 	Dead: 0
2.72371   0.0497621   0.252616  2.39222 	Dead: 0
2.68558   0.0394479   0.200256  2.39222 	Dead: 0
2.69607   0.0457986   0.232495  2.39222 	Dead: 0
2.72681   0.0530169   0.269138  2.39222 	Dead: 0
2.70366   0.0528707   0.268396  2.39222 	Dead: 0
2.73241   0.0571237   0.289987  2.39222 	Dead: 0
2.71676   0.0548493   0.278441  2.39222 	Dead: 0
2.68976   0.04712     0.239203  2.39222 	Dead: 0
2.71215   0.0591464   0.300255  2.39222 	Dead: 0
2.71692   0.0566099   0.287378  2.38764 	Dead: 0
2.71326   0.0487666   0.247562  2.38764 	Dead: 0
2.73762   0.0654406   0.332207  2.38764 	Dead: 0
2.69762   0.0540521   0.274394  2.38764 	Dead: 0
2.70999   0.0512903   0.260373  2.33945 	Dead: 0
2.68597   0.0493822   0.250687  2.33945 	Dead: 0
2.7089    0.0455471   0.231218  2.33945 	Dead: 0
2.7172    0.0524633   0.266328  2.33945 	Dead: 0
2.72435   0.0627723   0.318662  2.33945 	Dead: 0
2.70845   0.057094    0.289836  2.33945 	Dead: 0
2.68268   0.0445329   0.22607   2.33945 	Dead: 0
2.71782   0.0612396   0.310881  2.33945 	Dead: 0
2.68241   0.0503526   0.255613  2.33945 	Dead: 0
2.68032   0.049579    0.251686  2.33945 	Dead: 0
2.68611   0.0472972   0.240103  2.33945 	Dead: 0
2.69519   0.0523117   0.265559  2.33945 	Dead: 0
2.71754   0.0614969   0.312187  2.33945 	Dead: 0
2.69852   0.0507499   0.25763   2.33945 	Dead: 0
2.70789   0.0541223   0.27475   2.33945 	Dead: 0
2.70019   0.0529403   0.26875   2.33945 	Dead: 0
2.67103   0.045443    0.23069   2.33945 	Dead: 0
2.64147   0.0341485   0.173354  2.33945 	Dead: 0
2.69211   0.0613766   0.311576  2.33945 	Dead: 0
2.67896   0.0496269   0.251929  2.33945 	Dead: 0
2.682     0.0577192   0.293009  2.32568 	Dead: 0
2.7133    0.0635436   0.322577  2.32568 	Dead: 0
2.67514   0.0524563   0.266293  2.32568 	Dead: 0
2.65782   0.0474773   0.241017  2.32568 	Dead: 0
2.70304   0.0505884   0.25681   2.32568 	Dead: 0
2.68493   0.0584202   0.296568  2.32568 	Dead: 0
2.68048   0.0450547   0.228719  2.32568 	Dead: 0
2.7141    0.0628128   0.318867  2.32568 	Dead: 0
2.69194   0.0516544   0.262222  2.32568 	Dead: 0
2.71374   0.0586589   0.29778   2.32568 	Dead: 0
2.67979   0.0489049   0.248264  2.32568 	Dead: 0
2.72972   0.0631099   0.320375  2.32568 	Dead: 0
2.68587   0.0488133   0.247799  2.32568 	Dead: 0
2.68912   0.056657    0.287617  2.32568 	Dead: 0
2.65479   0.0431213   0.218904  2.32568 	Dead: 0
2.71316   0.0633577   0.321633  2.32568 	Dead: 0
2.70288   0.0637618   0.323685  2.32568 	Dead: 0
2.68891   0.0546991   0.277678  2.32568 	Dead: 0
