10.8206   0.0730357   0.370763  9.83543 	Dead: 0
9.51289   0.0231937   0.117742  9.26849 	Dead: 0
9.13908   0.021528    0.109286  8.86844 	Dead: 0
9.00879   0.0227299   0.115387  8.78089 	Dead: 0
8.88532   0.0241075   0.122381  8.6655  	Dead: 0
8.74328   0.0198339   0.100686  8.51363 	Dead: 0
8.61531   0.0237655   0.120645  8.37601 	Dead: 0
8.48871   0.0249387   0.1266    8.2387  	Dead: 0
8.3221    0.024879    0.126298  8.11729 	Dead: 0
8.2628    0.0250931   0.127384  8.02982 	Dead: 0
8.16572   0.0273669   0.138927  7.91925 	Dead: 0
8.06694   0.0261288   0.132642  7.75853 	Dead: 0
7.9452    0.024328    0.1235    7.70025 	Dead: 0
7.86493   0.0274646   0.139423  7.60745 	Dead: 0
7.76959   0.0276769   0.140501  7.56443 	Dead: 0
7.71633   0.0284093   0.144219  7.39621 	Dead: 0
7.71227   0.030538    0.155025  7.39621 	Dead: 0
7.66324   0.0269809   0.136968  7.39621 	Dead: 0
7.61109   0.0303614   0.154129  7.2662  	Dead: 0
7.55485   0.0339093   0.17214   7.22638 	Dead: 0
7.48709   0.0323863   0.164408  7.22638 	Dead: 0
7.47272   0.0357251   0.181357  7.18082 	Dead: 0
7.43646   0.0346603   0.175952  7.16348 	Dead: 0
7.41006   0.0363723   0.184643  7.12249 	Dead: 0
7.33523   0.0356512   0.180982  6.94909 	Dead: 0
7.28257   0.0337502   0.171332  6.94909 	Dead: 0
7.23246   0.039777    0.201926  6.81759 	Dead: 0
7.13995   0.0370595   0.188131  6.81759 	Dead: 0
7.0581    0.0374915   0.190324  6.67467 	Dead: 0
6.91354   0.0365633   0.185612  6.58218 	Dead: 0
6.8481    0.0405665   0.205934  6.45673 	Dead: 0
6.81754   0.0444704   0.225753  6.45673 	Dead: 0
6.7705    0.0432991   0.219806  6.43116 	Dead: 0
6.73662   0.0417049   0.211714  6.37886 	Dead: 0
6.71414   0.0417237   0.211809  6.37083 	Dead: 0
6.72264   0.0454391   0.23067   6.36906 	Dead: 0
6.67793   0.0408076   0.207158  6.36481 	Dead: 0
6.65491   0.0442492   0.22463   6.35293 	Dead: 0
6.55662   0.0456685   0.231835  6.20268 	Dead: 0
6.44346   0.0482127   0.24475   6.05897 	Dead: 0
6.41514   0.0503535   0.255618  6.05277 	Dead: 0
6.36063   0.0498165   0.252892  5.94815 	Dead: 0
6.33251   0.0451176   0.229038  5.94815 	Dead: 0
6.34274   0.048967    0.248579  5.94507 	Dead: 0
6.32878   0.0530248   0.269179  5.92101 	Dead: 0
6.29562   0.0467515   0.237332  5.92101 	Dead: 0
6.29228   0.0482778   0.245081  5.92101 	Dead: 0
6.27921   0.0516315   0.262106  5.92101 	Dead: 0
6.27826   0.0512283   0.260059  5.87171 	Dead: 0
6.26509   0.0482319   0.244848  5.83888 	Dead: 0
6.26247   0.0544976   0.276655  5.82331 	Dead: 0
6.22958   0.0523822   0.265916  5.82331 	Dead: 0
6.18674   0.0489183   0.248332  5.7803  	Dead: 0
6.1584    0.0560638   0.284606  5.73352 	Dead: 0
6.20021   0.053139    0.269758  5.73352 	Dead: 0
6.2096    0.0570631   0.289679  5.73352 	Dead: 0
6.20156   0.0559041   0.283795  5.73352 	Dead: 0
6.18979   0.0577024   0.292924  5.73352 	Dead: 0
6.16225   0.0562912   0.285761  5.70323 	Dead: 0
6.15202   0.0582666   0.295789  5.70323 	Dead: 0
6.15078   0.0578697   0.293774  5.66102 	Dead: 0
6.10836   0.0600641   0.304913  5.66036 	Dead: 0
6.08934   0.0571765   0.290255  5.66036 	Dead: 0
6.102     0.0610546   0.309942  5.62866 	Dead: 0
6.07764   0.0618097   0.313775  5.48255 	Dead: 0
6.06473   0.062099    0.315243  5.48255 	Dead: 0
6.0227    0.0597762   0.303452  5.48255 	Dead: 0
5.98589   0.0585564   0.29726   5.48255 	Dead: 0
6.00902   0.0643117   0.326476  5.48255 	Dead: 0
5.97906   0.0742673   0.377015  5.48255 	Dead: 0
5.9022    0.0573753   0.291264  5.34046 	Dead: 0
5.91041   0.0643869   0.326858  5.34046 	Dead: 0
5.89616   0.0683817   0.347137  5.34046 	Dead: 0
5.87242   0.0722328   0.366687  5.34046 	Dead: 0
5.7448    0.05797     0.294283  5.317   	Dead: 0
5.81006   0.0760822   0.386229  5.27314 	Dead: 0
5.76868   0.0665251   0.337712  5.27314 	Dead: 0
5.74924   0.0708269   0.35955   5.16731 	Dead: 0
5.72472   0.0679698   0.345046  5.16731 	Dead: 0
5.72987   0.0701481   0.356105  5.16731 	Dead: 0
5.67861   0.0735651   0.373451  5.16731 	Dead: 0
5.65808   0.063477    0.322239  5.13789 	Dead: 0
5.66751   0.0723436   0.36725   5.13769 	Dead: 0
5.60218   0.0671469   0.340869  5.13769 	Dead: 0
5.65867   0.0759163   0.385386  5.13769 	Dead: 0
5.57333   0.0645838   0.327858  5.10058 	Dead: 0
5.57987   0.0729086   0.370118  5.10058 	Dead: 0
5.57962   0.0720244   0.36563   5.09958 	Dead: 0
5.54003   0.0734244   0.372736  5.09958 	Dead: 0
5.56913   0.0716803   0.363883  5.09958 	Dead: 0
5.48923   0.0742211   0.376781  4.99144 	Dead: 0
5.5115    0.0698662   0.354674  4.99144 	Dead: 0
5.49624   0.0688892   0.349714  4.99144 	Dead: 0
5.50654   0.0717142   0.364055  4.99144 	Dead: 0
5.53152   0.0838215   0.425517  4.92621 	Dead: 0
5.51621   0.080985    0.411118  4.92621 	Dead: 0
5.51395   0.0819589   0.416062  4.92621 	Dead: 0
5.53263   0.0742067   0.376708  4.92621 	Dead: 0
5.5193    0.0782846   0.397409  4.92621 	Dead: 0
5.54592   0.0801253   0.406753  4.92621 	Dead: 0
5.48806   0.0738636   0.374966  4.92621 	Dead: 0
