14.1814   0.0834426   0.423594  13.2632 	Dead: 0
12.2715   0.0507778   0.257772  11.6734 	Dead: 0
11.5663   0.0377755   0.191766  11.1431 	Dead: 0
11.2188   0.0502888   0.255289  10.8931 	Dead: 0
11.0265   0.0576828   0.292825  10.479  	Dead: 0
10.6641   0.0625892   0.317732  10.2999 	Dead: 0
9.82048   0.0377002   0.191384  9.52501 	Dead: 0
9.63253   0.054895    0.278673  9.33854 	Dead: 0
9.52806   0.0585648   0.297302  9.11996 	Dead: 0
9.44132   0.0445802   0.22631   9.11996 	Dead: 0
9.40454   0.0589852   0.299436  9.07434 	Dead: 0
9.40273   0.0726922   0.369019  8.97757 	Dead: 0
9.35454   0.0791298   0.4017    8.97757 	Dead: 0
9.31575   0.0731602   0.371395  8.87455 	Dead: 0
9.35562   0.0844617   0.428767  8.87455 	Dead: 0
9.29556   0.0690598   0.35058   8.82595 	Dead: 0
9.27638   0.0793119   0.402624  8.77257 	Dead: 0
9.18938   0.0802667   0.407471  8.77257 	Dead: 0
9.07956   0.0435157   0.220906  8.66398 	Dead: 0
9.0887    0.0835567   0.424173  8.64376 	Dead: 0
8.99529   0.0770963   0.391377  8.5864  	Dead: 0
8.97875   0.0687107   0.348808  8.55595 	Dead: 0
8.97185   0.0824428   0.418518  8.44133 	Dead: 0
8.91771   0.0669644   0.339943  8.44133 	Dead: 0
8.93564   0.082123    0.416895  8.44133 	Dead: 0
8.8222    0.0654021   0.332012  8.31196 	Dead: 0
8.8575    0.0904786   0.459312  8.31196 	Dead: 0
8.78639   0.0926586   0.470378  8.28623 	Dead: 0
8.73787   0.073214    0.371668  8.28623 	Dead: 0
8.7059    0.0798054   0.405129  8.28623 	Dead: 0
8.67878   0.0681856   0.346142  8.25684 	Dead: 0
8.66817   0.0555601   0.282049  8.25684 	Dead: 0
8.72196   0.084211    0.427494  8.25684 	Dead: 0
8.73899   0.0933613   0.473946  8.19915 	Dead: 0
8.65726   0.0826241   0.419439  8.19915 	Dead: 0
8.65441   0.0835014   0.423892  8.19915 	Dead: 0
8.65885   0.0898556   0.456149  8.19915 	Dead: 0
8.6741    0.107116    0.543771  8.19915 	Dead: 0
8.64693   0.0903222   0.458517  8.15601 	Dead: 0
8.59687   0.0673907   0.342107  8.15601 	Dead: 0
8.60094   0.0802881   0.40758   8.13708 	Dead: 0
8.57621   0.0573972   0.291375  8.12669 	Dead: 0
8.55279   0.0572304   0.290528  8.12669 	Dead: 0
8.58004   0.068363    0.347043  8.12669 	Dead: 0
8.6075    0.0817142   0.41482   8.12669 	Dead: 0
8.64561   0.0890789   0.452206  8.05972 	Dead: 0
8.58132   0.0861011   0.43709   8.05972 	Dead: 0
8.52755   0.0685741   0.348114  8.05972 	Dead: 0
8.49655   0.0548736   0.278564  8.04488 	Dead: 0
8.46971   0.0606799   0.308039  8.04488 	Dead: 0
8.55182   0.0852869   0.432956  8.04488 	Dead: 0
8.54194   0.0764818   0.388257  8.04488 	Dead: 0
8.50553   0.0720714   0.365868  8.04488 	Dead: 0
8.52807   0.0735577   0.373413  8.04488 	Dead: 0
8.52731   0.0871375   0.442351  7.88958 	Dead: 0
8.4309    0.0511071   0.259443  7.88958 	Dead: 0
8.5471    0.112327    0.570223  7.88958 	Dead: 0
8.46924   0.0748652   0.380051  7.88958 	Dead: 0
8.48447   0.0772584   0.3922    7.88958 	Dead: 0
8.51386   0.103539    0.525613  7.88958 	Dead: 0
8.43525   0.0717779   0.364378  7.88958 	Dead: 0
8.45057   0.0723557   0.367311  7.88958 	Dead: 0
8.45162   0.085345    0.433251  7.88958 	Dead: 0
8.4116    0.0778611   0.395259  7.88958 	Dead: 0
8.44873   0.0858842   0.435988  7.88958 	Dead: 0
8.38859   0.0813336   0.412887  7.88958 	Dead: 0
8.43335   0.0908644   0.46127   7.88958 	Dead: 0
8.46958   0.107927    0.547888  7.88958 	Dead: 0
8.39746   0.08419     0.427388  7.88958 	Dead: 0
8.37133   0.0796228   0.404203  7.88958 	Dead: 0
8.35564   0.0569595   0.289153  7.88958 	Dead: 0
8.40029   0.086817    0.440724  7.87627 	Dead: 0
8.33719   0.061826    0.313858  7.87627 	Dead: 0
8.44459   0.100869    0.512058  7.87627 	Dead: 0
8.34335   0.0691855   0.351218  7.87627 	Dead: 0
8.38931   0.0749095   0.380276  7.87627 	Dead: 0
8.39515   0.0706646   0.358727  7.87627 	Dead: 0
8.4017    0.0919152   0.466605  7.86571 	Dead: 0
8.36187   0.0789993   0.401037  7.86571 	Dead: 0
8.37375   0.0736683   0.373975  7.86571 	Dead: 0
8.31824   0.0684081   0.347271  7.86571 	Dead: 0
8.38538   0.073498    0.37311   7.86571 	Dead: 0
8.3899    0.0861362   0.437268  7.86571 	Dead: 0
8.40072   0.0898865   0.456306  7.86571 	Dead: 0
8.37954   0.0901143   0.457462  7.86571 	Dead: 0
8.30414   0.0647655   0.32878   7.83937 	Dead: 0
8.31721   0.0786621   0.399326  7.83937 	Dead: 0
8.33208   0.086732    0.440292  7.83937 	Dead: 0
8.38364   0.0954951   0.484778  7.83937 	Dead: 0
8.30493   0.0806568   0.409452  7.83937 	Dead: 0
8.27305   0.0770468   0.391125  7.78595 	Dead: 0
8.34276   0.0951394   0.482972  7.78595 	Dead: 0
8.18031   0.0573185   0.290975  7.78595 	Dead: 0
8.18234   0.0612576   0.310972  7.641   	Dead: 0
8.17448   0.0683594   0.347024  7.641   	Dead: 0
8.11412   0.0520629   0.264296  7.641   	Dead: 0
8.20788   0.0970645   0.492744  7.641   	Dead: 0
8.16756   0.0659341   0.334712  7.641   	Dead: 0
8.13134   0.0830855   0.421781  7.641   	Dead: 0
8.113     0.059476    0.301928  7.641   	Dead: 0
8.21166   0.104435    0.53016   7.641   	Dead: 0
