14.2987   0.0769861   0.390817  13.2329 	Dead: 0
12.7528   0.0405357   0.205778  12.3587 	Dead: 0
12.1283   0.0377309   0.19154   11.6951 	Dead: 0
11.8538   0.0432783   0.219701  11.4003 	Dead: 0
11.6803   0.039889    0.202495  11.3405 	Dead: 0
11.5868   0.0391362   0.198673  11.2374 	Dead: 0
11.4892   0.0465958   0.236542  11.1006 	Dead: 0
11.1981   0.038143    0.193632  10.8756 	Dead: 0
11.1091   0.045596    0.231467  10.662  	Dead: 0
10.9734   0.0397188   0.201631  10.5695 	Dead: 0
10.916    0.046724    0.237193  10.436  	Dead: 0
10.8936   0.0568125   0.288407  10.436  	Dead: 0
10.767    0.0723961   0.367516  10.0189 	Dead: 0
9.88591   0.0643476   0.326658  9.54234 	Dead: 0
9.7643    0.058525    0.2971    9.32147 	Dead: 0
9.61518   0.0428726   0.217641  9.27194 	Dead: 0
9.61044   0.0622342   0.31593   9.27194 	Dead: 0
9.5784    0.0742673   0.377016  9.14088 	Dead: 0
9.56499   0.0455231   0.231096  9.14088 	Dead: 0
9.51854   0.0586674   0.297823  9.14088 	Dead: 0
9.46709   0.0567672   0.288177  9.14088 	Dead: 0
9.48169   0.0645531   0.327702  9.10558 	Dead: 0
9.43352   0.0511054   0.259435  9.02537 	Dead: 0
9.40867   0.0452679   0.229801  9.02537 	Dead: 0
9.46231   0.074619    0.378801  9.02537 	Dead: 0
9.38795   0.054347    0.275891  8.99827 	Dead: 0
9.3882    0.0653062   0.331525  8.99494 	Dead: 0
9.35335   0.064696    0.328427  8.93769 	Dead: 0
9.29002   0.0589505   0.29926   8.93379 	Dead: 0
9.28987   0.0618155   0.313804  8.93379 	Dead: 0
9.23786   0.0591612   0.30033   8.93379 	Dead: 0
9.24001   0.0771492   0.391645  8.93353 	Dead: 0
9.19745   0.0590428   0.299729  8.90293 	Dead: 0
9.08551   0.0557631   0.283079  8.709   	Dead: 0
9.04441   0.0694767   0.352696  8.60672 	Dead: 0
8.9904    0.062233    0.315924  8.57462 	Dead: 0
8.97681   0.0796793   0.404489  8.45722 	Dead: 0
8.9889    0.090081    0.457293  8.45722 	Dead: 0
8.95867   0.0730885   0.371031  8.45722 	Dead: 0
8.87354   0.0555029   0.281759  8.45722 	Dead: 0
8.85069   0.0731866   0.371529  8.37125 	Dead: 0
8.50825   0.0686823   0.348663  8.09854 	Dead: 0
8.38859   0.0588615   0.298809  7.97173 	Dead: 0
8.2975    0.0535747   0.27197   7.89611 	Dead: 0
8.3107    0.0632034   0.32085   7.81966 	Dead: 0
8.28529   0.0668144   0.339181  7.81966 	Dead: 0
8.22964   0.0695597   0.353117  7.81966 	Dead: 0
8.26507   0.0862153   0.437669  7.81966 	Dead: 0
8.21225   0.0741813   0.376579  7.81879 	Dead: 0
8.27139   0.0929573   0.471895  7.8105  	Dead: 0
8.2535    0.0969811   0.492321  7.8105  	Dead: 0
8.15842   0.0945356   0.479907  7.49273 	Dead: 0
8.16044   0.0715468   0.363205  7.49273 	Dead: 0
8.09207   0.0739854   0.375584  7.49273 	Dead: 0
8.08794   0.0735646   0.373448  7.49273 	Dead: 0
8.1081    0.0918044   0.466042  7.49273 	Dead: 0
8.11126   0.0818581   0.41555   7.49273 	Dead: 0
8.00832   0.065215    0.331062  7.49273 	Dead: 0
7.96509   0.0555027   0.281758  7.49273 	Dead: 0
7.69699   0.0741526   0.376433  7.16561 	Dead: 0
7.6503    0.0943911   0.479173  7.1345  	Dead: 0
7.53047   0.101169    0.51358   7.03939 	Dead: 0
7.44198   0.0666052   0.338119  7.039   	Dead: 0
7.49164   0.0934566   0.474429  6.99436 	Dead: 0
7.40792   0.0949442   0.481981  6.9853  	Dead: 0
7.36107   0.0888062   0.450822  6.8264  	Dead: 0
7.25439   0.0792401   0.402259  6.81189 	Dead: 0
7.27399   0.100326    0.509301  6.81189 	Dead: 0
7.26232   0.117343    0.595686  6.73503 	Dead: 0
7.11665   0.0690619   0.35059   6.68437 	Dead: 0
7.10703   0.0883652   0.448583  6.68437 	Dead: 0
7.12328   0.102092    0.518267  6.62521 	Dead: 0
7.13371   0.107439    0.545412  6.62521 	Dead: 0
7.07651   0.0834303   0.423531  6.57475 	Dead: 0
7.14524   0.110168    0.559263  6.5693  	Dead: 0
7.08861   0.0926308   0.470237  6.5693  	Dead: 0
6.99718   0.0818714   0.415617  6.5693  	Dead: 0
7.04002   0.0839978   0.426412  6.5693  	Dead: 0
7.03447   0.0872055   0.442696  6.5693  	Dead: 0
7.03985   0.098371    0.499377  6.5693  	Dead: 0
7.09629   0.114866    0.583112  6.5693  	Dead: 0
6.96067   0.0724739   0.367911  6.5693  	Dead: 0
6.98628   0.0802642   0.407459  6.52841 	Dead: 0
6.98487   0.0789798   0.400938  6.51924 	Dead: 0
6.97389   0.0822208   0.417391  6.47207 	Dead: 0
6.87163   0.0804194   0.408247  6.47207 	Dead: 0
6.78001   0.0865711   0.439475  6.33863 	Dead: 0
6.8422    0.117765    0.597828  6.3194  	Dead: 0
6.74172   0.0897327   0.455525  6.30496 	Dead: 0
6.74826   0.108617    0.551393  6.206   	Dead: 0
6.7696    0.104924    0.532642  6.206   	Dead: 0
6.72596   0.0999501   0.507393  6.206   	Dead: 0
6.68598   0.0951775   0.483165  6.206   	Dead: 0
6.74307   0.128855    0.654126  6.206   	Dead: 0
6.80485   0.139377    0.707542  6.206   	Dead: 0
6.69535   0.102999    0.522871  6.18724 	Dead: 0
6.67908   0.0932584   0.473423  6.18724 	Dead: 0
6.60089   0.107044    0.543406  6.17644 	Dead: 0
6.67951   0.116074    0.589245  6.1649  	Dead: 0
6.65916   0.106627    0.54129   6.08244 	Dead: 0
6.59032   0.0945646   0.480054  6.08244 	Dead: 0
