5.3031    0.118177    0.599923  3.64847 	Dead: 0
2.96044   0.028345    0.143892  2.60095 	Dead: 0
2.7922    0.058646    0.297715  2.43547 	Dead: 0
2.68963   0.0308481   0.156599  2.43547 	Dead: 0
2.68531   0.051707    0.262489  2.43547 	Dead: 0
2.65023   0.0454446   0.230698  2.32039 	Dead: 0
2.55901   0.0356571   0.181012  2.32039 	Dead: 0
2.53368   0.0340902   0.173058  2.32039 	Dead: 0
2.51993   0.0336538   0.170842  2.28076 	Dead: 0
2.53815   0.0417494   0.211939  2.23199 	Dead: 0
2.55075   0.0437384   0.222037  2.23199 	Dead: 0
2.48333   0.0350299   0.177828  2.23199 	Dead: 0
2.51919   0.0528236   0.268157  2.23199 	Dead: 0
2.44872   0.0310232   0.157488  2.14977 	Dead: 0
2.4834    0.0519609   0.263778  2.14977 	Dead: 0
2.5055    0.0622304   0.31591   2.14977 	Dead: 0
2.44054   0.0485715   0.246571  2.14977 	Dead: 0
2.4248    0.0392258   0.199129  2.08265 	Dead: 0
2.42158   0.0400018   0.203068  2.08265 	Dead: 0
2.44404   0.055664    0.282576  2.08265 	Dead: 0
2.43482   0.0423397   0.214936  2.08265 	Dead: 0
2.39664   0.0399845   0.20298   2.08265 	Dead: 0
2.4021    0.0370413   0.188039  2.08265 	Dead: 0
2.41076   0.0547555   0.277964  2.08265 	Dead: 0
2.4103    0.0706364   0.358583  2.08265 	Dead: 0
2.33725   0.039111    0.198546  2.08265 	Dead: 0
2.36465   0.0400676   0.203402  2.08265 	Dead: 0
2.39161   0.0519832   0.263891  2.08265 	Dead: 0
2.41287   0.0641937   0.325877  2.08265 	Dead: 0
2.38801   0.0767045   0.389388  2.08265 	Dead: 0
2.37077   0.0420211   0.213319  2.08265 	Dead: 0
2.36725   0.044842    0.227639  2.07232 	Dead: 0
2.35209   0.0430991   0.218791  2.07232 	Dead: 0
2.37469   0.0478528   0.242923  2.07232 	Dead: 0
2.35653   0.0369961   0.187809  2.07232 	Dead: 0
2.34539   0.0385637   0.195767  2.07232 	Dead: 0
2.33217   0.0458078   0.232542  2.07232 	Dead: 0
2.40331   0.0633421   0.321554  2.07232 	Dead: 0
2.34965   0.0460852   0.23395   2.07232 	Dead: 0
2.38699   0.0579213   0.294036  2.07232 	Dead: 0
2.31784   0.0425833   0.216173  2.04158 	Dead: 0
2.32387   0.0400765   0.203447  2.04158 	Dead: 0
2.42118   0.0832347   0.422538  2.04158 	Dead: 0
2.31788   0.0433527   0.220079  2.04158 	Dead: 0
2.2929    0.0484578   0.245994  2.03942 	Dead: 0
2.29452   0.0562722   0.285664  2.02193 	Dead: 0
2.28718   0.0404051   0.205115  2.02193 	Dead: 0
2.29641   0.0678638   0.344508  2.02193 	Dead: 0
2.29662   0.0499501   0.25357   2.02193 	Dead: 0
2.26566   0.0392521   0.199262  2.01328 	Dead: 0
2.28361   0.0404831   0.205511  2.01328 	Dead: 0
2.26591   0.0435122   0.220888  2.01328 	Dead: 0
2.28855   0.0752482   0.381995  2.01328 	Dead: 0
2.24603   0.0454968   0.230963  2.01328 	Dead: 0
2.30424   0.0834103   0.42343   1.98976 	Dead: 0
2.28701   0.0549338   0.27887   1.98085 	Dead: 0
2.27754   0.0539444   0.273847  1.98085 	Dead: 0
2.23404   0.0481832   0.244601  1.94496 	Dead: 0
2.27121   0.0519191   0.263566  1.94496 	Dead: 0
2.29333   0.0637292   0.323519  1.94496 	Dead: 0
2.22844   0.0526599   0.267326  1.94496 	Dead: 0
2.2574    0.0785553   0.398784  1.94496 	Dead: 0
2.24883   0.0489184   0.248332  1.94496 	Dead: 0
2.21933   0.0402014   0.204081  1.94496 	Dead: 0
2.19798   0.0343303   0.174277  1.94496 	Dead: 0
2.25857   0.0538695   0.273466  1.94496 	Dead: 0
2.21746   0.0398743   0.202421  1.94496 	Dead: 0
2.28686   0.0700002   0.355354  1.94496 	Dead: 0
2.25716   0.0712694   0.361797  1.88616 	Dead: 0
2.21451   0.0453974   0.230459  1.88236 	Dead: 0
2.26218   0.0704219   0.357494  1.88236 	Dead: 0
2.18714   0.0393672   0.199846  1.88236 	Dead: 0
2.19562   0.0387165   0.196543  1.88236 	Dead: 0
2.20809   0.0446756   0.226794  1.88236 	Dead: 0
2.23482   0.0557663   0.283096  1.88236 	Dead: 0
2.28757   0.0819501   0.416017  1.88236 	Dead: 0
2.25061   0.0691453   0.351014  1.88236 	Dead: 0
2.22266   0.0505373   0.256551  1.88236 	Dead: 0
2.23291   0.0666965   0.338583  1.88236 	Dead: 0
2.21817   0.042344    0.214958  1.88236 	Dead: 0
2.22135   0.0492298   0.249914  1.88236 	Dead: 0
2.22562   0.0535327   0.271757  1.88236 	Dead: 0
2.16888   0.0445189   0.225999  1.88236 	Dead: 0
2.24553   0.0524253   0.266135  1.88236 	Dead: 0
2.21001   0.0475592   0.241433  1.88236 	Dead: 0
2.2711    0.0780113   0.396022  1.88236 	Dead: 0
2.18887   0.038205    0.193946  1.88236 	Dead: 0
2.23035   0.0468988   0.23808   1.88236 	Dead: 0
2.21733   0.0453059   0.229994  1.88236 	Dead: 0
2.19161   0.0442242   0.224503  1.88236 	Dead: 0
2.18894   0.0422346   0.214403  1.88236 	Dead: 0
2.20882   0.0473225   0.240231  1.88236 	Dead: 0
2.2049    0.05119     0.259864  1.88236 	Dead: 0
2.17931   0.047917    0.243249  1.88236 	Dead: 0
2.20469   0.0549085   0.278741  1.88236 	Dead: 0
2.2524    0.0732273   0.371736  1.87262 	Dead: 0
2.19104   0.0500824   0.254242  1.87262 	Dead: 0
2.16069   0.0446378   0.226602  1.87262 	Dead: 0
2.20025   0.0603879   0.306557  1.87262 	Dead: 0
2.16335   0.0393365   0.199691  1.87262 	Dead: 0
2.21898   0.0623408   0.316471  1.87262 	Dead: 0
