4.48791   0.151713    0.770166  3.30312 	Dead: 0
2.58821   0.0230693   0.117111  2.39565 	Dead: 0
2.5065    0.0300305   0.152449  2.33712 	Dead: 0
2.47533   0.0233116   0.118341  2.31666 	Dead: 0
2.44779   0.0219375   0.111365  2.27629 	Dead: 0
2.42919   0.0219507   0.111432  2.27629 	Dead: 0
2.43085   0.0233641   0.118607  2.26552 	Dead: 0
2.44175   0.0264015   0.134026  2.25755 	Dead: 0
2.42925   0.0242557   0.123133  2.25755 	Dead: 0
2.44345   0.0287705   0.146053  2.25755 	Dead: 0
2.42713   0.0264978   0.134515  2.21052 	Dead: 0
2.43541   0.036126    0.183392  2.21052 	Dead: 0
2.41526   0.0273718   0.138952  2.21052 	Dead: 0
2.42587   0.0254805   0.129351  2.21052 	Dead: 0
2.43607   0.0309274   0.157002  2.21052 	Dead: 0
2.41793   0.0273289   0.138734  2.21052 	Dead: 0
2.4406    0.0290634   0.14754   2.21052 	Dead: 0
2.39873   0.0240808   0.122246  2.21052 	Dead: 0
2.42208   0.027708    0.140659  2.21052 	Dead: 0
2.42257   0.0299616   0.152099  2.21052 	Dead: 0
2.42247   0.0321501   0.163209  2.21052 	Dead: 0
2.40026   0.0231875   0.117711  2.21052 	Dead: 0
2.40649   0.0241972   0.122836  2.21052 	Dead: 0
2.43307   0.0390306   0.198138  2.21052 	Dead: 0
2.40667   0.0274284   0.13924   2.21052 	Dead: 0
2.41111   0.0270455   0.137295  2.21052 	Dead: 0
2.41547   0.0241758   0.122728  2.21052 	Dead: 0
2.41125   0.0311044   0.1579    2.21052 	Dead: 0
2.39693   0.0252566   0.128214  2.21052 	Dead: 0
2.39674   0.0242093   0.122898  2.21052 	Dead: 0
2.38452   0.0240639   0.12216   2.21052 	Dead: 0
2.40365   0.0290822   0.147635  2.21052 	Dead: 0
2.36711   0.0218682   0.111013  2.21052 	Dead: 0
2.35801   0.0213222   0.108241  2.21052 	Dead: 0
2.37064   0.0231809   0.117677  2.21052 	Dead: 0
2.37333   0.0295271   0.149893  2.21052 	Dead: 0
2.35588   0.0213489   0.108377  2.20133 	Dead: 0
2.38188   0.0256874   0.130401  2.20133 	Dead: 0
2.36246   0.0224879   0.114159  2.20133 	Dead: 0
2.37204   0.025423    0.129059  2.20133 	Dead: 0
2.38579   0.0273118   0.138648  2.20133 	Dead: 0
2.37121   0.0262728   0.133373  2.20133 	Dead: 0
2.35394   0.0230718   0.117123  2.20133 	Dead: 0
2.3613    0.0243864   0.123797  2.20133 	Dead: 0
2.35207   0.0266184   0.135127  2.19873 	Dead: 0
2.35037   0.0265564   0.134813  2.16395 	Dead: 0
2.35944   0.0229225   0.116366  2.16395 	Dead: 0
2.35627   0.0259202   0.131583  2.15884 	Dead: 0
2.34551   0.0247535   0.12566   2.15884 	Dead: 0
2.34484   0.0305652   0.155163  2.14411 	Dead: 0
2.33445   0.0230745   0.117137  2.14411 	Dead: 0
2.35394   0.0303677   0.154161  2.14411 	Dead: 0
2.34142   0.0264497   0.134271  2.14411 	Dead: 0
2.35356   0.0307738   0.156222  2.14411 	Dead: 0
2.34779   0.027971    0.141994  2.14411 	Dead: 0
2.33552   0.0294704   0.149606  2.14411 	Dead: 0
2.32255   0.0252516   0.128189  2.14411 	Dead: 0
2.32231   0.0210269   0.106743  2.14411 	Dead: 0
2.32303   0.0226861   0.115165  2.14411 	Dead: 0
2.34436   0.029305    0.148766  2.14411 	Dead: 0
2.332     0.0302932   0.153782  2.14411 	Dead: 0
2.32757   0.0242294   0.123     2.14411 	Dead: 0
2.31184   0.0203993   0.103556  2.14411 	Dead: 0
2.34463   0.0300691   0.152645  2.14411 	Dead: 0
2.33259   0.0258744   0.131351  2.14411 	Dead: 0
2.31232   0.0208682   0.105937  2.14411 	Dead: 0
2.29492   0.0184953   0.093891  2.14411 	Dead: 0
2.32724   0.0268209   0.136155  2.14411 	Dead: 0
2.31299   0.0234986   0.11929   2.14411 	Dead: 0
2.31331   0.024229    0.122998  2.14411 	Dead: 0
2.32847   0.0247469   0.125627  2.14128 	Dead: 0
2.30631   0.022994    0.116728  2.14128 	Dead: 0
2.31776   0.0238958   0.121306  2.14128 	Dead: 0
2.31107   0.022123    0.112307  2.14128 	Dead: 0
2.31167   0.0230253   0.116887  2.14128 	Dead: 0
2.31146   0.0240702   0.122191  2.14128 	Dead: 0
2.32355   0.0225029   0.114235  2.14128 	Dead: 0
2.32208   0.0264904   0.134478  2.14128 	Dead: 0
2.3092    0.0269787   0.136956  2.14128 	Dead: 0
2.27647   0.0185498   0.0941675 2.14128 	Dead: 0
2.28505   0.0228258   0.115874  2.11572 	Dead: 0
2.32304   0.0321298   0.163106  2.11572 	Dead: 0
2.30409   0.0229432   0.11647   2.11572 	Dead: 0
2.30413   0.0242052   0.122877  2.11572 	Dead: 0
2.31234   0.026747    0.13578   2.11572 	Dead: 0
2.30683   0.0261539   0.13277   2.11572 	Dead: 0
2.29675   0.0230642   0.117085  2.11572 	Dead: 0
2.31561   0.0277717   0.140982  2.11572 	Dead: 0
2.31215   0.026632    0.135197  2.11572 	Dead: 0
2.29693   0.0205265   0.104202  2.11572 	Dead: 0
2.28653   0.0196758   0.0998837 2.11572 	Dead: 0
2.30807   0.0240388   0.122032  2.11572 	Dead: 0
2.31757   0.0384286   0.195081  2.11572 	Dead: 0
2.30801   0.0222145   0.112771  2.11572 	Dead: 0
2.30526   0.0223672   0.113546  2.11572 	Dead: 0
2.29565   0.0241844   0.122771  2.11572 	Dead: 0
2.29493   0.0219878   0.11162   2.11572 	Dead: 0
2.31318   0.0249643   0.12673   2.11572 	Dead: 0
2.30274   0.0236113   0.119862  2.11572 	Dead: 0
2.28038   0.019686    0.0999356 2.11572 	Dead: 0
2.28975   0.0213613   0.10844   2.11572 	Dead: 0
