6.83658   0.0773441   0.392635  5.89407 	Dead: 0
4.17441   0.0472206   0.239714  3.67085 	Dead: 0
3.88043   0.0448891   0.227878  3.48506 	Dead: 0
3.60844   0.0446844   0.226839  3.17978 	Dead: 0
3.44133   0.0435728   0.221196  3.07961 	Dead: 0
3.36244   0.0395671   0.200861  3.0625  	Dead: 0
3.30063   0.0428503   0.217528  2.86616 	Dead: 0
3.26611   0.0423813   0.215147  2.86616 	Dead: 0
3.23439   0.0431375   0.218986  2.84013 	Dead: 0
3.17961   0.0389653   0.197806  2.84013 	Dead: 0
3.19977   0.0452197   0.229557  2.84013 	Dead: 0
3.14141   0.0385793   0.195846  2.79173 	Dead: 0
3.14985   0.0491527   0.249522  2.79173 	Dead: 0
3.13193   0.0417992   0.212192  2.79173 	Dead: 0
3.133     0.0405032   0.205613  2.79173 	Dead: 0
3.1525    0.044165    0.224202  2.79173 	Dead: 0
3.1421    0.0451946   0.229429  2.79173 	Dead: 0
3.10863   0.0424669   0.215582  2.79173 	Dead: 0
3.08163   0.0395632   0.200841  2.79173 	Dead: 0
3.09992   0.0446277   0.226551  2.79021 	Dead: 0
3.07265   0.0407773   0.207005  2.7167  	Dead: 0
3.03885   0.0371627   0.188655  2.7167  	Dead: 0
3.04943   0.0479778   0.243558  2.70643 	Dead: 0
3.02692   0.0374619   0.190174  2.70643 	Dead: 0
3.03889   0.0409556   0.20791   2.67042 	Dead: 0
3.0388    0.0419811   0.213116  2.67042 	Dead: 0
3.03757   0.042966    0.218116  2.67042 	Dead: 0
3.01739   0.0401643   0.203893  2.67042 	Dead: 0
3.01305   0.0382042   0.193943  2.67042 	Dead: 0
3.02774   0.0416201   0.211283  2.67042 	Dead: 0
3.0562    0.0464614   0.23586   2.67042 	Dead: 0
3.02838   0.0408331   0.207288  2.67042 	Dead: 0
3.00855   0.0387343   0.196633  2.67042 	Dead: 0
3.02049   0.0416177   0.211271  2.67042 	Dead: 0
3.04599   0.0481153   0.244256  2.67042 	Dead: 0
3.05022   0.0477935   0.242622  2.67042 	Dead: 0
3.0239    0.0433037   0.21983   2.67042 	Dead: 0
3.02004   0.0417367   0.211875  2.67014 	Dead: 0
2.99361   0.0406494   0.206355  2.67014 	Dead: 0
3.03815   0.0464593   0.235849  2.67014 	Dead: 0
3.03532   0.0453362   0.230148  2.67014 	Dead: 0
2.99781   0.0370991   0.188332  2.67014 	Dead: 0
3.0145    0.0417176   0.211778  2.67014 	Dead: 0
3.02233   0.0443522   0.225153  2.67014 	Dead: 0
3.00784   0.0481657   0.244512  2.61133 	Dead: 0
2.99254   0.0454431   0.23069   2.61133 	Dead: 0
2.99694   0.0441516   0.224134  2.61133 	Dead: 0
3.00332   0.0446152   0.226488  2.61133 	Dead: 0
3.00996   0.0473144   0.24019   2.61133 	Dead: 0
2.97922   0.0439487   0.223104  2.61133 	Dead: 0
2.99642   0.0461143   0.234098  2.61133 	Dead: 0
2.98539   0.0443003   0.224889  2.61133 	Dead: 0
2.96839   0.0413164   0.209741  2.61133 	Dead: 0
3.00517   0.047331    0.240274  2.61133 	Dead: 0
3.02204   0.0502327   0.255005  2.61133 	Dead: 0
2.98076   0.0452545   0.229733  2.61133 	Dead: 0
2.97738   0.0424352   0.215421  2.61133 	Dead: 0
2.97069   0.0419783   0.213101  2.61133 	Dead: 0
2.98151   0.0457208   0.2321    2.61133 	Dead: 0
2.99847   0.0500394   0.254023  2.61133 	Dead: 0
2.99034   0.0437178   0.221932  2.61133 	Dead: 0
2.96136   0.0424638   0.215566  2.61133 	Dead: 0
2.98408   0.0457844   0.232423  2.61133 	Dead: 0
3.0083    0.0462472   0.234772  2.61133 	Dead: 0
2.97726   0.0468264   0.237713  2.61133 	Dead: 0
2.98088   0.0428672   0.217614  2.61133 	Dead: 0
2.96354   0.0423613   0.215046  2.61133 	Dead: 0
2.94849   0.0448335   0.227596  2.61133 	Dead: 0
2.97478   0.0483943   0.245672  2.61133 	Dead: 0
2.92883   0.0391151   0.198566  2.61133 	Dead: 0
2.96439   0.0464708   0.235907  2.61133 	Dead: 0
2.97731   0.047253    0.239878  2.61133 	Dead: 0
2.94467   0.0431539   0.219069  2.61133 	Dead: 0
2.96945   0.0449274   0.228073  2.60929 	Dead: 0
2.98181   0.0512208   0.260021  2.60929 	Dead: 0
2.92009   0.0400633   0.20338   2.60929 	Dead: 0
2.95567   0.0474703   0.240981  2.56184 	Dead: 0
2.93686   0.0450844   0.228869  2.56184 	Dead: 0
2.93665   0.0463679   0.235385  2.56184 	Dead: 0
2.92998   0.0449308   0.228089  2.56184 	Dead: 0
2.96825   0.0497737   0.252674  2.56184 	Dead: 0
2.95272   0.0472226   0.239724  2.56184 	Dead: 0
2.92616   0.0424311   0.2154    2.56184 	Dead: 0
2.96017   0.0538194   0.273212  2.56184 	Dead: 0
2.92463   0.0409755   0.208011  2.56184 	Dead: 0
2.95615   0.0460051   0.233543  2.56184 	Dead: 0
2.9338    0.045089    0.228893  2.56184 	Dead: 0
2.92322   0.0413053   0.209685  2.56184 	Dead: 0
2.94331   0.0495371   0.251473  2.56184 	Dead: 0
2.93537   0.0484654   0.246033  2.56184 	Dead: 0
2.94149   0.0462061   0.234564  2.56184 	Dead: 0
2.9459    0.0503537   0.255619  2.56184 	Dead: 0
2.9748    0.0497953   0.252784  2.56184 	Dead: 0
2.92052   0.0426925   0.216727  2.56184 	Dead: 0
2.90817   0.0455398   0.231181  2.56184 	Dead: 0
2.93154   0.0492858   0.250198  2.56184 	Dead: 0
2.91899   0.0470231   0.238711  2.56184 	Dead: 0
2.90712   0.0428564   0.217559  2.56184 	Dead: 0
2.90692   0.0425608   0.216058  2.56184 	Dead: 0
2.90367   0.0434217   0.220429  2.56184 	Dead: 0
2.91319   0.0445007   0.225906  2.56184 	Dead: 0
