16.4602   0.102358    0.519615  15.3094 	Dead: 0
14.4369   0.0368019   0.186823  14.0634 	Dead: 0
13.9745   0.0313602   0.159199  13.6148 	Dead: 0
13.7299   0.0312252   0.158514  13.301  	Dead: 0
13.379    0.0336461   0.170803  13.0131 	Dead: 0
13.2412   0.0389374   0.197664  12.9315 	Dead: 0
13.2061   0.0421972   0.214213  12.7481 	Dead: 0
13.1236   0.041528    0.210816  12.7481 	Dead: 0
13.0356   0.046414    0.235619  12.5554 	Dead: 0
12.8158   0.0424228   0.215358  12.2061 	Dead: 0
12.7745   0.0539699   0.273977  12.2061 	Dead: 0
12.73     0.0511774   0.2598    12.2061 	Dead: 0
12.7384   0.0509458   0.258625  12.2061 	Dead: 0
12.6961   0.0491499   0.249508  12.094  	Dead: 0
12.6953   0.0530082   0.269094  12.094  	Dead: 0
12.6011   0.0528971   0.268531  12.094  	Dead: 0
12.4952   0.056526    0.286953  11.9926 	Dead: 0
12.2844   0.0510614   0.259211  11.8454 	Dead: 0
12.1687   0.0545331   0.276836  11.6926 	Dead: 0
12.149    0.0559493   0.284025  11.679  	Dead: 0
12.1167   0.0603671   0.306451  11.679  	Dead: 0
12.055    0.0534018   0.271092  11.5214 	Dead: 0
11.9801   0.0639747   0.324766  11.3245 	Dead: 0
11.2462   0.0608105   0.308702  10.7551 	Dead: 0
10.822    0.0666756   0.338477  10.4248 	Dead: 0
10.7024   0.0490355   0.248927  10.2692 	Dead: 0
10.744    0.0830448   0.421574  10.2692 	Dead: 0
10.6504   0.0799219   0.405721  10.2641 	Dead: 0
10.6181   0.07178     0.364389  10.2118 	Dead: 0
10.4138   0.052103    0.264499  10.0559 	Dead: 0
10.4319   0.102838    0.522052  10.0225 	Dead: 0
10.3876   0.0945368   0.479913  10.0154 	Dead: 0
10.2794   0.06078     0.308548  9.96977 	Dead: 0
10.2683   0.0691125   0.350847  9.89396 	Dead: 0
10.2563   0.0814215   0.413334  9.82378 	Dead: 0
10.258    0.0808466   0.410415  9.68695 	Dead: 0
10.1918   0.0641625   0.325719  9.68695 	Dead: 0
10.1794   0.0630338   0.319989  9.68695 	Dead: 0
10.2326   0.0871372   0.442349  9.68695 	Dead: 0
10.227    0.0871286   0.442306  9.68695 	Dead: 0
10.2097   0.0935229   0.474766  9.68695 	Dead: 0
10.12     0.0684329   0.347397  9.68695 	Dead: 0
10.0451   0.0734184   0.372706  9.60086 	Dead: 0
10.0396   0.100257    0.508951  9.54413 	Dead: 0
9.98582   0.0913586   0.463779  9.52998 	Dead: 0
10.0016   0.106316    0.53971   9.47923 	Dead: 0
9.96638   0.0987087   0.501091  9.47923 	Dead: 0
9.9041    0.0755111   0.383329  9.47923 	Dead: 0
9.89967   0.0547811   0.278095  9.47923 	Dead: 0
9.94299   0.0951353   0.482951  9.44371 	Dead: 0
9.9105    0.0772816   0.392317  9.44371 	Dead: 0
9.86593   0.0754553   0.383046  9.44371 	Dead: 0
9.92526   0.0995986   0.505609  9.44371 	Dead: 0
9.92653   0.0908709   0.461303  9.44371 	Dead: 0
9.86448   0.0851418   0.432219  9.39857 	Dead: 0
9.64217   0.100633    0.51086   9.24083 	Dead: 0
9.59227   0.113838    0.577896  9.21309 	Dead: 0
9.51487   0.0817873   0.415191  9.15632 	Dead: 0
9.58711   0.108433    0.550459  9.09576 	Dead: 0
9.56389   0.0907537   0.460708  9.09576 	Dead: 0
9.50057   0.0687083   0.348795  9.09576 	Dead: 0
9.53013   0.0830473   0.421587  9.09576 	Dead: 0
9.64285   0.119373    0.605995  9.09576 	Dead: 0
9.56252   0.139149    0.706386  8.92583 	Dead: 0
9.49201   0.122203    0.620357  8.91316 	Dead: 0
9.27359   0.0880213   0.446837  8.77872 	Dead: 0
9.23474   0.101669    0.51612   8.77872 	Dead: 0
9.30445   0.134843    0.684525  8.77872 	Dead: 0
9.15907   0.0917748   0.465892  8.77872 	Dead: 0
9.24001   0.147639    0.749483  8.77872 	Dead: 0
9.17276   0.0996307   0.505772  8.72744 	Dead: 0
9.21806   0.113619    0.576783  8.72698 	Dead: 0
9.18863   0.12278     0.62329   8.67202 	Dead: 0
9.14398   0.102038    0.51799   8.67202 	Dead: 0
8.89829   0.129251    0.65614   8.45124 	Dead: 0
8.85692   0.157621    0.800159  8.40315 	Dead: 0
8.97657   0.188727    0.958066  8.38274 	Dead: 0
8.81683   0.160632    0.815443  8.36855 	Dead: 0
8.94163   0.204719    1.03925   8.36325 	Dead: 0
8.8305    0.165427    0.839786  8.34896 	Dead: 0
8.76612   0.148801    0.755385  8.34896 	Dead: 0
8.83942   0.168945    0.857644  8.34896 	Dead: 0
8.86766   0.17845     0.905893  8.2976  	Dead: 0
8.74466   0.160822    0.816408  8.2898  	Dead: 0
8.70461   0.155993    0.791892  8.24593 	Dead: 0
8.53612   0.0925133   0.469641  8.23334 	Dead: 0
8.59189   0.144405    0.733067  8.21589 	Dead: 0
8.56107   0.142085    0.721291  8.21589 	Dead: 0
8.61457   0.147843    0.75052   8.16158 	Dead: 0
8.53922   0.130709    0.663539  8.14389 	Dead: 0
8.58322   0.150683    0.764938  8.13575 	Dead: 0
8.60474   0.141895    0.720327  8.13575 	Dead: 0
8.53053   0.136904    0.69499   8.13575 	Dead: 0
8.54399   0.133817    0.679316  8.13575 	Dead: 0
8.64977   0.176707    0.897047  8.13575 	Dead: 0
8.54112   0.135742    0.689088  8.10617 	Dead: 0
8.66366   0.168042    0.853058  8.10617 	Dead: 0
8.64844   0.184604    0.937138  8.10617 	Dead: 0
8.52613   0.139684    0.709102  8.10617 	Dead: 0
8.57541   0.150611    0.764571  8.10617 	Dead: 0
8.62387   0.165952    0.842451  8.10617 	Dead: 0
