6.67107   0.143715    0.729563  5.07416 	Dead: 0
3.66512   0.048327    0.245331  3.26449 	Dead: 0
3.40747   0.051158    0.259702  2.92928 	Dead: 0
3.30224   0.0543544   0.275928  2.92928 	Dead: 0
3.23249   0.0430992   0.218792  2.92928 	Dead: 0
3.24281   0.0492829   0.250183  2.91268 	Dead: 0
3.15571   0.0393332   0.199674  2.83427 	Dead: 0
3.11971   0.0401385   0.203762  2.83427 	Dead: 0
3.11717   0.0417283   0.211832  2.83427 	Dead: 0
3.08855   0.0486561   0.247001  2.77477 	Dead: 0
3.06372   0.0469715   0.238449  2.68056 	Dead: 0
2.99082   0.0398129   0.202109  2.68056 	Dead: 0
2.96004   0.0469161   0.238168  2.61438 	Dead: 0
2.98617   0.0486654   0.247048  2.61438 	Dead: 0
2.90359   0.042128    0.213861  2.61438 	Dead: 0
2.88432   0.0407882   0.20706   2.60631 	Dead: 0
2.87228   0.0412083   0.209193  2.53694 	Dead: 0
2.8738    0.0445909   0.226364  2.53694 	Dead: 0
2.88866   0.0496286   0.251938  2.52102 	Dead: 0
2.88252   0.0451722   0.229315  2.52102 	Dead: 0
2.87176   0.0425135   0.215818  2.52102 	Dead: 0
2.87872   0.0472109   0.239665  2.52102 	Dead: 0
2.85477   0.0485885   0.246658  2.52102 	Dead: 0
2.85656   0.0427816   0.21718   2.52102 	Dead: 0
2.85052   0.0471025   0.239114  2.52102 	Dead: 0
2.85827   0.0458012   0.232508  2.52102 	Dead: 0
2.84428   0.0467779   0.237467  2.50581 	Dead: 0
2.88083   0.0498443   0.253033  2.50581 	Dead: 0
2.84959   0.0483611   0.245504  2.50581 	Dead: 0
2.87269   0.0545452   0.276897  2.50581 	Dead: 0
2.85251   0.0424803   0.21565   2.50581 	Dead: 0
2.83872   0.0441518   0.224135  2.50581 	Dead: 0
2.80671   0.039815    0.20212   2.50581 	Dead: 0
2.87421   0.049467    0.251118  2.50581 	Dead: 0
2.8739    0.0518202   0.263064  2.50581 	Dead: 0
2.8389    0.0461835   0.234449  2.48027 	Dead: 0
2.85595   0.0457513   0.232255  2.48027 	Dead: 0
2.84564   0.0479951   0.243646  2.48027 	Dead: 0
2.82802   0.0463853   0.235474  2.48027 	Dead: 0
2.8179    0.0463331   0.235209  2.48027 	Dead: 0
2.85921   0.0615422   0.312417  2.48027 	Dead: 0
2.83429   0.0437404   0.222047  2.48027 	Dead: 0
2.84512   0.0444511   0.225654  2.48027 	Dead: 0
2.83145   0.0455185   0.231073  2.48027 	Dead: 0
2.83486   0.0438364   0.222534  2.48027 	Dead: 0
2.83647   0.0433739   0.220186  2.48027 	Dead: 0
2.83463   0.0452355   0.229637  2.48027 	Dead: 0
2.8424    0.0462757   0.234917  2.48027 	Dead: 0
2.81482   0.0418677   0.21254   2.48027 	Dead: 0
2.79706   0.039816    0.202125  2.48027 	Dead: 0
2.8291    0.0493796   0.250674  2.48027 	Dead: 0
2.83097   0.0452112   0.229513  2.48027 	Dead: 0
2.81974   0.0424304   0.215397  2.48027 	Dead: 0
2.83576   0.0434901   0.220776  2.48027 	Dead: 0
2.83569   0.0511648   0.259736  2.48027 	Dead: 0
2.83443   0.0448898   0.227882  2.48027 	Dead: 0
2.79199   0.0395877   0.200965  2.48027 	Dead: 0
2.79422   0.0396675   0.201371  2.48027 	Dead: 0
2.79105   0.0391846   0.198919  2.48027 	Dead: 0
2.82212   0.047579    0.241533  2.48027 	Dead: 0
2.82931   0.0485548   0.246487  2.48027 	Dead: 0
2.79351   0.0402296   0.204224  2.46999 	Dead: 0
2.7956    0.0413962   0.210147  2.46999 	Dead: 0
2.78966   0.0409628   0.207946  2.46999 	Dead: 0
2.79243   0.0437736   0.222215  2.46999 	Dead: 0
2.83769   0.0469565   0.238373  2.46999 	Dead: 0
2.8268    0.0500185   0.253917  2.46999 	Dead: 0
2.81602   0.0460919   0.233984  2.46999 	Dead: 0
2.80356   0.0422608   0.214536  2.46999 	Dead: 0
2.80255   0.0418017   0.212205  2.46999 	Dead: 0
2.80995   0.0442809   0.22479   2.46999 	Dead: 0
2.81233   0.0462689   0.234883  2.46999 	Dead: 0
2.81974   0.0426598   0.216561  2.46999 	Dead: 0
2.81403   0.0434912   0.220782  2.46999 	Dead: 0
2.79965   0.0412422   0.209365  2.46999 	Dead: 0
2.81187   0.0439804   0.223265  2.46999 	Dead: 0
2.78859   0.0416734   0.211553  2.46999 	Dead: 0
2.81606   0.043542    0.22104   2.46999 	Dead: 0
2.79799   0.0427178   0.216855  2.46999 	Dead: 0
2.81063   0.0450129   0.228507  2.46999 	Dead: 0
2.8179    0.0466469   0.236802  2.46999 	Dead: 0
2.8057    0.040581    0.206008  2.46999 	Dead: 0
2.82114   0.0521792   0.264886  2.46999 	Dead: 0
2.80531   0.049506    0.251315  2.46999 	Dead: 0
2.82783   0.0529858   0.268981  2.46999 	Dead: 0
2.80915   0.0458153   0.23258   2.46999 	Dead: 0
2.78055   0.0398217   0.202153  2.46999 	Dead: 0
2.81345   0.0472914   0.240073  2.46999 	Dead: 0
2.79232   0.0430538   0.218561  2.46999 	Dead: 0
2.80609   0.0423838   0.21516   2.46999 	Dead: 0
2.80872   0.044438    0.225588  2.46999 	Dead: 0
2.79853   0.0416524   0.211447  2.46999 	Dead: 0
2.77748   0.0404225   0.205203  2.46999 	Dead: 0
2.83017   0.0566369   0.287515  2.46999 	Dead: 0
2.79655   0.0419328   0.21287   2.46999 	Dead: 0
2.78389   0.0439197   0.222957  2.46999 	Dead: 0
2.79551   0.0414587   0.210463  2.46545 	Dead: 0
2.79299   0.0416507   0.211438  2.46545 	Dead: 0
2.76469   0.0401898   0.204022  2.46545 	Dead: 0
2.77353   0.0440402   0.223568  2.46545 	Dead: 0
2.81321   0.0485461   0.246443  2.46545 	Dead: 0
