6.58385   0.163281    0.828893  4.9082  	Dead: 0
3.66414   0.04562     0.231588  3.17377 	Dead: 0
3.347     0.0420966   0.213702  2.94765 	Dead: 0
3.23741   0.0438932   0.222822  2.89022 	Dead: 0
3.15936   0.0377925   0.191853  2.83818 	Dead: 0
3.12936   0.0375327   0.190534  2.73162 	Dead: 0
3.07369   0.0332405   0.168744  2.73162 	Dead: 0
3.09464   0.043846    0.222583  2.73162 	Dead: 0
3.06693   0.043494    0.220796  2.73162 	Dead: 0
3.02988   0.0416836   0.211605  2.73162 	Dead: 0
3.05115   0.045977    0.233401  2.71218 	Dead: 0
3.01872   0.0394489   0.200261  2.70433 	Dead: 0
3.02355   0.0461783   0.234422  2.67355 	Dead: 0
3.0324    0.0466993   0.237067  2.67355 	Dead: 0
3.01752   0.0466059   0.236593  2.64629 	Dead: 0
2.99362   0.0470272   0.238732  2.64629 	Dead: 0
3.01164   0.0491237   0.249375  2.64629 	Dead: 0
2.99388   0.049117    0.249341  2.64629 	Dead: 0
2.9922    0.0443412   0.225097  2.64629 	Dead: 0
2.96855   0.0490868   0.249188  2.59806 	Dead: 0
2.95475   0.0415402   0.210877  2.59806 	Dead: 0
2.94133   0.0406371   0.206293  2.59806 	Dead: 0
2.93823   0.0458952   0.232986  2.58034 	Dead: 0
2.95174   0.0471505   0.239358  2.58034 	Dead: 0
2.91168   0.0426125   0.216321  2.58034 	Dead: 0
2.90242   0.0466762   0.23695   2.58034 	Dead: 0
2.90275   0.0412907   0.209611  2.58034 	Dead: 0
2.91049   0.0451012   0.228955  2.58034 	Dead: 0
2.92209   0.046432    0.235711  2.56557 	Dead: 0
2.94418   0.0508197   0.257984  2.56557 	Dead: 0
2.91504   0.0442979   0.224877  2.56557 	Dead: 0
2.89881   0.0449113   0.227991  2.56557 	Dead: 0
2.90083   0.0400747   0.203438  2.56557 	Dead: 0
2.90924   0.0391874   0.198934  2.56557 	Dead: 0
2.87602   0.0401838   0.203992  2.56557 	Dead: 0
2.9053    0.0419224   0.212817  2.56557 	Dead: 0
2.88432   0.0387109   0.196514  2.56557 	Dead: 0
2.88934   0.0422267   0.214363  2.56557 	Dead: 0
2.91198   0.0497507   0.252558  2.56557 	Dead: 0
2.88829   0.0444643   0.225722  2.56557 	Dead: 0
2.88248   0.0497669   0.25264   2.56557 	Dead: 0
2.90019   0.0499665   0.253653  2.56557 	Dead: 0
2.87445   0.0400722   0.203425  2.56557 	Dead: 0
2.89639   0.0481257   0.244308  2.56557 	Dead: 0
2.88237   0.049864    0.253133  2.56557 	Dead: 0
2.90695   0.049736    0.252483  2.56557 	Dead: 0
2.9007    0.0419096   0.212753  2.56557 	Dead: 0
2.90158   0.0504425   0.256069  2.56557 	Dead: 0
2.89529   0.0429613   0.218092  2.56557 	Dead: 0
2.88294   0.0451846   0.229378  2.56557 	Dead: 0
2.90166   0.0452907   0.229917  2.56013 	Dead: 0
2.83059   0.040466    0.205424  2.56013 	Dead: 0
2.86118   0.043146    0.219029  2.56013 	Dead: 0
2.87384   0.0486672   0.247057  2.54811 	Dead: 0
2.82761   0.0351318   0.178345  2.54811 	Dead: 0
2.87638   0.0470849   0.239025  2.54218 	Dead: 0
2.86504   0.0479601   0.243468  2.54218 	Dead: 0
2.83818   0.045433    0.230639  2.54218 	Dead: 0
2.79973   0.0379138   0.192468  2.54218 	Dead: 0
2.82844   0.0433252   0.219939  2.52853 	Dead: 0
2.84568   0.0528364   0.268222  2.52853 	Dead: 0
2.83074   0.0451137   0.229018  2.52853 	Dead: 0
2.82682   0.0509789   0.258793  2.52853 	Dead: 0
2.79355   0.0359788   0.182645  2.52853 	Dead: 0
2.78903   0.0402858   0.204509  2.52853 	Dead: 0
2.82622   0.0427529   0.217033  2.52853 	Dead: 0
2.80976   0.0426633   0.216579  2.46824 	Dead: 0
2.82849   0.0473567   0.240405  2.46824 	Dead: 0
2.78863   0.0395199   0.200622  2.46824 	Dead: 0
2.7734    0.0338432   0.171804  2.46824 	Dead: 0
2.79452   0.0442591   0.22468   2.46824 	Dead: 0
2.77556   0.0478156   0.242735  2.44321 	Dead: 0
2.79538   0.046383    0.235462  2.44321 	Dead: 0
2.75769   0.037765    0.191713  2.44321 	Dead: 0
2.7606    0.0440327   0.22353   2.44321 	Dead: 0
2.79167   0.045158    0.229243  2.44321 	Dead: 0
2.75381   0.0371652   0.188668  2.44321 	Dead: 0
2.75126   0.0406737   0.206478  2.44321 	Dead: 0
2.74079   0.0448269   0.227562  2.44321 	Dead: 0
2.74542   0.0388622   0.197282  2.44321 	Dead: 0
2.76427   0.0398888   0.202494  2.44321 	Dead: 0
2.7167    0.0372733   0.189217  2.34241 	Dead: 0
2.72754   0.0462333   0.234702  2.34241 	Dead: 0
2.70926   0.0364579   0.185077  2.34241 	Dead: 0
2.72938   0.0396196   0.201128  2.34241 	Dead: 0
2.74834   0.0437628   0.22216   2.34241 	Dead: 0
2.70721   0.0447963   0.227407  2.34241 	Dead: 0
2.7121    0.0402598   0.204378  2.34241 	Dead: 0
2.69198   0.0339258   0.172223  2.34241 	Dead: 0
2.71656   0.0471712   0.239463  2.34241 	Dead: 0
2.69637   0.0362223   0.183881  2.34241 	Dead: 0
2.71494   0.0415218   0.210784  2.34241 	Dead: 0
2.69524   0.0361503   0.183516  2.34241 	Dead: 0
2.71241   0.04377     0.222197  2.34241 	Dead: 0
2.69124   0.0377938   0.191859  2.34241 	Dead: 0
2.72341   0.0448483   0.227671  2.34241 	Dead: 0
2.71      0.0404804   0.205497  2.34241 	Dead: 0
2.72443   0.0475476   0.241374  2.34241 	Dead: 0
2.69644   0.0416727   0.21155   2.34241 	Dead: 0
2.71535   0.0515565   0.261725  2.34241 	Dead: 0
2.6933    0.0429559   0.218064  2.34241 	Dead: 0
