8.80142   0.0400164   0.203142  8.17355 	Dead: 0
7.33978   0.0480057   0.243699  6.83898 	Dead: 0
6.82735   0.0433529   0.220079  6.40811 	Dead: 0
6.43232   0.0432425   0.219519  6.02457 	Dead: 0
6.38091   0.0500696   0.254177  5.94154 	Dead: 0
6.25413   0.0379861   0.192835  5.84752 	Dead: 0
6.2595    0.0531189   0.269656  5.84752 	Dead: 0
6.16189   0.047829    0.242802  5.80054 	Dead: 0
6.13079   0.0492047   0.249786  5.75884 	Dead: 0
6.06673   0.0470089   0.238639  5.75884 	Dead: 0
6.07993   0.0560844   0.284711  5.64769 	Dead: 0
6.01498   0.0469888   0.238537  5.64769 	Dead: 0
5.99878   0.0509455   0.258623  5.63999 	Dead: 0
5.94634   0.0470831   0.239016  5.54353 	Dead: 0
5.94459   0.0507612   0.257688  5.54353 	Dead: 0
5.92581   0.046687    0.237005  5.53475 	Dead: 0
5.94371   0.0526083   0.267064  5.53475 	Dead: 0
5.88486   0.0451272   0.229086  5.53475 	Dead: 0
5.88838   0.046375    0.235421  5.50336 	Dead: 0
5.86038   0.0464589   0.235847  5.50336 	Dead: 0
5.85752   0.0480308   0.243827  5.43131 	Dead: 0
5.81726   0.0456008   0.231491  5.36289 	Dead: 0
5.81417   0.0516725   0.262314  5.36289 	Dead: 0
5.74402   0.0463341   0.235214  5.36289 	Dead: 0
5.73537   0.0485954   0.246693  5.36289 	Dead: 0
5.71716   0.0464671   0.235889  5.36289 	Dead: 0
5.71445   0.0516894   0.262399  5.36289 	Dead: 0
5.70579   0.0492041   0.249783  5.36289 	Dead: 0
5.70778   0.0484078   0.24574   5.31099 	Dead: 0
5.74217   0.0582008   0.295454  5.28939 	Dead: 0
5.69196   0.0530247   0.269178  5.28939 	Dead: 0
5.70662   0.0593469   0.301272  5.28939 	Dead: 0
5.68508   0.0499536   0.253588  5.28322 	Dead: 0
5.66379   0.0521016   0.264492  5.28322 	Dead: 0
5.67144   0.0551808   0.280124  5.28322 	Dead: 0
5.66445   0.0590768   0.299901  5.1884  	Dead: 0
5.65758   0.0498409   0.253016  5.1884  	Dead: 0
5.66926   0.0545252   0.276795  5.1884  	Dead: 0
5.64424   0.0504601   0.256159  5.1884  	Dead: 0
5.60248   0.0493017   0.250278  5.1884  	Dead: 0
5.61918   0.0483711   0.245554  5.1884  	Dead: 0
5.61916   0.0568865   0.288782  5.1884  	Dead: 0
5.59418   0.0459812   0.233422  5.1884  	Dead: 0
5.57257   0.0460555   0.233799  5.1884  	Dead: 0
5.55959   0.0487232   0.247342  5.1884  	Dead: 0
5.58908   0.0493489   0.250518  5.1884  	Dead: 0
5.53677   0.0430818   0.218703  5.17844 	Dead: 0
5.5461    0.04978     0.252706  5.17844 	Dead: 0
5.54666   0.0533126   0.27064   5.15591 	Dead: 0
5.53128   0.0483373   0.245383  5.15591 	Dead: 0
5.54307   0.0515817   0.261853  5.15591 	Dead: 0
5.52257   0.047609    0.241686  5.15275 	Dead: 0
5.51872   0.050556    0.256646  5.14829 	Dead: 0
5.5413    0.0575168   0.291982  5.14829 	Dead: 0
5.50758   0.0463286   0.235186  5.14829 	Dead: 0
5.50284   0.0467556   0.237353  5.14829 	Dead: 0
5.51582   0.0521321   0.264647  5.06797 	Dead: 0
5.47815   0.0482944   0.245165  5.06797 	Dead: 0
5.45686   0.0464129   0.235614  5.06797 	Dead: 0
5.48255   0.0505513   0.256622  5.06797 	Dead: 0
5.51786   0.0542859   0.27558   5.06797 	Dead: 0
5.48278   0.0523311   0.265657  5.06797 	Dead: 0
5.49321   0.0502454   0.255069  5.06797 	Dead: 0
5.48741   0.0512702   0.260272  5.06797 	Dead: 0
5.50933   0.0547842   0.27811   5.06797 	Dead: 0
5.4836    0.0488496   0.247983  5.06797 	Dead: 0
5.51851   0.0531242   0.269683  5.06797 	Dead: 0
5.46769   0.0502973   0.255332  5.06797 	Dead: 0
5.47915   0.052003    0.263992  5.06797 	Dead: 0
5.47518   0.0535452   0.271821  5.06797 	Dead: 0
5.48364   0.0554265   0.281371  5.06797 	Dead: 0
5.48504   0.046471    0.235909  5.06797 	Dead: 0
5.48152   0.0515197   0.261538  5.04917 	Dead: 0
5.5048    0.053256    0.270352  5.04917 	Dead: 0
5.47302   0.0465416   0.236267  5.04917 	Dead: 0
5.43828   0.0483558   0.245477  5.04917 	Dead: 0
5.47214   0.0501446   0.254557  5.04917 	Dead: 0
5.47697   0.0565229   0.286937  5.04917 	Dead: 0
5.47138   0.0559768   0.284164  5.04917 	Dead: 0
5.49637   0.0579122   0.29399   5.04917 	Dead: 0
5.45842   0.0497577   0.252593  5.04917 	Dead: 0
5.43163   0.0494972   0.251271  5.04917 	Dead: 0
5.48818   0.0579823   0.294345  5.04917 	Dead: 0
5.46883   0.055597    0.282236  5.04917 	Dead: 0
5.47931   0.0565125   0.286884  5.04917 	Dead: 0
5.47357   0.0523022   0.26551   5.04917 	Dead: 0
5.46311   0.0531345   0.269736  5.04917 	Dead: 0
5.466     0.0547182   0.277775  5.04917 	Dead: 0
5.43357   0.0532154   0.270146  4.91637 	Dead: 0
5.44497   0.0548245   0.278315  4.91637 	Dead: 0
5.46126   0.055926    0.283907  4.91637 	Dead: 0
5.45619   0.0586348   0.297658  4.91637 	Dead: 0
5.45924   0.0543298   0.275803  4.91637 	Dead: 0
5.47476   0.0578666   0.293758  4.91637 	Dead: 0
5.44888   0.0536741   0.272475  4.91637 	Dead: 0
5.47141   0.057554    0.292171  4.91637 	Dead: 0
5.45912   0.0587588   0.298287  4.91637 	Dead: 0
5.451     0.049756    0.252584  4.91637 	Dead: 0
5.45253   0.0524519   0.26627   4.91637 	Dead: 0
5.46699   0.0524849   0.266438  4.91637 	Dead: 0
5.46724   0.0545597   0.276971  4.91637 	Dead: 0
