6.76383   0.12073     0.612882  5.36251 	Dead: 0
3.22541   0.0254024   0.128954  2.9656  	Dead: 0
3.15618   0.0358377   0.181929  2.92194 	Dead: 0
3.05709   0.032827    0.166645  2.76887 	Dead: 0
3.00725   0.0327811   0.166412  2.67246 	Dead: 0
3.0226    0.0378306   0.192046  2.67246 	Dead: 0
2.97791   0.0390952   0.198466  2.64076 	Dead: 0
2.90974   0.0342007   0.173619  2.58894 	Dead: 0
2.90645   0.032167    0.163295  2.58894 	Dead: 0
2.91838   0.0402046   0.204097  2.58894 	Dead: 0
2.91048   0.0375564   0.190654  2.58894 	Dead: 0
2.90278   0.0401102   0.203618  2.57993 	Dead: 0
2.8902    0.0373041   0.189373  2.57993 	Dead: 0
2.87232   0.0375405   0.190573  2.57993 	Dead: 0
2.88566   0.0407932   0.207085  2.57993 	Dead: 0
2.87085   0.0391755   0.198873  2.57993 	Dead: 0
2.86662   0.0396469   0.201266  2.56512 	Dead: 0
2.84493   0.0357517   0.181492  2.56512 	Dead: 0
2.83292   0.0354251   0.179834  2.52253 	Dead: 0
2.82027   0.0342705   0.173973  2.52253 	Dead: 0
2.83671   0.0390865   0.198421  2.52253 	Dead: 0
2.81976   0.0389699   0.197829  2.52253 	Dead: 0
2.82695   0.03906     0.198287  2.52253 	Dead: 0
2.82711   0.0412398   0.209352  2.52253 	Dead: 0
2.79915   0.0378581   0.192185  2.52253 	Dead: 0
2.78595   0.0364249   0.18491   2.52253 	Dead: 0
2.77756   0.0362469   0.184006  2.52253 	Dead: 0
2.77986   0.0386987   0.196453  2.52253 	Dead: 0
2.78355   0.0363846   0.184705  2.52253 	Dead: 0
2.7691    0.0329896   0.167471  2.51815 	Dead: 0
2.76333   0.0364802   0.185191  2.50883 	Dead: 0
2.76386   0.0356473   0.180962  2.50883 	Dead: 0
2.77662   0.0387999   0.196966  2.42574 	Dead: 0
2.79061   0.040082    0.203475  2.42574 	Dead: 0
2.77502   0.0363682   0.184622  2.42574 	Dead: 0
2.77582   0.0431149   0.218871  2.42574 	Dead: 0
2.77399   0.0369608   0.18763   2.42574 	Dead: 0
2.7864    0.0436813   0.221747  2.42574 	Dead: 0
2.7535    0.035005    0.177702  2.42574 	Dead: 0
2.75662   0.0359084   0.182288  2.42574 	Dead: 0
2.77723   0.0413171   0.209745  2.42574 	Dead: 0
2.76668   0.0364646   0.185111  2.42574 	Dead: 0
2.77347   0.0394287   0.200159  2.42574 	Dead: 0
2.76695   0.034482    0.175047  2.42574 	Dead: 0
2.77589   0.0406704   0.206462  2.42574 	Dead: 0
2.75098   0.0374189   0.189956  2.42574 	Dead: 0
2.75404   0.0408371   0.207308  2.42574 	Dead: 0
2.75623   0.0373621   0.189668  2.42574 	Dead: 0
2.743     0.0367748   0.186686  2.42574 	Dead: 0
2.74822   0.0401188   0.203662  2.42574 	Dead: 0
2.7577    0.0413393   0.209858  2.42574 	Dead: 0
2.70876   0.0318943   0.161911  2.42574 	Dead: 0
2.73759   0.0360826   0.183172  2.42574 	Dead: 0
2.72686   0.0360749   0.183133  2.34022 	Dead: 0
2.73474   0.0379226   0.192513  2.34022 	Dead: 0
2.70373   0.0362999   0.184275  2.34022 	Dead: 0
2.70632   0.042421    0.215349  2.34022 	Dead: 0
2.71976   0.0404629   0.205409  2.34022 	Dead: 0
2.70793   0.035697    0.181215  2.34022 	Dead: 0
2.70604   0.035002    0.177686  2.34022 	Dead: 0
2.69466   0.0347102   0.176205  2.34022 	Dead: 0
2.68894   0.0313653   0.159225  2.34022 	Dead: 0
2.70972   0.0359712   0.182607  2.34022 	Dead: 0
2.7164    0.0392325   0.199163  2.34022 	Dead: 0
2.6991    0.0353998   0.179706  2.34022 	Dead: 0
2.70341   0.0346006   0.175649  2.34022 	Dead: 0
2.69763   0.0370804   0.188237  2.34022 	Dead: 0
2.70759   0.0389171   0.197561  2.34022 	Dead: 0
2.68456   0.0377732   0.191754  2.34022 	Dead: 0
2.6641    0.0365962   0.185779  2.34022 	Dead: 0
2.66247   0.04029     0.204531  2.34022 	Dead: 0
2.66216   0.0354443   0.179932  2.34022 	Dead: 0
2.6735    0.0373479   0.189595  2.34022 	Dead: 0
2.66436   0.0413541   0.209933  2.34022 	Dead: 0
2.63248   0.0373303   0.189506  2.30737 	Dead: 0
2.57158   0.036076    0.183139  2.28267 	Dead: 0
2.55377   0.0389304   0.197629  2.28267 	Dead: 0
2.49834   0.0284403   0.144376  2.28267 	Dead: 0
2.50989   0.0309558   0.157146  2.28267 	Dead: 0
2.51259   0.0296289   0.15041   2.28267 	Dead: 0
2.49042   0.0285993   0.145183  2.28267 	Dead: 0
2.49943   0.0314124   0.159464  2.23146 	Dead: 0
2.4914    0.0323049   0.163995  2.23146 	Dead: 0
2.47678   0.0322189   0.163558  2.22104 	Dead: 0
2.47946   0.0340289   0.172746  2.22104 	Dead: 0
2.47276   0.0296144   0.150337  2.22104 	Dead: 0
2.49223   0.0332841   0.168965  2.22104 	Dead: 0
2.45949   0.0307706   0.156206  2.22104 	Dead: 0
2.45896   0.0296319   0.150425  2.22104 	Dead: 0
2.45817   0.0313364   0.159078  2.13805 	Dead: 0
2.46133   0.0319568   0.162227  2.13805 	Dead: 0
2.45757   0.0331542   0.168306  2.13805 	Dead: 0
2.43619   0.0316294   0.160566  2.13805 	Dead: 0
2.42043   0.0270402   0.137269  2.13805 	Dead: 0
2.46871   0.0392674   0.19934   2.13805 	Dead: 0
2.45423   0.0344207   0.174735  2.13805 	Dead: 0
2.44947   0.0323076   0.164009  2.13805 	Dead: 0
2.45348   0.0347238   0.176274  2.13805 	Dead: 0
2.44646   0.0340577   0.172893  2.13805 	Dead: 0
2.43296   0.0322967   0.163953  2.13805 	Dead: 0
2.45524   0.0352498   0.178945  2.13805 	Dead: 0
