6.88885   0.115522    0.586445  5.28789 	Dead: 0
3.3644    0.0306897   0.155795  3.0121  	Dead: 0
3.19441   0.0351625   0.178501  2.88639 	Dead: 0
3.07278   0.0335527   0.170329  2.79175 	Dead: 0
2.98605   0.0318619   0.161746  2.57153 	Dead: 0
2.94914   0.0373087   0.189397  2.52923 	Dead: 0
2.82669   0.0324639   0.164802  2.52923 	Dead: 0
2.80355   0.0361938   0.183736  2.45443 	Dead: 0
2.77059   0.0368744   0.187192  2.45443 	Dead: 0
2.74419   0.033168    0.168376  2.45443 	Dead: 0
2.69423   0.0319364   0.162124  2.4309  	Dead: 0
2.6915    0.0385729   0.195814  2.40598 	Dead: 0
2.69232   0.0372589   0.189143  2.40598 	Dead: 0
2.70646   0.037357    0.189642  2.40598 	Dead: 0
2.68779   0.0394125   0.200076  2.40598 	Dead: 0
2.67643   0.0406219   0.206216  2.40598 	Dead: 0
2.65309   0.0342378   0.173807  2.40598 	Dead: 0
2.67509   0.0386916   0.196417  2.29458 	Dead: 0
2.66399   0.0402326   0.204239  2.29458 	Dead: 0
2.59697   0.0377287   0.191528  2.23953 	Dead: 0
2.59839   0.0422128   0.214292  2.23953 	Dead: 0
2.58466   0.0386077   0.195991  2.23953 	Dead: 0
2.54382   0.0354528   0.179975  2.23953 	Dead: 0
2.53844   0.0325503   0.165241  2.23953 	Dead: 0
2.51651   0.0318533   0.161702  2.23694 	Dead: 0
2.5193    0.038787    0.196901  2.23694 	Dead: 0
2.52147   0.0430553   0.218569  2.22058 	Dead: 0
2.51134   0.0383388   0.194626  2.22058 	Dead: 0
2.50873   0.037175    0.188718  2.22058 	Dead: 0
2.48758   0.0336824   0.170988  2.22058 	Dead: 0
2.4938    0.0395051   0.200546  2.22058 	Dead: 0
2.4886    0.0373104   0.189405  2.22058 	Dead: 0
2.50312   0.0379792   0.1928    2.22058 	Dead: 0
2.49657   0.0410703   0.208492  2.10616 	Dead: 0
2.48927   0.0411253   0.208771  2.10616 	Dead: 0
2.477     0.0408763   0.207507  2.08484 	Dead: 0
2.49488   0.0418339   0.212369  2.08484 	Dead: 0
2.49029   0.0407455   0.206843  2.08484 	Dead: 0
2.47928   0.0427861   0.217202  2.08484 	Dead: 0
2.46929   0.0393528   0.199773  2.08484 	Dead: 0
2.42863   0.0329148   0.167091  2.08484 	Dead: 0
2.45463   0.0417259   0.21182   2.08484 	Dead: 0
2.45365   0.037482    0.190276  2.08484 	Dead: 0
2.44767   0.0405487   0.205844  2.04938 	Dead: 0
2.41818   0.0370856   0.188264  2.04938 	Dead: 0
2.38587   0.0347824   0.176572  2.04938 	Dead: 0
2.37323   0.0390764   0.19837   2.04109 	Dead: 0
2.33615   0.0321496   0.163206  2.04109 	Dead: 0
2.34926   0.0376067   0.190909  2.03915 	Dead: 0
2.32451   0.0358056   0.181766  2.00815 	Dead: 0
2.26836   0.0319709   0.162299  2.00815 	Dead: 0
2.25996   0.0301538   0.153075  1.98199 	Dead: 0
2.26902   0.0344748   0.17501   1.98199 	Dead: 0
2.2697    0.0371897   0.188792  1.98199 	Dead: 0
2.26649   0.0350199   0.177778  1.98199 	Dead: 0
2.2448    0.0387439   0.196682  1.96424 	Dead: 0
2.24893   0.037548    0.190611  1.96424 	Dead: 0
2.25306   0.0409895   0.208082  1.96424 	Dead: 0
2.24635   0.0375003   0.190369  1.96424 	Dead: 0
2.23455   0.0359781   0.182642  1.96424 	Dead: 0
2.26101   0.0378394   0.192091  1.96424 	Dead: 0
2.24746   0.0407006   0.206615  1.96424 	Dead: 0
2.24684   0.0370347   0.188005  1.96424 	Dead: 0
2.23222   0.0351347   0.17836   1.96424 	Dead: 0
2.23829   0.0380905   0.193365  1.90822 	Dead: 0
2.22741   0.0363748   0.184656  1.90822 	Dead: 0
2.25078   0.0419879   0.21315   1.90822 	Dead: 0
2.24917   0.0384367   0.195123  1.90822 	Dead: 0
2.23442   0.0365012   0.185297  1.90822 	Dead: 0
2.23222   0.0373543   0.189628  1.90822 	Dead: 0
2.2254    0.033054    0.167798  1.90822 	Dead: 0
2.25569   0.041871    0.212557  1.90822 	Dead: 0
2.24293   0.036989    0.187773  1.90822 	Dead: 0
2.22709   0.0343416   0.174334  1.90822 	Dead: 0
2.25297   0.0430175   0.218377  1.90822 	Dead: 0
2.24612   0.0432234   0.219422  1.90822 	Dead: 0
2.24378   0.0392674   0.19934   1.90822 	Dead: 0
2.23702   0.0390571   0.198272  1.90822 	Dead: 0
2.26566   0.0441387   0.224069  1.90822 	Dead: 0
2.22281   0.0358704   0.182095  1.90822 	Dead: 0
2.23907   0.0402352   0.204253  1.90822 	Dead: 0
2.20809   0.0342707   0.173974  1.90822 	Dead: 0
2.2405    0.0434515   0.22058   1.90822 	Dead: 0
2.25664   0.0469664   0.238423  1.90822 	Dead: 0
2.21907   0.0371283   0.18848   1.90822 	Dead: 0
2.2035    0.034135    0.173285  1.90822 	Dead: 0
2.23241   0.0356133   0.18079   1.90822 	Dead: 0
2.22893   0.0396785   0.201427  1.90822 	Dead: 0
2.22535   0.0353514   0.17946   1.90822 	Dead: 0
2.22541   0.0369067   0.187355  1.90822 	Dead: 0
2.22666   0.0340118   0.17266   1.90822 	Dead: 0
2.2054    0.0319598   0.162243  1.90822 	Dead: 0
2.21125   0.0349353   0.177348  1.90822 	Dead: 0
2.24895   0.0424122   0.215304  1.90822 	Dead: 0
2.23197   0.0377463   0.191618  1.90822 	Dead: 0
2.21003   0.0382086   0.193964  1.90822 	Dead: 0
2.22687   0.0403463   0.204817  1.90822 	Dead: 0
2.20416   0.0409621   0.207943  1.90822 	Dead: 0
2.245     0.0448409   0.227633  1.90822 	Dead: 0
2.20737   0.0374348   0.190037  1.90822 	Dead: 0
2.22178   0.0375236   0.190487  1.90822 	Dead: 0
