6.84958   0.101802    0.516794  5.60432 	Dead: 0
4.77952   0.0400865   0.203498  4.44413 	Dead: 0
4.55984   0.0298923   0.151747  4.27954 	Dead: 0
4.52451   0.0327323   0.166165  4.17363 	Dead: 0
4.49072   0.0327493   0.166251  4.17363 	Dead: 0
4.4751    0.0342953   0.174099  4.17363 	Dead: 0
4.45346   0.0328597   0.166811  4.17363 	Dead: 0
4.45542   0.033075    0.167904  4.17363 	Dead: 0
4.44503   0.0312443   0.158611  4.17363 	Dead: 0
4.43343   0.0319526   0.162206  4.17363 	Dead: 0
4.44223   0.0324988   0.164979  4.17363 	Dead: 0
4.42783   0.0320766   0.162836  4.17363 	Dead: 0
4.44069   0.032975    0.167397  4.17363 	Dead: 0
4.45096   0.0355437   0.180437  4.17363 	Dead: 0
4.46026   0.0350112   0.177733  4.17363 	Dead: 0
4.45627   0.0357      0.18123   4.17363 	Dead: 0
4.46233   0.0365947   0.185772  4.10109 	Dead: 0
4.44085   0.0384625   0.195253  4.10109 	Dead: 0
4.43884   0.0352462   0.178926  4.10109 	Dead: 0
4.41368   0.0352012   0.178698  4.10109 	Dead: 0
4.43912   0.0393373   0.199695  4.10109 	Dead: 0
4.43084   0.0367736   0.18668   4.10109 	Dead: 0
4.41709   0.0334793   0.169957  4.10109 	Dead: 0
4.4339    0.0367885   0.186755  4.10109 	Dead: 0
4.42785   0.0346918   0.176112  4.10109 	Dead: 0
4.39565   0.032519    0.165082  4.10109 	Dead: 0
4.40963   0.0339142   0.172165  4.10109 	Dead: 0
4.40139   0.0326924   0.165962  4.10109 	Dead: 0
4.40955   0.0355954   0.180699  4.10109 	Dead: 0
4.43188   0.0375317   0.190529  4.10109 	Dead: 0
4.42223   0.0386782   0.196349  4.10109 	Dead: 0
4.41221   0.0355724   0.180582  4.10109 	Dead: 0
4.42255   0.0371395   0.188537  4.10109 	Dead: 0
4.39472   0.0355701   0.18057   4.08774 	Dead: 0
4.399     0.0346267   0.175781  4.08774 	Dead: 0
4.38448   0.0321542   0.16323   4.08774 	Dead: 0
4.41845   0.0368582   0.187109  4.08774 	Dead: 0
4.40292   0.0367047   0.18633   4.08774 	Dead: 0
4.41949   0.0383364   0.194613  4.08774 	Dead: 0
4.41184   0.0325803   0.165393  4.08774 	Dead: 0
4.40439   0.0349014   0.177176  4.08774 	Dead: 0
4.41864   0.0374266   0.189995  4.08774 	Dead: 0
4.41      0.0333283   0.16919   4.08774 	Dead: 0
4.41741   0.0376688   0.191224  4.08774 	Dead: 0
4.43594   0.0397069   0.201571  4.08774 	Dead: 0
4.41594   0.0388408   0.197174  4.08774 	Dead: 0
4.40781   0.036301    0.184281  4.08774 	Dead: 0
4.40186   0.0340466   0.172836  4.08774 	Dead: 0
4.39593   0.0333429   0.169264  4.08774 	Dead: 0
4.40103   0.0349891   0.177621  4.08774 	Dead: 0
4.4034    0.0368923   0.187283  4.02495 	Dead: 0
4.40118   0.0373537   0.189625  4.02495 	Dead: 0
4.39352   0.0345577   0.175431  4.02495 	Dead: 0
4.39493   0.0333731   0.169418  4.02495 	Dead: 0
4.39246   0.033596    0.170549  4.02495 	Dead: 0
4.38264   0.0328951   0.166991  4.02495 	Dead: 0
4.42543   0.0402176   0.204163  4.02495 	Dead: 0
4.40655   0.0377275   0.191522  4.02495 	Dead: 0
4.37536   0.0355249   0.180341  4.02495 	Dead: 0
4.39188   0.0356798   0.181127  4.02495 	Dead: 0
4.37722   0.0322305   0.163617  4.02495 	Dead: 0
4.3955    0.0372352   0.189023  4.02495 	Dead: 0
4.3903    0.0324196   0.164577  4.02495 	Dead: 0
4.38699   0.0358693   0.182089  4.02495 	Dead: 0
4.38087   0.0360138   0.182823  4.02495 	Dead: 0
4.39161   0.0358016   0.181746  4.02495 	Dead: 0
4.39384   0.0369068   0.187356  4.02495 	Dead: 0
4.40531   0.036536    0.185474  4.02495 	Dead: 0
4.39055   0.0365336   0.185462  4.02495 	Dead: 0
4.36908   0.0356188   0.180818  4.02495 	Dead: 0
4.41424   0.0398924   0.202512  4.02495 	Dead: 0
4.39268   0.0357263   0.181363  4.02495 	Dead: 0
4.39201   0.0377969   0.191874  4.02495 	Dead: 0
4.40719   0.041139    0.208841  4.02495 	Dead: 0
4.39383   0.0373373   0.189542  4.02495 	Dead: 0
4.37666   0.0347987   0.176655  4.02495 	Dead: 0
4.40228   0.0395679   0.200865  4.02495 	Dead: 0
4.38217   0.0399344   0.202726  4.02495 	Dead: 0
4.37574   0.0358722   0.182104  4.02495 	Dead: 0
4.3911    0.0394477   0.200255  4.02495 	Dead: 0
4.3939    0.0365133   0.185358  4.02495 	Dead: 0
4.3757    0.0335873   0.170505  4.02495 	Dead: 0
4.39062   0.0368871   0.187256  4.02495 	Dead: 0
4.39476   0.0378667   0.192229  4.02495 	Dead: 0
4.39107   0.037629    0.191023  4.02495 	Dead: 0
4.41306   0.0393553   0.199786  4.02495 	Dead: 0
4.40242   0.0386327   0.196118  4.02495 	Dead: 0
4.38742   0.0387432   0.196678  4.02495 	Dead: 0
4.37811   0.036451    0.185042  4.02495 	Dead: 0
4.39377   0.0391176   0.198579  4.02495 	Dead: 0
4.36977   0.0366485   0.186045  4.02495 	Dead: 0
4.35609   0.0346678   0.17599   4.02495 	Dead: 0
4.3697    0.0371112   0.188394  4.02495 	Dead: 0
4.38835   0.0390546   0.19826   4.02495 	Dead: 0
4.36044   0.0342208   0.173721  4.02495 	Dead: 0
4.36823   0.0375496   0.190619  4.02495 	Dead: 0
4.37863   0.0401171   0.203653  4.02495 	Dead: 0
4.37494   0.03417     0.173463  4.02495 	Dead: 0
4.35824   0.0343153   0.1742    4.02495 	Dead: 0
4.3566    0.0352137   0.178761  4.02495 	Dead: 0
4.36135   0.0343577   0.174416  4.02495 	Dead: 0
