6.82536   0.0880434   0.446949  5.79269 	Dead: 0
4.66156   0.0303032   0.153833  4.36692 	Dead: 0
4.52466   0.0339491   0.172342  4.20396 	Dead: 0
4.50118   0.0346987   0.176147  4.20396 	Dead: 0
4.4616    0.0328674   0.16685   4.17638 	Dead: 0
4.46113   0.0352242   0.178814  4.17638 	Dead: 0
4.46484   0.039047    0.198221  4.12612 	Dead: 0
4.46648   0.037269    0.189195  4.12612 	Dead: 0
4.45752   0.0362302   0.183921  4.12612 	Dead: 0
4.46165   0.0391921   0.198957  4.12612 	Dead: 0
4.45058   0.0356747   0.181102  4.12612 	Dead: 0
4.41382   0.0286657   0.14552   4.12612 	Dead: 0
4.44062   0.0357171   0.181317  4.12612 	Dead: 0
4.45895   0.0399651   0.202882  4.12612 	Dead: 0
4.42466   0.0360254   0.182882  4.12612 	Dead: 0
4.45662   0.0398524   0.202309  4.12612 	Dead: 0
4.42202   0.0356383   0.180917  4.09106 	Dead: 0
4.43754   0.0369876   0.187767  4.09106 	Dead: 0
4.47426   0.0392625   0.199315  4.09106 	Dead: 0
4.43669   0.03688     0.18722   4.09106 	Dead: 0
4.42016   0.0338305   0.171739  4.09106 	Dead: 0
4.42393   0.0367358   0.186488  4.09106 	Dead: 0
4.43796   0.0386101   0.196003  4.09106 	Dead: 0
4.43582   0.0367276   0.186447  4.09106 	Dead: 0
4.42823   0.0372119   0.188905  4.09106 	Dead: 0
4.42648   0.0363671   0.184616  4.09106 	Dead: 0
4.42768   0.0359168   0.18233   4.09106 	Dead: 0
4.42555   0.0362096   0.183817  4.09106 	Dead: 0
4.41101   0.0345218   0.175249  4.09106 	Dead: 0
4.41807   0.0411217   0.208753  4.09106 	Dead: 0
4.40889   0.0375482   0.190612  4.09106 	Dead: 0
4.39326   0.0360728   0.183122  4.09106 	Dead: 0
4.37886   0.0346368   0.175833  4.09106 	Dead: 0
4.38428   0.0358579   0.182032  4.08088 	Dead: 0
4.40083   0.0404797   0.205494  4.08088 	Dead: 0
4.39955   0.0350072   0.177713  4.08088 	Dead: 0
4.44437   0.0416029   0.211196  4.08088 	Dead: 0
4.41727   0.0392529   0.199266  4.08088 	Dead: 0
4.40974   0.0355358   0.180397  4.08088 	Dead: 0
4.41075   0.0364509   0.185042  4.08088 	Dead: 0
4.39562   0.0366511   0.186058  4.07792 	Dead: 0
4.38091   0.0352063   0.178723  4.07792 	Dead: 0
4.41288   0.0414424   0.210381  4.07792 	Dead: 0
4.36769   0.0388438   0.197189  4.07792 	Dead: 0
4.36421   0.0341534   0.173378  4.07792 	Dead: 0
4.37798   0.0370327   0.187995  4.07792 	Dead: 0
4.38378   0.0389988   0.197976  4.07792 	Dead: 0
4.3892    0.0407111   0.206669  4.07792 	Dead: 0
4.36761   0.034929    0.177316  4.07792 	Dead: 0
4.38139   0.0411074   0.20868   3.9872  	Dead: 0
4.39804   0.0396394   0.201228  3.9872  	Dead: 0
4.3672    0.0331633   0.168352  3.9872  	Dead: 0
4.38092   0.0381983   0.193912  3.9872  	Dead: 0
4.36056   0.0365921   0.185758  3.9872  	Dead: 0
4.34162   0.0367939   0.186783  3.9872  	Dead: 0
4.3561    0.0388178   0.197057  3.9872  	Dead: 0
4.36187   0.040057    0.203348  3.9872  	Dead: 0
4.3759    0.0410559   0.208419  3.9872  	Dead: 0
4.35849   0.0376661   0.19121   3.9872  	Dead: 0
4.35982   0.0376319   0.191037  3.9872  	Dead: 0
4.35117   0.0369367   0.187508  3.9872  	Dead: 0
4.3474    0.0376853   0.191308  3.9872  	Dead: 0
4.34854   0.036012    0.182814  3.9872  	Dead: 0
4.34761   0.0381157   0.193493  3.9872  	Dead: 0
4.35446   0.0392483   0.199243  3.9872  	Dead: 0
4.35443   0.0369017   0.18733   3.9872  	Dead: 0
4.33924   0.0347263   0.176287  3.9872  	Dead: 0
4.33717   0.033925    0.172219  3.9872  	Dead: 0
4.35301   0.0341009   0.173112  3.9872  	Dead: 0
4.33938   0.0350528   0.177944  3.9872  	Dead: 0
4.33323   0.0366001   0.185799  3.9872  	Dead: 0
4.3336    0.0360995   0.183258  3.9872  	Dead: 0
4.34497   0.0368328   0.18698   3.9872  	Dead: 0
4.33423   0.0387936   0.196935  3.9872  	Dead: 0
4.31859   0.0343489   0.174371  3.9872  	Dead: 0
4.33355   0.0355458   0.180447  3.9872  	Dead: 0
4.34565   0.0360406   0.182959  3.9872  	Dead: 0
4.33804   0.0394259   0.200144  3.9872  	Dead: 0
4.33955   0.0368353   0.186993  3.9872  	Dead: 0
4.33353   0.0358006   0.181741  3.9872  	Dead: 0
4.34433   0.0425447   0.215977  3.9872  	Dead: 0
4.33088   0.0364196   0.184883  3.9872  	Dead: 0
4.31536   0.0376459   0.191108  3.9872  	Dead: 0
4.31105   0.0378916   0.192355  3.9872  	Dead: 0
4.33031   0.0365647   0.185619  3.9872  	Dead: 0
4.33695   0.0381381   0.193607  3.9872  	Dead: 0
4.33053   0.03823     0.194073  3.9872  	Dead: 0
4.34165   0.039432    0.200175  3.9872  	Dead: 0
4.34091   0.0394081   0.200054  3.9872  	Dead: 0
4.34819   0.0384043   0.194958  3.9872  	Dead: 0
4.32626   0.0331058   0.16806   3.9872  	Dead: 0
4.32029   0.0356121   0.180784  3.9872  	Dead: 0
4.35058   0.0388518   0.19723   3.9872  	Dead: 0
4.33735   0.0392251   0.199125  3.9872  	Dead: 0
4.32127   0.0374001   0.18986   3.9872  	Dead: 0
4.33779   0.0423242   0.214857  3.9872  	Dead: 0
4.33341   0.0412903   0.209609  3.9872  	Dead: 0
4.34305   0.0411864   0.209081  3.9872  	Dead: 0
4.34713   0.0399264   0.202685  3.9872  	Dead: 0
4.32218   0.0373415   0.189563  3.9872  	Dead: 0
4.30912   0.0369045   0.187345  3.9872  	Dead: 0
