8.30965   0.14566     0.73944   6.26987 	Dead: 0
4.17184   0.0528352   0.268216  3.48743 	Dead: 0
3.5877    0.0427194   0.216863  3.24795 	Dead: 0
3.31962   0.0469369   0.238274  2.96431 	Dead: 0
3.2292    0.0376724   0.191243  2.90093 	Dead: 0
3.17801   0.0425747   0.216129  2.90093 	Dead: 0
3.1463    0.0473044   0.240139  2.67306 	Dead: 0
3.06368   0.0416035   0.211199  2.67306 	Dead: 0
3.07731   0.0412781   0.209547  2.67306 	Dead: 0
3.04622   0.0411877   0.209088  2.67306 	Dead: 0
3.00606   0.0464982   0.236047  2.67306 	Dead: 0
3.02601   0.0513907   0.260883  2.67306 	Dead: 0
2.96348   0.0424608   0.215551  2.67306 	Dead: 0
2.98596   0.0402961   0.204562  2.67306 	Dead: 0
2.96053   0.0427404   0.21697   2.58937 	Dead: 0
2.99628   0.0500208   0.253929  2.58937 	Dead: 0
2.97833   0.0483113   0.24525   2.58937 	Dead: 0
2.97418   0.0482533   0.244956  2.57062 	Dead: 0
2.97299   0.0537694   0.272958  2.57062 	Dead: 0
2.95807   0.049658    0.252087  2.57062 	Dead: 0
2.94876   0.0452595   0.229758  2.57062 	Dead: 0
2.93297   0.0410757   0.208519  2.57062 	Dead: 0
2.89272   0.0408858   0.207556  2.57062 	Dead: 0
2.92858   0.0501732   0.254703  2.57062 	Dead: 0
2.8853    0.0412343   0.209325  2.57062 	Dead: 0
2.92813   0.0510714   0.259262  2.57062 	Dead: 0
2.88857   0.0449966   0.228424  2.57062 	Dead: 0
2.90729   0.0430381   0.218481  2.57062 	Dead: 0
2.90967   0.0457682   0.232341  2.57062 	Dead: 0
2.87958   0.0425843   0.216178  2.57062 	Dead: 0
2.88582   0.0447292   0.227066  2.57062 	Dead: 0
2.84653   0.038117    0.1935    2.55124 	Dead: 0
2.83802   0.0451521   0.229213  2.55124 	Dead: 0
2.85597   0.0455863   0.231417  2.55124 	Dead: 0
2.85549   0.0407711   0.206973  2.55124 	Dead: 0
2.8372    0.0407919   0.207079  2.55124 	Dead: 0
2.81828   0.0407002   0.206613  2.46083 	Dead: 0
2.88465   0.0578803   0.293828  2.46083 	Dead: 0
2.84131   0.0461653   0.234356  2.46083 	Dead: 0
2.86895   0.0605454   0.307356  2.46083 	Dead: 0
2.84676   0.0476067   0.241674  2.46083 	Dead: 0
2.83956   0.0423184   0.214828  2.46083 	Dead: 0
2.82464   0.0476343   0.241814  2.46083 	Dead: 0
2.83035   0.0526654   0.267354  2.46083 	Dead: 0
2.79547   0.0454695   0.230825  2.46083 	Dead: 0
2.84934   0.0565476   0.287062  2.46083 	Dead: 0
2.84335   0.0453794   0.230367  2.46083 	Dead: 0
2.79943   0.0415894   0.211127  2.46083 	Dead: 0
2.82167   0.0565581   0.287115  2.46083 	Dead: 0
2.81449   0.0466988   0.237065  2.46083 	Dead: 0
2.81385   0.0476665   0.241977  2.46083 	Dead: 0
2.8059    0.0544323   0.276324  2.46083 	Dead: 0
2.78583   0.0488199   0.247833  2.46083 	Dead: 0
2.79783   0.0531352   0.269739  2.46083 	Dead: 0
2.81875   0.0535644   0.271918  2.46083 	Dead: 0
2.79945   0.0540177   0.274219  2.46083 	Dead: 0
2.74869   0.039364    0.19983   2.45291 	Dead: 0
2.78867   0.0627082   0.318336  2.45291 	Dead: 0
2.78236   0.0535482   0.271836  2.45291 	Dead: 0
2.74439   0.0419553   0.212985  2.45291 	Dead: 0
2.77359   0.0556418   0.282464  2.44068 	Dead: 0
2.77607   0.0457099   0.232045  2.44068 	Dead: 0
2.73477   0.0417678   0.212033  2.44068 	Dead: 0
2.76243   0.0557544   0.283035  2.43323 	Dead: 0
2.73207   0.0472915   0.240073  2.43323 	Dead: 0
2.76621   0.0695959   0.353301  2.43323 	Dead: 0
2.73754   0.0413849   0.210089  2.43323 	Dead: 0
2.73995   0.052288    0.265438  2.43323 	Dead: 0
2.76647   0.0655318   0.33267   2.43058 	Dead: 0
2.72868   0.0495583   0.251581  2.43058 	Dead: 0
2.7345    0.0397256   0.201666  2.43058 	Dead: 0
2.76899   0.0581992   0.295446  2.41896 	Dead: 0
2.79698   0.0716121   0.363537  2.41599 	Dead: 0
2.74497   0.0485728   0.246578  2.41599 	Dead: 0
2.72624   0.0579166   0.294011  2.41599 	Dead: 0
2.70032   0.0421715   0.214082  2.41599 	Dead: 0
2.69404   0.0399223   0.202664  2.41599 	Dead: 0
2.74084   0.0580495   0.294686  2.41599 	Dead: 0
2.69944   0.0432293   0.219452  2.41599 	Dead: 0
2.72112   0.0467762   0.237458  2.41599 	Dead: 0
2.7368    0.0499938   0.253792  2.41599 	Dead: 0
2.73136   0.0501824   0.254749  2.41599 	Dead: 0
2.71326   0.0514752   0.261312  2.41599 	Dead: 0
2.72396   0.0472277   0.23975   2.41599 	Dead: 0
2.70512   0.0505381   0.256555  2.41599 	Dead: 0
2.72133   0.0464759   0.235933  2.41599 	Dead: 0
2.66658   0.0360161   0.182835  2.41599 	Dead: 0
2.69615   0.0448109   0.227481  2.41599 	Dead: 0
2.75223   0.06659     0.338042  2.41599 	Dead: 0
2.74893   0.0572064   0.290406  2.41599 	Dead: 0
2.69805   0.0475651   0.241463  2.41599 	Dead: 0
2.73678   0.053745    0.272835  2.41599 	Dead: 0
2.68786   0.0447735   0.227291  2.41599 	Dead: 0
2.6927    0.0448776   0.22782   2.41599 	Dead: 0
2.70263   0.0470777   0.238989  2.41599 	Dead: 0
2.67881   0.0403289   0.204729  2.32785 	Dead: 0
2.74542   0.0589727   0.299373  2.32785 	Dead: 0
2.70703   0.0455271   0.231117  2.32785 	Dead: 0
2.68343   0.0406456   0.206336  2.32785 	Dead: 0
2.71553   0.0528369   0.268225  2.32785 	Dead: 0
2.65954   0.0398093   0.202091  2.32785 	Dead: 0
