14.0347   0.122245    0.620575  12.8802 	Dead: 0
11.3887   0.0467993   0.237575  10.9167 	Dead: 0
10.8164   0.0474025   0.240637  10.162  	Dead: 0
10.4365   0.0619356   0.314414  9.9875  	Dead: 0
10.2492   0.0547397   0.277884  9.5599  	Dead: 0
10.0781   0.0583216   0.296068  9.5599  	Dead: 0
9.84164   0.0600493   0.304838  9.27456 	Dead: 0
9.64956   0.0687066   0.348787  9.18171 	Dead: 0
9.59829   0.0559066   0.283808  9.04875 	Dead: 0
9.60189   0.0597609   0.303374  9.04875 	Dead: 0
9.56281   0.0584888   0.296916  9.04875 	Dead: 0
9.50722   0.068773    0.349124  8.82403 	Dead: 0
9.45026   0.0712941   0.361922  8.82403 	Dead: 0
9.33699   0.0570965   0.289849  8.82403 	Dead: 0
9.16655   0.0680185   0.345293  8.61537 	Dead: 0
8.93473   0.0699906   0.355305  8.2683  	Dead: 0
8.64684   0.0975935   0.49543   7.80604 	Dead: 0
8.08442   0.0936681   0.475503  7.27024 	Dead: 0
7.90828   0.0883837   0.448677  7.27024 	Dead: 0
7.87053   0.0709188   0.360017  7.27024 	Dead: 0
7.83235   0.0954139   0.484366  7.18066 	Dead: 0
7.72952   0.0831737   0.422229  7.00534 	Dead: 0
7.71559   0.0968532   0.491672  7.00534 	Dead: 0
7.74125   0.133091    0.675632  6.9548  	Dead: 0
7.59225   0.0858828   0.435981  6.85922 	Dead: 0
7.56285   0.0821391   0.416976  6.81561 	Dead: 0
7.53997   0.0906377   0.460119  6.81561 	Dead: 0
7.48902   0.0814899   0.413681  6.77526 	Dead: 0
7.52072   0.0989302   0.502216  6.77526 	Dead: 0
7.51471   0.103194    0.523861  6.77526 	Dead: 0
7.4493    0.101249    0.513985  6.77526 	Dead: 0
7.34315   0.0784434   0.398215  6.77526 	Dead: 0
7.45975   0.112213    0.569646  6.75989 	Dead: 0
7.36303   0.0913487   0.463729  6.75989 	Dead: 0
7.43293   0.103546    0.525649  6.65731 	Dead: 0
6.43633   0.138662    0.703915  5.91887 	Dead: 0
6.19029   0.107306    0.544735  5.81732 	Dead: 0
6.18752   0.122128    0.619979  5.68915 	Dead: 0
6.09377   0.0944533   0.479489  5.62341 	Dead: 0
6.05883   0.114692    0.582228  5.62341 	Dead: 0
6.00293   0.122165    0.620165  5.55625 	Dead: 0
5.90109   0.140364    0.712552  5.39401 	Dead: 0
5.7272    0.089125    0.45244   5.30819 	Dead: 0
5.68113   0.116262    0.590202  5.13987 	Dead: 0
5.58144   0.0931399   0.472822  5.13987 	Dead: 0
5.58108   0.115335    0.585492  5.13987 	Dead: 0
5.52149   0.0912236   0.463094  5.0949  	Dead: 0
5.51913   0.151223    0.767679  5.0949  	Dead: 0
5.46982   0.108785    0.552242  5.0949  	Dead: 0
5.55335   0.134169    0.681104  4.99246 	Dead: 0
5.48688   0.123928    0.629118  4.99246 	Dead: 0
5.45539   0.124221    0.630603  4.94906 	Dead: 0
5.43337   0.116076    0.589255  4.94906 	Dead: 0
5.43207   0.107405    0.545237  4.94906 	Dead: 0
5.38828   0.101895    0.517268  4.94906 	Dead: 0
5.45885   0.132922    0.674776  4.94906 	Dead: 0
5.45533   0.139801    0.709695  4.94906 	Dead: 0
5.34659   0.115078    0.584192  4.94906 	Dead: 0
5.38917   0.134437    0.682463  4.9272  	Dead: 0
5.40119   0.121321    0.615883  4.88422 	Dead: 0
5.33602   0.105417    0.535147  4.88422 	Dead: 0
5.34892   0.107595    0.546203  4.88422 	Dead: 0
5.30232   0.11593     0.588515  4.81689 	Dead: 0
5.33519   0.137655    0.698803  4.81689 	Dead: 0
5.30764   0.127677    0.648146  4.81689 	Dead: 0
5.14496   0.0671514   0.340892  4.80049 	Dead: 0
5.14717   0.10062     0.510793  4.71432 	Dead: 0
5.12039   0.107064    0.543508  4.70786 	Dead: 0
5.14833   0.119853    0.60843   4.69483 	Dead: 0
5.16907   0.129697    0.658404  4.68615 	Dead: 0
5.04834   0.0968168   0.491487  4.68615 	Dead: 0
5.09956   0.106518    0.540734  4.68615 	Dead: 0
5.13213   0.121822    0.618427  4.66771 	Dead: 0
5.09782   0.115538    0.586525  4.66771 	Dead: 0
5.07128   0.101141    0.513441  4.66771 	Dead: 0
5.07553   0.114339    0.58044   4.66771 	Dead: 0
5.23817   0.178572    0.906516  4.6666  	Dead: 0
5.11126   0.123438    0.626631  4.6666  	Dead: 0
5.15391   0.13807     0.700906  4.6666  	Dead: 0
5.16056   0.135465    0.687681  4.65782 	Dead: 0
5.05811   0.117514    0.596558  4.65782 	Dead: 0
5.10498   0.134351    0.682027  4.65782 	Dead: 0
5.10545   0.122237    0.620534  4.65782 	Dead: 0
5.04135   0.106735    0.541839  4.65782 	Dead: 0
4.95414   0.0792884   0.402505  4.58193 	Dead: 0
4.96522   0.0914573   0.46428   4.58193 	Dead: 0
5.00651   0.116992    0.593905  4.58193 	Dead: 0
4.99013   0.0961991   0.488352  4.58193 	Dead: 0
5.07951   0.156943    0.796717  4.58193 	Dead: 0
4.98252   0.126475    0.642047  4.58193 	Dead: 0
4.98398   0.129743    0.658634  4.57625 	Dead: 0
4.91537   0.0866482   0.439867  4.57625 	Dead: 0
4.96398   0.131493    0.667521  4.57625 	Dead: 0
4.90581   0.0976032   0.49548   4.53392 	Dead: 0
4.88615   0.0852245   0.432639  4.53392 	Dead: 0
4.9392    0.10373     0.526581  4.49796 	Dead: 0
4.90681   0.112595    0.571583  4.49796 	Dead: 0
4.92061   0.12288     0.623795  4.49796 	Dead: 0
4.97276   0.128383    0.651732  4.49796 	Dead: 0
4.9652    0.140991    0.715738  4.49796 	Dead: 0
4.90909   0.1195      0.606638  4.49796 	Dead: 0
