8.82006   0.0996153   0.505694  7.52728 	Dead: 0
7.27271   0.0583357   0.296139  6.72271 	Dead: 0
6.88447   0.0609254   0.309286  6.32275 	Dead: 0
6.77346   0.0562666   0.285636  6.20848 	Dead: 0
6.61312   0.0596303   0.302711  6.16641 	Dead: 0
6.53139   0.0646768   0.32833   5.92568 	Dead: 0
6.39559   0.0628167   0.318887  5.67468 	Dead: 0
6.35304   0.065947    0.334778  5.67468 	Dead: 0
6.34706   0.0714229   0.362576  5.67468 	Dead: 0
6.32172   0.0706878   0.358844  5.67468 	Dead: 0
6.31829   0.0695797   0.353219  5.67468 	Dead: 0
6.35183   0.077918    0.395548  5.67468 	Dead: 0
6.31231   0.0722011   0.366527  5.67468 	Dead: 0
6.27608   0.0728584   0.369863  5.6357  	Dead: 0
6.27021   0.0728336   0.369738  5.6357  	Dead: 0
6.2606    0.0713007   0.361955  5.6357  	Dead: 0
6.26931   0.075202    0.38176   5.6357  	Dead: 0
6.23763   0.0692964   0.351781  5.6357  	Dead: 0
6.20341   0.064413    0.32699   5.6357  	Dead: 0
6.25507   0.0751226   0.381357  5.6357  	Dead: 0
6.24846   0.0755792   0.383675  5.6357  	Dead: 0
6.22183   0.0714881   0.362907  5.6357  	Dead: 0
6.2585    0.0715501   0.363221  5.6357  	Dead: 0
6.22071   0.0752416   0.381961  5.55728 	Dead: 0
6.23236   0.0783337   0.397658  5.55728 	Dead: 0
6.23339   0.0743952   0.377665  5.46672 	Dead: 0
6.23031   0.0819401   0.415966  5.46672 	Dead: 0
6.18577   0.0689784   0.350166  5.46672 	Dead: 0
6.17638   0.0712773   0.361837  5.46672 	Dead: 0
6.1929    0.0713814   0.362365  5.46672 	Dead: 0
6.17781   0.0730782   0.370979  5.46672 	Dead: 0
6.20294   0.0758873   0.385239  5.43129 	Dead: 0
6.12318   0.0645686   0.32778   5.43129 	Dead: 0
6.17651   0.0721902   0.366471  5.43129 	Dead: 0
6.16868   0.0692289   0.351438  5.43129 	Dead: 0
6.13495   0.0706098   0.358448  5.43129 	Dead: 0
6.17169   0.0724893   0.367989  5.43129 	Dead: 0
6.11646   0.0662517   0.336325  5.43129 	Dead: 0
6.17329   0.0790184   0.401134  5.43129 	Dead: 0
6.15814   0.0819369   0.41595   5.43129 	Dead: 0
6.10082   0.0847067   0.430011  5.43129 	Dead: 0
6.08649   0.075343    0.382476  5.43129 	Dead: 0
6.06814   0.0766778   0.389252  5.38899 	Dead: 0
6.07728   0.0896227   0.454967  5.38899 	Dead: 0
5.97616   0.0737343   0.37431   5.38899 	Dead: 0
5.92142   0.0645328   0.327599  5.38899 	Dead: 0
5.92484   0.075391    0.38272   5.30584 	Dead: 0
5.92932   0.0758377   0.384987  5.30584 	Dead: 0
5.92595   0.0742967   0.377165  5.30584 	Dead: 0
5.95541   0.0847937   0.430452  5.30584 	Dead: 0
5.8999    0.0799178   0.4057    5.30584 	Dead: 0
5.83559   0.0714877   0.362905  5.30584 	Dead: 0
5.8852    0.0688409   0.349469  5.30584 	Dead: 0
5.83549   0.0702328   0.356535  5.21938 	Dead: 0
5.85933   0.0791752   0.40193   5.21938 	Dead: 0
5.85207   0.0899685   0.456722  5.21938 	Dead: 0
5.80398   0.0675716   0.343025  5.21938 	Dead: 0
5.84978   0.079726    0.404726  5.21938 	Dead: 0
5.84342   0.0872884   0.443116  5.21938 	Dead: 0
5.82944   0.0778803   0.395357  5.21938 	Dead: 0
5.81205   0.0819787   0.416162  5.17818 	Dead: 0
5.79434   0.0801608   0.406934  5.17818 	Dead: 0
5.78397   0.0674525   0.34242   5.17818 	Dead: 0
5.79597   0.0735437   0.373342  5.17818 	Dead: 0
5.74197   0.0738347   0.374819  5.17818 	Dead: 0
5.78185   0.0741308   0.376322  5.17818 	Dead: 0
5.78614   0.0784998   0.398502  5.17818 	Dead: 0
5.81046   0.0783708   0.397847  5.17818 	Dead: 0
5.77342   0.0794329   0.403238  5.17818 	Dead: 0
5.82047   0.0885417   0.449479  5.17818 	Dead: 0
5.79604   0.0716635   0.363797  5.17818 	Dead: 0
5.7616    0.0790592   0.401341  5.17818 	Dead: 0
5.78723   0.089543    0.454562  5.09348 	Dead: 0
5.80598   0.094005    0.477213  5.09348 	Dead: 0
5.7413    0.0737082   0.374177  5.09348 	Dead: 0
5.8069    0.0904408   0.45912   5.09348 	Dead: 0
5.76927   0.0921615   0.467855  5.09348 	Dead: 0
5.77934   0.0818      0.415255  5.09348 	Dead: 0
5.73701   0.0681029   0.345722  5.09348 	Dead: 0
5.7958    0.094778    0.481137  5.09348 	Dead: 0
5.79412   0.0833569   0.423159  5.05647 	Dead: 0
5.76477   0.083465    0.423707  5.05647 	Dead: 0
5.72821   0.0688661   0.349596  5.05647 	Dead: 0
5.76438   0.0843658   0.42828   5.05647 	Dead: 0
5.79837   0.0994245   0.504725  5.05647 	Dead: 0
5.73913   0.0838008   0.425412  5.05647 	Dead: 0
5.77783   0.0875216   0.444301  5.05647 	Dead: 0
5.64166   0.0677106   0.343731  5.05647 	Dead: 0
5.69811   0.0827822   0.420241  5.05647 	Dead: 0
5.66977   0.0970803   0.492825  5.05647 	Dead: 0
5.69547   0.1         0.507648  5.05647 	Dead: 0
5.67124   0.093784    0.476091  5.05647 	Dead: 0
5.65883   0.105446    0.535291  4.92577 	Dead: 0
5.55638   0.0755147   0.383348  4.92577 	Dead: 0
5.58591   0.0888849   0.451221  4.92577 	Dead: 0
5.55183   0.0748733   0.380092  4.92577 	Dead: 0
5.59684   0.0879304   0.446376  4.89999 	Dead: 0
5.58639   0.098596    0.500519  4.89999 	Dead: 0
5.52045   0.0787728   0.399888  4.89999 	Dead: 0
5.56993   0.0898461   0.456101  4.89999 	Dead: 0
5.51285   0.0688785   0.349659  4.89999 	Dead: 0
