0   6.89463   0.153998    0.781767  5.13599 	Dead: 0
1   4.7603    0.107795    0.547219  3.94827 	Dead: 0
2   4.66362   0.116783    0.592844  3.70021 	Dead: 0
3   4.61793   0.134665    0.683623  3.63674 	Dead: 0
4   4.64401   0.138603    0.703613  3.63674 	Dead: 0
5   4.53627   0.111282    0.564919  3.63674 	Dead: 0
6   4.64474   0.154275    0.783172  3.50646 	Dead: 0
7   4.48327   0.130038    0.660132  3.50646 	Dead: 0
8   4.64912   0.183861    0.933364  3.50646 	Dead: 0
9   4.52841   0.144121    0.731627  3.50646 	Dead: 0
10  4.56677   0.144978    0.735977  3.36687 	Dead: 0
11  4.46713   0.153356    0.778509  3.36687 	Dead: 0
12  4.45669   0.129507    0.657436  3.36687 	Dead: 0
13  4.46069   0.140846    0.715002  3.27391 	Dead: 0
14  4.44755   0.153538    0.779431  3.27391 	Dead: 0
15  4.37238   0.142285    0.722303  3.27391 	Dead: 0
16  4.44637   0.1657      0.841168  3.27391 	Dead: 0
17  4.29306   0.161021    0.817418  3.25933 	Dead: 0
18  4.28736   0.167131    0.848436  3.18259 	Dead: 0
19  4.17467   0.1645      0.83508   3.09054 	Dead: 0
20  4.20575   0.182058    0.92421   3.08417 	Dead: 0
21  4.31896   0.17391     0.882847  3.08417 	Dead: 0
22  4.19186   0.155443    0.789102  3.08417 	Dead: 0
23  4.28207   0.179127    0.909334  3.08417 	Dead: 0
24  4.24763   0.168641    0.856102  3.08417 	Dead: 0
25  4.18995   0.170335    0.864698  3.08417 	Dead: 0
26  4.27447   0.180369    0.915638  3.08417 	Dead: 0
27  4.16397   0.167016    0.847851  3.06271 	Dead: 0
28  4.13447   0.167705    0.851347  3.06271 	Dead: 0
29  4.20632   0.162582    0.825341  3.02766 	Dead: 0
30  4.26764   0.162986    0.827394  3.02766 	Dead: 0
31  4.22446   0.183304    0.930538  3.02766 	Dead: 0
32  4.28227   0.181989    0.92386   2.85692 	Dead: 0
33  4.23996   0.198012    1.0052    2.85692 	Dead: 0
34  4.1026    0.1654      0.839646  2.85692 	Dead: 0
35  4.3302    0.184816    0.938215  2.85692 	Dead: 0
36  4.20827   0.177843    0.902813  2.85692 	Dead: 0
37  4.23198   0.176938    0.898218  2.85692 	Dead: 0
38  4.15189   0.180416    0.915877  2.85692 	Dead: 0
39  4.2789    0.182797    0.927961  2.85692 	Dead: 0
40  4.12205   0.165301    0.839146  2.85692 	Dead: 0
41  4.10096   0.171998    0.873144  2.85692 	Dead: 0
42  4.1888    0.175809    0.892489  2.85692 	Dead: 0
43  4.19385   0.192905    0.979276  2.85692 	Dead: 0
44  4.21627   0.169906    0.862522  2.85692 	Dead: 0
45  4.21485   0.183151    0.929759  2.85692 	Dead: 0
46  4.26733   0.174417    0.885422  2.85692 	Dead: 0
47  4.13791   0.162354    0.824185  2.85692 	Dead: 0
48  4.17799   0.18194     0.923612  2.85692 	Dead: 0
49  4.19706   0.16908     0.858331  2.85692 	Dead: 0
50  4.12027   0.157806    0.801098  2.85692 	Dead: 0
51  4.24      0.187992    0.954334  2.85692 	Dead: 0
52  4.10672   0.168641    0.856099  2.85692 	Dead: 0
53  4.24448   0.184002    0.93408   2.85692 	Dead: 0
54  4.13007   0.181259    0.920156  2.85692 	Dead: 0
55  4.16375   0.174118    0.883907  2.85692 	Dead: 0
56  4.19372   0.187054    0.949571  2.85692 	Dead: 0
57  4.08117   0.169278    0.859336  2.85692 	Dead: 0
58  4.17621   0.172129    0.873807  2.85692 	Dead: 0
59  4.12625   0.162555    0.825204  2.85692 	Dead: 0
60  4.15032   0.169118    0.858521  2.85692 	Dead: 0
61  4.17028   0.1797      0.912243  2.85692 	Dead: 0
62  4.07243   0.147141    0.746955  2.85692 	Dead: 0
63  4.07492   0.148778    0.755267  2.85692 	Dead: 0
64  4.1226    0.158809    0.806189  2.85692 	Dead: 0
65  4.23878   0.188158    0.955178  2.85692 	Dead: 0
66  4.14332   0.177332    0.900219  2.85692 	Dead: 0
67  4.27662   0.185644    0.942416  2.85692 	Dead: 0
68  4.14717   0.170121    0.863616  2.85692 	Dead: 0
69  4.17556   0.177457    0.900852  2.85692 	Dead: 0
70  4.21945   0.17295     0.877975  2.85692 	Dead: 0
71  4.11864   0.160156    0.813028  2.85692 	Dead: 0
72  4.22912   0.17275     0.876959  2.85692 	Dead: 0
73  4.09549   0.175884    0.89287   2.85692 	Dead: 0
74  4.05234   0.165912    0.842247  2.85692 	Dead: 0
75  4.15366   0.168765    0.856729  2.85692 	Dead: 0
76  4.05402   0.157026    0.797137  2.85692 	Dead: 0
77  4.18986   0.192706    0.978267  2.85692 	Dead: 0
78  4.11492   0.180579    0.916701  2.85692 	Dead: 0
79  4.12526   0.179339    0.910411  2.85692 	Dead: 0
80  4.15669   0.183228    0.930153  2.85692 	Dead: 0
81  4.23221   0.202365    1.0273    2.85692 	Dead: 0
82  4.20232   0.182655    0.927241  2.85692 	Dead: 0
83  4.32537   0.194188    0.98579   2.85692 	Dead: 0
84  3.96529   0.161861    0.821683  2.85692 	Dead: 0
85  4.17532   0.180181    0.914685  2.85692 	Dead: 0
86  4.04462   0.186205    0.945263  2.85692 	Dead: 0
87  4.13301   0.164987    0.837549  2.85692 	Dead: 0
88  4.06377   0.169329    0.859591  2.85692 	Dead: 0
89  4.14701   0.17889     0.908131  2.85692 	Dead: 0
90  4.09086   0.173279    0.879643  2.85692 	Dead: 0
91  4.131     0.182454    0.92622   2.85692 	Dead: 0
92  4.12014   0.182643    0.92718   2.85692 	Dead: 0
93  4.19121   0.193448    0.982033  2.85692 	Dead: 0
94  4.15329   0.183531    0.931689  2.85692 	Dead: 0
95  4.10127   0.191689    0.973101  2.85692 	Dead: 0
96  4.04619   0.183816    0.933137  2.85692 	Dead: 0
97  4.0889    0.182809    0.928024  2.85692 	Dead: 0
98  4.08401   0.188295    0.955871  2.85692 	Dead: 0
99  4.14252   0.222606    1.13005   2.85692 	Dead: 0
100 4.00134   0.171935    0.872821  2.85692 	Dead: 0
