5.09645   0.0830457   0.421579  4.1724  	Dead: 0
3.90074   0.0450239   0.228562  3.45253 	Dead: 0
3.78402   0.0407367   0.206799  3.40451 	Dead: 0
3.79092   0.0478587   0.242953  3.40451 	Dead: 0
3.71689   0.0420539   0.213485  3.40451 	Dead: 0
3.70739   0.042708    0.216806  3.36312 	Dead: 0
3.66432   0.0433195   0.21991   3.23135 	Dead: 0
3.66252   0.0475476   0.241374  3.23135 	Dead: 0
3.63634   0.0455528   0.231247  3.23135 	Dead: 0
3.64107   0.0470572   0.238884  3.23135 	Dead: 0
3.65048   0.0492259   0.249894  3.23135 	Dead: 0
3.66754   0.0565587   0.287118  3.23135 	Dead: 0
3.66079   0.0535917   0.272057  3.23135 	Dead: 0
3.64002   0.0546944   0.277654  3.23135 	Dead: 0
3.61707   0.0471676   0.239445  3.23135 	Dead: 0
3.59662   0.0420325   0.213377  3.18981 	Dead: 0
3.63253   0.0483876   0.245638  3.18981 	Dead: 0
3.64187   0.0565052   0.286847  3.18981 	Dead: 0
3.60547   0.0526727   0.267391  3.18981 	Dead: 0
3.64752   0.0599579   0.304374  3.18981 	Dead: 0
3.59094   0.0470409   0.238802  3.18981 	Dead: 0
3.59587   0.0458474   0.232743  3.18981 	Dead: 0
3.61479   0.0485812   0.246621  3.18981 	Dead: 0
3.62519   0.0541241   0.274759  3.18981 	Dead: 0
3.59079   0.0465373   0.236245  3.18981 	Dead: 0
3.57965   0.0462676   0.234876  3.18981 	Dead: 0
3.57641   0.0450647   0.22877   3.18981 	Dead: 0
3.60745   0.0483462   0.245428  3.18981 	Dead: 0
3.58175   0.0474088   0.240669  3.18981 	Dead: 0
3.62602   0.0554476   0.281478  3.18981 	Dead: 0
3.57705   0.0406117   0.206164  3.18981 	Dead: 0
3.5879    0.0511453   0.259637  3.18981 	Dead: 0
3.56514   0.0520255   0.264106  3.18981 	Dead: 0
3.57238   0.0442094   0.224427  3.18981 	Dead: 0
3.61051   0.054762    0.277997  3.18981 	Dead: 0
3.57174   0.0463247   0.235166  3.18981 	Dead: 0
3.56107   0.045011    0.228497  3.18981 	Dead: 0
3.56373   0.0480633   0.243992  3.18981 	Dead: 0
3.57416   0.0526088   0.267067  3.18981 	Dead: 0
3.54644   0.0441536   0.224144  3.18981 	Dead: 0
3.56371   0.0451013   0.228955  3.18981 	Dead: 0
3.54252   0.0471361   0.239285  3.18898 	Dead: 0
3.56673   0.0462887   0.234983  3.18898 	Dead: 0
3.55646   0.0434622   0.220635  3.18898 	Dead: 0
3.55756   0.0462639   0.234857  3.18898 	Dead: 0
3.54433   0.04636     0.235345  3.18898 	Dead: 0
3.54239   0.0387761   0.196846  3.18898 	Dead: 0
3.5489    0.0461028   0.234039  3.18898 	Dead: 0
3.54116   0.0415465   0.21091   3.18898 	Dead: 0
3.56344   0.0469511   0.238346  3.18898 	Dead: 0
3.52101   0.0427929   0.217237  3.18898 	Dead: 0
3.56098   0.0459306   0.233165  3.18898 	Dead: 0
3.53987   0.0409168   0.207713  3.18898 	Dead: 0
3.57308   0.0459297   0.233161  3.18898 	Dead: 0
3.51517   0.0411678   0.208987  3.18898 	Dead: 0
3.51836   0.0435058   0.220856  3.18898 	Dead: 0
3.5286    0.0413498   0.209911  3.18898 	Dead: 0
3.52746   0.0425531   0.21602   3.18898 	Dead: 0
3.56513   0.0481953   0.244662  3.18898 	Dead: 0
3.54474   0.0444011   0.225401  3.18898 	Dead: 0
3.56151   0.0465751   0.236437  3.18898 	Dead: 0
3.55959   0.0463802   0.235447  3.18898 	Dead: 0
3.54669   0.0443975   0.225383  3.18898 	Dead: 0
3.55294   0.0457647   0.232323  3.18898 	Dead: 0
3.56637   0.0480508   0.243928  3.18898 	Dead: 0
3.52163   0.0455417   0.231191  3.18898 	Dead: 0
3.52799   0.049707    0.252336  3.18898 	Dead: 0
3.54489   0.0462131   0.234599  3.18898 	Dead: 0
3.53534   0.0488534   0.248003  3.18898 	Dead: 0
3.52272   0.0441729   0.224242  3.18898 	Dead: 0
3.52458   0.0432329   0.21947   3.18898 	Dead: 0
3.56736   0.0594656   0.301875  3.18898 	Dead: 0
3.5235    0.0464486   0.235795  3.18898 	Dead: 0
3.51868   0.0454791   0.230873  3.18898 	Dead: 0
3.51266   0.0455146   0.231053  3.16932 	Dead: 0
3.51033   0.043435    0.220496  3.16932 	Dead: 0
3.52547   0.0474407   0.240831  3.16932 	Dead: 0
3.52212   0.0437011   0.221847  3.16932 	Dead: 0
3.5313    0.0468487   0.237826  3.16932 	Dead: 0
3.51362   0.0452962   0.229945  3.16932 	Dead: 0
3.53269   0.048672    0.247082  3.16932 	Dead: 0
3.51685   0.0444784   0.225793  3.16932 	Dead: 0
3.48124   0.0403852   0.205014  3.16596 	Dead: 0
3.50803   0.0482209   0.244792  3.16596 	Dead: 0
3.5111    0.0493335   0.25044   3.16596 	Dead: 0
3.4877    0.0438523   0.222615  3.16596 	Dead: 0
3.50628   0.0437987   0.222343  3.16596 	Dead: 0
3.50319   0.0515809   0.261849  3.16596 	Dead: 0
3.54058   0.0538418   0.273326  3.16596 	Dead: 0
3.49805   0.0453339   0.230136  3.16596 	Dead: 0
3.4882    0.0403469   0.20482   3.15829 	Dead: 0
3.5233    0.0481276   0.244318  3.13429 	Dead: 0
3.51222   0.0471526   0.239368  3.13429 	Dead: 0
3.52482   0.0612301   0.310833  3.13429 	Dead: 0
3.50404   0.0494551   0.251057  3.13429 	Dead: 0
3.4858    0.0443086   0.224931  3.13429 	Dead: 0
3.48992   0.0423046   0.214758  3.13429 	Dead: 0
3.49698   0.0452523   0.229722  3.13429 	Dead: 0
3.49601   0.0459529   0.233278  3.13429 	Dead: 0
3.51423   0.0508955   0.258369  3.13429 	Dead: 0
3.47496   0.0399157   0.202631  3.13429 	Dead: 0
