5.07119   0.0824707   0.41866   4.07728 	Dead: 0
4.27625   0.0618511   0.313985  3.85969 	Dead: 0
4.05004   0.0570557   0.289641  3.71401 	Dead: 0
4.01353   0.0721402   0.366217  3.52643 	Dead: 0
3.96409   0.0525966   0.267005  3.52643 	Dead: 0
4.01388   0.0681528   0.345975  3.5137  	Dead: 0
3.92721   0.0558904   0.283726  3.4038  	Dead: 0
3.95209   0.0739276   0.375291  3.4038  	Dead: 0
3.90818   0.0709999   0.360429  3.4038  	Dead: 0
3.77613   0.0548963   0.278679  3.34888 	Dead: 0
3.76542   0.0627567   0.318582  3.34888 	Dead: 0
3.68709   0.0492658   0.250096  3.34888 	Dead: 0
3.6635    0.0496377   0.251984  3.34883 	Dead: 0
3.61301   0.0414442   0.21039   3.34883 	Dead: 0
3.65388   0.0448282   0.227569  3.34883 	Dead: 0
3.62982   0.0384872   0.195379  3.34883 	Dead: 0
3.63092   0.0401284   0.203711  3.34883 	Dead: 0
3.6162    0.0393077   0.199544  3.34883 	Dead: 0
3.66443   0.0594219   0.301653  3.34883 	Dead: 0
3.62907   0.0479663   0.243499  3.29599 	Dead: 0
3.61594   0.0465374   0.236245  3.29599 	Dead: 0
3.61722   0.0426371   0.216446  3.29599 	Dead: 0
3.6345    0.049668    0.252138  3.29599 	Dead: 0
3.64371   0.0477955   0.242632  3.29599 	Dead: 0
3.62371   0.0507093   0.257424  3.25577 	Dead: 0
3.63366   0.0580236   0.294555  3.25577 	Dead: 0
3.65233   0.0572606   0.290681  3.25577 	Dead: 0
3.61202   0.0509098   0.258442  3.25577 	Dead: 0
3.59703   0.0472411   0.239818  3.25577 	Dead: 0
3.60468   0.0495877   0.25173   3.25577 	Dead: 0
3.6253    0.0513835   0.260847  3.19142 	Dead: 0
3.62584   0.0601197   0.305196  3.19142 	Dead: 0
3.63244   0.0577443   0.293137  3.19142 	Dead: 0
3.62751   0.0520866   0.264416  3.19142 	Dead: 0
3.61026   0.0494388   0.250975  3.19142 	Dead: 0
3.6234    0.0564442   0.286537  3.19142 	Dead: 0
3.60804   0.0531722   0.269927  3.18272 	Dead: 0
3.58231   0.0436956   0.221819  3.18272 	Dead: 0
3.62386   0.0533408   0.270783  3.18272 	Dead: 0
3.63609   0.0573534   0.291153  3.18272 	Dead: 0
3.62242   0.053102    0.269571  3.18272 	Dead: 0
3.57753   0.0443944   0.225367  3.18272 	Dead: 0
3.58955   0.0489697   0.248593  3.18272 	Dead: 0
3.57763   0.0439789   0.223257  3.18272 	Dead: 0
3.58334   0.0495983   0.251784  3.18272 	Dead: 0
3.60596   0.0499086   0.253359  3.18272 	Dead: 0
3.57612   0.0468215   0.237688  3.18272 	Dead: 0
3.62975   0.0589664   0.299341  3.18272 	Dead: 0
3.60092   0.05189     0.263418  3.18272 	Dead: 0
3.58455   0.0507959   0.257864  3.18272 	Dead: 0
3.61885   0.0562364   0.285482  3.18272 	Dead: 0
3.61501   0.0553617   0.281042  3.18272 	Dead: 0
3.59097   0.0558121   0.283328  3.17701 	Dead: 0
3.57357   0.0443066   0.224921  3.17701 	Dead: 0
3.57267   0.0486842   0.247144  3.17701 	Dead: 0
3.59416   0.0492195   0.249861  3.17701 	Dead: 0
3.58678   0.0534086   0.271127  3.17701 	Dead: 0
3.58018   0.0491027   0.249268  3.17701 	Dead: 0
3.61396   0.0589861   0.299441  3.17701 	Dead: 0
3.5729    0.0518787   0.26336   3.17701 	Dead: 0
3.58991   0.057614    0.292476  3.17701 	Dead: 0
3.58006   0.0450709   0.228801  3.17701 	Dead: 0
3.62314   0.0572779   0.290769  3.17701 	Dead: 0
3.61738   0.0619867   0.314674  3.17701 	Dead: 0
3.61873   0.0568195   0.288442  3.17701 	Dead: 0
3.59081   0.0530063   0.269085  3.17701 	Dead: 0
3.53454   0.0423724   0.215102  3.17701 	Dead: 0
3.60659   0.0589658   0.299338  3.17701 	Dead: 0
3.60244   0.050854    0.258159  3.17701 	Dead: 0
3.57996   0.0597549   0.303344  3.17701 	Dead: 0
3.56983   0.0503638   0.25567   3.17701 	Dead: 0
3.60703   0.0591556   0.300301  3.17701 	Dead: 0
3.58107   0.0553791   0.28113   3.17701 	Dead: 0
3.58761   0.0538973   0.273608  3.17701 	Dead: 0
3.59814   0.0613788   0.311588  3.17701 	Dead: 0
3.57222   0.0587215   0.298098  3.17701 	Dead: 0
3.58935   0.0509829   0.258813  3.17701 	Dead: 0
3.59045   0.0566275   0.287468  3.17701 	Dead: 0
3.59978   0.0589593   0.299305  3.17701 	Dead: 0
3.55863   0.0504081   0.255895  3.17701 	Dead: 0
3.57654   0.0528161   0.268119  3.17701 	Dead: 0
3.56645   0.0455046   0.231002  3.17701 	Dead: 0
3.60818   0.0588887   0.298946  3.17701 	Dead: 0
3.5974    0.0564599   0.286617  3.17701 	Dead: 0
3.57413   0.0519984   0.263968  3.17701 	Dead: 0
3.56578   0.0471242   0.239224  3.17701 	Dead: 0
3.5806    0.0517324   0.262618  3.17701 	Dead: 0
3.57988   0.052705    0.267555  3.17701 	Dead: 0
3.58763   0.054052    0.274393  3.17701 	Dead: 0
3.57671   0.0555958   0.28223   3.17701 	Dead: 0
3.6142    0.0646091   0.327986  3.17701 	Dead: 0
3.59276   0.0533113   0.270633  3.17701 	Dead: 0
3.57028   0.0515105   0.261491  3.17701 	Dead: 0
3.58942   0.0539082   0.273663  3.17701 	Dead: 0
3.53368   0.0447918   0.227384  3.17701 	Dead: 0
3.60066   0.0577831   0.293334  3.17701 	Dead: 0
3.59683   0.053722    0.272718  3.17701 	Dead: 0
3.55843   0.0476272   0.241778  3.17701 	Dead: 0
3.51726   0.0500377   0.254015  3.17701 	Dead: 0
3.54817   0.0566819   0.287744  3.17701 	Dead: 0
3.5675    0.0560539   0.284556  3.17701 	Dead: 0
