5.12859   0.0770899   0.391344  4.25546 	Dead: 0
3.6546    0.0373133   0.18942   3.32815 	Dead: 0
3.57053   0.0482512   0.244946  3.26846 	Dead: 0
3.5369    0.047695    0.242122  3.22542 	Dead: 0
3.49835   0.0358782   0.182135  3.1615  	Dead: 0
3.47371   0.0469923   0.238555  3.1615  	Dead: 0
3.47444   0.0433587   0.220109  3.1615  	Dead: 0
3.47814   0.0442619   0.224694  3.12333 	Dead: 0
3.41414   0.044424    0.225517  3.12333 	Dead: 0
3.41655   0.0486874   0.24716   2.98649 	Dead: 0
3.44034   0.0538126   0.273178  2.98649 	Dead: 0
3.41682   0.0403      0.204582  2.98649 	Dead: 0
3.42565   0.0400291   0.203207  2.98649 	Dead: 0
3.40245   0.0397109   0.201591  2.98649 	Dead: 0
3.36659   0.034845    0.176889  2.98649 	Dead: 0
3.39166   0.0452535   0.229728  2.98649 	Dead: 0
3.35363   0.0375503   0.190623  2.98649 	Dead: 0
3.36849   0.0426085   0.2163    2.98649 	Dead: 0
3.36666   0.0455474   0.23122   2.98649 	Dead: 0
3.31172   0.036746    0.18654   2.98649 	Dead: 0
3.36494   0.0451623   0.229265  2.98649 	Dead: 0
3.31042   0.0385329   0.195611  2.98649 	Dead: 0
3.32942   0.0406533   0.206375  2.98649 	Dead: 0
3.33316   0.0485808   0.246619  2.98649 	Dead: 0
3.30213   0.0448486   0.227672  2.98649 	Dead: 0
3.30891   0.0437358   0.222023  2.98649 	Dead: 0
3.27826   0.039114    0.198561  2.91823 	Dead: 0
3.2667    0.0355777   0.180609  2.91823 	Dead: 0
3.32478   0.0483973   0.245687  2.91823 	Dead: 0
3.29129   0.0424026   0.215255  2.91823 	Dead: 0
3.27614   0.0414256   0.210296  2.91823 	Dead: 0
3.3146    0.0538328   0.27328   2.91823 	Dead: 0
3.26558   0.037768    0.191728  2.91823 	Dead: 0
3.26959   0.0433171   0.219898  2.91823 	Dead: 0
3.27537   0.0454533   0.230742  2.91823 	Dead: 0
3.30856   0.0490148   0.248822  2.91823 	Dead: 0
3.28345   0.0418388   0.212393  2.91823 	Dead: 0
3.27957   0.0427284   0.216909  2.91823 	Dead: 0
3.25116   0.0369249   0.187448  2.91823 	Dead: 0
3.308     0.0489544   0.248516  2.91823 	Dead: 0
3.27576   0.0446371   0.226599  2.91823 	Dead: 0
3.28648   0.0411509   0.208901  2.91823 	Dead: 0
3.26885   0.0422429   0.214445  2.91823 	Dead: 0
3.27701   0.048595    0.246691  2.91823 	Dead: 0
3.27235   0.045138    0.229142  2.91823 	Dead: 0
3.25757   0.0424448   0.215469  2.91823 	Dead: 0
3.2428    0.0367776   0.1867    2.91823 	Dead: 0
3.25738   0.0476357   0.241821  2.91823 	Dead: 0
3.26908   0.049526    0.251417  2.91823 	Dead: 0
3.28847   0.0420172   0.213299  2.91823 	Dead: 0
3.27889   0.0529205   0.268649  2.91823 	Dead: 0
3.2773    0.0444071   0.225431  2.91823 	Dead: 0
3.25994   0.0456075   0.231525  2.91823 	Dead: 0
3.2871    0.0429988   0.218282  2.91823 	Dead: 0
3.27676   0.0470226   0.238708  2.91823 	Dead: 0
3.26596   0.038203    0.193936  2.91823 	Dead: 0
3.30561   0.0562284   0.285442  2.91823 	Dead: 0
3.2945    0.0485863   0.246647  2.91823 	Dead: 0
3.24717   0.0389808   0.197885  2.91494 	Dead: 0
3.28234   0.0470893   0.239048  2.91494 	Dead: 0
3.26008   0.0421854   0.214153  2.91494 	Dead: 0
3.27057   0.0513378   0.260614  2.91494 	Dead: 0
3.27305   0.044832    0.227588  2.91494 	Dead: 0
3.28653   0.0505094   0.256409  2.91494 	Dead: 0
3.27351   0.0416916   0.211646  2.91494 	Dead: 0
3.28939   0.0475965   0.241622  2.91494 	Dead: 0
3.28695   0.0507217   0.257487  2.91494 	Dead: 0
3.27407   0.0462646   0.234861  2.91494 	Dead: 0
3.256     0.0419032   0.21272   2.91494 	Dead: 0
3.2681    0.0425522   0.216015  2.91494 	Dead: 0
3.25461   0.0421998   0.214226  2.91494 	Dead: 0
3.27391   0.0473969   0.240609  2.91494 	Dead: 0
3.26536   0.0420109   0.213267  2.91494 	Dead: 0
3.25782   0.0417929   0.21216   2.91494 	Dead: 0
3.23123   0.0410073   0.208172  2.91494 	Dead: 0
3.2491    0.0402274   0.204213  2.91494 	Dead: 0
3.2579    0.0425611   0.21606   2.91494 	Dead: 0
3.24326   0.0417286   0.211834  2.91494 	Dead: 0
3.2587    0.0457149   0.23207   2.91494 	Dead: 0
3.25957   0.0458159   0.232583  2.91494 	Dead: 0
3.2628    0.0410308   0.208291  2.91494 	Dead: 0
3.26456   0.0442598   0.224683  2.91494 	Dead: 0
3.25497   0.0410963   0.208624  2.91494 	Dead: 0
3.25004   0.0423637   0.215058  2.91494 	Dead: 0
3.27227   0.0454215   0.230581  2.91494 	Dead: 0
3.2655    0.0442693   0.224731  2.91494 	Dead: 0
3.25247   0.0488246   0.247856  2.91494 	Dead: 0
3.28018   0.0436667   0.221673  2.91494 	Dead: 0
3.29189   0.0569662   0.289187  2.91494 	Dead: 0
3.26161   0.0435778   0.221221  2.91494 	Dead: 0
3.27245   0.050636    0.257052  2.91494 	Dead: 0
3.28036   0.0456469   0.231725  2.91494 	Dead: 0
3.23867   0.0439662   0.223193  2.91494 	Dead: 0
3.25723   0.0446618   0.226724  2.91494 	Dead: 0
3.24198   0.044455    0.225674  2.91494 	Dead: 0
3.22319   0.0408155   0.207199  2.91494 	Dead: 0
3.25181   0.0452305   0.229611  2.91494 	Dead: 0
3.27009   0.0475227   0.241247  2.91494 	Dead: 0
3.28211   0.0484175   0.24579   2.91494 	Dead: 0
3.28126   0.0465566   0.236343  2.91494 	Dead: 0
3.26599   0.0465737   0.23643   2.91494 	Dead: 0
