10.2442   0.116278    0.590284  8.88657 	Dead: 0
8.32463   0.0676292   0.343317  7.34797 	Dead: 0
7.90255   0.0776383   0.394128  7.26872 	Dead: 0
7.69494   0.0748109   0.379775  6.94627 	Dead: 0
7.65006   0.0754082   0.382807  6.94627 	Dead: 0
7.56778   0.0753012   0.382264  6.87296 	Dead: 0
7.54415   0.0796863   0.404525  6.87296 	Dead: 0
7.48147   0.0890061   0.451836  6.87296 	Dead: 0
7.41745   0.0816117   0.414299  6.77546 	Dead: 0
7.38002   0.0861107   0.437138  6.53474 	Dead: 0
7.32885   0.0916447   0.465231  6.53474 	Dead: 0
7.34051   0.0856396   0.434746  6.40885 	Dead: 0
7.13903   0.0831519   0.422118  6.28859 	Dead: 0
7.04719   0.0853768   0.433413  6.26772 	Dead: 0
6.99216   0.0837185   0.424994  6.26772 	Dead: 0
6.90754   0.0836223   0.424506  6.0725  	Dead: 0
6.92211   0.0800666   0.406456  6.0725  	Dead: 0
6.93147   0.0848857   0.43092   6.0725  	Dead: 0
6.92233   0.0863873   0.438542  6.0725  	Dead: 0
6.93402   0.0872836   0.443092  6.0725  	Dead: 0
6.88289   0.0813331   0.412885  6.0725  	Dead: 0
6.94432   0.0907301   0.460588  6.0725  	Dead: 0
6.9099    0.0843011   0.427952  6.0725  	Dead: 0
6.94284   0.0928387   0.471293  6.0725  	Dead: 0
6.95058   0.0958965   0.486815  6.0725  	Dead: 0
6.89824   0.09507     0.48262   6.0725  	Dead: 0
6.92811   0.0903277   0.458546  6.0725  	Dead: 0
6.91748   0.0920106   0.467089  6.0725  	Dead: 0
6.92564   0.0929934   0.472078  6.0725  	Dead: 0
6.92782   0.0893307   0.453484  6.0725  	Dead: 0
6.92641   0.0931988   0.473121  6.0725  	Dead: 0
6.94145   0.0976222   0.495576  6.0725  	Dead: 0
6.94811   0.0894672   0.454177  6.0725  	Dead: 0
6.92707   0.0977754   0.496353  6.0725  	Dead: 0
6.95009   0.100877    0.512098  6.0725  	Dead: 0
6.93549   0.102973    0.522738  6.0725  	Dead: 0
6.87591   0.0903455   0.458636  6.0725  	Dead: 0
6.91793   0.0925437   0.469795  6.0725  	Dead: 0
6.86409   0.0905804   0.459828  6.0725  	Dead: 0
6.82933   0.0966414   0.490597  6.05996 	Dead: 0
6.61875   0.0780631   0.396285  5.98537 	Dead: 0
6.65275   0.085462    0.433845  5.83578 	Dead: 0
6.62566   0.0931145   0.472693  5.77843 	Dead: 0
6.61206   0.0914311   0.464147  5.72713 	Dead: 0
6.56344   0.091003    0.461974  5.72713 	Dead: 0
6.54252   0.0852978   0.433011  5.72713 	Dead: 0
6.54314   0.0948511   0.481508  5.65555 	Dead: 0
6.54839   0.0976815   0.495877  5.65555 	Dead: 0
6.49683   0.0865147   0.439189  5.65555 	Dead: 0
6.53929   0.0946987   0.480735  5.65555 	Dead: 0
6.56986   0.0984776   0.499918  5.65555 	Dead: 0
6.22662   0.0860753   0.436959  5.45824 	Dead: 0
6.1201    0.0792363   0.40224   5.45824 	Dead: 0
6.10424   0.0981002   0.498002  5.29319 	Dead: 0
5.97107   0.0860945   0.437056  5.20256 	Dead: 0
5.98333   0.0938211   0.47628   5.1246  	Dead: 0
5.9221    0.0971007   0.492928  5.08021 	Dead: 0
5.89629   0.0924426   0.469282  5.08021 	Dead: 0
5.94187   0.0989585   0.50236   5.08021 	Dead: 0
5.84375   0.0879273   0.44636   5.08021 	Dead: 0
5.96603   0.112223    0.569697  5.08021 	Dead: 0
5.87829   0.088464    0.449084  5.08021 	Dead: 0
5.86278   0.0894189   0.453932  5.08021 	Dead: 0
5.94104   0.100417    0.509762  5.08021 	Dead: 0
5.88481   0.0855301   0.434191  5.08021 	Dead: 0
5.82271   0.0910174   0.462047  5.08021 	Dead: 0
5.85074   0.0936061   0.475188  5.08021 	Dead: 0
5.89529   0.097064    0.492742  5.08021 	Dead: 0
5.88771   0.0979262   0.497119  5.08021 	Dead: 0
5.90588   0.0949394   0.481957  5.08021 	Dead: 0
5.87735   0.105014    0.5331    5.08021 	Dead: 0
5.81198   0.0917955   0.465997  5.03135 	Dead: 0
5.81228   0.0944181   0.479311  5.03135 	Dead: 0
5.84584   0.0925061   0.469604  5.03135 	Dead: 0
5.80944   0.0912648   0.463303  5.03135 	Dead: 0
5.89899   0.101721    0.516381  5.03135 	Dead: 0
5.87102   0.101076    0.513106  5.03135 	Dead: 0
5.83537   0.0975265   0.49509   5.03135 	Dead: 0
5.90693   0.0986275   0.500679  5.03135 	Dead: 0
5.8532    0.0884252   0.448888  5.03135 	Dead: 0
5.84954   0.101083    0.513144  5.03135 	Dead: 0
5.86764   0.100056    0.507929  5.03135 	Dead: 0
5.84713   0.0935225   0.474764  4.87983 	Dead: 0
5.91729   0.0998356   0.506812  4.87983 	Dead: 0
5.82412   0.0923563   0.468844  4.87983 	Dead: 0
5.85191   0.0984522   0.499789  4.87983 	Dead: 0
5.26699   0.0752777   0.382145  4.62921 	Dead: 0
5.17639   0.0742953   0.377158  4.61659 	Dead: 0
5.16262   0.0785623   0.398819  4.61659 	Dead: 0
5.14763   0.0763659   0.387669  4.43884 	Dead: 0
5.18727   0.0873032   0.443192  4.43884 	Dead: 0
5.21719   0.091454    0.464263  4.43884 	Dead: 0
5.16505   0.0975211   0.495062  4.43884 	Dead: 0
5.1606    0.0952587   0.483578  4.43884 	Dead: 0
5.1409    0.0848606   0.430792  4.43884 	Dead: 0
5.13546   0.0804182   0.40824   4.43884 	Dead: 0
4.539     0.0378692   0.192242  4.13706 	Dead: 0
4.50292   0.0656093   0.333063  4.13706 	Dead: 0
4.47295   0.0623319   0.316426  4.13706 	Dead: 0
4.47006   0.0762623   0.387143  4.05161 	Dead: 0
4.4405    0.0619502   0.314488  4.04865 	Dead: 0
