4.95551   0.0567741   0.288212  4.16731 	Dead: 0
4.45724   0.05795     0.294181  3.91626 	Dead: 0
4.40113   0.0590155   0.29959   3.79899 	Dead: 0
4.2717    0.0530468   0.26929   3.79899 	Dead: 0
4.23842   0.0569389   0.289049  3.73572 	Dead: 0
4.22875   0.0607776   0.308536  3.73572 	Dead: 0
4.22246   0.0684238   0.347351  3.67654 	Dead: 0
4.12426   0.0577039   0.292932  3.60292 	Dead: 0
4.15683   0.0638865   0.324318  3.60292 	Dead: 0
4.09236   0.0498209   0.252914  3.60292 	Dead: 0
4.14281   0.0933632   0.473955  3.55505 	Dead: 0
4.15909   0.0636921   0.323331  3.55505 	Dead: 0
4.06897   0.057822    0.293531  3.55505 	Dead: 0
4.06253   0.0626937   0.318262  3.55505 	Dead: 0
4.02849   0.0567509   0.288094  3.55505 	Dead: 0
4.01302   0.0622658   0.31609   3.55505 	Dead: 0
3.98099   0.0583122   0.29602   3.53354 	Dead: 0
3.95035   0.0600471   0.304827  3.53354 	Dead: 0
3.95901   0.0592434   0.300747  3.52196 	Dead: 0
3.97984   0.0596511   0.302817  3.47849 	Dead: 0
3.95982   0.0601633   0.305417  3.47849 	Dead: 0
3.94779   0.0559026   0.283788  3.47849 	Dead: 0
3.93058   0.0593833   0.301457  3.47849 	Dead: 0
3.96084   0.0643167   0.326502  3.43955 	Dead: 0
3.96971   0.0655825   0.332927  3.43955 	Dead: 0
3.89837   0.0527479   0.267773  3.43955 	Dead: 0
3.94092   0.0616019   0.31272   3.37059 	Dead: 0
3.92169   0.0583623   0.296274  3.37059 	Dead: 0
3.93829   0.0577015   0.29292   3.37059 	Dead: 0
3.93081   0.0617799   0.313623  3.37059 	Dead: 0
3.90832   0.0601709   0.305455  3.37059 	Dead: 0
3.92495   0.063364    0.321665  3.37059 	Dead: 0
3.91311   0.0609771   0.309548  3.37059 	Dead: 0
3.89416   0.0553592   0.281029  3.37059 	Dead: 0
3.89304   0.0587505   0.298245  3.37059 	Dead: 0
3.91636   0.060715    0.308218  3.37059 	Dead: 0
3.92332   0.0605353   0.307305  3.37059 	Dead: 0
3.87384   0.0542913   0.275608  3.37059 	Dead: 0
3.88148   0.0568198   0.288444  3.37059 	Dead: 0
3.89913   0.05821     0.295501  3.37059 	Dead: 0
3.8627    0.0527284   0.267674  3.37059 	Dead: 0
3.84773   0.0528408   0.268244  3.37059 	Dead: 0
3.87552   0.0539459   0.273854  3.37059 	Dead: 0
3.86145   0.0603556   0.306393  3.37059 	Dead: 0
3.87853   0.0595794   0.302453  3.22035 	Dead: 0
3.86131   0.0570336   0.289529  3.22035 	Dead: 0
3.86203   0.0575311   0.292055  3.22035 	Dead: 0
3.86313   0.0570682   0.289705  3.22035 	Dead: 0
3.87881   0.0569085   0.288894  3.22035 	Dead: 0
3.87977   0.0618223   0.313839  3.22035 	Dead: 0
3.88367   0.0596723   0.302925  3.22035 	Dead: 0
3.86136   0.0639158   0.324466  3.22035 	Dead: 0
3.88958   0.0617879   0.313664  3.22035 	Dead: 0
3.88314   0.0611544   0.310448  3.22035 	Dead: 0
3.84665   0.0606053   0.307661  3.22035 	Dead: 0
3.883     0.0608322   0.308812  3.22035 	Dead: 0
3.86403   0.0623496   0.316516  3.22035 	Dead: 0
3.86628   0.0577354   0.293092  3.22035 	Dead: 0
3.84235   0.0581841   0.29537   3.22035 	Dead: 0
3.87415   0.0614815   0.312109  3.22035 	Dead: 0
3.83691   0.0610828   0.310085  3.22035 	Dead: 0
3.90159   0.0709113   0.359979  3.22035 	Dead: 0
3.82052   0.0564717   0.286677  3.22035 	Dead: 0
3.86337   0.0628383   0.318997  3.22035 	Dead: 0
3.90951   0.071833    0.364658  3.22035 	Dead: 0
3.87837   0.0643348   0.326593  3.22035 	Dead: 0
3.86445   0.0663154   0.336648  3.22035 	Dead: 0
3.87381   0.0635758   0.32274   3.22035 	Dead: 0
3.83519   0.0595154   0.302128  3.22035 	Dead: 0
3.8521    0.0605526   0.307393  3.22035 	Dead: 0
3.8659    0.0609034   0.309174  3.22035 	Dead: 0
3.85271   0.0647186   0.328542  3.22035 	Dead: 0
3.81336   0.0548928   0.278662  3.22035 	Dead: 0
3.8391    0.0631631   0.320645  3.22035 	Dead: 0
3.84204   0.0664446   0.337304  3.22035 	Dead: 0
3.83337   0.0654686   0.332349  3.22035 	Dead: 0
3.82506   0.0611379   0.310365  3.22035 	Dead: 0
3.83007   0.0626578   0.31808   3.22035 	Dead: 0
3.83562   0.0643026   0.32643   3.22035 	Dead: 0
3.81639   0.0569049   0.288876  3.22035 	Dead: 0
3.82451   0.0607652   0.308473  3.22035 	Dead: 0
3.81333   0.0621368   0.315435  3.22035 	Dead: 0
3.85904   0.0630574   0.320109  3.22035 	Dead: 0
3.82358   0.0597727   0.303434  3.22035 	Dead: 0
3.83824   0.0643995   0.326922  3.22035 	Dead: 0
3.85737   0.0630865   0.320256  3.22035 	Dead: 0
3.84452   0.0615713   0.312565  3.22035 	Dead: 0
3.81811   0.0607556   0.308424  3.22035 	Dead: 0
3.88265   0.0678723   0.344551  3.22035 	Dead: 0
3.79585   0.0580557   0.294718  3.22035 	Dead: 0
3.79152   0.0608728   0.309019  3.22035 	Dead: 0
3.82377   0.0624902   0.317229  3.22035 	Dead: 0
3.80622   0.0574478   0.291632  3.22035 	Dead: 0
3.82771   0.0596356   0.302738  3.22035 	Dead: 0
3.82754   0.062031    0.314898  3.22035 	Dead: 0
3.78317   0.0566018   0.287337  3.22035 	Dead: 0
3.84637   0.0668126   0.339172  3.22035 	Dead: 0
3.86769   0.0673591   0.341946  3.22035 	Dead: 0
3.84179   0.064672    0.328305  3.22035 	Dead: 0
3.83485   0.0667333   0.338769  3.22035 	Dead: 0
3.80704   0.0622622   0.316072  3.22035 	Dead: 0
