8.50942   0.103336    0.524583  7.29651 	Dead: 0
5.07622   0.0446925   0.22688   4.60816 	Dead: 0
4.30356   0.0415412   0.210883  3.94268 	Dead: 0
3.93622   0.0449776   0.228328  3.52045 	Dead: 0
3.84557   0.0519279   0.26361   3.50482 	Dead: 0
3.78361   0.0575532   0.292167  3.40909 	Dead: 0
3.66044   0.0531147   0.269635  3.26434 	Dead: 0
3.57599   0.0569427   0.289067  3.19864 	Dead: 0
3.5181    0.0574804   0.291797  2.98362 	Dead: 0
3.53684   0.0740641   0.375984  2.98362 	Dead: 0
3.50567   0.0650472   0.33021   2.98362 	Dead: 0
3.40598   0.0528586   0.268335  2.98362 	Dead: 0
3.4109    0.0555192   0.281841  2.98362 	Dead: 0
3.39284   0.0595492   0.302299  2.98362 	Dead: 0
3.39632   0.0675081   0.342703  2.96679 	Dead: 0
3.41395   0.0665857   0.33802   2.96679 	Dead: 0
3.37625   0.0639056   0.324415  2.96278 	Dead: 0
3.30416   0.053872    0.27348   2.96278 	Dead: 0
3.32227   0.0603586   0.306408  2.92199 	Dead: 0
3.26502   0.0547237   0.277803  2.92199 	Dead: 0
3.30044   0.0574307   0.291545  2.92199 	Dead: 0
3.28812   0.0524542   0.266282  2.92199 	Dead: 0
3.25242   0.0595542   0.302325  2.92199 	Dead: 0
3.36378   0.0776469   0.394172  2.89474 	Dead: 0
3.26661   0.0684547   0.347508  2.88573 	Dead: 0
3.25822   0.0673248   0.341772  2.88573 	Dead: 0
3.24618   0.0595354   0.302229  2.88573 	Dead: 0
3.21417   0.0536386   0.272295  2.84208 	Dead: 0
3.20633   0.0589762   0.299391  2.84208 	Dead: 0
3.19661   0.0619751   0.314615  2.84208 	Dead: 0
3.21779   0.0780577   0.396257  2.78177 	Dead: 0
3.19863   0.0654204   0.332105  2.78177 	Dead: 0
3.21308   0.0838242   0.425531  2.78177 	Dead: 0
3.13242   0.0618328   0.313892  2.78177 	Dead: 0
3.10537   0.0490078   0.248787  2.77891 	Dead: 0
3.12618   0.0760644   0.386138  2.77891 	Dead: 0
3.10349   0.0740652   0.37599   2.77851 	Dead: 0
3.05833   0.0609733   0.309529  2.62237 	Dead: 0
3.06805   0.0700931   0.355825  2.62237 	Dead: 0
3.08085   0.0805314   0.408815  2.62237 	Dead: 0
3.08379   0.0838868   0.425848  2.62237 	Dead: 0
3.00319   0.0495116   0.251344  2.62237 	Dead: 0
3.09427   0.0814173   0.413312  2.62237 	Dead: 0
3.04291   0.0732142   0.37167   2.62161 	Dead: 0
3.03309   0.0767404   0.38957   2.62161 	Dead: 0
3.04617   0.0913937   0.463957  2.62161 	Dead: 0
3.07411   0.0986352   0.500718  2.62161 	Dead: 0
3.03632   0.0893958   0.453815  2.62161 	Dead: 0
3.02634   0.0816421   0.414453  2.62161 	Dead: 0
2.98286   0.0776454   0.394164  2.56703 	Dead: 0
3.01358   0.0823348   0.41797   2.56703 	Dead: 0
3.02724   0.0857238   0.435174  2.56703 	Dead: 0
3.05106   0.0972915   0.493897  2.56703 	Dead: 0
2.97539   0.0721523   0.366279  2.56703 	Dead: 0
2.96642   0.0743542   0.377457  2.56703 	Dead: 0
3.03467   0.08047     0.408503  2.56703 	Dead: 0
2.95304   0.0819066   0.415796  2.56703 	Dead: 0
3.01737   0.0932025   0.473139  2.52398 	Dead: 0
2.97293   0.075813    0.384862  2.52398 	Dead: 0
2.95399   0.078355    0.397767  2.52398 	Dead: 0
3.01115   0.105487    0.535502  2.52398 	Dead: 0
2.98363   0.0825652   0.419139  2.52398 	Dead: 0
2.97488   0.0769355   0.390561  2.52398 	Dead: 0
2.96961   0.0750765   0.381123  2.52398 	Dead: 0
2.97435   0.0823054   0.417821  2.52398 	Dead: 0
2.95453   0.0872451   0.442897  2.52398 	Dead: 0
2.92331   0.0580557   0.294718  2.52398 	Dead: 0
2.95411   0.0768458   0.390105  2.52398 	Dead: 0
2.96717   0.0810974   0.411688  2.52398 	Dead: 0
2.96151   0.0797954   0.405079  2.52398 	Dead: 0
2.91383   0.0604477   0.306861  2.52398 	Dead: 0
2.99656   0.0954872   0.484738  2.52398 	Dead: 0
2.90249   0.0598696   0.303926  2.52398 	Dead: 0
2.98329   0.103513    0.525482  2.52398 	Dead: 0
3.02099   0.111391    0.565475  2.52398 	Dead: 0
2.97646   0.10247     0.520188  2.52398 	Dead: 0
2.94239   0.0802377   0.407324  2.52398 	Dead: 0
2.91481   0.067494    0.342631  2.52398 	Dead: 0
2.95946   0.084926    0.431124  2.52398 	Dead: 0
2.95577   0.0806384   0.409358  2.52398 	Dead: 0
2.9008    0.0600052   0.304614  2.52398 	Dead: 0
2.885     0.0650415   0.330181  2.52398 	Dead: 0
2.90279   0.0806092   0.40921   2.52398 	Dead: 0
3.00056   0.110797    0.562458  2.52398 	Dead: 0
2.96316   0.0940598   0.477491  2.52398 	Dead: 0
2.94195   0.096984    0.492336  2.52398 	Dead: 0
2.97407   0.108294    0.54975   2.52398 	Dead: 0
2.91025   0.0703428   0.357093  2.52398 	Dead: 0
2.97322   0.0927979   0.471086  2.52398 	Dead: 0
2.89094   0.0598343   0.303747  2.52072 	Dead: 0
2.86396   0.0595673   0.302391  2.49621 	Dead: 0
2.95775   0.103768    0.526777  2.49621 	Dead: 0
2.86116   0.0598448   0.3038    2.49621 	Dead: 0
2.86885   0.0636437   0.323085  2.49621 	Dead: 0
2.89944   0.0672055   0.341167  2.49621 	Dead: 0
2.97925   0.0945368   0.479913  2.49621 	Dead: 0
2.88617   0.0687677   0.349097  2.49621 	Dead: 0
2.92876   0.100043    0.507867  2.49621 	Dead: 0
2.97532   0.0977477   0.496213  2.49621 	Dead: 0
2.96856   0.0984901   0.499982  2.49621 	Dead: 0
2.88825   0.0644399   0.327127  2.49621 	Dead: 0
