8.4924    0.0854939   0.434007  7.24234 	Dead: 0
5.19346   0.0603566   0.306398  4.57109 	Dead: 0
4.30235   0.0559407   0.283981  3.63251 	Dead: 0
3.79      0.0588284   0.29864   3.39709 	Dead: 0
3.60134   0.0508992   0.258388  3.21112 	Dead: 0
3.42643   0.0471116   0.239161  3.00715 	Dead: 0
3.35323   0.0467908   0.237532  3.00493 	Dead: 0
3.37046   0.0692489   0.35154   3.00493 	Dead: 0
3.34349   0.0671564   0.340917  2.98592 	Dead: 0
3.23051   0.0477877   0.242593  2.86025 	Dead: 0
3.21213   0.0535162   0.271673  2.86025 	Dead: 0
3.27811   0.0927378   0.47078   2.80234 	Dead: 0
3.18278   0.0764522   0.388107  2.80234 	Dead: 0
3.15104   0.0639082   0.324428  2.77065 	Dead: 0
3.12503   0.0734696   0.372966  2.60613 	Dead: 0
3.06785   0.0811354   0.411881  2.60613 	Dead: 0
3.0084    0.0602427   0.30582   2.60613 	Dead: 0
3.0284    0.0868738   0.441012  2.60613 	Dead: 0
3.01968   0.0702268   0.356504  2.55321 	Dead: 0
3.00499   0.0887557   0.450565  2.55321 	Dead: 0
2.9223    0.0528056   0.268066  2.55321 	Dead: 0
2.96501   0.0614925   0.312165  2.55321 	Dead: 0
2.96385   0.0731658   0.371424  2.55321 	Dead: 0
2.93943   0.0646827   0.328359  2.49053 	Dead: 0
2.9302    0.0643682   0.326763  2.49053 	Dead: 0
2.92234   0.0659646   0.334867  2.49053 	Dead: 0
2.94366   0.0670894   0.340577  2.49053 	Dead: 0
2.89413   0.0590799   0.299917  2.49053 	Dead: 0
2.91486   0.0561964   0.285279  2.49053 	Dead: 0
2.94588   0.0647632   0.328768  2.49053 	Dead: 0
2.93517   0.0705316   0.358051  2.49053 	Dead: 0
2.9402    0.0706177   0.358488  2.49053 	Dead: 0
2.91968   0.0724278   0.367678  2.49053 	Dead: 0
2.90827   0.0625148   0.317354  2.49053 	Dead: 0
2.89634   0.0576194   0.292503  2.49053 	Dead: 0
2.89579   0.0677337   0.343848  2.49053 	Dead: 0
2.85532   0.0523173   0.265587  2.47426 	Dead: 0
2.92411   0.0771135   0.391464  2.47426 	Dead: 0
2.9292    0.0835245   0.424009  2.46974 	Dead: 0
2.90665   0.068384    0.347149  2.46974 	Dead: 0
2.92186   0.0818413   0.415465  2.46974 	Dead: 0
2.8402    0.0510203   0.259003  2.46974 	Dead: 0
2.90025   0.0819124   0.415826  2.46974 	Dead: 0
2.84554   0.0709417   0.360133  2.46974 	Dead: 0
2.86948   0.0697969   0.354322  2.46974 	Dead: 0
2.86277   0.0750375   0.380925  2.46974 	Dead: 0
2.83593   0.072651    0.36881   2.46974 	Dead: 0
2.88793   0.0807139   0.409741  2.46974 	Dead: 0
2.81761   0.0660313   0.335206  2.46974 	Dead: 0
2.79178   0.0564263   0.286446  2.46974 	Dead: 0
2.81873   0.0630965   0.320307  2.46974 	Dead: 0
2.79066   0.064082    0.32531   2.46974 	Dead: 0
2.81721   0.068607    0.348281  2.46974 	Dead: 0
2.84836   0.0890741   0.452182  2.46974 	Dead: 0
2.82605   0.0856076   0.434584  2.46831 	Dead: 0
2.78809   0.0770815   0.391302  2.46831 	Dead: 0
2.79456   0.063833    0.324046  2.46831 	Dead: 0
2.77947   0.0603365   0.306296  2.46831 	Dead: 0
2.80864   0.0762278   0.386968  2.41832 	Dead: 0
2.77571   0.0629572   0.3196    2.41832 	Dead: 0
2.77535   0.068821    0.349368  2.41832 	Dead: 0
2.84625   0.0888421   0.451004  2.41832 	Dead: 0
2.83352   0.0829767   0.421228  2.41832 	Dead: 0
2.79572   0.0776875   0.394378  2.41832 	Dead: 0
2.90933   0.104414    0.530056  2.3951  	Dead: 0
2.82104   0.0866132   0.439689  2.3951  	Dead: 0
2.75411   0.0664769   0.337468  2.3951  	Dead: 0
2.75501   0.0685323   0.347902  2.3951  	Dead: 0
2.80269   0.0835996   0.424391  2.3951  	Dead: 0
2.80512   0.0980903   0.497952  2.3951  	Dead: 0
2.70759   0.0660004   0.335049  2.3951  	Dead: 0
2.76712   0.0693184   0.351892  2.38983 	Dead: 0
2.73389   0.0784465   0.398231  2.38423 	Dead: 0
2.73611   0.0680775   0.345593  2.38423 	Dead: 0
2.73      0.0598922   0.304041  2.38423 	Dead: 0
2.72532   0.0589619   0.299318  2.38423 	Dead: 0
2.69929   0.0581072   0.294979  2.38423 	Dead: 0
2.78036   0.0890333   0.451975  2.38423 	Dead: 0
2.72553   0.0578474   0.29366   2.3797  	Dead: 0
2.74907   0.0780463   0.396199  2.3797  	Dead: 0
2.71623   0.0618395   0.313926  2.3797  	Dead: 0
2.7815    0.0814773   0.413617  2.31767 	Dead: 0
2.75376   0.082076    0.416656  2.31226 	Dead: 0
2.68528   0.0636111   0.32292   2.25732 	Dead: 0
2.73901   0.0688801   0.349667  2.25732 	Dead: 0
2.75761   0.0859759   0.436454  2.25732 	Dead: 0
2.7292    0.0752201   0.381852  2.25732 	Dead: 0
2.69555   0.0635999   0.322863  2.25732 	Dead: 0
2.66682   0.0602714   0.305966  2.25732 	Dead: 0
2.74771   0.084267    0.427779  2.25732 	Dead: 0
2.74845   0.10297     0.522723  2.25732 	Dead: 0
2.81862   0.117548    0.596727  2.25732 	Dead: 0
2.84026   0.120793    0.613202  2.25732 	Dead: 0
2.69895   0.0651078   0.330518  2.25732 	Dead: 0
2.7059    0.060901    0.309162  2.25732 	Dead: 0
2.7035    0.0706826   0.358818  2.25732 	Dead: 0
2.73515   0.0810435   0.411415  2.25732 	Dead: 0
2.7268    0.0767201   0.389467  2.25732 	Dead: 0
2.78041   0.0853588   0.433321  2.25732 	Dead: 0
2.71409   0.0734162   0.372695  2.25732 	Dead: 0
2.72833   0.0680943   0.345678  2.25732 	Dead: 0
