8.49605   0.0820921   0.416738  7.15678 	Dead: 0
4.64729   0.0589598   0.299307  3.99752 	Dead: 0
3.60433   0.0517889   0.262905  3.21    	Dead: 0
3.39904   0.0506199   0.25697   2.96366 	Dead: 0
3.39017   0.0693778   0.352194  2.96366 	Dead: 0
3.27034   0.0530896   0.269507  2.91141 	Dead: 0
3.20914   0.0564882   0.286761  2.91141 	Dead: 0
3.13212   0.0670559   0.340407  2.78404 	Dead: 0
3.0421    0.0627822   0.318712  2.62402 	Dead: 0
2.99189   0.0840565   0.42671   2.59396 	Dead: 0
2.89303   0.0620095   0.314789  2.51474 	Dead: 0
2.88543   0.0681036   0.345726  2.51474 	Dead: 0
2.84928   0.0670465   0.34036   2.51474 	Dead: 0
2.90578   0.0946134   0.480302  2.40295 	Dead: 0
2.84673   0.0915837   0.464921  2.40295 	Dead: 0
2.8039    0.0669493   0.339866  2.40295 	Dead: 0
2.83796   0.0799738   0.405984  2.40295 	Dead: 0
2.82747   0.0843273   0.428085  2.40295 	Dead: 0
2.79864   0.0764326   0.388008  2.40076 	Dead: 0
2.74668   0.0584106   0.29652   2.40076 	Dead: 0
2.74888   0.0631717   0.320689  2.40076 	Dead: 0
2.73822   0.0638177   0.323968  2.40076 	Dead: 0
2.74385   0.0728387   0.369763  2.40076 	Dead: 0
2.78006   0.0807213   0.409779  2.38355 	Dead: 0
2.73332   0.0685423   0.347953  2.38355 	Dead: 0
2.72064   0.0565978   0.287317  2.33871 	Dead: 0
2.75023   0.0788746   0.400404  2.33871 	Dead: 0
2.76163   0.0857661   0.435389  2.33871 	Dead: 0
2.73829   0.074982    0.380644  2.33871 	Dead: 0
2.69215   0.0640563   0.32518   2.33871 	Dead: 0
2.74387   0.0724112   0.367593  2.33871 	Dead: 0
2.68946   0.0756584   0.384077  2.32741 	Dead: 0
2.67988   0.0682321   0.346378  2.32741 	Dead: 0
2.7031    0.0707634   0.359228  2.30047 	Dead: 0
2.7108    0.0806249   0.40929   2.30047 	Dead: 0
2.70647   0.0763764   0.387722  2.30047 	Dead: 0
2.72179   0.0698621   0.354653  2.30047 	Dead: 0
2.7482    0.0887841   0.45071   2.30047 	Dead: 0
2.6947    0.0685287   0.347883  2.30047 	Dead: 0
2.67785   0.0600408   0.304795  2.30047 	Dead: 0
2.67462   0.066826    0.33924   2.30047 	Dead: 0
2.66017   0.0574076   0.291428  2.30047 	Dead: 0
2.71028   0.0803876   0.408085  2.23343 	Dead: 0
2.7294    0.0776138   0.394004  2.23343 	Dead: 0
2.66627   0.0731367   0.371276  2.23343 	Dead: 0
2.61955   0.0531492   0.26981   2.23343 	Dead: 0
2.6801    0.0646628   0.328259  2.23343 	Dead: 0
2.72264   0.074763    0.379532  2.23343 	Dead: 0
2.64496   0.0669512   0.339875  2.23343 	Dead: 0
2.64134   0.0606876   0.308079  2.23343 	Dead: 0
2.60479   0.0535508   0.271849  2.23343 	Dead: 0
2.61761   0.061972    0.314599  2.23343 	Dead: 0
2.60515   0.0675173   0.342749  2.23343 	Dead: 0
2.62775   0.0687664   0.34909   2.22775 	Dead: 0
2.64847   0.0791396   0.40175   2.22775 	Dead: 0
2.61721   0.0768427   0.39009   2.22775 	Dead: 0
2.60703   0.0768761   0.390259  2.22775 	Dead: 0
2.56874   0.049246    0.249996  2.22775 	Dead: 0
2.63567   0.0785911   0.398965  2.22775 	Dead: 0
2.63394   0.0861052   0.43711   2.22775 	Dead: 0
2.60253   0.0713049   0.361977  2.22775 	Dead: 0
2.67491   0.103008    0.522916  2.22775 	Dead: 0
2.63544   0.0685063   0.34777   2.22775 	Dead: 0
2.61764   0.0703174   0.356964  2.22775 	Dead: 0
2.68774   0.0973413   0.49415   2.22775 	Dead: 0
2.65523   0.0693915   0.352263  2.22775 	Dead: 0
2.57146   0.0596781   0.302954  2.19123 	Dead: 0
2.60595   0.0697591   0.35413   2.19123 	Dead: 0
2.64207   0.076095    0.386294  2.19123 	Dead: 0
2.59724   0.0664531   0.337347  2.19123 	Dead: 0
2.62897   0.0808745   0.410557  2.19123 	Dead: 0
2.64033   0.0744259   0.377821  2.19123 	Dead: 0
2.62764   0.0868334   0.440807  2.19123 	Dead: 0
2.5842    0.0543139   0.275723  2.19123 	Dead: 0
2.62888   0.0849577   0.431285  2.19123 	Dead: 0
2.61869   0.0729341   0.370248  2.19123 	Dead: 0
2.60174   0.0713324   0.362117  2.19123 	Dead: 0
2.60554   0.0662708   0.336422  2.19123 	Dead: 0
2.58682   0.0691989   0.351286  2.16704 	Dead: 0
2.64932   0.0939124   0.476743  2.16704 	Dead: 0
2.62756   0.0678652   0.344515  2.16704 	Dead: 0
2.63546   0.0852805   0.432924  2.16704 	Dead: 0
2.65494   0.0935319   0.474811  2.16704 	Dead: 0
2.63414   0.0777638   0.394765  2.16704 	Dead: 0
2.65403   0.0784818   0.39841   2.16704 	Dead: 0
2.56522   0.0671162   0.340713  2.16704 	Dead: 0
2.60818   0.101495    0.515235  2.16704 	Dead: 0
2.6433    0.098866    0.50189   2.16704 	Dead: 0
2.65307   0.0933522   0.473899  2.16704 	Dead: 0
2.58922   0.0720574   0.365797  2.16704 	Dead: 0
2.61891   0.0765368   0.388536  2.16704 	Dead: 0
2.66069   0.0909567   0.461739  2.16704 	Dead: 0
2.59155   0.0838881   0.425855  2.16704 	Dead: 0
2.58771   0.0742819   0.377089  2.16704 	Dead: 0
2.5781    0.0659664   0.334876  2.16704 	Dead: 0
2.67972   0.101554    0.515533  2.16704 	Dead: 0
2.65986   0.104145    0.528687  2.16704 	Dead: 0
2.5664    0.0768563   0.390158  2.16704 	Dead: 0
2.62863   0.0776275   0.394073  2.16704 	Dead: 0
2.58395   0.0743377   0.377373  2.16704 	Dead: 0
2.58143   0.0656007   0.33302   2.16704 	Dead: 0
