5.63109   0.149463    0.758745  3.97065 	Dead: 0
3.79178   0.0631019   0.320335  3.32936 	Dead: 0
3.35606   0.0348875   0.177105  3.05333 	Dead: 0
3.17808   0.0440745   0.223743  2.85884 	Dead: 0
3.00202   0.0406822   0.206522  2.68228 	Dead: 0
2.91405   0.0364349   0.184961  2.62918 	Dead: 0
2.79542   0.0389663   0.197811  2.44389 	Dead: 0
2.6955    0.0343707   0.174482  2.42427 	Dead: 0
2.65114   0.037536    0.19055   2.39396 	Dead: 0
2.66186   0.0657043   0.333546  2.38943 	Dead: 0
2.63622   0.045584    0.231406  2.38943 	Dead: 0
2.59376   0.0365369   0.185478  2.36701 	Dead: 0
2.58228   0.0398121   0.202105  2.36701 	Dead: 0
2.61474   0.0522159   0.265072  2.3171  	Dead: 0
2.58487   0.0450327   0.228607  2.3171  	Dead: 0
2.55708   0.0456899   0.231943  2.2914  	Dead: 0
2.53213   0.0533336   0.270746  2.20158 	Dead: 0
2.49014   0.0567191   0.287932  2.18011 	Dead: 0
2.42186   0.0502157   0.254919  2.13831 	Dead: 0
2.42617   0.0784168   0.39808   2.12064 	Dead: 0
2.36074   0.0522655   0.265324  2.05951 	Dead: 0
2.35864   0.0500006   0.253826  2.05951 	Dead: 0
2.32068   0.0365737   0.185665  2.05951 	Dead: 0
2.31198   0.0413671   0.209999  2.05951 	Dead: 0
2.31971   0.0410429   0.208353  2.05951 	Dead: 0
2.31757   0.0657602   0.333829  1.97131 	Dead: 0
2.30274   0.055559    0.282044  1.97131 	Dead: 0
2.29926   0.0468955   0.238064  1.97131 	Dead: 0
2.27396   0.0550701   0.279562  1.97131 	Dead: 0
2.27021   0.0584198   0.296566  1.97131 	Dead: 0
2.23837   0.0440853   0.223797  1.97131 	Dead: 0
2.26805   0.0558839   0.283693  1.96586 	Dead: 0
2.23722   0.0384433   0.195156  1.96586 	Dead: 0
2.25382   0.0461576   0.234318  1.96586 	Dead: 0
2.25138   0.0598903   0.304031  1.96586 	Dead: 0
2.21567   0.0357051   0.181256  1.96586 	Dead: 0
2.26684   0.0781583   0.396768  1.96586 	Dead: 0
2.22881   0.0402723   0.204441  1.96586 	Dead: 0
2.27283   0.0700254   0.355482  1.96586 	Dead: 0
2.26529   0.0637316   0.323531  1.96586 	Dead: 0
2.2565    0.0552987   0.280722  1.96586 	Dead: 0
2.27739   0.0615884   0.312652  1.96586 	Dead: 0
2.24984   0.0724573   0.367827  1.96586 	Dead: 0
2.21294   0.0525523   0.26678   1.95848 	Dead: 0
2.20417   0.0469427   0.238303  1.92432 	Dead: 0
2.18776   0.036131    0.183418  1.92432 	Dead: 0
2.23828   0.0643447   0.326644  1.92432 	Dead: 0
2.158     0.0384269   0.195073  1.92432 	Dead: 0
2.23671   0.071504    0.362988  1.92432 	Dead: 0
2.17656   0.0405973   0.206091  1.92432 	Dead: 0
2.15625   0.0338126   0.171648  1.92432 	Dead: 0
2.14477   0.029238    0.148426  1.92322 	Dead: 0
2.15456   0.0424753   0.215625  1.92322 	Dead: 0
2.15737   0.0355725   0.180582  1.90841 	Dead: 0
2.18853   0.064827    0.329092  1.90841 	Dead: 0
2.16498   0.0481019   0.244188  1.90841 	Dead: 0
2.16673   0.0537463   0.272841  1.90841 	Dead: 0
2.1682    0.0382897   0.194376  1.8945  	Dead: 0
2.17712   0.0536142   0.272171  1.8945  	Dead: 0
2.19789   0.0693618   0.352113  1.8945  	Dead: 0
2.14035   0.0353839   0.179625  1.8945  	Dead: 0
2.13424   0.0390235   0.198101  1.8945  	Dead: 0
2.18505   0.0748819   0.380136  1.8945  	Dead: 0
2.16356   0.0444477   0.225637  1.8945  	Dead: 0
2.13618   0.038474    0.195312  1.8945  	Dead: 0
2.12523   0.036454    0.185058  1.8945  	Dead: 0
2.13738   0.0436103   0.221386  1.8945  	Dead: 0
2.17478   0.0626934   0.318261  1.8945  	Dead: 0
2.14602   0.0396321   0.201191  1.8945  	Dead: 0
2.16148   0.0488528   0.248     1.8945  	Dead: 0
2.13764   0.0513324   0.260587  1.8945  	Dead: 0
2.16154   0.0583527   0.296226  1.8945  	Dead: 0
2.15565   0.0531211   0.269667  1.8945  	Dead: 0
2.1667    0.0520271   0.264114  1.8945  	Dead: 0
2.15127   0.0524554   0.266288  1.8945  	Dead: 0
2.21131   0.0711114   0.360994  1.8945  	Dead: 0
2.14868   0.041036    0.208318  1.8945  	Dead: 0
2.14246   0.04408     0.223771  1.8945  	Dead: 0
2.20284   0.0922656   0.468383  1.87548 	Dead: 0
2.13303   0.0464096   0.235597  1.87548 	Dead: 0
2.11548   0.0450074   0.228479  1.87548 	Dead: 0
2.12634   0.0411932   0.209116  1.87548 	Dead: 0
2.13894   0.0497986   0.252801  1.87548 	Dead: 0
2.11631   0.0375975   0.190862  1.87548 	Dead: 0
2.17993   0.0673908   0.342107  1.85795 	Dead: 0
2.11793   0.0482124   0.244748  1.85795 	Dead: 0
2.16252   0.0644525   0.327191  1.85795 	Dead: 0
2.14319   0.0551036   0.279732  1.85795 	Dead: 0
2.15634   0.0596105   0.302611  1.85795 	Dead: 0
2.15172   0.0554336   0.281407  1.85795 	Dead: 0
2.146     0.0533776   0.270969  1.85795 	Dead: 0
2.14826   0.0573331   0.29105   1.85795 	Dead: 0
2.1186    0.0453626   0.230281  1.85795 	Dead: 0
2.13942   0.049647    0.252031  1.85795 	Dead: 0
2.14632   0.049171    0.249615  1.85795 	Dead: 0
2.12905   0.0417294   0.211838  1.85795 	Dead: 0
2.14284   0.0585405   0.297179  1.85795 	Dead: 0
2.13244   0.047737    0.242335  1.85795 	Dead: 0
2.14345   0.0479943   0.243641  1.85795 	Dead: 0
2.14004   0.0506405   0.257075  1.85795 	Dead: 0
2.09921   0.048413    0.245767  1.85795 	Dead: 0
