8.95421   0.156847    0.796226  7.08667 	Dead: 0
6.49451   0.0871697   0.442514  5.6671  	Dead: 0
6.14437   0.0781841   0.396899  5.52522 	Dead: 0
5.96749   0.0762717   0.387191  5.30534 	Dead: 0
5.81914   0.0700553   0.355633  5.18402 	Dead: 0
5.81147   0.0818025   0.415268  5.18402 	Dead: 0
5.7817    0.082142    0.416991  5.09152 	Dead: 0
5.79894   0.0822523   0.417551  5.06849 	Dead: 0
5.72761   0.0840613   0.426734  5.05015 	Dead: 0
5.74231   0.0815347   0.413908  5.05015 	Dead: 0
5.70059   0.0849949   0.431474  4.944   	Dead: 0
5.6904    0.0866317   0.439783  4.944   	Dead: 0
5.66286   0.0897141   0.455431  4.944   	Dead: 0
5.68106   0.0814003   0.413226  4.944   	Dead: 0
5.65044   0.0842025   0.427451  4.944   	Dead: 0
5.67585   0.0917993   0.466016  4.944   	Dead: 0
5.70513   0.09071     0.460486  4.944   	Dead: 0
5.68193   0.087995    0.446704  4.944   	Dead: 0
5.67178   0.0893883   0.453777  4.944   	Dead: 0
5.65305   0.0889219   0.451409  4.944   	Dead: 0
5.5893    0.0816183   0.414332  4.93227 	Dead: 0
5.64674   0.0936944   0.475636  4.93227 	Dead: 0
5.58417   0.0853079   0.433062  4.93227 	Dead: 0
5.60347   0.0925652   0.469904  4.93227 	Dead: 0
5.62699   0.0904225   0.459027  4.83679 	Dead: 0
5.54046   0.0833753   0.423252  4.83679 	Dead: 0
5.57652   0.0972358   0.493614  4.76077 	Dead: 0
5.51994   0.089979    0.456775  4.76077 	Dead: 0
5.50499   0.0950502   0.482519  4.6273  	Dead: 0
5.47143   0.0915146   0.464571  4.6273  	Dead: 0
5.36584   0.0819747   0.416142  4.6273  	Dead: 0
5.35751   0.0777987   0.394942  4.6273  	Dead: 0
5.34396   0.0844852   0.428887  4.6273  	Dead: 0
5.35602   0.087395    0.443658  4.6273  	Dead: 0
5.38952   0.0928471   0.471335  4.6273  	Dead: 0
5.31126   0.0949195   0.481856  4.53255 	Dead: 0
5.26688   0.0902825   0.458316  4.53255 	Dead: 0
5.26331   0.0935886   0.475099  4.53255 	Dead: 0
5.30477   0.0862846   0.438021  4.53255 	Dead: 0
5.23342   0.0947184   0.480835  4.48126 	Dead: 0
5.30401   0.0972866   0.493872  4.48126 	Dead: 0
5.3447    0.104382    0.52989   4.48126 	Dead: 0
5.2775    0.0892192   0.452918  4.48126 	Dead: 0
5.21215   0.0825823   0.419226  4.48126 	Dead: 0
5.30885   0.0993697   0.504447  4.48126 	Dead: 0
5.25356   0.0901222   0.457503  4.48126 	Dead: 0
5.24787   0.0999292   0.507287  4.48126 	Dead: 0
5.1633    0.0826607   0.419624  4.48126 	Dead: 0
5.29641   0.103501    0.525418  4.48126 	Dead: 0
5.24356   0.095351    0.484046  4.48126 	Dead: 0
5.23148   0.0918748   0.466399  4.48126 	Dead: 0
5.25106   0.102359    0.519621  4.48126 	Dead: 0
5.29164   0.10195     0.517547  4.48126 	Dead: 0
5.2527    0.102981    0.522782  4.48126 	Dead: 0
5.23127   0.104941    0.532731  4.48126 	Dead: 0
5.26873   0.105027    0.533167  4.48126 	Dead: 0
5.20242   0.106919    0.542771  4.48126 	Dead: 0
5.26724   0.104229    0.529113  4.48126 	Dead: 0
5.1793    0.101686    0.516206  4.48126 	Dead: 0
5.19634   0.103208    0.523934  4.48126 	Dead: 0
5.1977    0.109834    0.55757   4.48126 	Dead: 0
5.15034   0.0954206   0.484399  4.48126 	Dead: 0
5.16434   0.0912089   0.463019  4.38388 	Dead: 0
5.19      0.107033    0.54335   4.38388 	Dead: 0
5.16909   0.0973926   0.49441   4.38388 	Dead: 0
5.21713   0.102145    0.518536  4.38388 	Dead: 0
5.21402   0.0962581   0.488651  4.38388 	Dead: 0
5.15127   0.0927576   0.470881  4.38388 	Dead: 0
5.14456   0.0948208   0.481354  4.38388 	Dead: 0
5.21505   0.118608    0.602108  4.38388 	Dead: 0
5.24769   0.115528    0.586474  4.38388 	Dead: 0
5.1729    0.0915577   0.46479   4.38388 	Dead: 0
5.1103    0.0889023   0.45131   4.38388 	Dead: 0
5.19174   0.102783    0.521777  4.38388 	Dead: 0
5.13982   0.0985394   0.500232  4.38388 	Dead: 0
5.13808   0.0927137   0.470658  4.38388 	Dead: 0
5.13919   0.102451    0.52009   4.38388 	Dead: 0
5.18088   0.0966119   0.490447  4.38388 	Dead: 0
5.18499   0.118304    0.600567  4.38388 	Dead: 0
5.10577   0.0892588   0.453119  4.38388 	Dead: 0
5.14635   0.103569    0.525764  4.38388 	Dead: 0
5.11883   0.0974411   0.494656  4.38388 	Dead: 0
5.1315    0.106513    0.54071   4.38388 	Dead: 0
5.13972   0.0987344   0.501222  4.38388 	Dead: 0
5.0662    0.0940049   0.477213  4.38388 	Dead: 0
5.09992   0.108511    0.55085   4.38388 	Dead: 0
5.13519   0.123708    0.628001  4.38388 	Dead: 0
5.03831   0.0838594   0.425709  4.38388 	Dead: 0
5.0625    0.0910434   0.462179  4.38388 	Dead: 0
5.01484   0.0962846   0.488786  4.38388 	Dead: 0
5.0807    0.100568    0.51053   4.38388 	Dead: 0
5.12486   0.100132    0.508319  4.38388 	Dead: 0
5.05899   0.0869782   0.441542  4.38388 	Dead: 0
5.06476   0.0967731   0.491266  4.38388 	Dead: 0
5.05397   0.0906236   0.460048  4.35528 	Dead: 0
5.06883   0.0924316   0.469226  4.35528 	Dead: 0
5.04549   0.0954117   0.484354  4.35335 	Dead: 0
5.02266   0.0949904   0.482216  4.35335 	Dead: 0
5.10225   0.101405    0.514781  4.35335 	Dead: 0
5.1081    0.0954197   0.484395  4.35335 	Dead: 0
5.12142   0.104831    0.532171  4.35335 	Dead: 0
