12.0505   0.0963052   0.48889   10.7197 	Dead: 0
10.6549   0.0607296   0.308292  9.84743 	Dead: 0
10.3588   0.0806532   0.409433  9.65813 	Dead: 0
10.2729   0.0800274   0.406256  9.62791 	Dead: 0
10.2242   0.0755236   0.383393  9.41306 	Dead: 0
10.1933   0.0787239   0.399639  9.41306 	Dead: 0
10.2064   0.0852774   0.432908  9.21265 	Dead: 0
10.1049   0.0821484   0.417023  9.21265 	Dead: 0
10.1267   0.0811198   0.411802  9.21265 	Dead: 0
10.1702   0.0863132   0.438166  9.21265 	Dead: 0
10.1664   0.0848851   0.430916  9.21265 	Dead: 0
10.0878   0.0844731   0.428825  9.21265 	Dead: 0
10.1182   0.0833615   0.423182  9.1694  	Dead: 0
10.1098   0.0884599   0.449064  9.1694  	Dead: 0
10.0967   0.0897805   0.455768  9.1694  	Dead: 0
10.0924   0.0851816   0.432422  9.1694  	Dead: 0
10.0725   0.0896731   0.455222  9.1694  	Dead: 0
10.1138   0.0987841   0.501474  9.1694  	Dead: 0
10.0807   0.0915775   0.46489   9.1694  	Dead: 0
10.0707   0.0941172   0.477783  9.1694  	Dead: 0
10.0399   0.0799619   0.405924  9.1694  	Dead: 0
10.0641   0.0904753   0.459295  9.1694  	Dead: 0
10.0854   0.0840368   0.42661   9.1694  	Dead: 0
10.0531   0.0847733   0.430349  9.1694  	Dead: 0
9.99019   0.0847085   0.43002   9.1694  	Dead: 0
9.89633   0.0903583   0.458701  9.1694  	Dead: 0
9.79174   0.0758654   0.385128  9.1694  	Dead: 0
9.77565   0.0752798   0.382155  9.16357 	Dead: 0
9.75163   0.0825771   0.4192    9.1031  	Dead: 0
9.81645   0.0888508   0.451048  9.09201 	Dead: 0
9.73192   0.0777846   0.394871  8.96169 	Dead: 0
9.7792    0.0919536   0.466799  8.96169 	Dead: 0
9.76605   0.0827655   0.420156  8.96169 	Dead: 0
9.7165    0.07933     0.402716  8.96169 	Dead: 0
9.71955   0.0787766   0.399907  8.96169 	Dead: 0
9.70038   0.07703     0.39104   8.96169 	Dead: 0
9.73971   0.0909842   0.461878  8.96169 	Dead: 0
9.72663   0.0867654   0.440462  8.96169 	Dead: 0
9.71258   0.0953739   0.484162  8.96169 	Dead: 0
9.69329   0.0964543   0.489647  8.7828  	Dead: 0
9.63492   0.082411    0.418357  8.7828  	Dead: 0
9.65186   0.0899342   0.456548  8.7828  	Dead: 0
9.68425   0.097637    0.495651  8.7828  	Dead: 0
9.62423   0.0912909   0.463435  8.7828  	Dead: 0
9.59699   0.0883199   0.448353  8.7828  	Dead: 0
9.60798   0.093004    0.472131  8.7828  	Dead: 0
9.59531   0.0868049   0.440662  8.7828  	Dead: 0
9.65856   0.101194    0.513709  8.7828  	Dead: 0
9.60464   0.0991666   0.503416  8.7828  	Dead: 0
9.59137   0.0967224   0.491008  8.7828  	Dead: 0
9.61174   0.10054     0.510389  8.7828  	Dead: 0
9.58373   0.0985628   0.500351  8.7828  	Dead: 0
9.59993   0.103344    0.524624  8.7828  	Dead: 0
9.4652    0.0958913   0.486789  8.63414 	Dead: 0
9.20377   0.141605    0.718852  7.91992 	Dead: 0
8.90233   0.140222    0.711832  7.91992 	Dead: 0
8.97962   0.15167     0.769946  7.91992 	Dead: 0
8.83728   0.145764    0.739968  7.91992 	Dead: 0
8.77021   0.134717    0.683887  7.90128 	Dead: 0
8.87409   0.166001    0.842701  7.90128 	Dead: 0
8.9187    0.170668    0.866392  7.90128 	Dead: 0
8.96463   0.166868    0.847101  7.90128 	Dead: 0
8.91329   0.162823    0.826567  7.90128 	Dead: 0
8.86098   0.145919    0.740753  7.90128 	Dead: 0
8.82746   0.150042    0.761685  7.90128 	Dead: 0
8.86579   0.157889    0.80152   7.90128 	Dead: 0
8.86942   0.162064    0.822713  7.90128 	Dead: 0
8.88634   0.150537    0.764197  7.90128 	Dead: 0
8.82288   0.159623    0.810323  7.90128 	Dead: 0
8.86123   0.174858    0.887661  7.90128 	Dead: 0
8.85643   0.152105    0.772156  7.90128 	Dead: 0
8.8724    0.161444    0.819563  7.88164 	Dead: 0
8.81269   0.158429    0.804261  7.88164 	Dead: 0
8.73003   0.147671    0.749645  7.88164 	Dead: 0
8.84559   0.165265    0.838961  7.88164 	Dead: 0
8.8353    0.158267    0.803438  7.88164 	Dead: 0
8.84808   0.167271    0.849147  7.88164 	Dead: 0
8.84083   0.170928    0.867711  7.87618 	Dead: 0
8.87732   0.169803    0.862     7.87618 	Dead: 0
8.84125   0.152128    0.772271  7.87618 	Dead: 0
8.86869   0.174133    0.883981  7.87618 	Dead: 0
8.87997   0.167332    0.849453  7.87618 	Dead: 0
8.90065   0.17619     0.894424  7.87618 	Dead: 0
8.82686   0.159014    0.807227  7.87618 	Dead: 0
8.80556   0.148909    0.755931  7.87618 	Dead: 0
8.90329   0.167456    0.850086  7.87618 	Dead: 0
8.89396   0.165573    0.840525  7.87618 	Dead: 0
8.80183   0.15282     0.775786  7.87618 	Dead: 0
8.73464   0.141364    0.717628  7.87618 	Dead: 0
8.81973   0.163861    0.831836  7.87618 	Dead: 0
8.96628   0.17591     0.893001  7.87618 	Dead: 0
8.86364   0.158611    0.805181  7.87618 	Dead: 0
8.82467   0.16769     0.85127   7.87618 	Dead: 0
8.86725   0.180459    0.916092  7.87618 	Dead: 0
8.96454   0.173366    0.880085  7.87618 	Dead: 0
8.83929   0.16006     0.812537  7.87618 	Dead: 0
8.83352   0.177726    0.902218  7.87618 	Dead: 0
8.78382   0.149792    0.760414  7.87618 	Dead: 0
8.75645   0.15267     0.775026  7.87618 	Dead: 0
8.8314    0.149464    0.758751  7.87618 	Dead: 0
8.92497   0.173144    0.878962  7.87618 	Dead: 0
