12.0682   0.0896626   0.455169  10.8996 	Dead: 0
10.5711   0.0755334   0.383443  9.73219 	Dead: 0
10.1371   0.0972126   0.493496  9.40066 	Dead: 0
10.0668   0.0924912   0.469529  9.40066 	Dead: 0
10.0525   0.0991887   0.503528  9.30529 	Dead: 0
9.97846   0.0915392   0.464696  8.87584 	Dead: 0
10.0395   0.100444    0.509902  8.87584 	Dead: 0
9.91938   0.0854794   0.433933  8.87584 	Dead: 0
10.0408   0.115012    0.583855  8.87584 	Dead: 0
9.93912   0.100845    0.511934  8.87584 	Dead: 0
9.98438   0.110487    0.560885  8.87584 	Dead: 0
9.86138   0.0957232   0.485936  8.87584 	Dead: 0
9.87982   0.0959101   0.486884  8.87584 	Dead: 0
9.8738    0.101226    0.513871  8.87584 	Dead: 0
9.89608   0.104458    0.530277  8.87584 	Dead: 0
9.85466   0.106783    0.542079  8.87584 	Dead: 0
9.85608   0.099926    0.507271  8.87584 	Dead: 0
9.84025   0.0956367   0.485497  8.87584 	Dead: 0
9.86858   0.108265    0.549604  8.87584 	Dead: 0
9.90694   0.119494    0.606607  8.87584 	Dead: 0
9.82985   0.103993    0.527915  8.87584 	Dead: 0
9.82042   0.0984657   0.499858  8.87584 	Dead: 0
9.91753   0.104407    0.530021  8.87584 	Dead: 0
9.86499   0.107595    0.546205  8.87584 	Dead: 0
9.77524   0.0946907   0.480694  8.87584 	Dead: 0
9.79339   0.104296    0.529456  8.78867 	Dead: 0
9.74872   0.108396    0.550267  8.78867 	Dead: 0
9.76753   0.104867    0.532352  8.78867 	Dead: 0
9.77728   0.107134    0.543861  8.78867 	Dead: 0
9.76319   0.107121    0.543795  8.78867 	Dead: 0
9.7117    0.10374     0.526631  8.78867 	Dead: 0
9.78459   0.105864    0.537417  8.78867 	Dead: 0
9.8305    0.126443    0.641882  8.78867 	Dead: 0
9.81054   0.114674    0.582141  8.78867 	Dead: 0
9.74958   0.108086    0.548694  8.78867 	Dead: 0
9.74622   0.10195     0.517546  8.78867 	Dead: 0
9.73636   0.101923    0.517408  8.78867 	Dead: 0
9.7232    0.107521    0.545828  8.78867 	Dead: 0
9.77262   0.104255    0.529248  8.78867 	Dead: 0
9.75353   0.0969602   0.492215  8.78867 	Dead: 0
9.70869   0.10017     0.508509  8.78867 	Dead: 0
9.74725   0.10823     0.549424  8.78867 	Dead: 0
9.72903   0.102255    0.519094  8.78867 	Dead: 0
9.7478    0.11306     0.573946  8.78867 	Dead: 0
9.70408   0.108154    0.549039  8.78867 	Dead: 0
9.65017   0.114778    0.582667  8.77717 	Dead: 0
9.59126   0.103925    0.527573  8.77717 	Dead: 0
9.40136   0.0973023   0.493952  8.54175 	Dead: 0
9.43443   0.106202    0.539132  8.54175 	Dead: 0
9.34557   0.109141    0.55405   8.34451 	Dead: 0
9.12145   0.0991152   0.503155  8.34451 	Dead: 0
9.17859   0.111866    0.567886  8.29023 	Dead: 0
9.1886    0.114768    0.582616  8.29023 	Dead: 0
9.12902   0.126427    0.6418    8.29023 	Dead: 0
9.16133   0.123407    0.626472  8.29023 	Dead: 0
9.23842   0.138728    0.704248  8.1378  	Dead: 0
9.16084   0.132709    0.673693  8.1378  	Dead: 0
8.96705   0.11791     0.598565  8.1378  	Dead: 0
8.83904   0.126382    0.641576  7.89194 	Dead: 0
8.68489   0.124978    0.634448  7.89194 	Dead: 0
8.57121   0.12306     0.624708  7.76446 	Dead: 0
8.51599   0.130081    0.66035   7.74583 	Dead: 0
8.47833   0.13399     0.680195  7.6451  	Dead: 0
8.51244   0.144257    0.732315  7.6451  	Dead: 0
8.46678   0.139556    0.708452  7.6451  	Dead: 0
8.48663   0.143107    0.726479  7.52936 	Dead: 0
8.31415   0.127159    0.645518  7.52936 	Dead: 0
8.35078   0.137115    0.69606   7.52027 	Dead: 0
8.26403   0.14398     0.730911  7.52027 	Dead: 0
8.2385    0.146403    0.743209  7.52027 	Dead: 0
8.14813   0.125067    0.634899  7.15121 	Dead: 0
8.17613   0.138603    0.703614  7.15121 	Dead: 0
8.19407   0.154079    0.782178  7.15121 	Dead: 0
8.10142   0.136415    0.692507  7.15121 	Dead: 0
8.20693   0.159145    0.807894  7.15121 	Dead: 0
8.10764   0.139744    0.709408  7.15121 	Dead: 0
8.15833   0.164783    0.836517  7.15121 	Dead: 0
8.13209   0.147825    0.750431  7.15121 	Dead: 0
8.05767   0.142802    0.724931  7.15121 	Dead: 0
8.11862   0.160449    0.814514  7.15121 	Dead: 0
8.17588   0.159719    0.810807  7.15121 	Dead: 0
8.01801   0.131147    0.665765  7.15121 	Dead: 0
8.13947   0.160923    0.816919  7.15121 	Dead: 0
8.18582   0.162079    0.822789  7.15121 	Dead: 0
8.03226   0.131782    0.668986  7.15121 	Dead: 0
8.0949    0.154397    0.783789  7.15121 	Dead: 0
8.09881   0.156912    0.79656   7.15121 	Dead: 0
8.11971   0.157631    0.80021   7.15121 	Dead: 0
8.08346   0.158146    0.802821  7.15121 	Dead: 0
8.22611   0.173336    0.879935  7.15121 	Dead: 0
8.0877    0.159328    0.808825  7.15121 	Dead: 0
8.08325   0.150559    0.764307  7.15121 	Dead: 0
8.15417   0.161795    0.821345  7.15121 	Dead: 0
8.0613    0.147314    0.747834  7.15121 	Dead: 0
8.13784   0.154672    0.785188  7.15121 	Dead: 0
8.03947   0.151218    0.767654  7.15121 	Dead: 0
8.12716   0.164779    0.836494  7.10062 	Dead: 0
8.08252   0.156796    0.795968  7.10062 	Dead: 0
8.08568   0.151458    0.768874  7.10062 	Dead: 0
8.12751   0.171695    0.871602  7.10062 	Dead: 0
8.15297   0.155109    0.787404  7.10062 	Dead: 0
