13.9427   0.0813764   0.413105  12.9899 	Dead: 0
12.9173   0.0740157   0.375738  12.2551 	Dead: 0
12.7785   0.0754702   0.383122  12.1766 	Dead: 0
12.7279   0.0649496   0.329714  12.1766 	Dead: 0
12.7709   0.0780628   0.396283  12.1766 	Dead: 0
12.6753   0.0714857   0.362895  12.0805 	Dead: 0
12.6613   0.0708826   0.359833  12.0805 	Dead: 0
12.6415   0.0633632   0.321661  12.0805 	Dead: 0
12.593    0.0766029   0.388872  11.9898 	Dead: 0
12.499    0.0628989   0.319304  11.9779 	Dead: 0
12.4107   0.0622571   0.316046  11.9779 	Dead: 0
12.3075   0.0605217   0.307237  11.9064 	Dead: 0
12.3118   0.058011    0.294491  11.854  	Dead: 0
12.2869   0.0727719   0.369424  11.6761 	Dead: 0
12.2635   0.0660989   0.335549  11.6761 	Dead: 0
12.2389   0.055533    0.281911  11.6761 	Dead: 0
12.2495   0.0572401   0.290578  11.6761 	Dead: 0
12.2721   0.0690162   0.350359  11.6761 	Dead: 0
12.2664   0.0716372   0.363664  11.6761 	Dead: 0
12.2581   0.0704362   0.357567  11.6268 	Dead: 0
12.257    0.0801854   0.407058  11.5299 	Dead: 0
12.2485   0.0795632   0.4039    11.5299 	Dead: 0
12.2233   0.0676369   0.343356  11.5299 	Dead: 0
12.2105   0.0708348   0.359591  11.5299 	Dead: 0
12.2032   0.0646952   0.328423  11.5299 	Dead: 0
12.2469   0.0884064   0.448792  11.5299 	Dead: 0
12.2266   0.0927035   0.470606  11.5299 	Dead: 0
12.1712   0.0643436   0.326638  11.5299 	Dead: 0
12.1486   0.0657198   0.333624  11.5299 	Dead: 0
12.1545   0.0646164   0.328023  11.5299 	Dead: 0
12.1817   0.0762503   0.387082  11.5299 	Dead: 0
12.1272   0.0647804   0.328856  11.5204 	Dead: 0
12.099    0.0662028   0.336077  11.5204 	Dead: 0
12.1635   0.0792417   0.402268  11.5204 	Dead: 0
12.0742   0.0536746   0.272477  11.5204 	Dead: 0
12.0897   0.0673184   0.341739  11.5204 	Dead: 0
12.0759   0.069679    0.353723  11.5204 	Dead: 0
12.1155   0.0809291   0.410834  11.5204 	Dead: 0
12.0692   0.0606139   0.307705  11.5204 	Dead: 0
12.0537   0.0660787   0.335447  11.4486 	Dead: 0
12.0761   0.0686301   0.348398  11.4486 	Dead: 0
12.0445   0.065868    0.334377  11.3964 	Dead: 0
12.0403   0.067133    0.340799  11.3964 	Dead: 0
12.0235   0.0692387   0.351488  11.24   	Dead: 0
12.0245   0.0669045   0.339638  11.24   	Dead: 0
11.9954   0.0656739   0.333391  11.24   	Dead: 0
12.0442   0.0723595   0.367331  11.24   	Dead: 0
12.0301   0.0707415   0.359117  11.24   	Dead: 0
12.0536   0.0729844   0.370503  11.24   	Dead: 0
11.9886   0.0649534   0.329734  11.24   	Dead: 0
12.0167   0.0653937   0.331969  11.24   	Dead: 0
12.0574   0.0693973   0.352293  11.24   	Dead: 0
12.0436   0.0799345   0.405785  11.24   	Dead: 0
12.0139   0.0703933   0.357349  11.24   	Dead: 0
12.0113   0.0714913   0.362923  11.24   	Dead: 0
11.9986   0.0733407   0.372312  11.24   	Dead: 0
11.9979   0.0706486   0.358645  11.24   	Dead: 0
12.0025   0.0727851   0.369491  11.24   	Dead: 0
11.9736   0.071027    0.360566  11.24   	Dead: 0
11.9416   0.0705813   0.358304  11.24   	Dead: 0
11.9204   0.073849    0.374892  11.24   	Dead: 0
11.8465   0.0709966   0.360412  11.24   	Dead: 0
11.8297   0.0687262   0.348886  11.2353 	Dead: 0
11.8569   0.074023    0.375775  11.2353 	Dead: 0
11.8239   0.0696005   0.353324  11.2353 	Dead: 0
11.811    0.0796272   0.404225  11.2353 	Dead: 0
11.8211   0.0756167   0.383866  11.1158 	Dead: 0
11.7992   0.0709974   0.360416  11.1158 	Dead: 0
11.7136   0.0679461   0.344926  11.1158 	Dead: 0
11.4676   0.0857849   0.435484  10.9176 	Dead: 0
11.4428   0.101466    0.51509   10.6872 	Dead: 0
11.3924   0.112487    0.571037  10.6872 	Dead: 0
11.3627   0.0957674   0.48616   10.6872 	Dead: 0
11.3609   0.108051    0.548519  10.6872 	Dead: 0
11.3578   0.0862861   0.438029  10.6872 	Dead: 0
11.3814   0.107756    0.547017  10.6872 	Dead: 0
11.3539   0.0984026   0.499538  10.6872 	Dead: 0
11.3655   0.0978237   0.496599  10.6872 	Dead: 0
11.3379   0.0928707   0.471455  10.6793 	Dead: 0
11.3028   0.0846402   0.429673  10.5167 	Dead: 0
11.3407   0.0910554   0.46224   10.5167 	Dead: 0
11.3116   0.08607     0.436931  10.5167 	Dead: 0
11.3337   0.107605    0.546255  10.5167 	Dead: 0
11.2761   0.0953704   0.484145  10.5167 	Dead: 0
11.3226   0.102946    0.522602  10.5167 	Dead: 0
11.3478   0.0857219   0.435164  10.5167 	Dead: 0
11.285    0.08845     0.449013  10.5167 	Dead: 0
11.374    0.108134    0.548937  10.5167 	Dead: 0
11.309    0.0874903   0.444141  10.5167 	Dead: 0
11.3149   0.0908816   0.461357  10.5167 	Dead: 0
10.7198   0.0643494   0.326668  10.2171 	Dead: 0
10.6032   0.0531455   0.269791  10.1525 	Dead: 0
10.6045   0.0677708   0.344036  10.0013 	Dead: 0
10.77     0.148525    0.753981  10.0013 	Dead: 0
10.5942   0.0770554   0.391169  10.0013 	Dead: 0
10.5716   0.0730294   0.370731  9.91091 	Dead: 0
10.6476   0.0959886   0.487283  9.91091 	Dead: 0
10.6887   0.113877    0.578094  9.91091 	Dead: 0
10.5691   0.0853704   0.43338   9.91091 	Dead: 0
10.6008   0.0968803   0.49181   9.91091 	Dead: 0
10.6275   0.0953634   0.484109  9.91091 	Dead: 0
