11.8065   0.114011    0.578776  10.5324 	Dead: 0
9.65007   0.0347934   0.176628  9.28112 	Dead: 0
9.0507    0.027993    0.142105  8.68055 	Dead: 0
8.59192   0.0334576   0.169846  8.25072 	Dead: 0
8.31095   0.0353479   0.179443  7.92788 	Dead: 0
8.10612   0.0322474   0.163703  7.8107  	Dead: 0
7.72282   0.0333596   0.169349  7.41244 	Dead: 0
7.35901   0.0415804   0.211081  7.0358  	Dead: 0
7.06414   0.0360469   0.182991  6.69944 	Dead: 0
6.7035    0.0461197   0.234125  6.05482 	Dead: 0
6.21937   0.0442354   0.224559  5.78608 	Dead: 0
6.08816   0.045405    0.230497  5.6953  	Dead: 0
5.79848   0.0645237   0.327552  5.43185 	Dead: 0
5.62469   0.0599875   0.304525  5.27431 	Dead: 0
5.48653   0.0677568   0.343965  5.13088 	Dead: 0
5.24524   0.0702274   0.356507  4.87461 	Dead: 0
5.05859   0.0737547   0.374413  4.70018 	Dead: 0
4.9417    0.0749976   0.380723  4.54446 	Dead: 0
4.95694   0.0966532   0.490657  4.47362 	Dead: 0
4.85684   0.0918078   0.466059  4.43894 	Dead: 0
4.80165   0.0792695   0.402409  4.38853 	Dead: 0
4.68666   0.0917744   0.465889  4.26125 	Dead: 0
4.59451   0.0804593   0.408449  4.01407 	Dead: 0
4.43825   0.0739609   0.37546   4.01407 	Dead: 0
4.27852   0.0973452   0.49417   3.72174 	Dead: 0
4.12595   0.105869    0.537443  3.65567 	Dead: 0
4.04798   0.0876263   0.444832  3.55483 	Dead: 0
3.92455   0.0906436   0.460149  3.47032 	Dead: 0
3.86041   0.117858    0.598304  3.26325 	Dead: 0
3.84454   0.136354    0.692199  3.23683 	Dead: 0
3.78393   0.143096    0.726423  3.19232 	Dead: 0
3.72451   0.121389    0.616226  3.07831 	Dead: 0
3.68796   0.108131    0.548922  3.07831 	Dead: 0
3.63639   0.107822    0.547356  3.07831 	Dead: 0
3.6098    0.109004    0.553358  3.03077 	Dead: 0
3.54903   0.12047     0.611562  3.03077 	Dead: 0
3.56814   0.157375    0.79891   2.86182 	Dead: 0
3.51206   0.124341    0.631214  2.86182 	Dead: 0
3.36945   0.0992817   0.504     2.86182 	Dead: 0
3.34501   0.10851     0.550848  2.81643 	Dead: 0
3.30111   0.106935    0.54285   2.76482 	Dead: 0
3.34622   0.134563    0.683103  2.76482 	Dead: 0
3.28289   0.122882    0.623806  2.76358 	Dead: 0
3.38427   0.149812    0.760514  2.72716 	Dead: 0
3.28234   0.140178    0.711608  2.72249 	Dead: 0
3.16634   0.120838    0.61343   2.61177 	Dead: 0
3.1315    0.123413    0.626503  2.61177 	Dead: 0
3.20004   0.152419    0.77375   2.56153 	Dead: 0
3.24359   0.154764    0.785652  2.50732 	Dead: 0
3.07649   0.109617    0.556467  2.50732 	Dead: 0
3.11295   0.127582    0.647667  2.50732 	Dead: 0
3.05087   0.120831    0.613395  2.50732 	Dead: 0
3.08175   0.129222    0.655992  2.50732 	Dead: 0
3.09812   0.137595    0.698498  2.50732 	Dead: 0
3.06173   0.124223    0.630615  2.50732 	Dead: 0
3.06376   0.128391    0.651775  2.50732 	Dead: 0
3.24899   0.153432    0.778893  2.50732 	Dead: 0
3.14321   0.161325    0.818962  2.50732 	Dead: 0
3.05059   0.126783    0.64361   2.42381 	Dead: 0
3.16748   0.152579    0.774562  2.42381 	Dead: 0
3.05368   0.145087    0.736531  2.42381 	Dead: 0
3.14065   0.155085    0.787284  2.42381 	Dead: 0
3.08788   0.146136    0.741856  2.42381 	Dead: 0
2.94124   0.105697    0.536568  2.42381 	Dead: 0
3.18491   0.163964    0.832355  2.42381 	Dead: 0
3.13393   0.159553    0.809966  2.42381 	Dead: 0
3.08201   0.138771    0.704468  2.42381 	Dead: 0
3.07357   0.132065    0.670424  2.42381 	Dead: 0
3.07367   0.13877     0.704459  2.42381 	Dead: 0
3.01128   0.126977    0.644593  2.42381 	Dead: 0
3.09528   0.151143    0.76727   2.42381 	Dead: 0
3.10308   0.148205    0.75236   2.42381 	Dead: 0
3.01834   0.139051    0.70589   2.42381 	Dead: 0
2.98586   0.122113    0.619901  2.42381 	Dead: 0
2.94366   0.115624    0.586962  2.42381 	Dead: 0
3.02032   0.15122     0.767665  2.42381 	Dead: 0
3.10672   0.150703    0.76504   2.42381 	Dead: 0
3.08703   0.150186    0.762416  2.42381 	Dead: 0
3.03553   0.15715     0.797767  2.42381 	Dead: 0
3.00445   0.144049    0.731261  2.42381 	Dead: 0
3.00304   0.140781    0.71467   2.40989 	Dead: 0
3.00651   0.136847    0.694697  2.40989 	Dead: 0
3.0793    0.141656    0.719114  2.39074 	Dead: 0
2.96152   0.136253    0.691684  2.39074 	Dead: 0
3.04285   0.151654    0.769868  2.39074 	Dead: 0
3.00318   0.133566    0.678043  2.39074 	Dead: 0
3.01562   0.141413    0.717876  2.39074 	Dead: 0
3.05871   0.155874    0.791291  2.39074 	Dead: 0
2.96819   0.142293    0.722344  2.39074 	Dead: 0
3.01723   0.153968    0.781615  2.39074 	Dead: 0
2.91963   0.136728    0.694093  2.39074 	Dead: 0
2.89129   0.128025    0.649916  2.39074 	Dead: 0
2.95647   0.134885    0.684742  2.35043 	Dead: 0
2.94749   0.147801    0.750306  2.35043 	Dead: 0
2.99423   0.14974     0.76015   2.35043 	Dead: 0
3.06043   0.158079    0.802483  2.35043 	Dead: 0
3.05355   0.164949    0.837356  2.34918 	Dead: 0
2.99446   0.136702    0.693963  2.34918 	Dead: 0
3.02199   0.158757    0.805923  2.34918 	Dead: 0
3.08478   0.183287    0.930452  2.34918 	Dead: 0
3.02023   0.142184    0.721794  2.34918 	Dead: 0
