9.73863   0.0935786   0.475049  8.72271 	Dead: 0
8.41952   0.0327977   0.166497  8.01899 	Dead: 0
8.26829   0.0425207   0.215855  7.78674 	Dead: 0
8.15881   0.0493496   0.250522  7.74895 	Dead: 0
7.92824   0.0512927   0.260386  7.4125  	Dead: 0
7.8409    0.0544236   0.276279  7.35099 	Dead: 0
7.77138   0.0638274   0.324018  7.22978 	Dead: 0
7.63671   0.0803233   0.407758  6.9458  	Dead: 0
7.62044   0.0820507   0.416528  6.9458  	Dead: 0
7.56721   0.0813395   0.412917  6.9458  	Dead: 0
7.5841    0.0816136   0.414309  6.9458  	Dead: 0
7.54119   0.0894598   0.45414   6.9458  	Dead: 0
7.54737   0.100878    0.512104  6.9458  	Dead: 0
7.52763   0.0875417   0.444402  6.92205 	Dead: 0
7.49668   0.0925546   0.46985   6.92205 	Dead: 0
7.46923   0.0856327   0.434712  6.92205 	Dead: 0
7.44721   0.0944952   0.479702  6.92205 	Dead: 0
7.45114   0.0988066   0.501588  6.88915 	Dead: 0
7.47648   0.106398    0.540125  6.88915 	Dead: 0
7.48169   0.100206    0.508693  6.75957 	Dead: 0
7.48987   0.107291    0.544657  6.75957 	Dead: 0
7.4795    0.109645    0.556611  6.75957 	Dead: 0
7.47266   0.103133    0.523551  6.75957 	Dead: 0
7.49634   0.101349    0.514492  6.75957 	Dead: 0
7.46362   0.102508    0.520378  6.75957 	Dead: 0
7.43541   0.0880878   0.447175  6.75957 	Dead: 0
7.43069   0.0976748   0.495843  6.75957 	Dead: 0
7.38773   0.0878423   0.445928  6.75957 	Dead: 0
7.41897   0.0828392   0.42053   6.75957 	Dead: 0
7.4996    0.0957365   0.486003  6.75957 	Dead: 0
7.44965   0.101125    0.513357  6.75957 	Dead: 0
7.41719   0.102869    0.522211  6.75957 	Dead: 0
7.46871   0.103766    0.526763  6.75957 	Dead: 0
7.42589   0.1093      0.554858  6.75957 	Dead: 0
7.37675   0.112269    0.569931  6.75957 	Dead: 0
7.47082   0.112539    0.5713    6.75957 	Dead: 0
7.41152   0.101583    0.515682  6.75957 	Dead: 0
7.39373   0.105804    0.53711   6.70361 	Dead: 0
7.35813   0.0998377   0.506823  6.70244 	Dead: 0
7.35616   0.0997135   0.506192  6.70244 	Dead: 0
7.3755    0.0962985   0.488856  6.70244 	Dead: 0
7.41835   0.107365    0.545033  6.70244 	Dead: 0
7.37611   0.108798    0.552308  6.70244 	Dead: 0
7.42261   0.110127    0.559055  6.70244 	Dead: 0
7.41481   0.107596    0.546209  6.70244 	Dead: 0
7.35582   0.100271    0.509021  6.70244 	Dead: 0
7.2788    0.103444    0.52513   6.70244 	Dead: 0
7.38759   0.121319    0.615873  6.70244 	Dead: 0
7.31654   0.092513    0.469639  6.70244 	Dead: 0
7.36502   0.0995522   0.505374  6.70244 	Dead: 0
7.319     0.0930402   0.472316  6.70244 	Dead: 0
7.32704   0.103918    0.527535  6.70244 	Dead: 0
7.37891   0.108944    0.553051  6.70244 	Dead: 0
7.33003   0.0931298   0.472771  6.70244 	Dead: 0
7.41434   0.110203    0.559439  6.70244 	Dead: 0
7.37458   0.103861    0.527248  6.70244 	Dead: 0
7.36022   0.10577     0.53694   6.70244 	Dead: 0
7.33741   0.0946898   0.48069   6.70244 	Dead: 0
7.30529   0.100357    0.509459  6.70244 	Dead: 0
7.31864   0.100446    0.509911  6.70244 	Dead: 0
7.35723   0.100437    0.509864  6.70244 	Dead: 0
7.27028   0.0871098   0.44221   6.70244 	Dead: 0
7.3354    0.112188    0.56952   6.70244 	Dead: 0
7.29971   0.0922399   0.468253  6.70244 	Dead: 0
7.26796   0.0904357   0.459094  6.70244 	Dead: 0
7.34259   0.107069    0.543531  6.70244 	Dead: 0
7.30676   0.0933653   0.473966  6.70244 	Dead: 0
7.39969   0.11917     0.604964  6.70244 	Dead: 0
7.27905   0.0988558   0.501838  6.70244 	Dead: 0
7.32772   0.101128    0.513371  6.57559 	Dead: 0
7.3255    0.100861    0.51202   6.57559 	Dead: 0
7.36871   0.108345    0.550012  6.57559 	Dead: 0
7.31316   0.09518     0.483178  6.57559 	Dead: 0
7.31401   0.100719    0.511299  6.57559 	Dead: 0
7.33733   0.0974973   0.494942  6.57559 	Dead: 0
7.23166   0.0854083   0.433572  6.57559 	Dead: 0
7.26396   0.099793    0.506596  6.57559 	Dead: 0
7.35108   0.102238    0.51901   6.57559 	Dead: 0
7.34151   0.101991    0.517756  6.57559 	Dead: 0
7.19795   0.0891894   0.452767  6.57559 	Dead: 0
7.24344   0.0992926   0.504056  6.57559 	Dead: 0
7.24997   0.0956669   0.48565   6.5522  	Dead: 0
7.22185   0.100422    0.509788  6.5522  	Dead: 0
7.22155   0.091774    0.465888  6.5522  	Dead: 0
7.22337   0.0970793   0.49282   6.5522  	Dead: 0
7.31799   0.105094    0.533504  6.5522  	Dead: 0
7.33604   0.107048    0.543425  6.5522  	Dead: 0
7.19085   0.0922261   0.468183  6.5522  	Dead: 0
7.21226   0.0978448   0.496706  6.5522  	Dead: 0
7.30452   0.110958    0.563275  6.5522  	Dead: 0
7.24669   0.0922053   0.468077  6.5522  	Dead: 0
7.24907   0.100858    0.512004  6.5522  	Dead: 0
7.25269   0.108984    0.553256  6.5522  	Dead: 0
7.19106   0.0889651   0.451629  6.5522  	Dead: 0
7.33422   0.106203    0.539137  6.5522  	Dead: 0
7.25644   0.100404    0.509699  6.5522  	Dead: 0
7.24033   0.0991582   0.503373  6.5522  	Dead: 0
7.23098   0.10077     0.511555  6.5522  	Dead: 0
7.26029   0.116401    0.590905  6.5522  	Dead: 0
7.22625   0.103196    0.523869  6.5522  	Dead: 0
7.31027   0.110972    0.563346  6.5522  	Dead: 0
