9.92093   0.091675    0.465385  9.15319 	Dead: 0
8.48897   0.0419084   0.212747  7.97188 	Dead: 0
8.39254   0.0493325   0.250435  7.97188 	Dead: 0
8.24662   0.040954    0.207902  7.93751 	Dead: 0
8.22295   0.0477548   0.242425  7.82489 	Dead: 0
8.12859   0.045365    0.230294  7.65379 	Dead: 0
8.08353   0.0482003   0.244687  7.64352 	Dead: 0
8.04415   0.0490428   0.248964  7.64352 	Dead: 0
7.98686   0.0391881   0.198937  7.57087 	Dead: 0
8.00051   0.0475657   0.241465  7.54625 	Dead: 0
7.97789   0.0498941   0.253286  7.54625 	Dead: 0
7.94766   0.0478557   0.242938  7.46748 	Dead: 0
7.94488   0.0489076   0.248278  7.46748 	Dead: 0
7.94227   0.0538072   0.273151  7.46748 	Dead: 0
7.90942   0.0483803   0.245601  7.46748 	Dead: 0
7.91105   0.0511724   0.259775  7.46748 	Dead: 0
7.8816    0.0492102   0.249814  7.46748 	Dead: 0
7.83798   0.0519455   0.263699  7.42359 	Dead: 0
7.85117   0.0468921   0.238046  7.42359 	Dead: 0
7.82254   0.0468485   0.237825  7.42359 	Dead: 0
7.79863   0.049357    0.250559  7.19113 	Dead: 0
7.77519   0.0465859   0.236492  7.19113 	Dead: 0
7.77845   0.0491037   0.249273  7.19113 	Dead: 0
7.79703   0.0488204   0.247835  7.19113 	Dead: 0
7.78342   0.0523404   0.265704  7.19113 	Dead: 0
7.7441    0.0469698   0.23844   7.19113 	Dead: 0
7.71587   0.0542439   0.275367  7.19113 	Dead: 0
7.68732   0.0534909   0.271545  7.19113 	Dead: 0
7.64902   0.0450176   0.22853   7.19113 	Dead: 0
7.64326   0.0477261   0.24228   7.19113 	Dead: 0
7.64469   0.0502818   0.255254  7.19113 	Dead: 0
7.6573    0.0505323   0.256526  7.19113 	Dead: 0
7.63417   0.0483215   0.245303  7.17601 	Dead: 0
7.5917    0.0433466   0.220048  7.17601 	Dead: 0
7.55919   0.0424115   0.215301  7.17601 	Dead: 0
7.60636   0.0523391   0.265698  7.17601 	Dead: 0
7.61006   0.0519118   0.263528  7.17601 	Dead: 0
7.58762   0.0482891   0.245138  7.17601 	Dead: 0
7.58455   0.0492475   0.250003  7.17601 	Dead: 0
7.5948    0.0555666   0.282082  7.17601 	Dead: 0
7.57828   0.0542949   0.275626  7.17601 	Dead: 0
7.54937   0.0488438   0.247954  7.17601 	Dead: 0
7.564     0.0546239   0.277296  7.17601 	Dead: 0
7.54515   0.0490599   0.249051  7.17601 	Dead: 0
7.52695   0.0425639   0.216074  7.17601 	Dead: 0
7.53244   0.0476309   0.241797  7.10783 	Dead: 0
7.56604   0.0483057   0.245222  7.10783 	Dead: 0
7.54175   0.0431708   0.219155  7.10783 	Dead: 0
7.52343   0.0438962   0.222838  7.10783 	Dead: 0
7.55083   0.0543047   0.275676  7.10783 	Dead: 0
7.48768   0.0468848   0.238009  7.10783 	Dead: 0
7.53987   0.0567707   0.288195  7.10783 	Dead: 0
7.49426   0.0469865   0.238525  7.05607 	Dead: 0
7.48644   0.0485194   0.246307  7.05607 	Dead: 0
7.47324   0.0482706   0.245044  7.04942 	Dead: 0
7.46898   0.048022    0.243782  7.01878 	Dead: 0
7.45556   0.0471547   0.239379  7.01878 	Dead: 0
7.46174   0.047889    0.243107  7.01878 	Dead: 0
7.43957   0.0469137   0.238156  7.01878 	Dead: 0
7.44476   0.048043    0.243889  7.01878 	Dead: 0
7.45102   0.0497593   0.252601  7.01878 	Dead: 0
7.44285   0.0502089   0.254884  7.01878 	Dead: 0
7.44907   0.0522208   0.265097  7.01878 	Dead: 0
7.46602   0.0560241   0.284405  6.97608 	Dead: 0
7.41804   0.0501821   0.254748  6.97608 	Dead: 0
7.44297   0.056171    0.28515   6.97608 	Dead: 0
7.4399    0.0504978   0.256351  6.97608 	Dead: 0
7.39158   0.0453675   0.230306  6.97608 	Dead: 0
7.41741   0.0505223   0.256475  6.97608 	Dead: 0
7.42525   0.0526226   0.267137  6.97608 	Dead: 0
7.4129    0.0515222   0.261551  6.97608 	Dead: 0
7.44263   0.0542712   0.275506  6.97608 	Dead: 0
7.42847   0.0495789   0.251685  6.97608 	Dead: 0
7.46038   0.0575402   0.292101  6.97608 	Dead: 0
7.39234   0.0502109   0.254894  6.97608 	Dead: 0
7.39036   0.0517828   0.262874  6.97608 	Dead: 0
7.40243   0.055673    0.282622  6.97608 	Dead: 0
7.40486   0.0512965   0.260405  6.97608 	Dead: 0
7.42009   0.0568471   0.288582  6.97608 	Dead: 0
7.37658   0.0497784   0.252698  6.97608 	Dead: 0
7.40071   0.0527672   0.267871  6.97608 	Dead: 0
7.38096   0.049547    0.251524  6.93489 	Dead: 0
7.39102   0.0526602   0.267328  6.93489 	Dead: 0
7.39861   0.0556064   0.282284  6.93489 	Dead: 0
7.37706   0.0550083   0.279248  6.93489 	Dead: 0
7.3902    0.0562869   0.285738  6.93489 	Dead: 0
7.40917   0.060075    0.304969  6.93489 	Dead: 0
7.37201   0.0525645   0.266842  6.91059 	Dead: 0
7.35631   0.0529767   0.268934  6.89649 	Dead: 0
7.3711    0.0575998   0.292403  6.89064 	Dead: 0
7.32018   0.0532449   0.270296  6.77193 	Dead: 0
7.36251   0.0577457   0.293144  6.77193 	Dead: 0
7.30222   0.0538967   0.273605  6.77193 	Dead: 0
7.30171   0.0548995   0.278695  6.77193 	Dead: 0
7.2961    0.0556545   0.282528  6.77193 	Dead: 0
7.28634   0.060305    0.306136  6.77193 	Dead: 0
7.30053   0.0585466   0.29721   6.77193 	Dead: 0
7.27667   0.0522709   0.265351  6.77193 	Dead: 0
7.28209   0.0557803   0.283167  6.77193 	Dead: 0
7.31676   0.0642826   0.326328  6.77193 	Dead: 0
7.31141   0.0602105   0.305657  6.77193 	Dead: 0
