9.36219   0.0973734   0.494313  8.46078 	Dead: 0
6.91346   0.0419451   0.212933  6.54759 	Dead: 0
6.06432   0.0374934   0.190334  5.70815 	Dead: 0
5.41677   0.0583049   0.295983  4.83006 	Dead: 0
4.80229   0.0495481   0.251529  4.42596 	Dead: 0
4.28983   0.050124    0.254453  3.90065 	Dead: 0
3.90171   0.0473      0.240117  3.60243 	Dead: 0
3.65302   0.0355069   0.18025   3.30227 	Dead: 0
3.55825   0.0344356   0.174811  3.30227 	Dead: 0
3.51045   0.0470306   0.238749  3.21448 	Dead: 0
3.41901   0.0423682   0.215081  3.03569 	Dead: 0
3.21202   0.036132    0.183423  2.96168 	Dead: 0
3.11862   0.0620172   0.314828  2.83766 	Dead: 0
3.03025   0.0514417   0.261142  2.67728 	Dead: 0
2.95235   0.0568425   0.288559  2.59045 	Dead: 0
2.85124   0.0460407   0.233724  2.56348 	Dead: 0
2.82915   0.0527581   0.267825  2.52306 	Dead: 0
2.76523   0.0469641   0.238411  2.44974 	Dead: 0
2.77088   0.0534485   0.27133   2.44974 	Dead: 0
2.74947   0.06258     0.317685  2.44974 	Dead: 0
2.70682   0.0493401   0.250473  2.43431 	Dead: 0
2.65919   0.0407583   0.206908  2.27408 	Dead: 0
2.68755   0.0612152   0.310757  2.27408 	Dead: 0
2.61965   0.048136    0.244361  2.27408 	Dead: 0
2.60371   0.0518817   0.263376  2.27408 	Dead: 0
2.56182   0.0527211   0.267637  2.27408 	Dead: 0
2.52579   0.0404672   0.20543   2.27408 	Dead: 0
2.51947   0.0484449   0.245929  2.21387 	Dead: 0
2.51787   0.0634558   0.322131  2.21387 	Dead: 0
2.49982   0.0513301   0.260575  2.21387 	Dead: 0
2.50215   0.0528414   0.268248  2.18427 	Dead: 0
2.48979   0.0561179   0.28488   2.18427 	Dead: 0
2.45836   0.0524054   0.266034  2.18427 	Dead: 0
2.44919   0.0541132   0.274704  2.08123 	Dead: 0
2.3916    0.0543714   0.276015  2.00238 	Dead: 0
2.36671   0.0569526   0.289118  2.00238 	Dead: 0
2.34535   0.0531358   0.269742  2.00238 	Dead: 0
2.3096    0.0532101   0.270119  1.99558 	Dead: 0
2.24498   0.0502983   0.255337  1.98558 	Dead: 0
2.25597   0.0574442   0.291614  1.96373 	Dead: 0
2.21887   0.0548582   0.278486  1.91718 	Dead: 0
2.14179   0.0393679   0.19985   1.91718 	Dead: 0
2.14144   0.0444438   0.225618  1.89743 	Dead: 0
2.16934   0.0552197   0.280321  1.89743 	Dead: 0
2.14183   0.0493644   0.250597  1.84567 	Dead: 0
2.19331   0.0622292   0.315905  1.83428 	Dead: 0
2.15861   0.0577042   0.292934  1.83428 	Dead: 0
2.16982   0.0523035   0.265517  1.79154 	Dead: 0
2.1963    0.066222    0.336174  1.79154 	Dead: 0
2.10622   0.0537357   0.272787  1.79154 	Dead: 0
2.04711   0.0423565   0.215021  1.77441 	Dead: 0
2.05846   0.0529885   0.268994  1.77441 	Dead: 0
2.04865   0.0603001   0.306111  1.77441 	Dead: 0
2.07255   0.0674914   0.342618  1.68078 	Dead: 0
2.00812   0.0528405   0.268243  1.68078 	Dead: 0
1.9995    0.0487541   0.247499  1.68078 	Dead: 0
1.98967   0.0478228   0.242771  1.68078 	Dead: 0
1.98241   0.0483191   0.24529   1.68078 	Dead: 0
2.02787   0.0672393   0.341338  1.68078 	Dead: 0
2.0344    0.0649949   0.329944  1.68078 	Dead: 0
1.98114   0.0471083   0.239143  1.68078 	Dead: 0
1.99787   0.0580365   0.29462   1.68078 	Dead: 0
1.96772   0.0587074   0.298026  1.66631 	Dead: 0
1.93684   0.0433407   0.220017  1.66631 	Dead: 0
1.98238   0.0575057   0.291926  1.66239 	Dead: 0
1.99883   0.0580558   0.294718  1.66239 	Dead: 0
1.95915   0.0647956   0.328932  1.66239 	Dead: 0
1.99226   0.0617917   0.313684  1.66239 	Dead: 0
1.94235   0.0483654   0.245525  1.66239 	Dead: 0
1.97891   0.0533852   0.271008  1.66239 	Dead: 0
1.97326   0.0528622   0.268353  1.66239 	Dead: 0
1.94747   0.0492789   0.250163  1.66239 	Dead: 0
2.00678   0.0612551   0.310959  1.66239 	Dead: 0
1.95606   0.0482087   0.24473   1.66239 	Dead: 0
1.96404   0.0554868   0.281677  1.66239 	Dead: 0
1.9639    0.0564611   0.286623  1.66239 	Dead: 0
1.93828   0.0479701   0.243519  1.66239 	Dead: 0
1.9507    0.0524935   0.266482  1.66239 	Dead: 0
1.93848   0.0489921   0.248707  1.66239 	Dead: 0
1.91885   0.0496667   0.252131  1.66239 	Dead: 0
1.89921   0.0395355   0.200701  1.66239 	Dead: 0
1.97927   0.0592328   0.300693  1.66239 	Dead: 0
1.93856   0.0478395   0.242856  1.66239 	Dead: 0
1.92109   0.0479499   0.243416  1.66239 	Dead: 0
1.93712   0.051552    0.261702  1.66239 	Dead: 0
1.93182   0.0499327   0.253482  1.66239 	Dead: 0
1.99388   0.0630628   0.320136  1.65734 	Dead: 0
1.90536   0.0490338   0.248919  1.65734 	Dead: 0
1.92714   0.0521801   0.264891  1.65734 	Dead: 0
1.9163    0.0466447   0.23679   1.65734 	Dead: 0
1.91225   0.0476708   0.241999  1.65734 	Dead: 0
1.92619   0.0523379   0.265692  1.65734 	Dead: 0
1.945     0.0537424   0.272821  1.65734 	Dead: 0
1.91366   0.0462493   0.234783  1.65734 	Dead: 0
1.91856   0.0468664   0.237916  1.65734 	Dead: 0
1.91152   0.042304    0.214755  1.65734 	Dead: 0
1.94237   0.0573576   0.291174  1.65734 	Dead: 0
1.94534   0.0530194   0.269151  1.65734 	Dead: 0
1.92328   0.0458722   0.232868  1.65734 	Dead: 0
1.92707   0.0614415   0.311906  1.65734 	Dead: 0
1.93045   0.0552404   0.280426  1.63952 	Dead: 0
