0   10.4115   0.0872389   0.442865  8.73138 	Dead: 0
1   4.90646   0.0520067   0.26401   4.27236 	Dead: 0
2   4.68721   0.0935687   0.474998  4.05604 	Dead: 0
3   4.60144   0.0930545   0.472388  4.00909 	Dead: 0
4   4.6556    0.10935     0.555109  3.94786 	Dead: 0
5   4.61588   0.0985217   0.500142  3.94786 	Dead: 0
6   4.59193   0.109415    0.555444  3.94786 	Dead: 0
7   4.58251   0.113099    0.574143  3.94764 	Dead: 0
8   4.54126   0.108304    0.549802  3.94764 	Dead: 0
9   4.46769   0.102857    0.522148  3.91369 	Dead: 0
10  4.50076   0.11008     0.558815  3.89275 	Dead: 0
11  4.49892   0.118613    0.602137  3.89275 	Dead: 0
12  4.46968   0.106779    0.542061  3.86697 	Dead: 0
13  4.41254   0.100923    0.512333  3.74011 	Dead: 0
14  4.51813   0.120052    0.609442  3.74011 	Dead: 0
15  4.54232   0.131391    0.667     3.74011 	Dead: 0
16  4.4655    0.118075    0.599405  3.74011 	Dead: 0
17  4.44336   0.130644    0.66321   3.74011 	Dead: 0
18  4.53866   0.129637    0.658098  3.74011 	Dead: 0
19  4.47749   0.127034    0.644886  3.74011 	Dead: 0
20  4.36179   0.100226    0.508796  3.74011 	Dead: 0
21  4.4214    0.117622    0.597103  3.74011 	Dead: 0
22  4.48086   0.135209    0.686384  3.74011 	Dead: 0
23  4.52392   0.137008    0.695519  3.67967 	Dead: 0
24  4.46328   0.120163    0.610005  3.67967 	Dead: 0
25  4.38433   0.115507    0.586368  3.67967 	Dead: 0
26  4.45763   0.127916    0.64936   3.67967 	Dead: 0
27  4.47133   0.130263    0.661276  3.67967 	Dead: 0
28  4.39535   0.120891    0.613701  3.67967 	Dead: 0
29  4.3401    0.109688    0.556829  3.67967 	Dead: 0
30  4.33901   0.111262    0.564817  3.67967 	Dead: 0
31  4.38353   0.118199    0.600032  3.67967 	Dead: 0
32  4.331     0.115188    0.584749  3.67967 	Dead: 0
33  4.4082    0.12383     0.628621  3.67967 	Dead: 0
34  4.34267   0.11207     0.568917  3.67967 	Dead: 0
35  4.40583   0.128855    0.654126  3.67967 	Dead: 0
36  4.45941   0.131139    0.665725  3.61523 	Dead: 0
37  4.39584   0.126402    0.641678  3.61523 	Dead: 0
38  4.29396   0.117636    0.597176  3.61523 	Dead: 0
39  4.45666   0.141548    0.718564  3.61523 	Dead: 0
40  4.32762   0.144297    0.732518  3.50584 	Dead: 0
41  4.32103   0.134444    0.682499  3.50584 	Dead: 0
42  4.3362    0.157564    0.799868  3.50584 	Dead: 0
43  4.44401   0.179208    0.909745  3.50584 	Dead: 0
44  4.3457    0.157488    0.799481  3.46606 	Dead: 0
45  4.39014   0.176401    0.895492  3.46606 	Dead: 0
46  4.28208   0.156034    0.7921    3.44651 	Dead: 0
47  4.29875   0.147065    0.746572  3.44651 	Dead: 0
48  4.15955   0.125216    0.635655  3.43509 	Dead: 0
49  4.23033   0.148696    0.75485   3.43509 	Dead: 0
50  4.18263   0.142035    0.721033  3.43509 	Dead: 0
51  4.20207   0.147207    0.74729   3.42316 	Dead: 0
52  4.13975   0.132907    0.674699  3.42316 	Dead: 0
53  4.21142   0.140458    0.71303   3.42316 	Dead: 0
54  4.20699   0.137592    0.69848   3.42316 	Dead: 0
55  4.19394   0.138195    0.701541  3.42316 	Dead: 0
56  4.20139   0.154336    0.783481  3.42316 	Dead: 0
57  4.19801   0.144209    0.732073  3.42316 	Dead: 0
58  4.30513   0.144101    0.731523  3.42316 	Dead: 0
59  4.27198   0.15561     0.78995   3.42316 	Dead: 0
60  4.15482   0.13692     0.69507   3.42316 	Dead: 0
61  4.14317   0.137109    0.696032  3.42316 	Dead: 0
62  4.11367   0.127685    0.648188  3.42316 	Dead: 0
63  4.23489   0.153729    0.780402  3.42316 	Dead: 0
64  4.14693   0.132998    0.675157  3.42316 	Dead: 0
65  4.17091   0.130927    0.664645  3.42316 	Dead: 0
66  4.1494    0.134611    0.683349  3.42316 	Dead: 0
67  4.10766   0.125639    0.637802  3.42316 	Dead: 0
68  4.25594   0.136177    0.691299  3.42316 	Dead: 0
69  4.20697   0.139567    0.708508  3.42316 	Dead: 0
70  4.2402    0.14452     0.733649  3.42316 	Dead: 0
71  4.21281   0.135793    0.689351  3.42316 	Dead: 0
72  4.22111   0.147332    0.747927  3.41631 	Dead: 0
73  4.16253   0.142772    0.724776  3.35832 	Dead: 0
74  4.20732   0.145807    0.740187  3.35832 	Dead: 0
75  4.17312   0.132297    0.671602  3.35832 	Dead: 0
76  4.19018   0.143787    0.729931  3.35832 	Dead: 0
77  4.19511   0.137012    0.695534  3.35832 	Dead: 0
78  4.17108   0.144975    0.735958  3.35832 	Dead: 0
79  4.25747   0.147767    0.750133  3.35832 	Dead: 0
80  4.22913   0.153056    0.776986  3.35832 	Dead: 0
81  4.11414   0.131166    0.665859  3.35832 	Dead: 0
82  4.16633   0.142495    0.723369  3.35832 	Dead: 0
83  4.17579   0.138884    0.705041  3.35832 	Dead: 0
84  4.14498   0.138664    0.703922  3.35832 	Dead: 0
85  4.1885    0.141258    0.717089  3.35832 	Dead: 0
86  4.21063   0.150039    0.761668  3.35832 	Dead: 0
87  4.08629   0.133559    0.678008  3.35832 	Dead: 0
88  4.23016   0.150312    0.763055  3.35832 	Dead: 0
89  4.20007   0.150648    0.764762  3.35832 	Dead: 0
90  4.12126   0.119549    0.606884  3.35832 	Dead: 0
91  4.16847   0.154195    0.782766  3.35832 	Dead: 0
92  4.17896   0.13973     0.709334  3.35832 	Dead: 0
93  4.16375   0.139994    0.710675  3.35832 	Dead: 0
94  4.19085   0.143072    0.726302  3.35832 	Dead: 0
95  4.24177   0.150345    0.76322   3.35832 	Dead: 0
96  4.2179    0.144575    0.733932  3.35832 	Dead: 0
97  4.21521   0.149643    0.759656  3.35832 	Dead: 0
98  4.24177   0.145121    0.736701  3.35832 	Dead: 0
99  4.16853   0.145249    0.737353  3.35832 	Dead: 0
100 4.25348   0.165652    0.840926  3.35832 	Dead: 0
