6.02179   0.0919057   0.466556  4.97178 	Dead: 0
5.07281   0.0757303   0.384442  4.55589 	Dead: 0
4.93444   0.117721    0.597606  4.4159  	Dead: 0
4.80023   0.063596    0.322843  4.36161 	Dead: 0
4.81749   0.0643851   0.326849  4.27029 	Dead: 0
4.79664   0.0732776   0.371991  4.27029 	Dead: 0
4.72512   0.0633417   0.321552  4.25117 	Dead: 0
4.72888   0.0665777   0.337979  4.25117 	Dead: 0
4.73044   0.0660585   0.335344  4.25117 	Dead: 0
4.73276   0.0779495   0.395708  4.25117 	Dead: 0
4.77366   0.0771321   0.391558  4.25117 	Dead: 0
4.74697   0.07511     0.381293  4.23498 	Dead: 0
4.73417   0.0839228   0.426031  4.10376 	Dead: 0
4.62915   0.0652103   0.331038  4.10376 	Dead: 0
4.6896    0.0746261   0.378837  4.10376 	Dead: 0
4.69789   0.0851522   0.432272  4.05746 	Dead: 0
4.60297   0.0667679   0.338945  4.05746 	Dead: 0
4.64055   0.0799828   0.40603   4.05746 	Dead: 0
4.57186   0.0657824   0.333942  4.04483 	Dead: 0
4.55134   0.0704264   0.357517  4.04483 	Dead: 0
4.5355    0.0707308   0.359063  4.04483 	Dead: 0
4.52658   0.0747736   0.379586  3.9728  	Dead: 0
4.49054   0.0647074   0.328485  3.9728  	Dead: 0
4.49083   0.0712263   0.361578  3.9728  	Dead: 0
4.46598   0.0671116   0.34069   3.9728  	Dead: 0
4.51022   0.0656655   0.333349  3.9728  	Dead: 0
4.45038   0.0654529   0.33227   3.9728  	Dead: 0
4.47571   0.0727263   0.369193  3.9728  	Dead: 0
4.49922   0.071072    0.360795  3.9728  	Dead: 0
4.47102   0.0732639   0.371922  3.9728  	Dead: 0
4.43821   0.0567086   0.287879  3.9728  	Dead: 0
4.50339   0.0769688   0.39073   3.95645 	Dead: 0
4.48587   0.0700174   0.355441  3.95645 	Dead: 0
4.46347   0.0701276   0.356001  3.9119  	Dead: 0
4.42601   0.066336    0.336753  3.9119  	Dead: 0
4.4474    0.0651369   0.330665  3.9119  	Dead: 0
4.46338   0.0760729   0.386182  3.9119  	Dead: 0
4.45931   0.070931    0.360079  3.9119  	Dead: 0
4.42481   0.0753405   0.382463  3.84114 	Dead: 0
4.43367   0.0715719   0.363333  3.84114 	Dead: 0
4.43336   0.0711656   0.36127   3.84114 	Dead: 0
4.4394    0.0730085   0.370625  3.84114 	Dead: 0
4.43239   0.0742833   0.377096  3.84114 	Dead: 0
4.46109   0.0769994   0.390885  3.84114 	Dead: 0
4.43523   0.070368    0.357221  3.84114 	Dead: 0
4.42106   0.0719487   0.365245  3.84114 	Dead: 0
4.44489   0.077438    0.393111  3.84114 	Dead: 0
4.36442   0.0621772   0.315641  3.84114 	Dead: 0
4.43795   0.0694306   0.352462  3.84114 	Dead: 0
4.39387   0.0771278   0.391537  3.84114 	Dead: 0
4.44488   0.0732532   0.371868  3.84114 	Dead: 0
4.41706   0.0682536   0.346487  3.84114 	Dead: 0
4.40773   0.0802343   0.407307  3.84114 	Dead: 0
4.42933   0.0765487   0.388597  3.84114 	Dead: 0
4.44454   0.0822264   0.41742   3.7906  	Dead: 0
4.44783   0.0767299   0.389517  3.7906  	Dead: 0
4.40283   0.0704076   0.357422  3.7906  	Dead: 0
4.40195   0.0729211   0.370182  3.7906  	Dead: 0
4.45269   0.0773721   0.392777  3.7906  	Dead: 0
4.41854   0.0721688   0.366363  3.7906  	Dead: 0
4.4287    0.0828165   0.420415  3.7906  	Dead: 0
4.42071   0.0786308   0.399166  3.7906  	Dead: 0
4.39471   0.0725858   0.36848   3.7906  	Dead: 0
4.40635   0.0765136   0.388419  3.7906  	Dead: 0
4.38427   0.0714793   0.362862  3.7906  	Dead: 0
4.35131   0.0641267   0.325537  3.7906  	Dead: 0
4.43475   0.0751905   0.381702  3.7906  	Dead: 0
4.44881   0.113804    0.577721  3.7906  	Dead: 0
4.38608   0.0700379   0.355545  3.76833 	Dead: 0
4.33978   0.0686436   0.348467  3.76833 	Dead: 0
4.44735   0.0787145   0.399591  3.76833 	Dead: 0
4.39356   0.0696459   0.353555  3.76833 	Dead: 0
4.40249   0.0673428   0.341864  3.76833 	Dead: 0
4.36256   0.067706    0.343707  3.76833 	Dead: 0
4.39431   0.0719222   0.365111  3.76833 	Dead: 0
4.41487   0.0746268   0.378841  3.76833 	Dead: 0
4.40593   0.0675365   0.342847  3.76833 	Dead: 0
4.39567   0.069615    0.353398  3.76833 	Dead: 0
4.43589   0.0722326   0.366686  3.76833 	Dead: 0
4.40861   0.0818403   0.41546   3.76833 	Dead: 0
4.37805   0.0692758   0.351676  3.76833 	Dead: 0
4.35446   0.0683541   0.346997  3.76833 	Dead: 0
4.39241   0.0710249   0.360555  3.76833 	Dead: 0
4.39637   0.0770733   0.39126   3.76833 	Dead: 0
4.38289   0.0735246   0.373245  3.76833 	Dead: 0
4.38426   0.0711335   0.361107  3.76833 	Dead: 0
4.4255    0.10704     0.543385  3.76833 	Dead: 0
4.40738   0.0758097   0.384845  3.76833 	Dead: 0
4.4556    0.155236    0.788048  3.76833 	Dead: 0
4.3909    0.0695513   0.353075  3.76833 	Dead: 0
4.44199   0.0875657   0.444524  3.76833 	Dead: 0
4.3725    0.0740382   0.375852  3.76833 	Dead: 0
4.32688   0.0668246   0.339233  3.76833 	Dead: 0
4.35104   0.071595    0.36345   3.76833 	Dead: 0
4.33275   0.0748864   0.380158  3.76833 	Dead: 0
4.39011   0.0764536   0.388114  3.76833 	Dead: 0
4.3632    0.0700966   0.355843  3.76833 	Dead: 0
4.33507   0.0735059   0.37315   3.76833 	Dead: 0
4.43198   0.0785679   0.398847  3.76833 	Dead: 0
4.33662   0.0698991   0.35484   3.76833 	Dead: 0
4.34566   0.0665859   0.338021  3.76833 	Dead: 0
