0   5.3618    0.226496    1.1498    4.33968 	Dead: 0
1   4.16283   0.0536352   0.272278  3.79551 	Dead: 0
2   4.0953    0.050668    0.257215  3.75087 	Dead: 0
3   4.0237    0.0484208   0.245806  3.58112 	Dead: 0
4   3.92806   0.0418194   0.212295  3.56124 	Dead: 0
5   3.94186   0.0480326   0.243836  3.55465 	Dead: 0
6   3.91025   0.0525128   0.26658   3.55465 	Dead: 0
7   3.91231   0.0555213   0.281852  3.48807 	Dead: 0
8   3.86733   0.0437451   0.22207   3.48807 	Dead: 0
9   3.92108   0.0575102   0.291949  3.48807 	Dead: 0
10  3.90251   0.054502    0.276678  3.48807 	Dead: 0
11  3.87811   0.0518166   0.263045  3.48807 	Dead: 0
12  3.87483   0.0513096   0.260472  3.39502 	Dead: 0
13  3.88191   0.0539734   0.273994  3.39502 	Dead: 0
14  3.85283   0.0506685   0.257217  3.39502 	Dead: 0
15  3.87762   0.0553199   0.280829  3.39502 	Dead: 0
16  3.85213   0.0572765   0.290762  3.39502 	Dead: 0
17  3.81995   0.0508991   0.258388  3.39502 	Dead: 0
18  3.80595   0.0491969   0.249746  3.39502 	Dead: 0
19  3.79509   0.0492198   0.249863  3.39502 	Dead: 0
20  3.82997   0.0537206   0.272711  3.38386 	Dead: 0
21  3.76287   0.046038    0.23371   3.38386 	Dead: 0
22  3.76784   0.0572212   0.290481  3.38386 	Dead: 0
23  3.78497   0.0614183   0.311788  3.38386 	Dead: 0
24  3.77056   0.0502182   0.254931  3.38072 	Dead: 0
25  3.80018   0.0521553   0.264765  3.38072 	Dead: 0
26  3.76245   0.0508003   0.257886  3.38072 	Dead: 0
27  3.75701   0.0518101   0.263012  3.37107 	Dead: 0
28  3.78741   0.0571654   0.290198  3.37107 	Dead: 0
29  3.76134   0.0573623   0.291198  3.37107 	Dead: 0
30  3.75336   0.0513809   0.260834  3.37107 	Dead: 0
31  3.77651   0.055427    0.281373  3.37107 	Dead: 0
32  3.75476   0.0632987   0.321334  3.37107 	Dead: 0
33  3.71475   0.0507446   0.257603  3.37107 	Dead: 0
34  3.69586   0.0463902   0.235498  3.36308 	Dead: 0
35  3.67594   0.0432091   0.21935   3.36308 	Dead: 0
36  3.66755   0.048579    0.24661   3.30391 	Dead: 0
37  3.64854   0.0473221   0.240229  3.30391 	Dead: 0
38  3.63982   0.0414957   0.210651  3.30391 	Dead: 0
39  3.65099   0.0451837   0.229374  3.30391 	Dead: 0
40  3.63759   0.0485853   0.246641  3.30391 	Dead: 0
41  3.62113   0.0468407   0.237785  3.27527 	Dead: 0
42  3.63522   0.0485972   0.246702  3.25676 	Dead: 0
43  3.61513   0.0488704   0.248089  3.21393 	Dead: 0
44  3.60416   0.0485601   0.246514  3.21393 	Dead: 0
45  3.61555   0.0501083   0.254373  3.21393 	Dead: 0
46  3.58257   0.0477637   0.242471  3.21393 	Dead: 0
47  3.59853   0.0504754   0.256237  3.18179 	Dead: 0
48  3.58088   0.0487466   0.247461  3.18179 	Dead: 0
49  3.58315   0.04719     0.239559  3.17659 	Dead: 0
50  3.57157   0.054947    0.278936  3.14093 	Dead: 0
51  3.55866   0.0512747   0.260294  3.14093 	Dead: 0
52  3.54971   0.0475553   0.241413  3.14093 	Dead: 0
53  3.55912   0.0484985   0.246201  3.14093 	Dead: 0
54  3.56654   0.0517416   0.262665  3.13466 	Dead: 0
55  3.57731   0.0514965   0.26142   3.13466 	Dead: 0
56  3.57579   0.0538961   0.273602  3.13466 	Dead: 0
57  3.59745   0.0555787   0.282143  3.13466 	Dead: 0
58  3.56006   0.0503471   0.255586  3.13466 	Dead: 0
59  3.56514   0.0548448   0.278418  3.13466 	Dead: 0
60  3.55446   0.0487527   0.247492  3.13466 	Dead: 0
61  3.56995   0.0576167   0.292489  3.03121 	Dead: 0
62  3.55463   0.0547635   0.278005  3.03121 	Dead: 0
63  3.54346   0.0541084   0.274679  3.03121 	Dead: 0
64  3.57879   0.0588583   0.298792  3.03121 	Dead: 0
65  3.53432   0.0503034   0.255364  3.03121 	Dead: 0
66  3.54426   0.0499393   0.253515  3.03121 	Dead: 0
67  3.56272   0.0611619   0.310486  3.03121 	Dead: 0
68  3.53483   0.0546454   0.277405  3.03121 	Dead: 0
69  3.52593   0.0528076   0.268076  3.03121 	Dead: 0
70  3.55261   0.059749    0.303314  3.03121 	Dead: 0
71  3.54564   0.0536753   0.272481  3.03121 	Dead: 0
72  3.55275   0.0576015   0.292412  3.03121 	Dead: 0
73  3.54671   0.0594894   0.301996  3.03121 	Dead: 0
74  3.52374   0.0567227   0.287951  3.03121 	Dead: 0
75  3.51105   0.0559401   0.283978  3.03121 	Dead: 0
76  3.537     0.0585295   0.297123  3.03121 	Dead: 0
77  3.50281   0.0550475   0.279447  3.03121 	Dead: 0
78  3.52377   0.0542628   0.275463  3.03121 	Dead: 0
79  3.50921   0.0550069   0.27924   3.03121 	Dead: 0
80  3.5243    0.0571646   0.290194  3.03121 	Dead: 0
81  3.5386    0.0538078   0.273153  3.03121 	Dead: 0
82  3.52608   0.0553495   0.28098   3.03121 	Dead: 0
83  3.51349   0.0504406   0.25606   3.03121 	Dead: 0
84  3.50248   0.0545131   0.276734  3.03121 	Dead: 0
85  3.51019   0.0580795   0.294839  3.03121 	Dead: 0
86  3.51664   0.0594646   0.30187   3.03121 	Dead: 0
87  3.50663   0.0588001   0.298497  3.03121 	Dead: 0
88  3.5157    0.0619829   0.314654  3.03121 	Dead: 0
89  3.48602   0.0536136   0.272168  3.03121 	Dead: 0
90  3.5427    0.0626309   0.317944  3.03121 	Dead: 0
91  3.51762   0.0624866   0.317211  3.0213  	Dead: 0
92  3.47775   0.0546817   0.27759   3.0213  	Dead: 0
93  3.47315   0.0546654   0.277507  3.0213  	Dead: 0
94  3.507     0.0617004   0.31322   3.0213  	Dead: 0
95  3.46253   0.057243    0.290592  3.0213  	Dead: 0
96  3.50985   0.0676671   0.34351   3.0213  	Dead: 0
97  3.50588   0.0677602   0.343983  3.0213  	Dead: 0
98  3.50649   0.0621148   0.315324  3.0213  	Dead: 0
99  3.49219   0.0613307   0.311343  3.0213  	Dead: 0
100 3.50856   0.0631156   0.320404  3.0213  	Dead: 0
