4.29179   0.0935602   0.474955  3.32456 	Dead: 0
3.15394   0.0382215   0.19403   2.80389 	Dead: 0
3.01704   0.03329     0.168996  2.74099 	Dead: 0
2.99727   0.0396788   0.201428  2.71669 	Dead: 0
2.98911   0.0434014   0.220326  2.65877 	Dead: 0
2.97214   0.0396484   0.201274  2.62794 	Dead: 0
2.92438   0.0368922   0.187282  2.62794 	Dead: 0
2.9377    0.0388876   0.197412  2.60242 	Dead: 0
2.91442   0.0378415   0.192101  2.60242 	Dead: 0
2.89119   0.0376519   0.191139  2.5887  	Dead: 0
2.87847   0.0431277   0.218936  2.5777  	Dead: 0
2.88257   0.0387901   0.196917  2.5777  	Dead: 0
2.86026   0.037256    0.189129  2.5777  	Dead: 0
2.83511   0.0344587   0.174929  2.54396 	Dead: 0
2.81828   0.0351448   0.178411  2.54396 	Dead: 0
2.79969   0.0340043   0.172622  2.53312 	Dead: 0
2.81072   0.0357774   0.181623  2.53312 	Dead: 0
2.81898   0.0332591   0.168839  2.53312 	Dead: 0
2.81012   0.0324931   0.16495   2.53312 	Dead: 0
2.80979   0.039232    0.19916   2.53312 	Dead: 0
2.78889   0.0334198   0.169655  2.51031 	Dead: 0
2.78983   0.0364044   0.184806  2.51031 	Dead: 0
2.7828    0.0358376   0.181928  2.51031 	Dead: 0
2.80559   0.0380294   0.193055  2.51031 	Dead: 0
2.78508   0.0321438   0.163177  2.51031 	Dead: 0
2.78441   0.0361173   0.183348  2.51031 	Dead: 0
2.78647   0.0382728   0.194291  2.51031 	Dead: 0
2.78415   0.0369628   0.18764   2.51031 	Dead: 0
2.7789    0.0362876   0.184213  2.51031 	Dead: 0
2.77802   0.0360214   0.182861  2.51031 	Dead: 0
2.7747    0.0392189   0.199093  2.51031 	Dead: 0
2.77624   0.0375695   0.19072   2.41485 	Dead: 0
2.78253   0.0395455   0.200751  2.41485 	Dead: 0
2.76144   0.0333923   0.169515  2.41485 	Dead: 0
2.78952   0.0413002   0.209659  2.41485 	Dead: 0
2.76297   0.0380562   0.193191  2.41485 	Dead: 0
2.78189   0.0399155   0.20263   2.41485 	Dead: 0
2.76695   0.0424848   0.215672  2.41485 	Dead: 0
2.74626   0.0353522   0.179464  2.41485 	Dead: 0
2.75389   0.0379992   0.192902  2.41485 	Dead: 0
2.76886   0.0379697   0.192752  2.41485 	Dead: 0
2.7492    0.0356137   0.180792  2.41485 	Dead: 0
2.71893   0.0318863   0.16187   2.41485 	Dead: 0
2.72256   0.035571    0.180575  2.41485 	Dead: 0
2.72152   0.0367115   0.186365  2.41485 	Dead: 0
2.69849   0.0321955   0.163439  2.41485 	Dead: 0
2.69511   0.0348443   0.176886  2.41485 	Dead: 0
2.72323   0.0389704   0.197832  2.39687 	Dead: 0
2.72615   0.0405232   0.205714  2.39687 	Dead: 0
2.70721   0.0352095   0.17874   2.39687 	Dead: 0
2.71443   0.0408545   0.207397  2.39687 	Dead: 0
2.70871   0.0375319   0.19053   2.39687 	Dead: 0
2.69902   0.0366865   0.186238  2.39687 	Dead: 0
2.68126   0.0350224   0.17779   2.39687 	Dead: 0
2.67681   0.0337017   0.171086  2.39687 	Dead: 0
2.67478   0.0364828   0.185204  2.39687 	Dead: 0
2.66279   0.0340739   0.172975  2.38054 	Dead: 0
2.69347   0.0418702   0.212553  2.38054 	Dead: 0
2.66807   0.0349782   0.177566  2.38054 	Dead: 0
2.68279   0.0360466   0.182989  2.38054 	Dead: 0
2.70114   0.0460706   0.233876  2.38054 	Dead: 0
2.69004   0.0383036   0.194447  2.38054 	Dead: 0
2.67549   0.0388406   0.197173  2.38054 	Dead: 0
2.68371   0.037014    0.1879    2.36365 	Dead: 0
2.67446   0.0373815   0.189766  2.36365 	Dead: 0
2.68435   0.0375644   0.190694  2.36365 	Dead: 0
2.66717   0.0369047   0.187345  2.36365 	Dead: 0
2.67161   0.0428958   0.217759  2.36365 	Dead: 0
2.6578    0.0353086   0.179243  2.36365 	Dead: 0
2.66427   0.0361733   0.183632  2.36365 	Dead: 0
2.64232   0.0351301   0.178337  2.36365 	Dead: 0
2.64237   0.032976    0.167402  2.36365 	Dead: 0
2.69693   0.0393896   0.19996   2.34543 	Dead: 0
2.69379   0.0417665   0.212026  2.34543 	Dead: 0
2.67916   0.0377222   0.191496  2.34543 	Dead: 0
2.66445   0.0376061   0.190906  2.34543 	Dead: 0
2.65998   0.0392546   0.199275  2.32581 	Dead: 0
2.66497   0.0378907   0.192351  2.32581 	Dead: 0
2.67864   0.04458     0.226309  2.32581 	Dead: 0
2.65608   0.0406606   0.206412  2.32581 	Dead: 0
2.66136   0.0386651   0.196282  2.32581 	Dead: 0
2.63409   0.0334601   0.169859  2.32581 	Dead: 0
2.64902   0.0355122   0.180276  2.32581 	Dead: 0
2.64013   0.040926    0.207759  2.32581 	Dead: 0
2.63033   0.0357888   0.181681  2.32581 	Dead: 0
2.63991   0.0382573   0.194212  2.32581 	Dead: 0
2.63343   0.0358761   0.182124  2.32581 	Dead: 0
2.64192   0.0373744   0.18973   2.32581 	Dead: 0
2.6361    0.0390895   0.198437  2.32581 	Dead: 0
2.63105   0.0361029   0.183275  2.32581 	Dead: 0
2.61348   0.032034    0.16262   2.32581 	Dead: 0
2.62474   0.0358619   0.182052  2.32581 	Dead: 0
2.64374   0.0387361   0.196643  2.32581 	Dead: 0
2.6553    0.0431425   0.219011  2.32581 	Dead: 0
2.66323   0.0450501   0.228695  2.32581 	Dead: 0
2.6163    0.035365    0.179529  2.32581 	Dead: 0
2.60244   0.0336877   0.171014  2.32581 	Dead: 0
2.64402   0.0356538   0.180996  2.32581 	Dead: 0
2.63147   0.0364011   0.184789  2.32581 	Dead: 0
2.62201   0.0382766   0.19431   2.32581 	Dead: 0
2.63973   0.0395364   0.200705  2.32581 	Dead: 0
