8.07032   0.162246    0.823634  5.77134 	Dead: 0
5.0068    0.0857465   0.435289  4.4669  	Dead: 0
4.65332   0.0713478   0.362195  4.18206 	Dead: 0
4.55576   0.068624    0.348367  3.99131 	Dead: 0
4.47513   0.0682778   0.34661   3.99131 	Dead: 0
4.42263   0.064371    0.326777  3.91423 	Dead: 0
4.40864   0.0702831   0.35679   3.86153 	Dead: 0
4.3436    0.0652685   0.331334  3.83888 	Dead: 0
4.36598   0.083619    0.424489  3.77224 	Dead: 0
4.24544   0.0600393   0.304788  3.77224 	Dead: 0
4.27933   0.0672039   0.341158  3.76382 	Dead: 0
4.23966   0.0659047   0.334563  3.76382 	Dead: 0
4.19358   0.0684893   0.347684  3.76382 	Dead: 0
4.21403   0.0635153   0.322433  3.76382 	Dead: 0
4.20757   0.0682815   0.346629  3.7349  	Dead: 0
4.2696    0.0811537   0.411974  3.61542 	Dead: 0
4.18075   0.0601935   0.30557   3.61542 	Dead: 0
4.22209   0.069642    0.353535  3.61542 	Dead: 0
4.18561   0.0661152   0.335632  3.61542 	Dead: 0
4.21553   0.0757551   0.384568  3.61485 	Dead: 0
4.16854   0.0692984   0.351791  3.61485 	Dead: 0
4.18501   0.0679458   0.344925  3.61485 	Dead: 0
4.13593   0.0631906   0.320785  3.61485 	Dead: 0
4.17416   0.0726577   0.368844  3.61485 	Dead: 0
4.17122   0.0719266   0.365133  3.61485 	Dead: 0
4.17442   0.0704528   0.357651  3.61485 	Dead: 0
4.14068   0.071605    0.3635    3.61485 	Dead: 0
4.17948   0.072456    0.36782   3.61485 	Dead: 0
4.15037   0.063936    0.324569  3.61485 	Dead: 0
4.16187   0.0693506   0.352056  3.61485 	Dead: 0
4.16207   0.0742964   0.377163  3.52415 	Dead: 0
4.1093    0.0659968   0.335031  3.52415 	Dead: 0
4.15182   0.078043    0.396183  3.52415 	Dead: 0
4.12435   0.0707532   0.359176  3.52415 	Dead: 0
4.12626   0.0837648   0.425229  3.52415 	Dead: 0
4.10577   0.0697044   0.353852  3.52415 	Dead: 0
4.13306   0.069396    0.352287  3.52415 	Dead: 0
4.10692   0.0642515   0.326171  3.52415 	Dead: 0
4.10612   0.0654033   0.332018  3.52415 	Dead: 0
4.12622   0.0739449   0.375379  3.52415 	Dead: 0
4.12435   0.0690306   0.350432  3.52415 	Dead: 0
4.12598   0.0723545   0.367305  3.52415 	Dead: 0
4.13192   0.0765689   0.3887    3.52415 	Dead: 0
4.14854   0.0818524   0.415521  3.52415 	Dead: 0
4.12152   0.0716165   0.363559  3.52415 	Dead: 0
4.08183   0.0588534   0.298767  3.52415 	Dead: 0
4.15712   0.0763405   0.38754   3.52415 	Dead: 0
4.09585   0.0661626   0.335872  3.52415 	Dead: 0
4.08744   0.0724953   0.36802   3.52415 	Dead: 0
4.12299   0.0730696   0.370935  3.52415 	Dead: 0
4.0786    0.0668501   0.339362  3.52415 	Dead: 0
4.07545   0.0681484   0.345953  3.52415 	Dead: 0
4.05865   0.0606883   0.308082  3.52415 	Dead: 0
4.07461   0.0741997   0.376672  3.46984 	Dead: 0
4.084     0.0692032   0.351308  3.46984 	Dead: 0
4.09422   0.0755364   0.383458  3.44662 	Dead: 0
4.07164   0.0769245   0.390505  3.44662 	Dead: 0
4.11051   0.0724911   0.367999  3.44662 	Dead: 0
4.14862   0.078798    0.400016  3.44662 	Dead: 0
4.10326   0.0703036   0.356894  3.44662 	Dead: 0
4.07608   0.0774306   0.393074  3.44662 	Dead: 0
4.06674   0.0684298   0.347382  3.44662 	Dead: 0
4.0901    0.0673914   0.34211   3.44662 	Dead: 0
4.07345   0.0715263   0.363101  3.44662 	Dead: 0
4.09711   0.0705833   0.358314  3.44662 	Dead: 0
4.03946   0.0649705   0.32982   3.44662 	Dead: 0
4.09628   0.0717255   0.364112  3.44662 	Dead: 0
4.08358   0.0722457   0.366753  3.44662 	Dead: 0
4.08602   0.06809     0.345657  3.44662 	Dead: 0
4.09066   0.0720157   0.365585  3.44662 	Dead: 0
4.12239   0.0805054   0.408683  3.44662 	Dead: 0
4.03114   0.0632525   0.321099  3.44662 	Dead: 0
4.06226   0.0754966   0.383256  3.44662 	Dead: 0
4.05484   0.0658721   0.334397  3.44662 	Dead: 0
4.07267   0.0764831   0.388264  3.44662 	Dead: 0
4.0767    0.075137    0.381431  3.44662 	Dead: 0
4.04502   0.0732955   0.372082  3.44662 	Dead: 0
4.08562   0.0799431   0.405828  3.44662 	Dead: 0
4.01908   0.067141    0.340839  3.44662 	Dead: 0
4.05666   0.0710327   0.360595  3.44662 	Dead: 0
4.08851   0.0770037   0.390907  3.44662 	Dead: 0
4.02256   0.0657398   0.333726  3.44662 	Dead: 0
4.06919   0.0748304   0.379874  3.44662 	Dead: 0
4.08126   0.0723144   0.367102  3.44662 	Dead: 0
4.07101   0.0726257   0.368682  3.44662 	Dead: 0
4.07152   0.0751408   0.38145   3.44662 	Dead: 0
4.03193   0.0673569   0.341935  3.44662 	Dead: 0
4.07169   0.0729423   0.370289  3.44662 	Dead: 0
4.03233   0.0706331   0.358567  3.44662 	Dead: 0
4.06257   0.0722905   0.36698   3.44662 	Dead: 0
4.07158   0.0790192   0.401138  3.44662 	Dead: 0
4.05372   0.0743439   0.377404  3.44662 	Dead: 0
4.05058   0.0712574   0.361736  3.44662 	Dead: 0
4.06287   0.0743874   0.377625  3.44662 	Dead: 0
4.05103   0.0715314   0.363127  3.44662 	Dead: 0
4.04798   0.0672396   0.341339  3.44662 	Dead: 0
4.06455   0.071103    0.360952  3.44662 	Dead: 0
4.08642   0.077709    0.394487  3.44662 	Dead: 0
4.05088   0.0770694   0.39124   3.44662 	Dead: 0
4.08579   0.0770929   0.39136   3.44662 	Dead: 0
4.07925   0.0784193   0.398093  3.44662 	Dead: 0
