11.2377   0.0825735   0.419182  10.2672 	Dead: 0
9.26105   0.0469083   0.238129  8.68323 	Dead: 0
7.66962   0.0547232   0.277801  6.73924 	Dead: 0
6.22588   0.0590758   0.299896  5.66031 	Dead: 0
5.45072   0.0768864   0.390311  4.64694 	Dead: 0
4.89555   0.0760799   0.386217  4.32409 	Dead: 0
4.80024   0.0851371   0.432196  4.32409 	Dead: 0
4.69561   0.100739    0.511399  4.21337 	Dead: 0
4.47997   0.0903695   0.458758  3.95674 	Dead: 0
4.26272   0.0853684   0.43337   3.91544 	Dead: 0
4.19861   0.0724083   0.367578  3.76078 	Dead: 0
4.18081   0.0897026   0.455372  3.75568 	Dead: 0
4.18309   0.0996735   0.505989  3.75568 	Dead: 0
4.1463    0.0987523   0.501313  3.73721 	Dead: 0
4.05568   0.0934697   0.474496  3.69558 	Dead: 0
4.16748   0.116216    0.589967  3.69558 	Dead: 0
3.96946   0.0724434   0.367756  3.62833 	Dead: 0
3.98104   0.0817196   0.414847  3.62833 	Dead: 0
3.93624   0.0812027   0.412223  3.58468 	Dead: 0
3.96159   0.103093    0.523348  3.5424  	Dead: 0
3.87767   0.0912127   0.463038  3.43094 	Dead: 0
3.82318   0.080577    0.409047  3.43094 	Dead: 0
3.83676   0.10502     0.533132  3.43094 	Dead: 0
3.73782   0.0786631   0.399331  3.35755 	Dead: 0
3.80803   0.11451     0.581305  3.35755 	Dead: 0
3.74491   0.0859596   0.436371  3.35755 	Dead: 0
3.81477   0.118246    0.600274  3.35755 	Dead: 0
3.79666   0.111219    0.5646    3.35755 	Dead: 0
3.81195   0.112335    0.570267  3.35755 	Dead: 0
3.74881   0.0929289   0.47175   3.35755 	Dead: 0
3.79051   0.109502    0.555884  3.35755 	Dead: 0
3.80907   0.117803    0.598021  3.35755 	Dead: 0
3.84081   0.104397    0.529967  3.35755 	Dead: 0
3.71884   0.0913967   0.463973  3.35755 	Dead: 0
3.73681   0.089722    0.455471  3.35755 	Dead: 0
3.7605    0.088563    0.449587  3.35755 	Dead: 0
3.74757   0.10113     0.513381  3.35755 	Dead: 0
3.87675   0.126697    0.643175  3.35291 	Dead: 0
3.77909   0.104222    0.529077  3.35291 	Dead: 0
3.8942    0.130116    0.660532  3.35291 	Dead: 0
3.72232   0.0862724   0.437959  3.35291 	Dead: 0
3.79799   0.105312    0.534614  3.35291 	Dead: 0
3.82054   0.104585    0.530922  3.35291 	Dead: 0
3.76956   0.112427    0.570731  3.35291 	Dead: 0
3.78031   0.103075    0.523258  3.35291 	Dead: 0
3.79885   0.114007    0.578753  3.35291 	Dead: 0
3.81268   0.111351    0.565271  3.35291 	Dead: 0
3.80801   0.118318    0.600637  3.35291 	Dead: 0
3.77057   0.111905    0.568082  3.35291 	Dead: 0
3.8113    0.109694    0.556859  3.35291 	Dead: 0
3.86252   0.14223     0.722024  3.33973 	Dead: 0
3.76009   0.111909    0.568103  3.32624 	Dead: 0
3.68377   0.0892389   0.453018  3.32624 	Dead: 0
3.69952   0.0957672   0.486159  3.31907 	Dead: 0
3.79863   0.128571    0.652685  3.31907 	Dead: 0
3.66547   0.09603     0.487493  3.31907 	Dead: 0
3.68248   0.0941523   0.477961  3.31907 	Dead: 0
3.7866    0.132321    0.671724  3.31907 	Dead: 0
3.71976   0.107399    0.545206  3.31907 	Dead: 0
3.76426   0.132033    0.670259  3.30287 	Dead: 0
3.74401   0.130566    0.662812  3.2437  	Dead: 0
3.66036   0.0896658   0.455186  3.2437  	Dead: 0
3.65968   0.0894944   0.454315  3.2437  	Dead: 0
3.64151   0.0927004   0.47059   3.2437  	Dead: 0
3.73811   0.13109     0.665472  3.2437  	Dead: 0
3.64649   0.0897083   0.455401  3.2437  	Dead: 0
3.72464   0.133324    0.676815  3.2437  	Dead: 0
3.68177   0.133699    0.678717  3.2233  	Dead: 0
3.64037   0.107814    0.547313  3.1863  	Dead: 0
3.66403   0.139361    0.707459  3.1863  	Dead: 0
3.77226   0.160704    0.815809  3.15308 	Dead: 0
3.6262    0.122708    0.622923  3.15308 	Dead: 0
3.62142   0.119294    0.60559   3.15308 	Dead: 0
3.65081   0.148324    0.752964  3.15308 	Dead: 0
3.63982   0.143389    0.727908  3.10047 	Dead: 0
3.63823   0.130461    0.66228   3.10047 	Dead: 0
3.66566   0.140452    0.713002  3.10047 	Dead: 0
3.53207   0.102022    0.517909  3.10047 	Dead: 0
3.57579   0.120976    0.614132  3.10047 	Dead: 0
3.51139   0.114827    0.582915  3.10047 	Dead: 0
3.54078   0.121179    0.61516   3.10047 	Dead: 0
3.55198   0.125466    0.636922  3.08339 	Dead: 0
3.49946   0.0969231   0.492027  3.08339 	Dead: 0
3.54397   0.131886    0.669516  3.08339 	Dead: 0
3.58992   0.134079    0.680646  3.08339 	Dead: 0
3.59403   0.140853    0.715034  3.08339 	Dead: 0
3.57723   0.121242    0.615482  3.08339 	Dead: 0
3.60688   0.142236    0.722055  3.06156 	Dead: 0
3.56362   0.147316    0.747844  3.06156 	Dead: 0
3.56524   0.124692    0.632995  3.06156 	Dead: 0
3.54817   0.11727     0.595319  3.06156 	Dead: 0
3.46876   0.106946    0.542905  3.06156 	Dead: 0
3.60942   0.139092    0.706098  3.06156 	Dead: 0
3.52415   0.133865    0.679559  3.06156 	Dead: 0
3.49758   0.113821    0.57781   3.06156 	Dead: 0
3.488     0.113091    0.574104  3.06156 	Dead: 0
3.51655   0.122714    0.622955  3.06156 	Dead: 0
3.65492   0.159115    0.807744  3.04809 	Dead: 0
3.50541   0.121816    0.618395  3.04809 	Dead: 0
3.55364   0.157944    0.801797  3.04809 	Dead: 0
3.52152   0.12334     0.626132  3.04809 	Dead: 0
