15.1544   0.0910618   0.462272  14.159  	Dead: 0
11.9092   0.0478612   0.242966  11.0879 	Dead: 0
11.0845   0.0457667   0.232333  10.7692 	Dead: 0
10.2366   0.0456594   0.231788  9.73557 	Dead: 0
9.6824    0.0443805   0.225296  9.37247 	Dead: 0
9.38136   0.0574098   0.291439  8.98544 	Dead: 0
8.99555   0.0665354   0.337765  8.6655  	Dead: 0
8.86942   0.0812338   0.412381  8.53606 	Dead: 0
8.62853   0.0651209   0.330584  8.23231 	Dead: 0
8.46447   0.0872794   0.443071  8.02393 	Dead: 0
8.10697   0.0689473   0.350009  7.70463 	Dead: 0
7.75358   0.0902038   0.457917  7.111   	Dead: 0
7.40763   0.0753191   0.382355  6.91504 	Dead: 0
7.21107   0.107884    0.547669  6.75967 	Dead: 0
6.82755   0.0738637   0.374966  6.36386 	Dead: 0
6.37584   0.100098    0.508145  5.89937 	Dead: 0
6.10296   0.130521    0.662586  5.6179  	Dead: 0
6.07385   0.111165    0.564324  5.6179  	Dead: 0
5.92375   0.0839838   0.426341  5.58805 	Dead: 0
5.90617   0.110723    0.562083  5.4004  	Dead: 0
5.73655   0.114534    0.58143   5.22424 	Dead: 0
5.67765   0.126618    0.642773  5.15597 	Dead: 0
5.55549   0.125765    0.638442  5.01851 	Dead: 0
5.36495   0.131685    0.668496  4.87724 	Dead: 0
5.20288   0.126962    0.644519  4.61418 	Dead: 0
5.11675   0.115397    0.585807  4.59281 	Dead: 0
4.94554   0.10622     0.53922   4.48388 	Dead: 0
5.09793   0.158471    0.804472  4.48388 	Dead: 0
5.05988   0.130925    0.664637  4.46982 	Dead: 0
4.88657   0.0952014   0.483287  4.38768 	Dead: 0
4.89516   0.117937    0.598702  4.38768 	Dead: 0
4.89397   0.154033    0.781942  4.35881 	Dead: 0
4.6539    0.0896475   0.455092  4.19643 	Dead: 0
4.56578   0.133868    0.679576  3.88063 	Dead: 0
4.36691   0.136454    0.692704  3.87646 	Dead: 0
4.32523   0.159144    0.807887  3.70246 	Dead: 0
4.24725   0.173397    0.880244  3.60544 	Dead: 0
4.00296   0.131879    0.669479  3.3389  	Dead: 0
3.92064   0.1744      0.885334  3.12976 	Dead: 0
3.68781   0.178813    0.907741  2.9523  	Dead: 0
3.58312   0.179256    0.909989  2.80624 	Dead: 0
3.41961   0.172863    0.877533  2.59061 	Dead: 0
3.21322   0.150386    0.76343   2.52174 	Dead: 0
3.01738   0.152952    0.776458  2.32949 	Dead: 0
2.98805   0.180894    0.9183    2.29998 	Dead: 0
2.92759   0.172828    0.877358  2.04503 	Dead: 0
2.86837   0.216995    1.10157   2.04503 	Dead: 0
2.65394   0.161483    0.819766  1.99799 	Dead: 0
2.60932   0.174591    0.886306  1.93898 	Dead: 0
2.53462   0.157024    0.797127  1.93898 	Dead: 0
2.69926   0.212644    1.07948   1.83647 	Dead: 0
2.5295    0.19043     0.966712  1.83647 	Dead: 0
2.54046   0.19934     1.01194   1.73562 	Dead: 0
2.34744   0.177011    0.898591  1.67262 	Dead: 0
2.17919   0.180832    0.917989  1.64026 	Dead: 0
2.37084   0.241683    1.2269    1.57727 	Dead: 0
2.12665   0.170403    0.865047  1.52493 	Dead: 0
2.2255    0.195154    0.99069   1.52493 	Dead: 0
2.35661   0.235225    1.19411   1.52493 	Dead: 0
2.25569   0.213818    1.08544   1.52493 	Dead: 0
2.16447   0.201936    1.02512   1.52493 	Dead: 0
2.26588   0.215554    1.09425   1.52493 	Dead: 0
2.30065   0.262159    1.33084   1.49934 	Dead: 0
2.30989   0.237554    1.20593   1.49934 	Dead: 0
2.08584   0.174983    0.888295  1.49934 	Dead: 0
2.13222   0.195577    0.992839  1.49294 	Dead: 0
2.14248   0.173477    0.88065   1.4884  	Dead: 0
2.2568    0.216743    1.10029   1.46551 	Dead: 0
2.14298   0.189632    0.962662  1.46551 	Dead: 0
2.38069   0.254515    1.29204   1.46551 	Dead: 0
2.22041   0.224499    1.13966   1.44222 	Dead: 0
2.1821    0.214911    1.09099   1.44222 	Dead: 0
2.16459   0.221112    1.12247   1.43726 	Dead: 0
2.18694   0.207333    1.05252   1.42998 	Dead: 0
2.12645   0.204319    1.03722   1.42998 	Dead: 0
2.09085   0.196277    0.996394  1.42998 	Dead: 0
2.17592   0.221047    1.12214   1.42998 	Dead: 0
2.07355   0.191229    0.970768  1.42998 	Dead: 0
2.08757   0.205725    1.04435   1.42998 	Dead: 0
2.03473   0.189599    0.962493  1.41518 	Dead: 0
1.99209   0.174989    0.888324  1.41518 	Dead: 0
2.09826   0.212988    1.08122   1.41518 	Dead: 0
2.01044   0.16782     0.851935  1.41518 	Dead: 0
2.22155   0.227856    1.15671   1.41518 	Dead: 0
2.16955   0.21171     1.07474   1.41518 	Dead: 0
2.19156   0.223128    1.1327    1.41518 	Dead: 0
2.15697   0.229046    1.16274   1.41518 	Dead: 0
2.09714   0.200003    1.01531   1.41518 	Dead: 0
2.17626   0.207429    1.053     1.41518 	Dead: 0
2.28809   0.240054    1.21863   1.41518 	Dead: 0
2.09813   0.190847    0.968828  1.41518 	Dead: 0
2.09716   0.205377    1.04259   1.41518 	Dead: 0
2.10051   0.200826    1.01949   1.41518 	Dead: 0
2.3054    0.23912     1.21388   1.41518 	Dead: 0
2.10206   0.233864    1.1872    1.4076  	Dead: 0
1.94758   0.175656    0.891712  1.4076  	Dead: 0
1.93472   0.166193    0.843676  1.4076  	Dead: 0
2.20215   0.22381     1.13616   1.4076  	Dead: 0
2.1048    0.224542    1.13988   1.4076  	Dead: 0
2.22469   0.243881    1.23805   1.4076  	Dead: 0
1.89881   0.164355    0.834341  1.4076  	Dead: 0
