12.1264   0.106274    0.539496  10.7036 	Dead: 0
10.1302   0.0393672   0.199846  9.55497 	Dead: 0
9.80938   0.0480762   0.244057  9.16514 	Dead: 0
9.69317   0.0692234   0.35141   9.16514 	Dead: 0
9.58315   0.0673455   0.341877  8.99463 	Dead: 0
9.43717   0.0681679   0.346052  8.86524 	Dead: 0
9.38872   0.0710147   0.360504  8.86524 	Dead: 0
9.32522   0.0735325   0.373285  8.78524 	Dead: 0
9.23376   0.0717112   0.36404   8.36187 	Dead: 0
8.83616   0.0927649   0.470918  8.36187 	Dead: 0
8.8759    0.117722    0.597613  8.26563 	Dead: 0
8.72001   0.099786    0.50656   8.26563 	Dead: 0
8.8198    0.119134    0.604778  8.18254 	Dead: 0
8.77915   0.114093    0.57919   8.18254 	Dead: 0
8.66387   0.10277     0.521706  8.08424 	Dead: 0
8.74769   0.11333     0.575318  7.95516 	Dead: 0
8.55654   0.100594    0.510662  7.95467 	Dead: 0
8.46109   0.0936272   0.475295  7.90384 	Dead: 0
8.51489   0.106739    0.541858  7.90384 	Dead: 0
8.49367   0.105485    0.535489  7.90384 	Dead: 0
8.50312   0.108333    0.549947  7.90384 	Dead: 0
8.40609   0.105054    0.533303  7.86079 	Dead: 0
8.38873   0.101063    0.513045  7.81731 	Dead: 0
8.35085   0.0948222   0.481362  7.81731 	Dead: 0
8.41305   0.105249    0.534293  7.81731 	Dead: 0
8.39569   0.106612    0.541211  7.81731 	Dead: 0
8.41129   0.114162    0.579537  7.81731 	Dead: 0
8.40835   0.111015    0.563562  7.81731 	Dead: 0
8.33931   0.102095    0.518281  7.81731 	Dead: 0
8.31847   0.0949289   0.481903  7.786   	Dead: 0
8.3956    0.114669    0.582112  7.786   	Dead: 0
8.37543   0.102819    0.521956  7.786   	Dead: 0
8.37051   0.101296    0.514228  7.786   	Dead: 0
8.4798    0.142179    0.721769  7.786   	Dead: 0
8.27617   0.0974956   0.494933  7.58787 	Dead: 0
8.25678   0.0977259   0.496102  7.5737  	Dead: 0
8.20191   0.0995008   0.505113  7.55777 	Dead: 0
8.06204   0.0918539   0.466293  7.55777 	Dead: 0
8.12305   0.101544    0.515483  7.46515 	Dead: 0
8.10262   0.0957219   0.485929  7.45301 	Dead: 0
8.17043   0.103784    0.526857  7.45301 	Dead: 0
8.06861   0.0866288   0.439768  7.45301 	Dead: 0
8.07734   0.0937168   0.47575   7.45301 	Dead: 0
8.05889   0.0938815   0.476586  7.45301 	Dead: 0
8.08973   0.100912    0.512275  7.41331 	Dead: 0
8.09148   0.102528    0.520482  7.39298 	Dead: 0
8.06563   0.0981253   0.49813   7.39298 	Dead: 0
8.11682   0.105053    0.533298  7.39298 	Dead: 0
8.03197   0.0925875   0.470017  7.39298 	Dead: 0
8.03061   0.0999393   0.507338  7.38068 	Dead: 0
8.04386   0.10466     0.531303  7.38068 	Dead: 0
8.02185   0.108582    0.551215  7.38068 	Dead: 0
8.0514    0.0994981   0.505099  7.38068 	Dead: 0
8.00576   0.105947    0.537834  7.38068 	Dead: 0
8.04359   0.10853     0.550948  7.38068 	Dead: 0
8.03269   0.107978    0.548146  7.38068 	Dead: 0
8.02479   0.100395    0.509653  7.38068 	Dead: 0
8.00515   0.101502    0.515269  7.38068 	Dead: 0
8.06521   0.131241    0.666239  7.37992 	Dead: 0
7.9834    0.0971279   0.493067  7.36977 	Dead: 0
7.98373   0.0992918   0.504051  7.36977 	Dead: 0
7.92593   0.0968756   0.491786  7.36977 	Dead: 0
7.91601   0.0910183   0.462051  7.36977 	Dead: 0
7.95816   0.112428    0.570736  7.36977 	Dead: 0
7.95706   0.0996314   0.505775  7.36977 	Dead: 0
7.96878   0.105895    0.537571  7.36977 	Dead: 0
7.93949   0.095745    0.486046  7.36977 	Dead: 0
7.94562   0.0972117   0.493492  7.31443 	Dead: 0
7.86225   0.0946286   0.480379  7.31443 	Dead: 0
7.94324   0.100425    0.509803  7.1936  	Dead: 0
7.89721   0.10337     0.524756  7.13844 	Dead: 0
7.78632   0.104621    0.531103  7.13423 	Dead: 0
7.6551    0.0978486   0.496725  7.04886 	Dead: 0
7.66287   0.0992997   0.504092  7.04886 	Dead: 0
7.70056   0.107488    0.54566   7.04886 	Dead: 0
7.62462   0.0963818   0.489279  7.04886 	Dead: 0
7.7108    0.111242    0.564718  7.04886 	Dead: 0
7.64762   0.103823    0.527052  7.04886 	Dead: 0
7.69604   0.113763    0.577514  6.95716 	Dead: 0
7.6459    0.109541    0.556081  6.95716 	Dead: 0
7.61379   0.103549    0.525662  6.95716 	Dead: 0
7.65819   0.112741    0.572325  6.95716 	Dead: 0
7.71067   0.116026    0.589004  6.95716 	Dead: 0
7.57268   0.0977869   0.496412  6.95716 	Dead: 0
7.64538   0.107893    0.547716  6.95716 	Dead: 0
7.67855   0.109591    0.556334  6.95716 	Dead: 0
7.60405   0.100905    0.512243  6.95716 	Dead: 0
7.68373   0.111938    0.568251  6.95716 	Dead: 0
7.5598    0.0995691   0.505459  6.95716 	Dead: 0
7.50249   0.0986651   0.50087   6.94507 	Dead: 0
7.57277   0.103851    0.527196  6.94282 	Dead: 0
7.53786   0.100787    0.511641  6.89589 	Dead: 0
7.36314   0.115892    0.588324  6.64573 	Dead: 0
7.32097   0.116493    0.591371  6.6317  	Dead: 0
7.24196   0.0950134   0.482333  6.6317  	Dead: 0
7.2264    0.100245    0.508889  6.6317  	Dead: 0
7.25696   0.107221    0.544305  6.6317  	Dead: 0
7.11731   0.0925114   0.469631  6.6317  	Dead: 0
7.186     0.112991    0.573594  6.52923 	Dead: 0
7.15795   0.0997266   0.506259  6.42743 	Dead: 0
7.18456   0.103607    0.525956  6.42743 	Dead: 0
