12.0808   0.1116      0.566534  10.6317 	Dead: 0
10.2906   0.0377546   0.19166   9.85175 	Dead: 0
10.0953   0.0390145   0.198056  9.67258 	Dead: 0
9.97987   0.0497115   0.252359  9.49131 	Dead: 0
9.92328   0.0564289   0.286459  9.48053 	Dead: 0
9.8203    0.0448962   0.227914  9.42336 	Dead: 0
9.77152   0.0574069   0.291424  9.24014 	Dead: 0
9.675     0.0502656   0.255172  9.24014 	Dead: 0
9.65117   0.0507246   0.257502  9.08678 	Dead: 0
9.59609   0.0543793   0.276055  9.03595 	Dead: 0
9.49352   0.0479809   0.243574  9.03595 	Dead: 0
9.50088   0.0581036   0.294961  9.02954 	Dead: 0
9.46543   0.0603414   0.306321  9.01708 	Dead: 0
9.42055   0.0674095   0.342202  8.96188 	Dead: 0
9.32316   0.0581911   0.295405  8.88769 	Dead: 0
9.23562   0.0584262   0.296599  8.78954 	Dead: 0
9.19781   0.0768354   0.390052  8.66035 	Dead: 0
8.98059   0.0723231   0.367146  8.33246 	Dead: 0
8.98239   0.0905346   0.459596  8.33246 	Dead: 0
8.8903    0.0936072   0.475194  8.29679 	Dead: 0
8.62968   0.130687    0.66343   7.81977 	Dead: 0
8.48355   0.153938    0.781463  7.72392 	Dead: 0
8.25448   0.130637    0.663176  7.71143 	Dead: 0
8.5427    0.189738    0.963199  7.66984 	Dead: 0
8.23396   0.133402    0.677211  7.62001 	Dead: 0
8.37895   0.142595    0.723881  7.62001 	Dead: 0
8.32213   0.157156    0.797799  7.62001 	Dead: 0
8.33288   0.158698    0.805625  7.58124 	Dead: 0
8.3116    0.149349    0.758164  7.48752 	Dead: 0
8.29155   0.157072    0.797372  7.48752 	Dead: 0
8.2612    0.14365     0.729235  7.39151 	Dead: 0
8.22908   0.152956    0.776476  7.39151 	Dead: 0
8.18364   0.140085    0.711138  7.39151 	Dead: 0
8.20456   0.161783    0.821287  7.39151 	Dead: 0
8.05267   0.144749    0.734811  7.37706 	Dead: 0
8.12358   0.139863    0.710008  7.37706 	Dead: 0
8.15277   0.166475    0.845104  7.37706 	Dead: 0
8.08012   0.143404    0.727984  7.37706 	Dead: 0
8.04472   0.146928    0.745873  7.33523 	Dead: 0
8.06902   0.153642    0.779958  7.33523 	Dead: 0
8.03199   0.136857    0.694752  7.33523 	Dead: 0
8.03638   0.16023     0.813402  7.33523 	Dead: 0
7.94265   0.142029    0.721003  7.33523 	Dead: 0
8.00917   0.156492    0.794426  7.33523 	Dead: 0
7.90731   0.135052    0.685588  7.33523 	Dead: 0
8.10163   0.152432    0.773816  7.33523 	Dead: 0
8.02407   0.148012    0.751378  7.33523 	Dead: 0
7.90101   0.12808     0.650196  7.33523 	Dead: 0
8.0058    0.152359    0.773445  7.31429 	Dead: 0
7.93234   0.150756    0.76531   7.31429 	Dead: 0
8.1362    0.168734    0.856573  7.31429 	Dead: 0
8.07142   0.171207    0.869127  7.31429 	Dead: 0
8.02725   0.16143     0.819496  7.30807 	Dead: 0
7.9518    0.149455    0.758701  7.22223 	Dead: 0
7.91197   0.14757     0.749133  7.22223 	Dead: 0
7.94407   0.144393    0.733005  7.22223 	Dead: 0
7.95412   0.148204    0.752354  7.22223 	Dead: 0
7.95953   0.145224    0.737224  7.22223 	Dead: 0
8.0552    0.166527    0.84537   7.22223 	Dead: 0
7.94611   0.132352    0.671883  7.22223 	Dead: 0
7.98203   0.144987    0.736024  7.22223 	Dead: 0
7.98422   0.151274    0.767937  7.22223 	Dead: 0
7.93113   0.144003    0.731025  7.22223 	Dead: 0
7.85061   0.136626    0.693578  7.22223 	Dead: 0
8.00916   0.152035    0.771801  7.22223 	Dead: 0
7.96708   0.159371    0.809043  7.22223 	Dead: 0
7.92175   0.138352    0.70234   7.22223 	Dead: 0
7.96114   0.139327    0.707287  7.19799 	Dead: 0
7.81901   0.139196    0.706622  7.03038 	Dead: 0
7.876     0.165585    0.840588  7.03038 	Dead: 0
7.72816   0.150406    0.763534  7.03038 	Dead: 0
7.76976   0.15167     0.769947  7.03038 	Dead: 0
7.79549   0.166706    0.846275  6.99261 	Dead: 0
7.72519   0.141298    0.717292  6.99261 	Dead: 0
7.79661   0.153865    0.781089  6.99261 	Dead: 0
7.80099   0.157008    0.797047  6.99261 	Dead: 0
7.84763   0.168899    0.85741   6.99261 	Dead: 0
7.84038   0.165224    0.838756  6.99261 	Dead: 0
7.84735   0.188454    0.95668   6.99261 	Dead: 0
7.77866   0.15804     0.802286  6.99261 	Dead: 0
7.81352   0.163607    0.830544  6.98821 	Dead: 0
7.83836   0.182938    0.92868   6.98821 	Dead: 0
7.8243    0.167084    0.848194  6.98821 	Dead: 0
7.74358   0.155922    0.791532  6.98821 	Dead: 0
7.79471   0.181498    0.921369  6.96195 	Dead: 0
7.72882   0.150703    0.765036  6.96195 	Dead: 0
7.89576   0.173015    0.878305  6.96195 	Dead: 0
7.75071   0.174101    0.883819  6.96195 	Dead: 0
7.72477   0.159962    0.812041  6.96195 	Dead: 0
7.70221   0.15422     0.782893  6.96195 	Dead: 0
7.78902   0.183054    0.929269  6.96195 	Dead: 0
7.80895   0.167085    0.848202  6.96195 	Dead: 0
7.68679   0.157938    0.801768  6.96195 	Dead: 0
7.69857   0.166422    0.844835  6.96195 	Dead: 0
7.74461   0.165456    0.83993   6.96195 	Dead: 0
7.80343   0.172882    0.877628  6.96195 	Dead: 0
7.81455   0.173551    0.881028  6.96195 	Dead: 0
7.75932   0.163948    0.832276  6.96195 	Dead: 0
7.73575   0.156509    0.794513  6.96195 	Dead: 0
7.90574   0.194157    0.98563   6.96195 	Dead: 0
7.81014   0.179805    0.912775  6.96195 	Dead: 0
